1(0.5908247647300153, 0.6194678351557826)
1(0.2695511670942996, 0.28299293530104885)
1(0.30584733269147146, 0.31832335792927924)
1(0.2831170959705305, 0.2953596497091804)
1(0.3125776717241423, 0.3244999339251918)
1(0.26243436875302023, 0.2739031965601377)
1(0.26546829879113043, 0.2768243035810849)
1(0.27675784407135556, 0.28809146768461047)
1(0.348807818286547, 0.35984380836203345)
1(0.30847937052475893, 0.31928503087292365)
1(0.31174005765147184, 0.32243591444072944)
1(0.3376971721298736, 0.34804274797621415)
1(0.31209732159651526, 0.32221109313212953)
1(0.31516593441532603, 0.3248531532363499)
1(0.26807330306314014, 0.2776287529875335)
1(0.2672863797086992, 0.27672476610254465)
1(0.2554822201826266, 0.26484332666038723)
1(0.3149761377604619, 0.32431904698741215)
1(0.2712954975765931, 0.2805806843103424)
1(0.3302726086255186, 0.3395309941309424)
1(0.3118268608677368, 0.32101067180680753)
1(0.2558189630093434, 0.26484332666038723)
1(0.33316016185188807, 0.3419033622074409)
1(0.3097044943729509, 0.3183914542555723)
1(0.3388538451186136, 0.3475139462349466)
1(0.3156733156306371, 0.32431904698741215)
1(0.31823316954148156, 0.3268524789606273)
1(0.2822824034580084, 0.29084843753847306)
1(0.33973867002235625, 0.3482940114680128)
1(0.32274187351084516, 0.3311644967483089)
1(0.31027087802425896, 0.31859771845944274)
1(0.27363111931202083, 0.281947018434666)
1(0.27409842983109983, 0.2823696640900506)
1(0.3128746982373831, 0.3210075598411788)
1(0.3183902505309844, 0.32651321584440257)
1(0.32029565254431513, 0.3283496774104627)
1(0.32550666939589185, 0.3335503650236526)
1(0.3169994623273015, 0.3250286289135973)
1(0.25859064176793284, 0.26649093286293546)
1(0.267962289313088, 0.27582326109614363)
1(0.26639671501006146, 0.27411773127331)
1(0.2649872401089782, 0.27265068678769006)
1(0.32099239812687597, 0.3286123687095059)
1(0.2679597571909477, 0.27552833973984187)
1(0.27504761142577405, 0.28258621533637923)
1(0.3323248865506531, 0.3397254088052183)
1(0.2635826661202032, 0.27095701611267764)
1(0.32058762350591646, 0.32773698852055877)
1(0.26985889170421795, 0.2770062001367036)
1(0.286419178355682, 0.29352318428705526)
1(0.31062827703674156, 0.3176270709465349)
1(0.27041828885327357, 0.2773204226903976)
1(0.26464619019973473, 0.2714276004619121)
1(0.31685021787570133, 0.32360761926949694)
1(0.3475327317419161, 0.3542815522092248)
1(0.32102795989951394, 0.3277761966217564)
1(0.2746478318939122, 0.28137742505690166)
1(0.318175328378898, 0.32485758621528515)
1(0.265898302015162, 0.27235719076101267)
1(0.2654390241250863, 0.27186209950529666)
1(0.3328555567438085, 0.3391608397210278)
1(0.2652005124758011, 0.271462663219998)
1(0.3232137292487934, 0.329467795267248)
1(0.313318101760541, 0.31956505369135374)
1(0.3418335918273514, 0.3480381921503444)
1(0.3172877467655866, 0.323484015626441)
1(0.32378036878812383, 0.32997448017112274)
1(0.31206505963306613, 0.3182544155386268)
1(0.2625051311435504, 0.268674702647509)
1(0.32541508751710885, 0.3315117254608709)
1(0.2674910570891621, 0.2735738335311074)
1(0.3286890595092793, 0.33472070279147303)
1(0.2610516988187815, 0.26704578835766546)
1(0.3145571307339188, 0.3205344145689901)
1(0.26314608819066504, 0.26909357322749544)
1(0.2584555592370398, 0.26436256959101384)
1(0.32008735370229097, 0.32589630593781377)
1(0.25691155729189635, 0.26263423271237357)
1(0.3349567246186694, 0.3406632760327039)
1(0.26527975125124126, 0.2709803156990897)
1(0.33230138909995666, 0.33792573235670254)
1(0.27299433414536495, 0.27860365364655076)
1(0.2717696578390417, 0.2773204226903976)
1(0.2787901794620268, 0.28431927938059365)
1(0.2655710425629502, 0.2710702304017824)
1(0.28968031777417846, 0.2951311322722048)
1(0.2604876670024947, 0.26593511073844167)
1(0.3181665200676472, 0.32360761926949694)
1(0.31286033789210765, 0.3182544155386268)
1(0.2682844116612953, 0.2735513613063805)
1(0.2901099748797086, 0.2953697327070041)
1(0.33107945848335607, 0.3363230787502712)
1(0.32527851035954025, 0.33048037031195937)
1(0.26537374959552845, 0.2705583219543977)
1(0.3332491506623753, 0.3383939955133765)
1(0.33274914870205036, 0.3378316807813803)
1(0.3354561477824442, 0.3405010747462584)
1(0.27768406509097804, 0.28267244586700335)
1(0.32676289634355526, 0.3316705245469467)
1(0.32985870620556584, 0.33474475278957655)
1(0.2805132726201682, 0.2853493787220906)
1(0.32216105398061556, 0.32698713796577733)
1(0.2642312544217248, 0.2690070524905132)
1(0.31512278219068957, 0.3198161965447891)
1(0.2723520059543168, 0.2770110016253915)
1(0.2769385136031134, 0.2815886938892175)
1(0.261440298182837, 0.26601812551001397)
1(0.2736021055965735, 0.2781405459713645)
1(0.2677596685258992, 0.2722906575192831)
1(0.2863484192977566, 0.29084843753847306)
1(0.26552466965331434, 0.26998086309468555)
1(0.3134666652180096, 0.3178736906892749)
1(0.31597430146575495, 0.32036603668323616)
1(0.3046793083719751, 0.30906460202334435)
1(0.3189934871166404, 0.32331323332006445)
1(0.26335283319901026, 0.2675974042790758)
1(0.3158586491149809, 0.32009083108771025)
1(0.26047308666434327, 0.26469476057636826)
1(0.27341707881216687, 0.2776287529875335)
1(0.3183570581902687, 0.32253760631742073)
1(0.34106502220216406, 0.34524117647942165)
1(0.2714163209048129, 0.2755662429534837)
1(0.3637735087532598, 0.36787513376777936)
1(0.25800115947223856, 0.2620192627395662)
1(0.32947015861825474, 0.33345492809213334)
1(0.311065288963747, 0.3149687435168479)
1(0.33455692121096586, 0.3383924316740807)
1(0.3552543107721783, 0.3590541266737386)
1(0.31132496935054654, 0.31508726535716547)
1(0.32101281159621586, 0.3247704639490476)
1(0.26803019833726993, 0.2717868420936754)
1(0.3117426998255677, 0.31547830391804005)
1(0.3162408423634442, 0.31984220240324135)
1(0.3348118109956572, 0.33840691920201954)
1(0.2768946891655788, 0.28047531927743363)
1(0.31968479283381696, 0.3232424470395142)
1(0.32865769781944193, 0.33218498345473)
1(0.2743870760915635, 0.27788396228206724)
1(0.332756375597877, 0.3362516278544594)
1(0.34059837149713185, 0.3440524848381369)
1(0.28258494907696957, 0.2859277239937221)
1(0.2808541963234113, 0.2841956396049022)
1(0.3251335818191093, 0.3284632784112563)
1(0.25581581150607097, 0.25913685776713535)
1(0.3331601960065023, 0.3364526065887773)
1(0.2804214772047772, 0.28370280921393415)
1(0.3539613267713918, 0.3572306249562578)
1(0.270297473960518, 0.2735513613063805)
1(0.28353443129587086, 0.2867146908554919)
1(0.26830284764863116, 0.27146710492214127)
1(0.3282799889168043, 0.3313735571173888)
1(0.28420834737697886, 0.2872372218606269)
1(0.2749152340023719, 0.27788396228206724)
1(0.26055966828675814, 0.26348154795826767)
1(0.3330649414711835, 0.3359492476205872)
1(0.31746913256390935, 0.32034469585416486)
1(0.2701150412967191, 0.2729449261115974)
1(0.27457252533755466, 0.27739401470116326)
1(0.261509753946077, 0.26433085664816763)
1(0.2735917165078052, 0.27638975861477066)
1(0.3336318888092092, 0.33640480960354857)
1(0.3167712574004238, 0.3195437008329159)
1(0.2642525093225963, 0.2670209689353099)
1(0.3112647361754785, 0.3140253522886877)
1(0.3148923646618153, 0.3176270709465349)
1(0.25527390838254616, 0.2579686461543594)
1(0.31413498915339183, 0.31681123229247593)
1(0.3464317752875374, 0.34909999234892547)
1(0.30963406723192527, 0.31227449506487254)
1(0.3395277350111279, 0.3421607453973609)
1(0.3143825274557611, 0.31701096797452044)
1(0.3171238410143897, 0.319726658254566)
1(0.2563898291287347, 0.25898720777081025)
1(0.29863797983900425, 0.3012258954963917)
1(0.36594585909423993, 0.3685325578050781)
1(0.32535460436741204, 0.32792889565181477)
1(0.3386733569027889, 0.3412262819417914)
1(1.1888894652846473, 1.19144176614487)
1(0.26711509029189606, 0.2696384003325605)
1(0.32768116045616946, 0.33017806903348856)
1(0.3167778410584823, 0.3192501265827075)
1(0.2729749276899961, 0.2754198618295944)
1(0.34845578247464964, 0.3508777036066389)
1(0.27548077310683583, 0.27789950948151726)
1(0.273764273039037, 0.2761667078780303)
1(0.3405133032938197, 0.3428973562618143)
1(0.26242023274368953, 0.2647964295254939)
1(0.27313032045238356, 0.27550152284141277)
1(0.28029939031820816, 0.28266792274832997)
1(0.31604655075067295, 0.3183914542555723)
1(0.33524468199396057, 0.3375794486482484)
1(0.27378301099117136, 0.276103430720707)
1(0.26190093322670915, 0.2642008265056895)
1(0.3121560277261387, 0.3144086583825901)
1(0.31790340281237817, 0.32009083108771025)
1(0.27130694988675486, 0.27348049523212936)
1(0.27445746909707136, 0.27663076126950104)
1(0.3356409211326514, 0.33777382301970155)
1(0.3253466701639024, 0.32741077692565007)
1(0.2832993311687609, 0.2853493787220906)
1(0.2727606431144783, 0.2748102918431888)
1(0.2560849375052206, 0.25809617875578256)
1(0.2689375147824927, 0.2709449154583916)
1(0.270223495683356, 0.2722021587592312)
1(0.2654297046333616, 0.2673796345526637)
1(0.27313486476513205, 0.2750708842744944)
1(0.32024103696268613, 0.3221092586241467)
1(0.31656162522667786, 0.31841167599412257)
1(0.26305354288624894, 0.264891220942262)
1(0.27116065063413386, 0.2729531186232961)
1(0.31936242015543137, 0.3211465640614358)
1(0.33578335272331616, 0.33744366989382574)
1(0.2738716542037539, 0.27552833973984187)
1(0.27638704591464214, 0.2780341901394956)
1(0.32795130013741086, 0.3295590100992972)
1(0.2632536162613716, 0.2647964295254939)
1(0.26013874296579187, 0.2616515681943796)
1(0.2514212821137699, 0.25288375736199187)
1(0.32160063161266156, 0.323049684080538)
1(0.2769914503980277, 0.278421831398367)
1(0.27152711887088665, 0.27292077893229255)
1(0.25910354355155996, 0.26047417958330393)
1(0.28705514999929516, 0.28842539978993614)
1(0.31696440061691944, 0.31832335792927924)
1(0.3362008660280901, 0.3375554273735725)
1(0.3585002832373836, 0.3598250367080291)
1(0.3230089722241295, 0.32431904698741215)
1(0.2678593070534646, 0.2691631352416197)
1(0.3109935746442459, 0.31227449506487254)
1(0.2709278536101459, 0.27220478008217314)
1(0.2577436457640918, 0.25898720777081025)
1(0.26055579748822694, 0.26179803275334773)
1(0.32562830715708563, 0.32683341765548485)
1(0.3398653119856243, 0.3410519565266035)
1(0.33905082536116565, 0.34022953311548193)
1(0.269743310767927, 0.2708964411466898)
1(0.274977899573812, 0.2761197615966128)
1(0.3117776996657568, 0.3129163068220075)
1(0.2940043732067336, 0.2951311322722048)
1(0.26089489585902564, 0.2620192627395662)
1(0.27303386518037287, 0.274144889729053)
1(0.31701999316126545, 0.31811885752327357)
1(0.2813962879698296, 0.28247897400434696)
1(0.31172823272681877, 0.3127869005480005)
1(0.27993413135854445, 0.280961816655682)
1(0.28395554837162373, 0.28497263310664744)
1(0.2663673186874415, 0.2673796345526637)
1(0.2581959881931991, 0.25913685776713535)
1(0.27694387276052973, 0.27788376081305866)
1(0.31608698286628084, 0.31701096797452044)
1(0.2698741069566942, 0.2707942565989806)
1(0.2649084213450589, 0.26582833494543073)
1(0.26965239421579423, 0.2705583219543977)
1(0.26340699459237, 0.26430543533032685)
1(0.27174160576094225, 0.2726235415238219)
1(0.26830790136791044, 0.2691631352416197)
1(0.32748010166137775, 0.32827986049923846)
1(0.274754035549683, 0.27553593153211947)
1(0.3370507056201985, 0.33782403157582475)
1(0.28245186360338753, 0.28322516614846077)
1(0.3031935033549394, 0.30394884702042874)
1(0.31758607892566665, 0.31832335792927924)
1(0.25708389549971555, 0.2578084501942956)
1(0.28852365467854113, 0.2892290482724679)
1(0.30926185250771454, 0.30995320885759675)
1(0.3207795870337133, 0.3214659137878281)
1(0.32127807604032843, 0.3219596334217323)
1(0.34357971252137454, 0.3442449901585084)
1(0.274741307121301, 0.2753959633369437)
1(0.27405999578702833, 0.27471064312166776)
1(0.3285341947372078, 0.32916353686696587)
1(0.286738368471747, 0.28735803366848256)
1(0.284850828530641, 0.28546958991645044)
1(0.33427835666298944, 0.334869097019812)
1(0.2759774500878722, 0.2765443685879507)
1(0.32639837967633817, 0.32694751128563904)
1(0.269709493364921, 0.27020711818463883)
1(0.3396520012168588, 0.3401349771711735)
1(0.2674547232773331, 0.26791405191555556)
1(0.27027278542117705, 0.27071965574450707)
1(0.3473424910676006, 0.3477835113685207)
1(0.3163191719341671, 0.31676019010932266)
1(0.3253315288234837, 0.3257522995065872)
1(0.2744756547429468, 0.27487727109089605)
1(0.31767851861349977, 0.31807501516817116)
1(0.3235961286149489, 0.32398802192762377)
1(0.3325972992231512, 0.3329714089806064)
1(0.2837275948423844, 0.28408846471930504)
1(0.3343199408345669, 0.33465131257360337)
1(0.33026618370350047, 0.33059669596590185)
1(0.27927590613302367, 0.2795953467390831)
1(0.35129540840486323, 0.35161231427442396)
1(0.27632290493766587, 0.27660573522514287)
1(0.3371973691318878, 0.33747766556417447)
1(0.294335810096049, 0.29460951381034356)
1(0.3226790685531085, 0.32294707084292157)
1(0.33487833536737716, 0.33514023101740853)
1(0.32261400993712774, 0.32283623902629544)
1(0.28321494674258474, 0.28342851364299454)
1(0.27752727529086807, 0.27772267095811703)
1(0.2866678801243974, 0.2868627210765628)
1(0.3594389912341648, 0.35963161833033785)
1(0.2810113945225518, 0.2811632838699974)
1(0.2692140561024535, 0.2693502758732407)
1(0.2759003084376918, 0.2760325768543931)
1(0.32356678079250495, 0.32368501171872266)
1(0.3164310011104082, 0.3165223322359973)
1(0.2591895968978357, 0.25927870540984127)
1(0.34255636300651876, 0.3426414276481193)
1(0.3344891257798248, 0.334568363152148)
1(0.28339890261005984, 0.2834506975745426)
1(0.27204832233987464, 0.27208820617193186)
0(0.0, inf)
0(0.0, 3.252983559852121)
0(0.0, 2.3264184383783544)
0(0.0, 2.266303293190907)
0(0.0, 2.032308479320597)
0(0.0, 1.6129509651591274)
0(0.0, 1.1747011144047788)
0(0.0, 0.9860105146085242)
0(0.0, 0.9114443585654042)
0(0.0, 0.6990621900304382)
0(0.0, 0.6924834201150534)
0(0.0, 0.5759861008154986)
0(0.0, 0.5737523799907362)
0(0.0, 0.5673998574191633)
0(0.0, 0.5452609259827218)
0(0.0, 0.5409428053750406)
0(0.0, 0.5386707536471984)
0(0.0, 0.5332923409692737)
0(0.0, 0.5267635394152863)
0(0.0, 0.5204212697746202)
0(0.0, 0.5000263622329553)
0(0.0, 0.4926950389694073)
0(0.0, 0.48879896777117865)
0(0.0, 0.4883036490256055)
0(0.0, 0.47308039865600016)
0(0.0, 0.4487113395988633)
0(0.0, 0.4467405732006957)
0(0.0, 0.44584348700210696)
0(0.0, 0.42750647888884813)
0(0.0, 0.4173614620049219)
0(0.0, 0.41535654932768135)
0(0.0, 0.41131953210494987)
0(0.0, 0.3952340075017109)
0(0.0, 0.3930007412733071)
0(0.0, 0.39166998345046694)
0(0.0, 0.39012181118180855)
0(0.0, 0.38781200836432417)
0(0.0, 0.3820059693150881)
0(0.0, 0.3814552860492119)
0(0.0, 0.3792765347843043)
0(0.0, 0.3785767927630977)
0(0.0, 0.3772691531798661)
0(0.0, 0.3767223409062215)
0(0.0, 0.3765336572127446)
0(0.0, 0.375727984052962)
0(0.0, 0.3707881823472833)
0(0.0, 0.37025498805851476)
0(0.0, 0.3666128425274182)
0(0.0, 0.3665269097046555)
0(0.0, 0.3660633901943266)
0(0.0, 0.3644018916344495)
0(0.0, 0.36341508061167366)
0(0.0, 0.36311939425209444)
0(0.0, 0.36298487520755013)
0(0.0, 0.3620048803958141)
0(0.0, 0.36162729592039605)
0(0.0, 0.360157220959896)
0(0.0, 0.3599388187818454)
0(0.0, 0.35937664069385733)
0(0.0, 0.3585484948482787)
0(0.0, 0.35789670750467323)
0(0.0, 0.3573008211063122)
0(0.0, 0.35439792059959424)
0(0.0, 0.35427418024562796)
0(0.0, 0.35357676365668994)
0(0.0, 0.3528517444040441)
0(0.0, 0.35207521129435304)
0(0.0, 0.35154310527785937)
0(0.0, 0.350555962332012)
0(0.0, 0.3504843393745244)
0(0.0, 0.3494491884982309)
0(0.0, 0.3491218413672219)
0(0.0, 0.34872103806372)
0(0.0, 0.3485055729624465)
0(0.0, 0.3480421629385104)
0(0.0, 0.3474499515292862)
0(0.0, 0.34670387505841005)
0(0.0, 0.3459547769502306)
0(0.0, 0.3455179425938858)
0(0.0, 0.34460617652010156)
0(0.0, 0.3444362582383019)
0(0.0, 0.34433921340955825)
0(0.0, 0.3413106504310203)
0(0.0, 0.341053476672391)
0(0.0, 0.3409814495443081)
0(0.0, 0.34075329427043743)
0(0.0, 0.3403862937466034)
0(0.0, 0.34023329391074747)
0(0.0, 0.33899076854440036)
0(0.0, 0.33842214024092293)
0(0.0, 0.33836445403932863)
0(0.0, 0.3375017778337166)
0(0.0, 0.33726572576248254)
0(0.0, 0.33695724035263275)
0(0.0, 0.3366347064758368)
0(0.0, 0.3355494340164984)
0(0.0, 0.33530842101125635)
0(0.0, 0.33452709024312743)
0(0.0, 0.33439529503336546)
0(0.0, 0.33415093984678845)
0(0.0, 0.3340722656121305)
0(0.0, 0.3340048617782919)
0(0.0, 0.3338020188037355)
0(0.0, 0.3330626682959651)
0(0.0, 0.3324039500242617)
0(0.0, 0.3321800908234958)
0(0.0, 0.3316607359419794)
0(0.0, 0.3316086145303469)
0(0.0, 0.33122578921785184)
0(0.0, 0.3310448348134893)
0(0.0, 0.33056021611992237)
0(0.0, 0.33051350550295217)
0(0.0, 0.33020940750864897)
0(0.0, 0.330170306895196)
0(0.0, 0.32990613087138343)
0(0.0, 0.32981714966690134)
0(0.0, 0.32956619425968336)
0(0.0, 0.32890911999580646)
0(0.0, 0.32872470735043774)
0(0.0, 0.32851260646294844)
0(0.0, 0.3281889759196689)
0(0.0, 0.32814798057135675)
0(0.0, 0.32771561333024435)
0(0.0, 0.3275288314057172)
0(0.0, 0.3271246255942876)
0(0.0, 0.3267680846892683)
0(0.0, 0.3265998205826585)
0(0.0, 0.3263058500627415)
0(0.0, 0.3262830440105377)
0(0.0, 0.3259375052722293)
0(0.0, 0.32537438347953473)
0(0.0, 0.3253210475172237)
0(0.0, 0.32476153568757943)
0(0.0, 0.3247360062084858)
0(0.0, 0.32467567257893515)
0(0.0, 0.3246187709032438)
0(0.0, 0.3244652351519087)
0(0.0, 0.3243922942523842)
0(0.0, 0.3242468559390577)
0(0.0, 0.32401957358699934)
0(0.0, 0.32399140162249596)
0(0.0, 0.32391877156749965)
0(0.0, 0.3236924278821793)
0(0.0, 0.3236642190565646)
0(0.0, 0.3234873099611828)
0(0.0, 0.3233244524910426)
0(0.0, 0.3232731353582002)
0(0.0, 0.32282793078084343)
0(0.0, 0.3227099710514942)
0(0.0, 0.32246644547495634)
0(0.0, 0.32188800533666845)
0(0.0, 0.32186385346985824)
0(0.0, 0.32142862207337175)
0(0.0, 0.3210663904335569)
0(0.0, 0.32070365403601503)
0(0.0, 0.3206184844759167)
0(0.0, 0.3205600069073788)
0(0.0, 0.3203106167243829)
0(0.0, 0.32029664392929474)
0(0.0, 0.3201805855902483)
0(0.0, 0.3201711344600029)
0(0.0, 0.3200634403878584)
0(0.0, 0.3200287679669954)
0(0.0, 0.31998131704035315)
0(0.0, 0.3198105766360498)
0(0.0, 0.3197893719684926)
0(0.0, 0.3192624387700937)
0(0.0, 0.3192384063736936)
0(0.0, 0.31921882296262943)
0(0.0, 0.3191441248680453)
0(0.0, 0.31862521408584815)
0(0.0, 0.31841216217542717)
0(0.0, 0.31713203523540745)
0(0.0, 0.31694661802694585)
0(0.0, 0.31692950777089846)
0(0.0, 0.3169268076435943)
0(0.0, 0.3166711534446098)
0(0.0, 0.31665023839850115)
0(0.0, 0.3162412863314616)
0(0.0, 0.3161684869927235)
0(0.0, 0.3160502893527349)
0(0.0, 0.31507764929081483)
0(0.0, 0.31503662212133915)
0(0.0, 0.31475571842600697)
0(0.0, 0.314633057179544)
0(0.0, 0.31405498260691794)
0(0.0, 0.31398583727061696)
0(0.0, 0.31356600236383925)
0(0.0, 0.31350948341174456)
0(0.0, 0.3132093969353512)
0(0.0, 0.31320567283299067)
0(0.0, 0.3123376544889563)
0(0.0, 0.3120051041256829)
0(0.0, 0.3119131967387807)
0(0.0, 0.31153924870811883)
0(0.0, 0.31143130586630585)
0(0.0, 0.31132662579846127)
0(0.0, 0.3110758564819509)
0(0.0, 0.31096612154654235)
0(0.0, 0.31050304866587625)
0(0.0, 0.31048924109671866)
0(0.0, 0.31023681341937437)
0(0.0, 0.31013776327291015)
0(0.0, 0.3101038355506292)
0(0.0, 0.30996834311190935)
0(0.0, 0.30981737893424477)
0(0.0, 0.30926154828481406)
0(0.0, 0.3092591035861415)
0(0.0, 0.3092529807558824)
0(0.0, 0.3087731633514797)
0(0.0, 0.30876637326392953)
0(0.0, 0.3082889274614946)
0(0.0, 0.3082715786206267)
0(0.0, 0.30771097620866167)
0(0.0, 0.30723043666725697)
0(0.0, 0.3072120558521556)
0(0.0, 0.30706150846261054)
0(0.0, 0.3069183885120962)
0(0.0, 0.30630747771880656)
0(0.0, 0.3057807976168142)
0(0.0, 0.3055651934391795)
0(0.0, 0.3052720332510247)
0(0.0, 0.30497296518003997)
0(0.0, 0.3049361527608169)
0(0.0, 0.3047863522447748)
0(0.0, 0.30416428812890894)
0(0.0, 0.30351733062928266)
0(0.0, 0.3034605539538638)
0(0.0, 0.3032650954632233)
0(0.0, 0.3032397783537786)
0(0.0, 0.30316570452783376)
0(0.0, 0.30313491115161095)
0(0.0, 0.3031337641301078)
0(0.0, 0.30270258903380237)
0(0.0, 0.30213865024521136)
0(0.0, 0.30198383917764604)
0(0.0, 0.3019227569338474)
0(0.0, 0.3015285322559903)
0(0.0, 0.3015183733710596)
0(0.0, 0.30146210639566245)
0(0.0, 0.301230394964351)
0(0.0, 0.30066312602251954)
0(0.0, 0.3006372510650756)
0(0.0, 0.30060398683810713)
0(0.0, 0.30039863353868806)
0(0.0, 0.30022596342703667)
0(0.0, 0.3002193200754626)
0(0.0, 0.3002158587296436)
0(0.0, 0.2998187648054603)
0(0.0, 0.29868638839806605)
0(0.0, 0.298668977997338)
0(0.0, 0.2984506888105441)
0(0.0, 0.29842123745573285)
0(0.0, 0.29789379134011706)
0(0.0, 0.297270545225406)
0(0.0, 0.29610599991191294)
0(0.0, 0.2960217984615673)
0(0.0, 0.2943736662864316)
0(0.0, 0.29433676006447806)
0(0.0, 0.28993031482700327)
0(0.0, 0.28793814711096927)
0(0.0, 0.28744271343725547)
0(0.0, 0.28706876509913404)
0(0.0, 0.28686888080137973)
0(0.0, 0.2868669323341896)
0(0.0, 0.28663722097507166)
0(0.0, 0.2864939614386435)
0(0.0, 0.2861354174089843)
0(0.0, 0.2852492618201875)
0(0.0, 0.28474493767612713)
0(0.0, 0.2843868776802558)
0(0.0, 0.28430670904579947)
0(0.0, 0.28422379391660885)
0(0.0, 0.284060912047079)
0(0.0, 0.28377922597453203)
0(0.0, 0.2827013388252817)
0(0.0, 0.2825482944825472)
0(0.0, 0.28148162849860303)
0(0.0, 0.2814713989983831)
0(0.0, 0.28101252976807745)
0(0.0, 0.27992437859802155)
0(0.0, 0.2799226141747567)
0(0.0, 0.2795127439504596)
0(0.0, 0.27951187646853637)
0(0.0, 0.279204643259603)
0(0.0, 0.27885320823346377)
0(0.0, 0.2788527247957905)
0(0.0, 0.2781023920082758)
0(0.0, 0.27785026239180627)
0(0.0, 0.2773974671120715)
0(0.0, 0.2767630483913906)
0(0.0, 0.2766287406579742)
0(0.0, 0.27534844393179303)
0(0.0, 0.27532417846516105)
0(0.0, 0.2745861617043109)
0(0.0, 0.2743561729797585)
0(0.0, 0.2740129206214525)
0(0.0, 0.27389448894462715)
0(0.0, 0.2738604485279717)
0(0.0, 0.27380320492688576)
0(0.0, 0.2735782653352361)
0(0.0, 0.2731626611362051)
0(0.0, 0.2727101786028318)
0(0.0, 0.27270030855924093)
0(0.0, 0.27263201469304316)
0(0.0, 0.2723620736749026)
0(0.0, 0.27226630997932244)
0(0.0, 0.27207299704285637)
0(0.0, 0.2718845593657564)
0(0.0, 0.27170452018400465)
0(0.0, 0.2715722278127445)
0(0.0, 0.27150020709006223)
0(0.0, 0.2706337016126209)
0(0.0, 0.2705691755348251)
0(0.0, 0.2703141313499339)
0(0.0, 0.2698645370004425)
0(0.0, 0.26969747296708657)
0(0.0, 0.26939728411182784)
0(0.0, 0.2693381522705963)
0(0.0, 0.2692422279150863)
0(0.0, 0.2691703549065327)
0(0.0, 0.2685224199933828)
0(0.0, 0.2683613157047918)
0(0.0, 0.2680025575742634)
0(0.0, 0.2675403632698924)
0(0.0, 0.2675051007424335)
0(0.0, 0.2671762422337045)
0(0.0, 0.26662422654644086)
0(0.0, 0.2664377814577236)
0(0.0, 0.2661272982004016)
0(0.0, 0.2653925822519009)
0(0.0, 0.26527553936866216)
0(0.0, 0.26523851246854085)
0(0.0, 0.26516715025999316)
0(0.0, 0.26466746909315164)
0(0.0, 0.2646387433188509)
0(0.0, 0.26434908931733886)
0(0.0, 0.264328007501658)
0(0.0, 0.26422934194856906)
0(0.0, 0.2640152322829964)
0(0.0, 0.26359069917376265)
0(0.0, 0.2635709023827984)
0(0.0, 0.26322519885758855)
0(0.0, 0.2630374460664632)
0(0.0, 0.2629782364947981)
0(0.0, 0.2628825896119963)
0(0.0, 0.26244989622845216)
0(0.0, 0.2623996151112784)
0(0.0, 0.2622428340036207)
0(0.0, 0.26203607390571004)
0(0.0, 0.26164687106440965)
0(0.0, 0.26158633565858586)
0(0.0, 0.26141534928118726)
0(0.0, 0.2613639951884242)
0(0.0, 0.26108590213254534)
0(0.0, 0.26100278472541505)
0(0.0, 0.26098056933723346)
0(0.0, 0.260727869312137)
0(0.0, 0.26065900307587786)
0(0.0, 0.2600425460299706)
0(0.0, 0.2599185437268467)
0(0.0, 0.259831162805768)
0(0.0, 0.2598195096350402)
0(0.0, 0.25975434132675745)
0(0.0, 0.2595265981964548)
0(0.0, 0.2595139293181934)
0(0.0, 0.2594118620880524)
0(0.0, 0.25932615572571177)
0(0.0, 0.25926076755641075)
0(0.0, 0.25916191114203735)
0(0.0, 0.25887848781284617)
0(0.0, 0.2588037085238101)
0(0.0, 0.2585265929990663)
0(0.0, 0.2585109126838355)
0(0.0, 0.25847958925449327)
0(0.0, 0.2583924030535336)
0(0.0, 0.2583709195590545)
0(0.0, 0.25817271660734603)
0(0.0, 0.25812856830835096)
0(0.0, 0.2578598520823122)
0(0.0, 0.25770367114037546)
0(0.0, 0.2576219406317484)
0(0.0, 0.25756028071654086)
0(0.0, 0.25732330705187634)
0(0.0, 0.25717660527693925)
0(0.0, 0.2571091301600338)
0(0.0, 0.25691346080541017)
0(0.0, 0.256720514934116)
0(0.0, 0.25669013312732625)
0(0.0, 0.2564619434377389)
0(0.0, 0.25599493345196367)
0(0.0, 0.25593263963762447)
0(0.0, 0.25557111507398467)
0(0.0, 0.25554491059329854)
0(0.0, 0.255496676134119)
0(0.0, 0.25539255764874175)
0(0.0, 0.25538605114673496)
0(0.0, 0.25510768607183476)
0(0.0, 0.25505357501369086)
0(0.0, 0.25476892053165334)
0(0.0, 0.2547629278168051)
0(0.0, 0.2546342192492107)
0(0.0, 0.2541929369009182)
0(0.0, 0.25402681585681364)
0(0.0, 0.253993672522664)
0(0.0, 0.25391266153823744)
0(0.0, 0.253756759372484)
0(0.0, 0.2533399650421326)
0(0.0, 0.2533302307454154)
0(0.0, 0.2532260569339655)
0(0.0, 0.25311342201174564)
0(0.0, 0.25292243523874713)
0(0.0, 0.2527172729611322)
0(0.0, 0.2523005195062268)
0(0.0, 0.2522577081144158)
0(0.0, 0.25214260712241343)
0(0.0, 0.25207546160529287)
0(0.0, 0.25113755163276397)
0(0.0, 0.2509784547103844)
0(0.0, 0.250224592129945)
0(0.0, 0.24886692900268576)
0(0.0, 0.24784699914291305)
0(0.0, 0.24725189470367617)
0(0.0, 0.24704441632425347)
0(0.0, 0.24688787115015848)
0(0.0, 0.24640636621208914)
0(0.0, 0.24564985413548548)
0(0.0, 0.24542063354442165)
0(0.0, 0.24493512841023005)
0(0.0, 0.2428556346541239)
0(0.0, 0.24280465559968095)
0(0.0, 0.24128668547626156)
