1(1.0821352842682617, 1.164499302030545)
1(1.1899674203566848, 1.268204911803959)
1(0.9710249876576175, 1.0487469819113602)
1(1.203999003521211, 1.2771916618321069)
1(1.0907071183512036, 1.1605786658022403)
1(0.9687393043438636, 1.0373188004920768)
1(1.0960870505039904, 1.1605377259349432)
1(1.1448055487917368, 1.20692434115876)
1(1.1529628735715614, 1.2126313125668413)
1(1.218861035156244, 1.2771916618321069)
1(1.320498471645178, 1.3747439799661718)
1(1.0674891204503532, 1.1203888652178238)
1(0.926886532731882, 0.9792245002012863)
1(1.055444320311923, 1.1075268594471321)
1(1.1707678468010674, 1.2227756418057976)
1(1.1097658575450975, 1.1590502100175664)
1(1.0979210992646495, 1.145654352310214)
1(0.8650462228445133, 0.9101350315669399)
1(1.2257344053435444, 1.2704980685048308)
1(1.1905664676710437, 1.2280868797009374)
1(1.0440613615402035, 1.0799559188020682)
1(1.0534794694904763, 1.0884390688561498)
1(1.1379577106201442, 1.1713924832843885)
1(1.4605279442716994, 1.4936549676377495)
1(1.1964275036110719, 1.2280868797009374)
1(1.2750973245067458, 1.3065928808676832)
1(1.015551994541205, 1.0439956513585857)
1(1.0085195201008987, 1.036736662166784)
1(1.3751789521119946, 1.403341225445098)
1(1.1913674076006218, 1.2175178655917624)
1(1.1230035393890225, 1.1491253645072934)
1(1.063318816003542, 1.0884390688561498)
1(1.2278159225784504, 1.2514149840374846)
1(1.0433943639943546, 1.066179090550537)
1(1.1266435418979135, 1.1471368185475184)
1(1.12794974637193, 1.1483622430584575)
1(0.888462678631143, 0.9060822671233087)
1(1.4934485034649816, 1.510499464790447)
1(1.1090220084749192, 1.1258462479533442)
1(0.9626466948161169, 0.9787302676798484)
1(0.928675376336314, 0.9420301752292944)
1(1.049799504855753, 1.0623473789310005)
1(1.0878826930649128, 1.1002196461537836)
1(1.263228181932588, 1.275427419873184)
1(1.2850669310221814, 1.295923826201876)
1(1.0222130472949285, 1.0321757879115923)
1(1.0722052065492902, 1.0816274152163372)
1(1.0519772415138424, 1.0609351281519601)
1(1.1505268827081445, 1.1590502100175664)
1(1.4916881144068672, 1.5001318282757574)
1(0.9545265734019442, 0.9628878172228829)
1(1.0912627563796757, 1.098176990840764)
1(1.29105985357961, 1.2962112531447016)
1(0.9142531105721955, 0.9172129029663504)
1(0.463620154987078, 0.4660229562534171)
1(0.9060353889531294, 0.9082414575212528)
1(0.9653409507482873, 0.966820546379404)
1(0.9961059096955901, 0.997383991278631)
1(1.0175659133982082, 1.0181743498057463)
1(1.2150057940139287, 1.2154044321491626)
0(0.0, inf)
0(0.0, 2.2515477335875405)
0(0.0, 2.1590065808820142)
0(0.0, 2.098167770263775)
0(0.0, 1.9423037873805509)
0(0.0, 1.7564717472604443)
0(0.0, 1.705780602785119)
0(0.0, 1.688885502236944)
0(0.0, 1.4861638771860677)
0(0.0, 1.455500935575971)
0(0.0, 1.419627227999732)
0(0.0, 1.4069675068741068)
0(0.0, 1.3909446748034575)
0(0.0, 1.380856496180244)
0(0.0, 1.368550572071312)
0(0.0, 1.340383452605204)
0(0.0, 1.3350334838469007)
0(0.0, 1.3319048901292057)
0(0.0, 1.3264243661488233)
0(0.0, 1.3244914620692356)
0(0.0, 1.2788563907061639)
0(0.0, 1.2493522467693132)
0(0.0, 1.24644344247765)
0(0.0, 1.2358920073416644)
0(0.0, 1.2224769316676198)
0(0.0, 1.2211907899809338)
0(0.0, 1.215158458583259)
0(0.0, 1.2121430615561106)
0(0.0, 1.2096379383652625)
0(0.0, 1.202185256270754)
0(0.0, 1.1922076477889163)
0(0.0, 1.1583355739015744)
0(0.0, 1.1576965298207724)
0(0.0, 1.154363229180282)
0(0.0, 1.1354162731517237)
0(0.0, 1.131452989173694)
0(0.0, 1.130611841641698)
0(0.0, 1.1234005480212625)
0(0.0, 1.1177290945881109)
0(0.0, 1.1091078534189165)
0(0.0, 1.1007211658073224)
0(0.0, 1.08936114779677)
0(0.0, 1.0829760199129068)
0(0.0, 1.0779141478011052)
0(0.0, 1.0735620612303727)
0(0.0, 1.071090161242041)
0(0.0, 1.0557950066273478)
0(0.0, 1.0527056475351215)
0(0.0, 1.0431786742777287)
0(0.0, 1.042005606485533)
0(0.0, 1.0392692869402733)
0(0.0, 1.0383504646829094)
0(0.0, 1.0317200837102882)
0(0.0, 1.030780429488198)
0(0.0, 1.0279760056443907)
0(0.0, 1.0275318733139138)
0(0.0, 1.0250628971826048)
0(0.0, 1.0242702497047462)
0(0.0, 1.0214845579821465)
0(0.0, 1.0205702440943474)
0(0.0, 1.0188430786684781)
0(0.0, 1.0180121261520785)
0(0.0, 1.016923412319745)
0(0.0, 1.0066331762610965)
0(0.0, 1.000042825682506)
0(0.0, 0.9922766529969762)
0(0.0, 0.9910682630147112)
0(0.0, 0.9898772586152338)
0(0.0, 0.9896750609977181)
0(0.0, 0.9875716247372234)
0(0.0, 0.9862068784940593)
0(0.0, 0.9779294602022935)
0(0.0, 0.9777504673845828)
0(0.0, 0.9771700239172066)
0(0.0, 0.967782003855621)
0(0.0, 0.9671987665133008)
0(0.0, 0.9648768246602284)
0(0.0, 0.9585816441456433)
0(0.0, 0.9578525392822944)
0(0.0, 0.954564072274964)
0(0.0, 0.9513025065544453)
0(0.0, 0.934196815998125)
0(0.0, 0.930504060554314)
0(0.0, 0.9271470202373077)
0(0.0, 0.9236305512696364)
0(0.0, 0.9197309090691859)
0(0.0, 0.9150514399158265)
0(0.0, 0.9089437509823763)
0(0.0, 0.9030091509256242)
0(0.0, 0.9005407447327657)
0(0.0, 0.8976723098855036)
0(0.0, 0.8942326157847228)
0(0.0, 0.8819748831306888)
0(0.0, 0.8811310602256837)
0(0.0, 0.8776141285260296)
0(0.0, 0.8741453431543098)
0(0.0, 0.87091440126128)
0(0.0, 0.8654936486038043)
0(0.0, 0.8572398871006665)
0(0.0, 0.8500462746241725)
0(0.0, 0.8494011223220048)
0(0.0, 0.8484522565147387)
0(0.0, 0.8425773697611727)
0(0.0, 0.8360728199602417)
0(0.0, 0.8190829877207618)
0(0.0, 0.8033663429859567)
0(0.0, 0.7785083736474717)
0(0.0, 0.771423251434636)
0(0.0, 0.72769536233946)
0(0.0, 0.7035632748792237)
0(0.0, 0.652020456613531)
0(0.0, 0.5763339008501)
0(0.0, 0.5670372766015764)
0(0.0, 0.5512092635510526)
0(0.0, 0.4328093505471597)
0(0.0, 0.4306290163120212)
0(0.0, 0.4275892443826243)
0(0.0, 0.187142576616751)
0(0.0, 0.17675334681768154)
0(0.0, 0.14490614089240175)
0(0.0, 0.09292947117353133)
