1(0.2623565901170209, 0.27334341772092025)
1(0.2955939573661671, 0.3065527980263049)
1(0.26766221127871126, 0.27849048886169475)
1(0.2590959629067103, 0.2689976652381137)
1(0.2650252120551182, 0.2742889599527395)
1(0.2717853108865825, 0.2807954767035753)
1(0.28728454573272993, 0.2958331163669709)
1(0.2665913668979775, 0.274738240282534)
1(0.27328657122961425, 0.2812069022015246)
1(0.2614626341891563, 0.26918116799885133)
1(0.24494707995323095, 0.25258590849660567)
1(0.2812843511116911, 0.2889176598841598)
1(0.25552154155979445, 0.26291801831411177)
1(0.25591398601616633, 0.26330323990168986)
1(0.2997056968918229, 0.3070095278929395)
1(0.25456720876460137, 0.2618009682575718)
1(0.25545641641920364, 0.2626050701101656)
1(0.2846098494822713, 0.2915735872953426)
1(0.2649375375739388, 0.2718737315603011)
1(0.2602187637824147, 0.26705033813366746)
1(0.2848649023019802, 0.2916483213579521)
1(0.2572055564766024, 0.26388437262688114)
1(0.2826138038685347, 0.28924534096011034)
1(0.321159039049967, 0.32751438651563786)
1(0.25787447592738477, 0.26418658311502036)
1(0.26801569104250506, 0.2742889599527395)
1(0.25179376130672515, 0.25800919969466574)
1(0.24757794739975092, 0.25377072641934656)
1(0.2519393974274292, 0.25800919969466574)
1(0.2601235018325434, 0.26616524866883495)
1(0.28437757809221703, 0.29036629304816897)
1(0.31350921319982006, 0.31899155386739675)
1(0.25770510874860847, 0.2631195709030955)
1(0.2838044599887169, 0.2891285454504652)
1(0.27295150304703203, 0.27824042163452334)
1(0.2722889536944308, 0.27745789188653247)
1(0.25903140513324063, 0.26418658311502036)
1(0.27709928605724393, 0.282250854529645)
1(0.2582891388344291, 0.2633501849377061)
1(0.2755379748646743, 0.28054103876896463)
1(0.31876054744108157, 0.32369380669873365)
1(0.27445460647704595, 0.2793716838240256)
1(0.2670312074281507, 0.2718737315603011)
1(0.2687675956765227, 0.27359478498048145)
1(0.2590313840897748, 0.26384533109325586)
1(0.2682566390831995, 0.2730352643479896)
1(0.296629521623204, 0.30137105635298644)
1(0.2663850548563082, 0.2710410337409621)
1(0.28702708121058296, 0.2916483213579521)
1(0.25691153391266724, 0.2614237008101494)
1(0.27658487451099734, 0.28105903177762204)
1(0.30262047916567364, 0.30703297407828806)
1(0.27697963555432353, 0.28129347718961933)
1(0.28128752581073685, 0.28558623511207654)
1(0.27195717883272635, 0.27620913311288436)
1(0.29710152612162183, 0.30133773913856954)
1(0.28412305615283656, 0.2882307333615123)
1(0.25926038919253913, 0.2633334962442887)
1(0.25571604767396383, 0.2596815902244586)
1(0.3620111768710949, 0.36590385414366144)
1(0.2579209903769242, 0.2618009682575718)
1(0.2555973252089485, 0.2593720980265132)
1(0.2870418555609549, 0.29070783801576666)
1(0.2788873575240145, 0.28254574575689057)
1(0.26654659835394134, 0.27018827526557654)
1(0.2475642317446567, 0.25118354147210736)
1(0.26797576118045463, 0.2713837243661626)
1(0.2901970356355524, 0.29357742211189414)
1(0.2599414653698332, 0.26331762633166356)
1(0.2610734411689696, 0.2644122484939148)
1(0.27117543870919947, 0.2744560713310085)
1(0.2749217132013873, 0.2781991818041536)
1(0.29959190295980076, 0.3028652586052783)
1(0.2618784250469731, 0.26510101966505273)
1(0.27327501942054166, 0.27648956803995656)
1(0.28841923377876605, 0.2915883474559877)
1(0.2713926370179553, 0.2745173489417037)
1(0.27598031664777095, 0.27907588438839886)
1(0.2827770374440155, 0.28584405955459474)
1(0.2779469416889556, 0.2809616894559073)
1(0.2671847897935962, 0.27019440918017407)
1(0.2907218609612539, 0.2937086099283954)
1(0.27692680650361917, 0.27991343210672043)
1(0.33337425288834077, 0.336356657296784)
1(0.2789835549507531, 0.28194189795747643)
1(0.2734928943492444, 0.2764294365622064)
1(0.3195149478299461, 0.32229184664007066)
1(0.27998968707248184, 0.2826870011130114)
1(0.29952463289293757, 0.30218944846457463)
1(0.27522234137060414, 0.2778300954769913)
1(0.25922182180847375, 0.2618009682575718)
1(0.280676454056396, 0.28324410116280363)
1(0.31783284755455593, 0.3203840887377875)
1(0.2760254421308398, 0.2785626192390141)
1(0.2718390586871593, 0.27426752648685876)
1(0.27399009307325795, 0.2763771978896447)
1(0.25147482473531335, 0.2538319065863056)
1(0.2754203662172541, 0.2777423545698003)
1(0.262123546364084, 0.2644122484939148)
1(0.2516922850759943, 0.25389043440631176)
1(0.3205156980262228, 0.32270524177992155)
1(0.28474332975761424, 0.286922951300666)
1(0.25520657969748567, 0.25732173044006285)
1(0.25649013398803494, 0.2585968410102155)
1(0.29142719232350195, 0.2934054931536743)
1(0.3012212203929299, 0.3031666645646183)
1(0.25609743577112243, 0.2580176896479955)
1(0.26878227532640836, 0.2706894900977566)
1(0.27227669529830006, 0.2741402326616241)
1(0.2867079920658282, 0.2884784449430419)
1(0.279766752463266, 0.2815084837437262)
1(0.301141827250324, 0.3028164244934381)
1(0.27318743866600914, 0.27483773913283)
1(0.260133708829142, 0.2617814969321825)
1(0.34694691303774533, 0.3485586956243559)
1(0.35999146193201687, 0.36159127938747987)
1(0.2710918202005242, 0.2726771299341381)
1(0.2856326802910636, 0.2872005448926433)
1(0.277539328964363, 0.2790416650136903)
1(0.2823418818047564, 0.28381453180412297)
1(0.2599556655041557, 0.2614237008101494)
1(0.26390808614966194, 0.26535846015458914)
1(0.28758035232230106, 0.289005364033865)
1(0.261349972572402, 0.262742650376064)
1(0.27500767419358013, 0.2763943449305975)
1(0.35618957167957804, 0.35757505757438995)
1(0.28209962100642383, 0.2834782784236559)
1(0.29469061181761735, 0.29606416919661366)
1(0.2621127440902631, 0.26346017788951465)
1(0.2765023618482577, 0.2778002655599454)
1(0.2676391223178874, 0.26889104370452177)
1(0.2524619877300224, 0.253684824810352)
1(0.2645264753569624, 0.2657469792537516)
1(0.2942030172687934, 0.2953156486090189)
1(0.27952066302634376, 0.2806070036673459)
1(0.2570303003989581, 0.25810346856211985)
1(0.28503357953800385, 0.2860991606280757)
1(0.2859923541224738, 0.28695823716992425)
1(0.26322374206756605, 0.26415294882202733)
1(0.3053487254274804, 0.3061871831289329)
1(0.2664198797403426, 0.2672030670746643)
1(0.2579994541552641, 0.2586937024666223)
1(0.28201633791655273, 0.2826870011130114)
1(0.27041093939598937, 0.2710412931097821)
1(0.2691532029863386, 0.2697285355407579)
1(0.25759084336832944, 0.25810346856211985)
1(0.32909664144927825, 0.3296032107254236)
1(0.33296957560297596, 0.33347019773450803)
1(0.2834891783923023, 0.28398737895057774)
1(0.25617575823410266, 0.25662996388514636)
1(0.3062373970900985, 0.30661902222711335)
1(0.2704109333221283, 0.27076596544176273)
1(0.2758451060743266, 0.2761143219783099)
1(0.26903159960347844, 0.2692666983391189)
1(0.2977170480451891, 0.29792455609332286)
1(0.2620156903919991, 0.26219998325330723)
1(0.35435719280780953, 0.3545045958949096)
1(0.26151602765669035, 0.2615599970725034)
1(0.2795274517125728, 0.27954126071344526)
0(0.0, inf)
0(0.0, 4.485565629254787)
0(0.0, 2.697099315654593)
0(0.0, 2.035764133196337)
0(0.0, 1.9686170972918446)
0(0.0, 1.088844758051791)
0(0.0, 0.8948997939435993)
0(0.0, 0.7616529959542564)
0(0.0, 0.7462331015918394)
0(0.0, 0.6368484326987508)
0(0.0, 0.5009377451349137)
0(0.0, 0.495260382862852)
0(0.0, 0.46082724985705914)
0(0.0, 0.4489644743070852)
0(0.0, 0.42963903762124184)
0(0.0, 0.4251477951679125)
0(0.0, 0.41400009558498535)
0(0.0, 0.40969351186344294)
0(0.0, 0.4008630244633225)
0(0.0, 0.3994855775468445)
0(0.0, 0.39848588929640033)
0(0.0, 0.39752594111137696)
0(0.0, 0.39140024246811667)
0(0.0, 0.386869306650845)
0(0.0, 0.3834490400265402)
0(0.0, 0.38232098063310077)
0(0.0, 0.37866276577403984)
0(0.0, 0.37620660185881527)
0(0.0, 0.3748087778303621)
0(0.0, 0.3742813521317615)
0(0.0, 0.37301516100795745)
0(0.0, 0.37157617279850114)
0(0.0, 0.37081827143775525)
0(0.0, 0.36744475872047205)
0(0.0, 0.36335010327326017)
0(0.0, 0.36143700671877277)
0(0.0, 0.3560960796696126)
0(0.0, 0.355509893987971)
0(0.0, 0.3538693879895287)
0(0.0, 0.3532778844266485)
0(0.0, 0.35249442427703376)
0(0.0, 0.3500771408576889)
0(0.0, 0.34775213186343856)
0(0.0, 0.3468531910228528)
0(0.0, 0.3456527889881984)
0(0.0, 0.3453121365473293)
0(0.0, 0.3439876778357118)
0(0.0, 0.3438274411568563)
0(0.0, 0.34310224385118343)
0(0.0, 0.3429493210944504)
0(0.0, 0.34208967518707856)
0(0.0, 0.3414706396965868)
0(0.0, 0.34008749985241715)
0(0.0, 0.33993473604538815)
0(0.0, 0.3394752681302717)
0(0.0, 0.33930030626126995)
0(0.0, 0.3375538484713998)
0(0.0, 0.33718102369498854)
0(0.0, 0.33672998791345105)
0(0.0, 0.3361207151430764)
0(0.0, 0.3353458067708047)
0(0.0, 0.3348490820093534)
0(0.0, 0.33473963515508115)
0(0.0, 0.33413114208635525)
0(0.0, 0.3339739709391273)
0(0.0, 0.3334757057144723)
0(0.0, 0.33279288047198324)
0(0.0, 0.33172675760733383)
0(0.0, 0.33141984110635253)
0(0.0, 0.33091885802243126)
0(0.0, 0.33030164100221837)
0(0.0, 0.32922982734721723)
0(0.0, 0.32875567100262315)
0(0.0, 0.3274650365686538)
0(0.0, 0.32628167535479746)
0(0.0, 0.3260383075216189)
0(0.0, 0.32584812450687495)
0(0.0, 0.32556532134276106)
0(0.0, 0.32544520641004676)
0(0.0, 0.3253271481372385)
0(0.0, 0.32532277423125683)
0(0.0, 0.3247794622358368)
0(0.0, 0.32468009928318753)
0(0.0, 0.32340035698422887)
0(0.0, 0.32238886187772203)
0(0.0, 0.32111660884712706)
0(0.0, 0.32103985208972025)
0(0.0, 0.3192302758370567)
0(0.0, 0.3184638725764891)
0(0.0, 0.3184509311146499)
0(0.0, 0.31821908388823433)
0(0.0, 0.3180604695680604)
0(0.0, 0.3178304618019267)
0(0.0, 0.31757666819183133)
0(0.0, 0.31691054781165506)
0(0.0, 0.31671313761874215)
0(0.0, 0.3166673184626143)
0(0.0, 0.3161953479228303)
0(0.0, 0.3161073608377805)
0(0.0, 0.3151421841556379)
0(0.0, 0.31424216087380163)
0(0.0, 0.31375044632684373)
0(0.0, 0.31365800038292796)
0(0.0, 0.3133305062368025)
0(0.0, 0.31265200695285095)
0(0.0, 0.3124365469115406)
0(0.0, 0.31197294701882894)
0(0.0, 0.31144769880363055)
0(0.0, 0.31132360856479696)
0(0.0, 0.31086223880568475)
0(0.0, 0.3108339146190888)
0(0.0, 0.3106998869870946)
0(0.0, 0.31057033567589093)
0(0.0, 0.3102881183361015)
0(0.0, 0.3102032640856544)
0(0.0, 0.3088490896337599)
0(0.0, 0.30852638945873695)
0(0.0, 0.3082553899646308)
0(0.0, 0.3082263925520131)
0(0.0, 0.3080885218306705)
0(0.0, 0.30739191754880796)
0(0.0, 0.3066640022021537)
0(0.0, 0.3060517922554065)
0(0.0, 0.30598322995419835)
0(0.0, 0.30579938115672145)
0(0.0, 0.3056002406274311)
0(0.0, 0.3053723803481237)
0(0.0, 0.30512793915359676)
0(0.0, 0.30481561041384064)
0(0.0, 0.304777073971903)
0(0.0, 0.3045871301534723)
0(0.0, 0.3037748009067998)
0(0.0, 0.30316423412272847)
0(0.0, 0.303077880319031)
0(0.0, 0.30296130146376066)
0(0.0, 0.3029542505797058)
0(0.0, 0.30291921185816)
0(0.0, 0.3028486392892637)
0(0.0, 0.3026866085417911)
0(0.0, 0.30215122284373797)
0(0.0, 0.3020324988171427)
0(0.0, 0.3017102559266096)
0(0.0, 0.30164739887312597)
0(0.0, 0.30151580574295633)
0(0.0, 0.3011745561159152)
0(0.0, 0.30014009103143274)
0(0.0, 0.29960095851633906)
0(0.0, 0.29958170661843486)
0(0.0, 0.2992649465946091)
0(0.0, 0.2992011154206202)
0(0.0, 0.2990998856008546)
0(0.0, 0.2986146919904559)
0(0.0, 0.2985749996292282)
0(0.0, 0.29845932238719175)
0(0.0, 0.2981734530792984)
0(0.0, 0.2976021243135162)
0(0.0, 0.2975543170600229)
0(0.0, 0.29751703558481546)
0(0.0, 0.297135615028469)
0(0.0, 0.2970662280044483)
0(0.0, 0.2968312317416392)
0(0.0, 0.2966633708479979)
0(0.0, 0.29651385340956854)
0(0.0, 0.29650133465395245)
0(0.0, 0.29625717739649227)
0(0.0, 0.29472385306759913)
0(0.0, 0.29470457572157954)
0(0.0, 0.29452681017817356)
0(0.0, 0.2944997154937302)
0(0.0, 0.29419979997691315)
0(0.0, 0.2938677224548598)
0(0.0, 0.2930788245583622)
0(0.0, 0.29297828219502786)
0(0.0, 0.2929285113839938)
0(0.0, 0.29277193525396183)
0(0.0, 0.2927620306006687)
0(0.0, 0.2926701163596035)
0(0.0, 0.292621972692678)
0(0.0, 0.2923711237979513)
0(0.0, 0.2911969459073808)
0(0.0, 0.2909121000794986)
0(0.0, 0.29090267584195084)
0(0.0, 0.2906654348021326)
0(0.0, 0.29059191569200843)
0(0.0, 0.2902908283631999)
0(0.0, 0.2900475771051729)
0(0.0, 0.28999171450307265)
0(0.0, 0.28971987590820436)
0(0.0, 0.2894808680677535)
0(0.0, 0.2888533980976264)
0(0.0, 0.2888152290066074)
0(0.0, 0.2887462336740595)
0(0.0, 0.28865154071967397)
0(0.0, 0.2886140094648028)
0(0.0, 0.28841015862291003)
0(0.0, 0.2880720001088542)
0(0.0, 0.2878672094065835)
0(0.0, 0.2877198822830733)
0(0.0, 0.287320772213733)
0(0.0, 0.2871326875365846)
0(0.0, 0.28689251994579046)
0(0.0, 0.28594221660564184)
0(0.0, 0.28592243225782227)
0(0.0, 0.28580082733646694)
0(0.0, 0.2857468380557622)
0(0.0, 0.28555758668912423)
0(0.0, 0.28513931178567253)
0(0.0, 0.28493871041721913)
0(0.0, 0.2848917138096426)
0(0.0, 0.28479992411928884)
0(0.0, 0.28479768970737124)
0(0.0, 0.2847037338447779)
0(0.0, 0.284324033751859)
0(0.0, 0.284317944547922)
0(0.0, 0.28416313248027913)
0(0.0, 0.2837495242513222)
0(0.0, 0.2833282008414817)
0(0.0, 0.2828104629327352)
0(0.0, 0.28274125038907866)
0(0.0, 0.2826536695160744)
0(0.0, 0.2826323292980114)
0(0.0, 0.2826081410580963)
0(0.0, 0.28245227454301114)
0(0.0, 0.2824023949848532)
0(0.0, 0.28237226570415164)
0(0.0, 0.2823331970636194)
0(0.0, 0.2820029274551146)
0(0.0, 0.2819478051922527)
0(0.0, 0.2817770626487012)
0(0.0, 0.2816895230338833)
0(0.0, 0.2815873610629488)
0(0.0, 0.2813558964118168)
0(0.0, 0.281233327947147)
0(0.0, 0.2809096828614035)
0(0.0, 0.28088699542056206)
0(0.0, 0.2801498529533176)
0(0.0, 0.27989119373699695)
0(0.0, 0.2798386934502107)
0(0.0, 0.2798057145324726)
0(0.0, 0.2797184464152313)
0(0.0, 0.27953329958613454)
0(0.0, 0.27945023866757823)
0(0.0, 0.2794495101637555)
0(0.0, 0.27919872023103276)
0(0.0, 0.27905892167942353)
0(0.0, 0.27896191144125326)
0(0.0, 0.27892451120854883)
0(0.0, 0.27888751870114664)
0(0.0, 0.27885309192706936)
0(0.0, 0.27874745328067124)
0(0.0, 0.2785878568316919)
0(0.0, 0.27858497338184157)
0(0.0, 0.278563313066235)
0(0.0, 0.27847320681300625)
0(0.0, 0.27843349584698773)
0(0.0, 0.2782324679254754)
0(0.0, 0.27822450151944966)
0(0.0, 0.27819244770001894)
0(0.0, 0.2776553265857937)
0(0.0, 0.2773377698879373)
0(0.0, 0.27702050625587654)
0(0.0, 0.27670682657073165)
0(0.0, 0.27660848669111854)
0(0.0, 0.27599021110374344)
0(0.0, 0.2759436976538855)
0(0.0, 0.2757938825201883)
0(0.0, 0.2757861954430238)
0(0.0, 0.27497515518449533)
0(0.0, 0.2749080042685454)
0(0.0, 0.2745584677844778)
0(0.0, 0.27450185098822893)
0(0.0, 0.2743983676910203)
0(0.0, 0.27427951153142044)
0(0.0, 0.2741265739594469)
0(0.0, 0.27401747984376223)
0(0.0, 0.27363918824993116)
0(0.0, 0.27343902241664586)
0(0.0, 0.27340188397908416)
0(0.0, 0.2733484149019902)
0(0.0, 0.2733220635680751)
0(0.0, 0.2731731758078992)
0(0.0, 0.27298997440101647)
0(0.0, 0.2724926698927855)
0(0.0, 0.2724563783819764)
0(0.0, 0.27192222783877834)
0(0.0, 0.27192161991104563)
0(0.0, 0.27186491903560756)
0(0.0, 0.27015898822669765)
0(0.0, 0.2699106045630368)
0(0.0, 0.2696452663204428)
0(0.0, 0.2694722902245352)
0(0.0, 0.2693652034508894)
0(0.0, 0.2690332427123528)
0(0.0, 0.2686072676827695)
0(0.0, 0.26848430194179057)
0(0.0, 0.2684289121333612)
0(0.0, 0.26825271432987974)
0(0.0, 0.2682014919808228)
0(0.0, 0.26804394463257947)
0(0.0, 0.2679309318532997)
0(0.0, 0.2678822115317878)
0(0.0, 0.2677890136111816)
0(0.0, 0.26761669489197726)
0(0.0, 0.26725698250949853)
0(0.0, 0.26724888982231787)
0(0.0, 0.2669742960627821)
0(0.0, 0.26684187365607237)
0(0.0, 0.26680706812270544)
0(0.0, 0.266721568680182)
0(0.0, 0.2665516775635457)
0(0.0, 0.2665206767011772)
0(0.0, 0.2664348451684802)
0(0.0, 0.2660385657207418)
0(0.0, 0.2659771384013347)
0(0.0, 0.26551426440048853)
0(0.0, 0.26545609271549736)
0(0.0, 0.2650781926637878)
0(0.0, 0.2650572162306542)
0(0.0, 0.26502806881493723)
0(0.0, 0.2646751086662579)
0(0.0, 0.2646596141598368)
0(0.0, 0.2646426765586047)
0(0.0, 0.26440232486727333)
0(0.0, 0.26427053189446875)
0(0.0, 0.2640136501055742)
0(0.0, 0.26380401173117407)
0(0.0, 0.26371200968368824)
0(0.0, 0.2635966230614457)
0(0.0, 0.26356967088756483)
0(0.0, 0.26335877453267476)
0(0.0, 0.2633525873900825)
0(0.0, 0.263351873830907)
0(0.0, 0.2631930335690878)
0(0.0, 0.2630777717849865)
0(0.0, 0.26275909648603146)
0(0.0, 0.26275176458441124)
0(0.0, 0.2626231268367431)
0(0.0, 0.2625537118201576)
0(0.0, 0.26244691924380215)
0(0.0, 0.2622830521318303)
0(0.0, 0.2622378055371412)
0(0.0, 0.2621426465007009)
0(0.0, 0.2619463682167385)
0(0.0, 0.2617374024588387)
0(0.0, 0.26158151444290495)
0(0.0, 0.2614116772484251)
0(0.0, 0.261117799764034)
0(0.0, 0.2606388787901831)
0(0.0, 0.26052234588412665)
0(0.0, 0.2602112772844626)
0(0.0, 0.26018301786315967)
0(0.0, 0.25969747416448785)
0(0.0, 0.2596749288054333)
0(0.0, 0.25961605486148126)
0(0.0, 0.2591147532869828)
0(0.0, 0.259063085517389)
0(0.0, 0.2589542112650413)
0(0.0, 0.25876453841889746)
0(0.0, 0.25873619724249897)
0(0.0, 0.25867354207900495)
0(0.0, 0.25829036319230764)
0(0.0, 0.2582127571276241)
0(0.0, 0.25820363884469427)
0(0.0, 0.2578954242566475)
0(0.0, 0.25767386280997384)
0(0.0, 0.25681978777898307)
0(0.0, 0.2567009563228729)
0(0.0, 0.25668177200030984)
0(0.0, 0.25660078374195017)
0(0.0, 0.2565050061354628)
0(0.0, 0.25644813062773786)
0(0.0, 0.25596448808076194)
0(0.0, 0.25561107408310496)
0(0.0, 0.2554571077686881)
0(0.0, 0.2553408015837362)
0(0.0, 0.2552126586140458)
0(0.0, 0.2550314694555941)
0(0.0, 0.2549708393050716)
0(0.0, 0.2547188997611012)
0(0.0, 0.2537864775826783)
0(0.0, 0.25358921075789914)
0(0.0, 0.25323802519337696)
0(0.0, 0.2531073796117954)
0(0.0, 0.2527706993799076)
0(0.0, 0.25250884921825206)
0(0.0, 0.25207675334281)
0(0.0, 0.25182765093213755)
0(0.0, 0.25181279381410165)
0(0.0, 0.2517651740140728)
0(0.0, 0.25171825123266695)
0(0.0, 0.2516636220712461)
0(0.0, 0.251617670662715)
0(0.0, 0.25113427555574114)
0(0.0, 0.2510669292251352)
0(0.0, 0.2509769953050722)
0(0.0, 0.25080738563828275)
0(0.0, 0.25028128609217953)
0(0.0, 0.2502516930060133)
0(0.0, 0.24982759437177368)
0(0.0, 0.2497990350211771)
0(0.0, 0.24920299981524902)
0(0.0, 0.24902091658255684)
0(0.0, 0.24888438948691463)
0(0.0, 0.24849166891355956)
0(0.0, 0.2479669366594222)
0(0.0, 0.24775125497510136)
0(0.0, 0.24745707452490323)
0(0.0, 0.24721357124621002)
0(0.0, 0.24621442410392136)
0(0.0, 0.24620758223303843)
0(0.0, 0.2459900302825617)
0(0.0, 0.24548764157861133)
0(0.0, 0.24545703376523037)
0(0.0, 0.24542661835327484)
0(0.0, 0.24488713734718554)
0(0.0, 0.24486314096042)
0(0.0, 0.24444785376938027)
0(0.0, 0.244436792425722)
0(0.0, 0.24427114616951315)
0(0.0, 0.24421953604276328)
0(0.0, 0.24388459802393228)
0(0.0, 0.24195550145006736)
0(0.0, 0.24117649772692243)
0(0.0, 0.24046045649359107)
0(0.0, 0.2401626933790381)
0(0.0, 0.23978328969135412)
0(0.0, 0.23960806239918514)
0(0.0, 0.23833676359483363)
0(0.0, 0.23695119162762215)
0(0.0, 0.23636906167041677)
0(0.0, 0.23596081624631618)
0(0.0, 0.2312357777135552)
