1(2.7829381995322926, 2.8166616832750413)
1(3.0700613344193566, 3.09365520642233)
1(2.817621108850363, 2.837963912427052)
1(2.864134044576212, 2.884419964949974)
1(3.2375022374406806, 3.2519796892673387)
1(2.880226475135559, 2.892867071348743)
1(2.7683624994307223, 2.777229551915152)
1(2.825916027132114, 2.8314516671977907)
1(3.079373019361425, 3.0846477661082266)
1(2.8422187358624966, 2.8465391266441924)
1(2.755866670477336, 2.7599735681409165)
1(2.9939555650430902, 2.9954538282458936)
0(0.0, inf)
0(0.0, 23.479820248423575)
0(0.0, 10.252074020881478)
0(0.0, 8.45012241617093)
0(0.0, 7.8898042826851436)
0(0.0, 6.400289766805901)
0(0.0, 5.361066932506875)
0(0.0, 4.775384209302546)
0(0.0, 4.48512985689069)
0(0.0, 4.468554647828602)
0(0.0, 4.369400724349038)
0(0.0, 4.30714610198137)
0(0.0, 4.275023873909856)
0(0.0, 4.211184920073068)
0(0.0, 4.189504520580111)
0(0.0, 4.1212755984491745)
0(0.0, 4.102381310601993)
0(0.0, 4.097457794917107)
0(0.0, 4.023462857672461)
0(0.0, 3.9996069898194473)
0(0.0, 3.982444864808964)
0(0.0, 3.943830969730652)
0(0.0, 3.904478235632224)
0(0.0, 3.8636915226687862)
0(0.0, 3.777839065724159)
0(0.0, 3.7763949115085165)
0(0.0, 3.77219883094424)
0(0.0, 3.764836597989312)
0(0.0, 3.762292132224798)
0(0.0, 3.7571913160864394)
0(0.0, 3.741853154000103)
0(0.0, 3.73111479540581)
0(0.0, 3.728174796309525)
0(0.0, 3.723270455002674)
0(0.0, 3.7132148774435727)
0(0.0, 3.7091917926267706)
0(0.0, 3.703959402016657)
0(0.0, 3.6964958383933975)
0(0.0, 3.672606253282698)
0(0.0, 3.671247149639655)
0(0.0, 3.6711995369054664)
0(0.0, 3.665729738832945)
0(0.0, 3.6654801888276975)
0(0.0, 3.6373783800729176)
0(0.0, 3.63395155193387)
0(0.0, 3.617319375540389)
0(0.0, 3.6172536994441384)
0(0.0, 3.614577992390814)
0(0.0, 3.6059832966473087)
0(0.0, 3.594100861571199)
0(0.0, 3.5924211562125765)
0(0.0, 3.574818836576785)
0(0.0, 3.574044861612836)
0(0.0, 3.571037529096525)
0(0.0, 3.564629598003374)
0(0.0, 3.564383125458265)
0(0.0, 3.5576156239971963)
0(0.0, 3.555201362001881)
0(0.0, 3.5540584919475746)
0(0.0, 3.539316594563034)
0(0.0, 3.5314164869145386)
0(0.0, 3.521985396383021)
0(0.0, 3.519401413410549)
0(0.0, 3.519096390248938)
0(0.0, 3.514699894720501)
0(0.0, 3.510165447807254)
0(0.0, 3.5076478695358313)
0(0.0, 3.507007274198885)
0(0.0, 3.5059814361171213)
0(0.0, 3.504555677302737)
0(0.0, 3.502428533361465)
0(0.0, 3.4935288984307515)
0(0.0, 3.4930359296283946)
0(0.0, 3.4912874414562185)
0(0.0, 3.4848521469129126)
0(0.0, 3.4830890844061004)
0(0.0, 3.482067735959882)
0(0.0, 3.4764621554187634)
0(0.0, 3.4716751629939506)
0(0.0, 3.4700076003657094)
0(0.0, 3.469132068814002)
0(0.0, 3.4657666044317423)
0(0.0, 3.4650084495872226)
0(0.0, 3.4609971952865615)
0(0.0, 3.452615662934451)
0(0.0, 3.4510487176154614)
0(0.0, 3.4493791606708557)
0(0.0, 3.4490001857043575)
0(0.0, 3.4458592899116343)
0(0.0, 3.4415838435204846)
0(0.0, 3.440061383972012)
0(0.0, 3.4396354713045367)
0(0.0, 3.4341563316646506)
0(0.0, 3.4334343438505823)
0(0.0, 3.4321399718561327)
0(0.0, 3.4310305879477188)
0(0.0, 3.4301896494399946)
0(0.0, 3.425294335089688)
0(0.0, 3.425192054805191)
0(0.0, 3.4248849936460752)
0(0.0, 3.4194346081744076)
0(0.0, 3.41871967614287)
0(0.0, 3.4181312428766732)
0(0.0, 3.4161972132571448)
0(0.0, 3.4128969627225048)
0(0.0, 3.408745813672345)
0(0.0, 3.3960357067248483)
0(0.0, 3.3958274919498006)
0(0.0, 3.3934241491171733)
0(0.0, 3.379122369785621)
0(0.0, 3.3768936366681426)
0(0.0, 3.375086439652338)
0(0.0, 3.3749922291367924)
0(0.0, 3.3717238990134106)
0(0.0, 3.3678339832411015)
0(0.0, 3.3677790110701222)
0(0.0, 3.362678445132303)
0(0.0, 3.3619872158358226)
0(0.0, 3.360477260788286)
0(0.0, 3.3598827472333594)
0(0.0, 3.355078129316404)
0(0.0, 3.3546422435746663)
0(0.0, 3.3518265841393786)
0(0.0, 3.3509438582400177)
0(0.0, 3.348331443370373)
0(0.0, 3.347890923431611)
0(0.0, 3.3477200436382444)
0(0.0, 3.3392235949898557)
0(0.0, 3.33827323755651)
0(0.0, 3.3380900434690495)
0(0.0, 3.33694026318115)
0(0.0, 3.3353462975375954)
0(0.0, 3.3334335436122378)
0(0.0, 3.3325981042676145)
0(0.0, 3.3322490683261177)
0(0.0, 3.329805642027992)
0(0.0, 3.3271147751679093)
0(0.0, 3.3264285168535994)
0(0.0, 3.325791736361141)
0(0.0, 3.3239747117546297)
0(0.0, 3.3236870449450384)
0(0.0, 3.3235752640280922)
0(0.0, 3.3201823267718638)
0(0.0, 3.319305168554114)
0(0.0, 3.3178219578046964)
0(0.0, 3.3178171892160204)
0(0.0, 3.3155909121639677)
0(0.0, 3.314948552063294)
0(0.0, 3.3133660803975653)
0(0.0, 3.311078096780197)
0(0.0, 3.3108857915798575)
0(0.0, 3.310451992404781)
0(0.0, 3.3099806375923806)
0(0.0, 3.3067358877398685)
0(0.0, 3.3050389028990406)
0(0.0, 3.298390066714928)
0(0.0, 3.2929150646947103)
0(0.0, 3.291636786530461)
0(0.0, 3.2833234399064057)
0(0.0, 3.283001166407277)
0(0.0, 3.282053692092698)
0(0.0, 3.2816284517863643)
0(0.0, 3.2806440490130893)
0(0.0, 3.2805859649550912)
0(0.0, 3.272116554984715)
0(0.0, 3.270396705844324)
0(0.0, 3.26936671450224)
0(0.0, 3.268104307412191)
0(0.0, 3.2656076941356202)
0(0.0, 3.2645655294476947)
0(0.0, 3.2618818088331767)
0(0.0, 3.2618038884940668)
0(0.0, 3.2605269547066467)
0(0.0, 3.2604013744365825)
0(0.0, 3.258775720528565)
0(0.0, 3.2568101578287996)
0(0.0, 3.254417266356351)
0(0.0, 3.2523133628920573)
0(0.0, 3.2519028261899163)
0(0.0, 3.25180811422321)
0(0.0, 3.2460595901671176)
0(0.0, 3.244453588887107)
0(0.0, 3.2420069678180474)
0(0.0, 3.241504747484598)
0(0.0, 3.2403482484344535)
0(0.0, 3.240301614152222)
0(0.0, 3.238653016678342)
0(0.0, 3.238431154429598)
0(0.0, 3.2376193583562998)
0(0.0, 3.2367811218843703)
0(0.0, 3.236517127995569)
0(0.0, 3.2357803322795347)
0(0.0, 3.234470754843965)
0(0.0, 3.2338591117811224)
0(0.0, 3.2332009628969183)
0(0.0, 3.2325811244238816)
0(0.0, 3.2290746041074483)
0(0.0, 3.2287765609754846)
0(0.0, 3.2257005913829224)
0(0.0, 3.224991832454648)
0(0.0, 3.2248565316288533)
0(0.0, 3.2247736107727873)
0(0.0, 3.222589703952934)
0(0.0, 3.2208746514355746)
0(0.0, 3.2178595015698876)
0(0.0, 3.21768260332271)
0(0.0, 3.216730469228948)
0(0.0, 3.216393360756835)
0(0.0, 3.212336257535841)
0(0.0, 3.2104776446706236)
0(0.0, 3.210040267233531)
0(0.0, 3.2071003434043184)
0(0.0, 3.206299825417691)
0(0.0, 3.2048240291431602)
0(0.0, 3.2033052712429178)
0(0.0, 3.2024612603647835)
0(0.0, 3.2016464601672183)
0(0.0, 3.2009291973925658)
0(0.0, 3.1984072317791736)
0(0.0, 3.1938600392809366)
0(0.0, 3.193003326104913)
0(0.0, 3.1927873345478797)
0(0.0, 3.1869044131562294)
0(0.0, 3.18488336597023)
0(0.0, 3.1842262087720403)
0(0.0, 3.1833513516962224)
0(0.0, 3.1828728915726052)
0(0.0, 3.1796802355891622)
0(0.0, 3.176136905892368)
0(0.0, 3.1754460539382023)
0(0.0, 3.1748270095396496)
0(0.0, 3.172843171765882)
0(0.0, 3.172337806751212)
0(0.0, 3.1720930680024777)
0(0.0, 3.1710324377234116)
0(0.0, 3.169659273884429)
0(0.0, 3.1681831459550898)
0(0.0, 3.1675952879025777)
0(0.0, 3.165790087516166)
0(0.0, 3.164856631911966)
0(0.0, 3.1624826048880976)
0(0.0, 3.162433908871863)
0(0.0, 3.158858604380298)
0(0.0, 3.157557719090833)
0(0.0, 3.153921376896165)
0(0.0, 3.146868004635012)
0(0.0, 3.145252235079043)
0(0.0, 3.144523634053987)
0(0.0, 3.1423607887554166)
0(0.0, 3.133753665644673)
0(0.0, 3.1334228814612466)
0(0.0, 3.132679626915366)
0(0.0, 3.1315334913820596)
0(0.0, 3.131414772084355)
0(0.0, 3.1286343715002047)
0(0.0, 3.1277760215067927)
0(0.0, 3.126089930207215)
0(0.0, 3.1260597699957176)
0(0.0, 3.122655369257061)
0(0.0, 3.1220763714981987)
0(0.0, 3.120358282982693)
0(0.0, 3.1179534080491798)
0(0.0, 3.1169903261700336)
0(0.0, 3.1156290766140255)
0(0.0, 3.1139769712251257)
0(0.0, 3.1121381159124177)
0(0.0, 3.1110893944630305)
0(0.0, 3.103977763945742)
0(0.0, 3.1035918192773932)
0(0.0, 3.1030505261188868)
0(0.0, 3.1020604085892973)
0(0.0, 3.101942416690027)
0(0.0, 3.101766422456249)
0(0.0, 3.1008539402185997)
0(0.0, 3.0977426097884915)
0(0.0, 3.0972603622123294)
0(0.0, 3.096111855911302)
0(0.0, 3.0949649024838615)
0(0.0, 3.093939169507446)
0(0.0, 3.0938784435604294)
0(0.0, 3.092106825930665)
0(0.0, 3.090655099177581)
0(0.0, 3.082267188644669)
0(0.0, 3.0778643621925315)
0(0.0, 3.0773292062589346)
0(0.0, 3.07721825557957)
0(0.0, 3.076016191983499)
0(0.0, 3.0758557894144545)
0(0.0, 3.0757820996629985)
0(0.0, 3.0749150313797293)
0(0.0, 3.073121967071928)
0(0.0, 3.0674089717619957)
0(0.0, 3.067103181171165)
0(0.0, 3.0668219659083302)
0(0.0, 3.0651801308856768)
0(0.0, 3.060691541517433)
0(0.0, 3.060674484309368)
0(0.0, 3.058772381173003)
0(0.0, 3.0556990360937397)
0(0.0, 3.055315072759167)
0(0.0, 3.0542377431437533)
0(0.0, 3.0533199399428934)
0(0.0, 3.051723026504728)
0(0.0, 3.0502645974135807)
0(0.0, 3.0435121649901182)
0(0.0, 3.04135727178457)
0(0.0, 3.040367267230212)
0(0.0, 3.0393441125829286)
0(0.0, 3.0380469743764387)
0(0.0, 3.0341415180281497)
0(0.0, 3.0321530904803415)
0(0.0, 3.0221829999265255)
0(0.0, 3.020314413652348)
0(0.0, 3.0187780170853844)
0(0.0, 3.0156866084651184)
0(0.0, 3.01098223257806)
0(0.0, 3.0061599240893644)
0(0.0, 3.001893048461597)
0(0.0, 2.999144155394225)
0(0.0, 2.998643297140783)
0(0.0, 2.9959254300055633)
0(0.0, 2.9949979895033216)
0(0.0, 2.994272149508113)
0(0.0, 2.991227420511246)
0(0.0, 2.9876407764154567)
0(0.0, 2.9875513819986264)
0(0.0, 2.9848000404146666)
0(0.0, 2.984422662917735)
0(0.0, 2.9814756685116337)
0(0.0, 2.980839383368977)
0(0.0, 2.9795169137343085)
0(0.0, 2.977319885037077)
0(0.0, 2.976820539122003)
0(0.0, 2.972981029766658)
0(0.0, 2.971525544335768)
0(0.0, 2.9647491141500515)
0(0.0, 2.9643043657648325)
0(0.0, 2.964085945038513)
0(0.0, 2.96339165190417)
0(0.0, 2.9615229843612068)
0(0.0, 2.9552029238219517)
0(0.0, 2.9550833564255097)
0(0.0, 2.9543783993182564)
0(0.0, 2.9540328401854397)
0(0.0, 2.951401625475394)
0(0.0, 2.949389542804453)
0(0.0, 2.9476135600620657)
0(0.0, 2.9445645174451056)
0(0.0, 2.943511496284035)
0(0.0, 2.942326654948022)
0(0.0, 2.9419081147438333)
0(0.0, 2.9414096524176516)
0(0.0, 2.941171864733353)
0(0.0, 2.938513374226194)
0(0.0, 2.9374360945727855)
0(0.0, 2.9373777663454903)
0(0.0, 2.9329271613882026)
0(0.0, 2.92967189075271)
0(0.0, 2.917131944668336)
0(0.0, 2.9100930519030723)
0(0.0, 2.908797540924885)
0(0.0, 2.9044864573135545)
0(0.0, 2.9034115446273017)
0(0.0, 2.8999785434786505)
0(0.0, 2.8989695934395225)
0(0.0, 2.898330852936032)
0(0.0, 2.8960340445498596)
0(0.0, 2.895347786525538)
0(0.0, 2.894676059873316)
0(0.0, 2.8870589008280567)
0(0.0, 2.8865074126863375)
0(0.0, 2.8834493569810897)
0(0.0, 2.8834321614504113)
0(0.0, 2.881875276966452)
0(0.0, 2.874352420647532)
0(0.0, 2.8698957126774807)
0(0.0, 2.8694011537101978)
0(0.0, 2.868388833460399)
0(0.0, 2.863144943178382)
0(0.0, 2.862385288332833)
0(0.0, 2.859849567943986)
0(0.0, 2.85692275011012)
0(0.0, 2.856708593282646)
0(0.0, 2.852485324207908)
0(0.0, 2.8518587400660866)
0(0.0, 2.8477363445095607)
0(0.0, 2.8474372347568933)
0(0.0, 2.8460941662294377)
0(0.0, 2.8433412789037953)
0(0.0, 2.8399781827179367)
0(0.0, 2.8384561501166705)
0(0.0, 2.8383798591278717)
0(0.0, 2.8369867776774935)
0(0.0, 2.8360810172576976)
0(0.0, 2.832631684250349)
0(0.0, 2.8264186747419835)
0(0.0, 2.8263766430099917)
0(0.0, 2.8261326424852746)
0(0.0, 2.822369458941105)
0(0.0, 2.8206300771067214)
0(0.0, 2.820274956743667)
0(0.0, 2.8201217323741643)
0(0.0, 2.8145242505859778)
0(0.0, 2.814332125737575)
0(0.0, 2.810043583970168)
0(0.0, 2.8062625702275734)
0(0.0, 2.8035725942574747)
0(0.0, 2.7996111959396326)
0(0.0, 2.793378383747455)
0(0.0, 2.7889285334748153)
0(0.0, 2.788215123970813)
0(0.0, 2.7841303447374406)
0(0.0, 2.7775478831184177)
0(0.0, 2.7724983156798317)
0(0.0, 2.7719220318533226)
0(0.0, 2.764120415533007)
0(0.0, 2.7587125717272953)
0(0.0, 2.7582757685216794)
0(0.0, 2.755469485541071)
0(0.0, 2.7547580985087534)
0(0.0, 2.745154689993022)
0(0.0, 2.743715537641174)
0(0.0, 2.74063949678938)
0(0.0, 2.738262038949779)
0(0.0, 2.7366980421770255)
0(0.0, 2.733968893832004)
0(0.0, 2.732872553864484)
0(0.0, 2.7157627165659526)
0(0.0, 2.6995420729887787)
0(0.0, 2.6936296837532594)
0(0.0, 2.690444690261306)
0(0.0, 2.69040168796561)
