1(9.805627746913792, 9.953026259565023)
1(10.34335063945102, 10.485029399135094)
1(10.560193835642265, 10.691589721688972)
1(9.208839710687432, 9.328159074338064)
1(10.35840038625552, 10.456802626836158)
1(9.268008433618498, 9.365774736577865)
1(10.39896545682706, 10.489651044580919)
1(10.038386103413439, 10.128707763952727)
1(9.923900454189587, 10.013309709509317)
1(9.26481744635785, 9.352794957876148)
1(9.987121763496361, 10.070812068396172)
1(10.703244872975398, 10.769678015637838)
1(9.598336877308737, 9.657747127672506)
1(10.267974183500474, 10.323507544193573)
1(12.418265837145617, 12.47252669615115)
1(10.224378178582018, 10.272903637456393)
1(10.435190142120213, 10.481416238723648)
1(9.566702770216592, 9.609783607930828)
1(9.7264390519212, 9.760942055461149)
1(10.479316820470057, 10.513396441567128)
1(9.944458091332361, 9.974985999588558)
1(9.224599633351172, 9.253413728411553)
1(12.0133160734339, 12.039655714038743)
1(9.277783460580373, 9.302552208086093)
1(9.976090541119405, 9.998684648364423)
1(10.839456168253292, 10.86004310774721)
1(9.857520489424385, 9.876764609785386)
1(9.200543733773788, 9.219237804311096)
1(10.37040684991289, 10.386649326709657)
1(12.103277171958556, 12.118708757657439)
1(10.509017402470194, 10.522560578424068)
1(10.141089335359373, 10.154235710441517)
1(12.839141510220896, 12.851750620597722)
1(9.891531809887276, 9.902380812798114)
1(9.57859004116899, 9.588173137845077)
1(9.295833782093661, 9.302552208086093)
1(9.29604073561521, 9.302552208086093)
1(10.197314915966462, 10.199884268544672)
1(12.470374037013908, 12.47252669615115)
1(10.0871368487039, 10.088084188620618)
1(9.540859647373713, 9.541285871483668)
0(0.0, inf)
0(0.0, 532.0667903448336)
0(0.0, 186.84870803242836)
0(0.0, 67.20836411736038)
0(0.0, 42.52337617736822)
0(0.0, 40.1659541422876)
0(0.0, 38.550335633632805)
0(0.0, 37.843355789810545)
0(0.0, 32.82788395373561)
0(0.0, 32.753352607864365)
0(0.0, 27.60029700166793)
0(0.0, 26.669758638239106)
0(0.0, 26.247611682425124)
0(0.0, 25.63444793136096)
0(0.0, 24.707685556112295)
0(0.0, 23.79210064214547)
0(0.0, 22.15161445877642)
0(0.0, 17.831113227031004)
0(0.0, 17.502346238321916)
0(0.0, 16.881517285156328)
0(0.0, 16.780464245832032)
0(0.0, 16.734312731351874)
0(0.0, 16.015645706332258)
0(0.0, 15.714959094573892)
0(0.0, 15.353603190906194)
0(0.0, 15.123866302655188)
0(0.0, 14.74714030677075)
0(0.0, 14.67528386471237)
0(0.0, 14.516384163669407)
0(0.0, 14.164391310303449)
0(0.0, 13.870586662771316)
0(0.0, 13.860147285387153)
0(0.0, 13.582087949922592)
0(0.0, 13.545347632551566)
0(0.0, 13.45768761003077)
0(0.0, 13.152199715463246)
0(0.0, 12.771083691092329)
0(0.0, 12.691536168542667)
0(0.0, 12.66711274250189)
0(0.0, 12.667073187048935)
0(0.0, 12.65175818911393)
0(0.0, 12.625248609831864)
0(0.0, 12.553539416250873)
0(0.0, 12.529709020736394)
0(0.0, 12.518360890540526)
0(0.0, 12.477835458307794)
0(0.0, 12.468529424733017)
0(0.0, 12.41435339335063)
0(0.0, 12.379537090200726)
0(0.0, 12.370303678708535)
0(0.0, 12.323967675219585)
0(0.0, 12.302745424266556)
0(0.0, 12.264017093893209)
0(0.0, 12.18815157672243)
0(0.0, 12.167732897507197)
0(0.0, 12.14913799768171)
0(0.0, 12.148545588692375)
0(0.0, 12.145519695718516)
0(0.0, 12.088150007917244)
0(0.0, 12.066763436654453)
0(0.0, 12.034744117150439)
0(0.0, 12.011117831926972)
0(0.0, 12.00934946231223)
0(0.0, 11.99844286806349)
0(0.0, 11.934812024964096)
0(0.0, 11.915068341897602)
0(0.0, 11.893659475574083)
0(0.0, 11.768073707082104)
0(0.0, 11.710618910232876)
0(0.0, 11.707870407683368)
0(0.0, 11.677373539053196)
0(0.0, 11.666224296466677)
0(0.0, 11.639030668416282)
0(0.0, 11.620948943099219)
0(0.0, 11.611161020998638)
0(0.0, 11.560851153948313)
0(0.0, 11.515455606536948)
0(0.0, 11.504085684046562)
0(0.0, 11.500238347755515)
0(0.0, 11.461816014237248)
0(0.0, 11.444755700587164)
0(0.0, 11.378534527504039)
0(0.0, 11.370823320644272)
0(0.0, 11.365912889532238)
0(0.0, 11.364623100139811)
0(0.0, 11.350649414607972)
0(0.0, 11.33520807407267)
0(0.0, 11.322491123368538)
0(0.0, 11.315418762764079)
0(0.0, 11.277101349085731)
0(0.0, 11.260201486035042)
0(0.0, 11.246054992983183)
0(0.0, 11.234980128196558)
0(0.0, 11.206026271287554)
0(0.0, 11.203360619592864)
0(0.0, 11.159746051902392)
0(0.0, 11.130782360371471)
0(0.0, 11.072220903906008)
0(0.0, 11.070761743701576)
0(0.0, 11.057848567712544)
0(0.0, 11.045943652471372)
0(0.0, 11.043521666933868)
0(0.0, 11.027069768367062)
0(0.0, 11.01551668796425)
0(0.0, 11.004623147153847)
0(0.0, 10.9941285055589)
0(0.0, 10.984414141499432)
0(0.0, 10.981487767938743)
0(0.0, 10.920527025460718)
0(0.0, 10.878675348353068)
0(0.0, 10.8736775760535)
0(0.0, 10.868739404132299)
0(0.0, 10.846896768044969)
0(0.0, 10.84528033575622)
0(0.0, 10.765153272525357)
0(0.0, 10.763257406195855)
0(0.0, 10.748897200901238)
0(0.0, 10.740980933339166)
0(0.0, 10.734242169057424)
0(0.0, 10.722771444012185)
0(0.0, 10.720150206456426)
0(0.0, 10.715613794565305)
0(0.0, 10.715019734335108)
0(0.0, 10.706307427686838)
0(0.0, 10.700824321884593)
0(0.0, 10.685460019893384)
0(0.0, 10.683596461785394)
0(0.0, 10.677379927886376)
0(0.0, 10.67486360288405)
0(0.0, 10.66795179708727)
0(0.0, 10.66651979849835)
0(0.0, 10.645074204518709)
0(0.0, 10.642503479859615)
0(0.0, 10.641713679812018)
0(0.0, 10.62451345564806)
0(0.0, 10.610239526752844)
0(0.0, 10.594286022900084)
0(0.0, 10.588380243760948)
0(0.0, 10.588046579149557)
0(0.0, 10.58345078779941)
0(0.0, 10.579200291529112)
0(0.0, 10.577858544258241)
0(0.0, 10.568394780471614)
0(0.0, 10.56837140195987)
0(0.0, 10.559051641687159)
0(0.0, 10.55457728745827)
0(0.0, 10.543480123265956)
0(0.0, 10.53720341136095)
0(0.0, 10.53229868188926)
0(0.0, 10.49278033823843)
0(0.0, 10.492522757981076)
0(0.0, 10.482697726172939)
0(0.0, 10.465728494191023)
0(0.0, 10.464246332099751)
0(0.0, 10.461934332239897)
0(0.0, 10.44983551064822)
0(0.0, 10.434376525289162)
0(0.0, 10.426511387682384)
0(0.0, 10.423014156195652)
0(0.0, 10.419527736479054)
0(0.0, 10.41141339450975)
0(0.0, 10.409643659243203)
0(0.0, 10.404074474309033)
0(0.0, 10.399334680624742)
0(0.0, 10.396976985592076)
0(0.0, 10.395213291326291)
0(0.0, 10.394021416961113)
0(0.0, 10.392679605130299)
0(0.0, 10.392109089201286)
0(0.0, 10.388940764822898)
0(0.0, 10.384708469414939)
0(0.0, 10.371506355284469)
0(0.0, 10.367920647412596)
0(0.0, 10.348363510628069)
0(0.0, 10.347834367895565)
0(0.0, 10.342550646218337)
0(0.0, 10.33361462433776)
0(0.0, 10.332286015792446)
0(0.0, 10.325369993172263)
0(0.0, 10.324766168010454)
0(0.0, 10.320522759737562)
0(0.0, 10.308203647786057)
0(0.0, 10.30778013481451)
0(0.0, 10.307409539266475)
0(0.0, 10.300840756899156)
0(0.0, 10.297742627320154)
0(0.0, 10.293714820043043)
0(0.0, 10.27616244825651)
0(0.0, 10.274758145121247)
0(0.0, 10.274180312099244)
0(0.0, 10.269362513691993)
0(0.0, 10.264061930705997)
0(0.0, 10.255351401582015)
0(0.0, 10.253005420330886)
0(0.0, 10.250853629122005)
0(0.0, 10.243797977254093)
0(0.0, 10.239978356087951)
0(0.0, 10.235582993949125)
0(0.0, 10.228190817079572)
0(0.0, 10.224036872251023)
0(0.0, 10.220583916745474)
0(0.0, 10.220285414210137)
0(0.0, 10.218027487598215)
0(0.0, 10.210952333436591)
0(0.0, 10.208775860992736)
0(0.0, 10.203767174671995)
0(0.0, 10.200101265863914)
0(0.0, 10.199638652786096)
0(0.0, 10.198801753904576)
0(0.0, 10.197104060877056)
0(0.0, 10.19402680846257)
0(0.0, 10.19066428446556)
0(0.0, 10.190009761362505)
0(0.0, 10.186604956138796)
0(0.0, 10.185170148783708)
0(0.0, 10.183158437181508)
0(0.0, 10.178270499084702)
0(0.0, 10.163907377476502)
0(0.0, 10.151184423525091)
0(0.0, 10.150028062590131)
0(0.0, 10.148156223312924)
0(0.0, 10.129318685295361)
0(0.0, 10.125162125001266)
0(0.0, 10.12071915615736)
0(0.0, 10.11748458994847)
0(0.0, 10.11051322684939)
0(0.0, 10.093502297231966)
0(0.0, 10.086918572131884)
0(0.0, 10.078847784799505)
0(0.0, 10.074327005801596)
0(0.0, 10.073066796738477)
0(0.0, 10.07077964698506)
0(0.0, 10.067500962837874)
0(0.0, 10.063760877364155)
0(0.0, 10.05507754800421)
0(0.0, 10.055027466877416)
0(0.0, 10.051872801148729)
0(0.0, 10.049327719582237)
0(0.0, 10.048610914285979)
0(0.0, 10.039266450957896)
0(0.0, 10.02663091703194)
0(0.0, 10.025612355270123)
0(0.0, 10.024998298391454)
0(0.0, 10.017913521321644)
0(0.0, 10.013555893523831)
0(0.0, 10.0014014824342)
0(0.0, 9.997001891237373)
0(0.0, 9.995227716685905)
0(0.0, 9.984487524651087)
0(0.0, 9.984260553300302)
0(0.0, 9.981945195102112)
0(0.0, 9.972526775729477)
0(0.0, 9.964488061400413)
0(0.0, 9.964008047290065)
0(0.0, 9.959911030853087)
0(0.0, 9.955360303230176)
0(0.0, 9.949647919470191)
0(0.0, 9.945626215021708)
0(0.0, 9.944148573498314)
0(0.0, 9.941623681309485)
0(0.0, 9.938771848303753)
0(0.0, 9.928902406132208)
0(0.0, 9.928213696560855)
0(0.0, 9.926112632524228)
0(0.0, 9.919519792704948)
0(0.0, 9.918934033352743)
0(0.0, 9.912974717528886)
0(0.0, 9.910528473553835)
0(0.0, 9.907949338343977)
0(0.0, 9.895954497849418)
0(0.0, 9.893601338407318)
0(0.0, 9.886348777540686)
0(0.0, 9.884969287880647)
0(0.0, 9.884086129070822)
0(0.0, 9.880598765426882)
0(0.0, 9.87976366659601)
0(0.0, 9.87934129626059)
0(0.0, 9.878643474620194)
0(0.0, 9.877199420719949)
0(0.0, 9.866916921042712)
0(0.0, 9.86627145804074)
0(0.0, 9.86104384264215)
0(0.0, 9.855493711438335)
0(0.0, 9.852326982559248)
0(0.0, 9.841350553128885)
0(0.0, 9.829390702956964)
0(0.0, 9.824502970871642)
0(0.0, 9.824066011645677)
0(0.0, 9.816772906724704)
0(0.0, 9.812835063922646)
0(0.0, 9.811096422354968)
0(0.0, 9.800034819801557)
0(0.0, 9.79581033100645)
0(0.0, 9.795327419518303)
0(0.0, 9.79440595791312)
0(0.0, 9.790007562534818)
0(0.0, 9.78500419950948)
0(0.0, 9.783111309008431)
0(0.0, 9.781026192777345)
0(0.0, 9.772507220382904)
0(0.0, 9.77040678288601)
0(0.0, 9.76030611220213)
0(0.0, 9.760115064520416)
0(0.0, 9.756068555900892)
0(0.0, 9.754677202668724)
0(0.0, 9.754080314444225)
0(0.0, 9.75357583503781)
0(0.0, 9.750721481787538)
0(0.0, 9.749313764346134)
0(0.0, 9.748748852458133)
0(0.0, 9.728053462171136)
0(0.0, 9.721209868114466)
0(0.0, 9.7185836716871)
0(0.0, 9.714727425366293)
0(0.0, 9.710926036763842)
0(0.0, 9.71005416156632)
0(0.0, 9.70695218150795)
0(0.0, 9.699566807935057)
0(0.0, 9.69776994988064)
0(0.0, 9.697306062500669)
0(0.0, 9.694987953416199)
0(0.0, 9.6923094110197)
0(0.0, 9.6906613190227)
0(0.0, 9.684691515351659)
0(0.0, 9.683760101318331)
0(0.0, 9.683480592322988)
0(0.0, 9.681742826580495)
0(0.0, 9.680132571318602)
0(0.0, 9.655291788533939)
0(0.0, 9.650099221355225)
0(0.0, 9.647718178003139)
0(0.0, 9.64652945886823)
0(0.0, 9.634213263727576)
0(0.0, 9.632903334653914)
0(0.0, 9.625115586850994)
0(0.0, 9.623594949563985)
0(0.0, 9.614447272502726)
0(0.0, 9.610467512006748)
0(0.0, 9.606203088120392)
0(0.0, 9.596482175067939)
0(0.0, 9.585178520306663)
0(0.0, 9.578412791692623)
0(0.0, 9.57569993380206)
0(0.0, 9.575224307582221)
0(0.0, 9.573311725955667)
0(0.0, 9.572076243156097)
0(0.0, 9.571491588464307)
0(0.0, 9.56891231245857)
0(0.0, 9.567049764167713)
0(0.0, 9.565265737335897)
0(0.0, 9.56416155056864)
0(0.0, 9.55636674111202)
0(0.0, 9.55141491800271)
0(0.0, 9.547798771620744)
0(0.0, 9.545527142817184)
0(0.0, 9.545089753073334)
0(0.0, 9.537420774387611)
0(0.0, 9.531117949486228)
0(0.0, 9.528974184682083)
0(0.0, 9.52851428783145)
0(0.0, 9.52420475855647)
0(0.0, 9.517892723087915)
0(0.0, 9.514853441903155)
0(0.0, 9.513528031378987)
0(0.0, 9.505749324753696)
0(0.0, 9.500622090681103)
0(0.0, 9.484911227135848)
0(0.0, 9.476195436488652)
0(0.0, 9.47545952635955)
0(0.0, 9.471920266245599)
0(0.0, 9.46554312003209)
0(0.0, 9.464522664388324)
0(0.0, 9.463952927923597)
0(0.0, 9.459655103411926)
0(0.0, 9.459605587934245)
0(0.0, 9.442227365176207)
0(0.0, 9.436150133220972)
0(0.0, 9.432676111254532)
0(0.0, 9.427826262578543)
0(0.0, 9.420328799472077)
0(0.0, 9.4196290823131)
0(0.0, 9.413914810571839)
0(0.0, 9.411389823300441)
0(0.0, 9.404890003070106)
0(0.0, 9.40381160027717)
0(0.0, 9.390851063912807)
0(0.0, 9.373699609739885)
0(0.0, 9.366309879787483)
0(0.0, 9.366158370198383)
0(0.0, 9.360738404141353)
0(0.0, 9.345906301200701)
0(0.0, 9.343267321207076)
0(0.0, 9.342470090348677)
0(0.0, 9.332499254737986)
0(0.0, 9.322342172861944)
0(0.0, 9.320673376064624)
0(0.0, 9.297981371813254)
0(0.0, 9.267979858516643)
0(0.0, 9.267496368491223)
0(0.0, 9.259692571890042)
0(0.0, 9.259083733466383)
0(0.0, 9.254645798291959)
0(0.0, 9.22849599977095)
0(0.0, 9.222174949555155)
0(0.0, 9.207979589342909)
0(0.0, 9.206688905961228)
0(0.0, 9.199523088752768)
0(0.0, 9.190164516310176)
0(0.0, 9.183895542898078)
0(0.0, 9.179496829395532)
0(0.0, 9.175335286290561)
0(0.0, 9.172374757640581)
0(0.0, 9.163682655453531)
0(0.0, 9.157614561798852)
0(0.0, 9.138483576508438)
0(0.0, 9.111052941860283)
0(0.0, 9.083727464977153)
0(0.0, 9.081620245762393)
0(0.0, 9.07964332436893)
0(0.0, 9.057508456838365)
0(0.0, 9.055929507044318)
0(0.0, 9.034812280521823)
0(0.0, 9.03423882450323)
0(0.0, 8.995340231412131)
0(0.0, 8.993771547660517)
0(0.0, 8.966620927893475)
0(0.0, 8.958380199803154)
0(0.0, 8.956793749486463)
0(0.0, 8.918104403000433)
0(0.0, 8.910326090208297)
0(0.0, 8.740871631758539)
0(0.0, 8.735471929239436)
