1(1.7958143873090169, 1.862251307703506)
1(1.847535091395623, 1.898263973920807)
1(1.8324571378798227, 1.8789642321848623)
1(1.9041676912008287, 1.94776512312804)
1(1.875328171914823, 1.9154353552407712)
1(1.8123429213579674, 1.8498645960553255)
1(1.8343911897667384, 1.8717280363419306)
1(1.961249133466877, 1.9981823352290708)
1(1.9041141919204996, 1.9390429485093432)
1(1.9136530842043837, 1.9480622945701536)
1(1.9033834560052745, 1.9377241443545032)
1(1.8268619769370336, 1.8593863976848066)
1(1.8176826743457597, 1.8498645960553255)
1(1.826698998597724, 1.8585374930856953)
1(1.8266507767178073, 1.8580927372851759)
1(1.8560301061140072, 1.8865059913261921)
1(1.9917794596594327, 2.0198422286240856)
1(1.8446613884269945, 1.8718106234403755)
1(1.9807619432207968, 2.006969458491686)
1(1.9552422549047186, 1.9812471704385664)
1(1.879685068824375, 1.9053868143650312)
1(1.9933691589377387, 2.018402964525808)
1(1.9491498485958154, 1.9737267875765034)
1(2.125652140434205, 2.149804538947529)
1(2.0138055080418216, 2.037447833192331)
1(1.8370991634247131, 1.8604585082880094)
1(1.929039649606938, 1.9522745334361928)
1(1.83354288028426, 1.8567015483357738)
1(2.0140340866737882, 2.0368393364546273)
1(1.946798258846558, 1.9694931649314853)
1(2.000299820673344, 2.0209471667519314)
1(1.8502095959945608, 1.8696958634274374)
1(1.8608158528828191, 1.8802104325625306)
1(1.9026622877010182, 1.9211087896915617)
1(1.828548607387447, 1.846809787059159)
1(1.8762626493759356, 1.8944661406593284)
1(1.8525579592480295, 1.870251423276418)
1(1.8699344209861473, 1.8873139125322247)
1(2.055769786377522, 2.072557110950849)
1(1.8415240347715143, 1.8579748176056796)
1(1.878632077939865, 1.8945332660420813)
1(1.8587061898124955, 1.874573172251108)
1(1.882336928471562, 1.8980884931986626)
1(1.9471591786868352, 1.9623682525710178)
1(1.910522800775842, 1.9254460577021137)
1(2.126033183840214, 2.139834773729039)
1(1.8711729534625987, 1.8845971142396478)
1(1.9065951146911024, 1.9196019360351873)
1(2.0016170100812536, 2.0145677655992404)
1(1.9112050953599378, 1.9240620407924691)
1(1.9156334190367528, 1.9284121675728325)
1(1.894439376687454, 1.906459176929303)
1(1.9052253686741427, 1.9169362307649527)
1(1.873371666173582, 1.884879157416453)
1(1.82263609533062, 1.8340030399741523)
1(1.943528921263828, 1.9546471398912642)
1(1.85083599366061, 1.8618570921307152)
1(1.933357887784924, 1.9439961622199415)
1(1.9262520435320718, 1.9365434619339283)
1(1.9348530061680904, 1.9450535209408253)
1(1.926426967828656, 1.9365826395389647)
1(1.889106980840998, 1.8991599422612935)
1(1.908585532162094, 1.9181188493573287)
1(1.8569527498466059, 1.8664205614831773)
1(1.8457076734398734, 1.8545338678168553)
1(1.9954271467150941, 2.003875615910864)
1(1.8781711713526015, 1.8862425824262938)
1(2.315114008157846, 2.3230261714501474)
1(2.0223330137128146, 2.0301170782992233)
1(1.875071882727387, 1.8822628836628321)
1(1.868109119296143, 1.8747873306776413)
1(2.005577034111464, 2.011932892826284)
1(1.917877424446233, 1.923990445552994)
1(1.835587881496067, 1.841364987401583)
1(2.098116999710965, 2.1037218408533773)
1(2.0348693801774766, 2.0401074584864887)
1(1.8730285502934232, 1.8781384103654557)
1(1.8410118684951773, 1.8460773907830568)
1(2.0303053521787646, 2.0351118771067096)
1(1.8431499301453182, 1.8477333041025823)
1(1.9804708080294728, 1.9847694735101804)
1(2.0601159084041902, 2.0642387048309567)
1(2.0164030368572816, 2.020285717430653)
1(1.939696708372437, 1.9435516108129403)
1(1.936648270849733, 1.940067067583052)
1(1.8600570756443324, 1.8634370467590409)
1(1.920167466305861, 1.9235214724695768)
1(1.8834180601813437, 1.8865059913261921)
1(1.9123345791374577, 1.9152939517722538)
1(1.8688099733561137, 1.870846584669582)
1(1.8783097490382283, 1.8800607490130865)
1(1.9720295885226922, 1.9737045153343464)
1(1.959331672358298, 1.9607362478110182)
1(1.9793095552574669, 1.980561919319306)
1(1.9813158487985814, 1.982288376650498)
1(1.9556981528200315, 1.956546887554564)
1(1.925058378054418, 1.9254460577021137)
1(1.9654156330804173, 1.9657094475828207)
1(1.8846561899591658, 1.884879157416453)
1(1.9023192738003618, 1.9024685804597612)
1(1.896142687677239, 1.8962570590395715)
0(0.0, inf)
0(0.0, 24.829343868066026)
0(0.0, 13.8744931049396)
0(0.0, 12.535333877853677)
0(0.0, 10.532124222775591)
0(0.0, 6.291086479924216)
0(0.0, 5.070584930808606)
0(0.0, 4.391986857246273)
0(0.0, 4.346772302453795)
0(0.0, 3.913140598581578)
0(0.0, 3.0656260281097314)
0(0.0, 3.0310031596322884)
0(0.0, 2.984537101027764)
0(0.0, 2.965017298805772)
0(0.0, 2.866633815666335)
0(0.0, 2.7683572052804744)
0(0.0, 2.759852613076025)
0(0.0, 2.7516872761326514)
0(0.0, 2.721756209044583)
0(0.0, 2.6798145010733005)
0(0.0, 2.652166709931699)
0(0.0, 2.6508070421654684)
0(0.0, 2.6126110892187286)
0(0.0, 2.601904560022601)
0(0.0, 2.593221890552449)
0(0.0, 2.5831226819312216)
0(0.0, 2.5745388227967854)
0(0.0, 2.556031398265122)
0(0.0, 2.535760565942646)
0(0.0, 2.505506806396501)
0(0.0, 2.4835121669393665)
0(0.0, 2.4614641918857254)
0(0.0, 2.453973028099471)
0(0.0, 2.4346996229003364)
0(0.0, 2.4314176203562177)
0(0.0, 2.430332396810902)
0(0.0, 2.4121819090376944)
0(0.0, 2.4078007888448334)
0(0.0, 2.399156378671928)
0(0.0, 2.3988935727675695)
0(0.0, 2.3966419230120914)
0(0.0, 2.3940183602385052)
0(0.0, 2.390158546132284)
0(0.0, 2.371072774854419)
0(0.0, 2.370246412694795)
0(0.0, 2.366067096910665)
0(0.0, 2.3631948994964826)
0(0.0, 2.361648087474882)
0(0.0, 2.361321900848834)
0(0.0, 2.3589289637163895)
0(0.0, 2.355091533581588)
0(0.0, 2.351883818908061)
0(0.0, 2.35157803872448)
0(0.0, 2.34962076806947)
0(0.0, 2.3485575275909483)
0(0.0, 2.345058528688639)
0(0.0, 2.342061791085253)
0(0.0, 2.337334028801142)
0(0.0, 2.334586274940219)
0(0.0, 2.3270316576674834)
0(0.0, 2.325588229765264)
0(0.0, 2.323436596992348)
0(0.0, 2.323291975042427)
0(0.0, 2.320344929273781)
0(0.0, 2.3201012662971876)
0(0.0, 2.3171419269001476)
0(0.0, 2.305527595245106)
0(0.0, 2.3008001751471365)
0(0.0, 2.2983795253111277)
0(0.0, 2.2981651855365386)
0(0.0, 2.2975422454543515)
0(0.0, 2.2865386883913277)
0(0.0, 2.2858182715084565)
0(0.0, 2.280245699548177)
0(0.0, 2.2780515568804454)
0(0.0, 2.2778320716739486)
0(0.0, 2.27768420537568)
0(0.0, 2.273101024441307)
0(0.0, 2.265921669292562)
0(0.0, 2.264236983226211)
0(0.0, 2.26391796726545)
0(0.0, 2.2614483565157557)
0(0.0, 2.258438121671949)
0(0.0, 2.255439246658703)
0(0.0, 2.245577719489618)
0(0.0, 2.2434486950195884)
0(0.0, 2.242065778061012)
0(0.0, 2.2415771426090463)
0(0.0, 2.2387785038807095)
0(0.0, 2.2296240975022164)
0(0.0, 2.2273292629432735)
0(0.0, 2.2245909250987395)
0(0.0, 2.223982852075793)
0(0.0, 2.2230385087552627)
0(0.0, 2.2207511656759533)
0(0.0, 2.21941025575444)
0(0.0, 2.217469063006777)
0(0.0, 2.2145953629728923)
0(0.0, 2.214273142742518)
0(0.0, 2.2118581883151247)
0(0.0, 2.2058435857615133)
0(0.0, 2.2045434516274245)
0(0.0, 2.204518355877584)
0(0.0, 2.2003630556132667)
0(0.0, 2.1990434297041337)
0(0.0, 2.1978811329483725)
0(0.0, 2.196599384521786)
0(0.0, 2.195024976142966)
0(0.0, 2.1901115197315857)
0(0.0, 2.1884336278294465)
0(0.0, 2.1878181507579595)
0(0.0, 2.1878116064330824)
0(0.0, 2.1823449571968054)
0(0.0, 2.1795263729220467)
0(0.0, 2.178430334273968)
0(0.0, 2.175237402339877)
0(0.0, 2.174245611901399)
0(0.0, 2.17260889194357)
0(0.0, 2.171911964846529)
0(0.0, 2.1709079107789386)
0(0.0, 2.1708111985911813)
0(0.0, 2.1696620770978217)
0(0.0, 2.1689372998429257)
0(0.0, 2.167015392376952)
0(0.0, 2.1643452658330946)
0(0.0, 2.1624700631473712)
0(0.0, 2.155634962575119)
0(0.0, 2.1552487452639664)
0(0.0, 2.1526291161013162)
0(0.0, 2.1522062266140116)
0(0.0, 2.1482162958504576)
0(0.0, 2.1448185168060045)
0(0.0, 2.14431932771384)
0(0.0, 2.1398944563730975)
0(0.0, 2.1398858213423915)
0(0.0, 2.138592648110974)
0(0.0, 2.1382135671206717)
0(0.0, 2.137644327635801)
0(0.0, 2.1371861952719753)
0(0.0, 2.136750099242921)
0(0.0, 2.133852131882135)
0(0.0, 2.1326506450829132)
0(0.0, 2.1307888739979717)
0(0.0, 2.1303029794061015)
0(0.0, 2.1290300736878143)
0(0.0, 2.126002841931815)
0(0.0, 2.124714396569726)
0(0.0, 2.123724534085756)
0(0.0, 2.1237065089865528)
0(0.0, 2.120986885219146)
0(0.0, 2.119300608841303)
0(0.0, 2.1191479766920462)
0(0.0, 2.1191109948215967)
0(0.0, 2.1175288503000798)
0(0.0, 2.117275869214623)
0(0.0, 2.1171945764689712)
0(0.0, 2.1169133436101464)
0(0.0, 2.114609576740006)
0(0.0, 2.1137238272468943)
0(0.0, 2.112695119274664)
0(0.0, 2.1125107268049406)
0(0.0, 2.1124971173969884)
0(0.0, 2.108131069529426)
0(0.0, 2.1068953286168632)
0(0.0, 2.1065204707548775)
0(0.0, 2.1063442721163783)
0(0.0, 2.1044510379045174)
0(0.0, 2.1014568950243664)
0(0.0, 2.101138905454566)
0(0.0, 2.100886132480849)
0(0.0, 2.1003617647137567)
0(0.0, 2.099624144142506)
0(0.0, 2.0940988796182225)
0(0.0, 2.0938497740104913)
0(0.0, 2.0936241779121105)
0(0.0, 2.093152930673124)
0(0.0, 2.092766490993344)
0(0.0, 2.0923507665296475)
0(0.0, 2.091011547909524)
0(0.0, 2.089124540208873)
0(0.0, 2.0885443006391977)
0(0.0, 2.0878302860402638)
0(0.0, 2.08752187364534)
0(0.0, 2.085567070226408)
0(0.0, 2.084298891701389)
0(0.0, 2.084129890267805)
0(0.0, 2.08230669628068)
0(0.0, 2.0781781414015135)
0(0.0, 2.0776079668656)
0(0.0, 2.0774957559608285)
0(0.0, 2.0767430086445056)
0(0.0, 2.0755362325119435)
0(0.0, 2.072813691159102)
0(0.0, 2.0716669123090443)
0(0.0, 2.0716421269730065)
0(0.0, 2.0715581328589314)
0(0.0, 2.070979429867931)
0(0.0, 2.0704094238755792)
0(0.0, 2.0692794970547763)
0(0.0, 2.0677540404271237)
0(0.0, 2.0668857437891157)
0(0.0, 2.0656174078553455)
0(0.0, 2.06426425617923)
0(0.0, 2.0626948786533346)
0(0.0, 2.0625605955987543)
0(0.0, 2.0590857191176086)
0(0.0, 2.058340114450091)
0(0.0, 2.057695437178329)
0(0.0, 2.0575543492628143)
0(0.0, 2.057402566502757)
0(0.0, 2.056284295802865)
0(0.0, 2.0547154625724255)
0(0.0, 2.0536531115942505)
0(0.0, 2.0534929081292663)
0(0.0, 2.0504547904223216)
0(0.0, 2.048036183457016)
0(0.0, 2.047253318734904)
0(0.0, 2.0467415640750297)
0(0.0, 2.045723457945552)
0(0.0, 2.0440472781675867)
0(0.0, 2.0436911931127213)
0(0.0, 2.040584942147635)
0(0.0, 2.039363834466745)
0(0.0, 2.0387311296393458)
0(0.0, 2.03868098454918)
0(0.0, 2.0372713232919666)
0(0.0, 2.0344751870517324)
0(0.0, 2.0340231886943503)
0(0.0, 2.030129049638635)
0(0.0, 2.0300461700109484)
0(0.0, 2.026765912258677)
0(0.0, 2.022978995878592)
0(0.0, 2.021475164096713)
0(0.0, 2.017382210607329)
0(0.0, 2.0165871002100344)
0(0.0, 2.015642765101448)
0(0.0, 2.0140615145006233)
0(0.0, 2.013926757924494)
0(0.0, 2.0138765195241257)
0(0.0, 2.01143490520191)
0(0.0, 2.010496733870259)
0(0.0, 2.007289816651352)
0(0.0, 2.00705325256839)
0(0.0, 2.0050373352492765)
0(0.0, 2.0029655485065896)
0(0.0, 2.00142763178232)
0(0.0, 2.0002185215974166)
0(0.0, 1.9985584490116381)
0(0.0, 1.9980022988383213)
0(0.0, 1.9968125427779486)
0(0.0, 1.9957695097822614)
0(0.0, 1.995393949978649)
0(0.0, 1.994133632260963)
0(0.0, 1.993641153235182)
0(0.0, 1.9930956548542242)
0(0.0, 1.992705658689662)
0(0.0, 1.9911309682348968)
0(0.0, 1.990858505002988)
0(0.0, 1.9904935462853266)
0(0.0, 1.9897629829853747)
0(0.0, 1.9877404877456275)
0(0.0, 1.9871434764743632)
0(0.0, 1.9870715445536273)
0(0.0, 1.9841649146039804)
0(0.0, 1.9834513973136836)
0(0.0, 1.9824482661577176)
0(0.0, 1.9800792776349987)
0(0.0, 1.9771016827534793)
0(0.0, 1.9761417824873606)
0(0.0, 1.9742307343330492)
0(0.0, 1.973346317163195)
0(0.0, 1.9711549904239025)
0(0.0, 1.968202869680232)
0(0.0, 1.9679556911949514)
0(0.0, 1.9662642544739362)
0(0.0, 1.9656337320420136)
0(0.0, 1.9651875906400724)
0(0.0, 1.9647599634609)
0(0.0, 1.9627426836256237)
0(0.0, 1.96220113266109)
0(0.0, 1.9614844629015145)
0(0.0, 1.9597208045033672)
0(0.0, 1.9596709087485122)
0(0.0, 1.9584299064920772)
0(0.0, 1.9569552468053608)
0(0.0, 1.9553988169250724)
0(0.0, 1.954466354051256)
0(0.0, 1.9526619608077707)
0(0.0, 1.9473386320906227)
0(0.0, 1.9470749834725278)
0(0.0, 1.9466418798840435)
0(0.0, 1.9464633631672303)
0(0.0, 1.946060632588451)
0(0.0, 1.944964338289329)
0(0.0, 1.943927388956575)
0(0.0, 1.9432791772526352)
0(0.0, 1.942913236857164)
0(0.0, 1.9426773686943648)
0(0.0, 1.9423140049162)
0(0.0, 1.9420030744099814)
0(0.0, 1.9405987010262296)
0(0.0, 1.9398227863459725)
0(0.0, 1.9393325286708019)
0(0.0, 1.9362986124309067)
0(0.0, 1.9362602179051023)
0(0.0, 1.9350295452801503)
0(0.0, 1.932771048150151)
0(0.0, 1.932135800034203)
0(0.0, 1.9312872692930878)
0(0.0, 1.9311805836070979)
0(0.0, 1.9242435896491676)
0(0.0, 1.9241846272337253)
0(0.0, 1.9234791239581626)
0(0.0, 1.9206834618232662)
0(0.0, 1.920352391511143)
0(0.0, 1.920293269002708)
0(0.0, 1.920249411706293)
0(0.0, 1.917945593131013)
0(0.0, 1.9174081260246052)
0(0.0, 1.917307827794171)
0(0.0, 1.9171165886320078)
0(0.0, 1.9159156615373731)
0(0.0, 1.9143702865028913)
0(0.0, 1.9139891903077169)
0(0.0, 1.9136709772640546)
0(0.0, 1.9133202483557061)
0(0.0, 1.909465615386095)
0(0.0, 1.9089761078503873)
0(0.0, 1.9086336786858646)
0(0.0, 1.907930034421579)
0(0.0, 1.9074225356782606)
0(0.0, 1.9038135330351078)
0(0.0, 1.903113752513996)
0(0.0, 1.9022219326341459)
0(0.0, 1.902017627406286)
0(0.0, 1.9012536546235292)
0(0.0, 1.900040672674934)
0(0.0, 1.8992049181613178)
0(0.0, 1.8986469384751212)
0(0.0, 1.8981353868928847)
0(0.0, 1.8981325068306032)
0(0.0, 1.89688788398294)
0(0.0, 1.8964887683872442)
0(0.0, 1.8959895735975805)
0(0.0, 1.8951261905078558)
0(0.0, 1.8949101834429132)
0(0.0, 1.8935702590531478)
0(0.0, 1.8926892294908273)
0(0.0, 1.8915364923151545)
0(0.0, 1.8908228592854106)
0(0.0, 1.890233347226527)
0(0.0, 1.886455563193616)
0(0.0, 1.8857791711875707)
0(0.0, 1.8836457950470789)
0(0.0, 1.882578473235228)
0(0.0, 1.8799101236262212)
0(0.0, 1.8796534807272836)
0(0.0, 1.8789066188342411)
0(0.0, 1.877918960726237)
0(0.0, 1.8776666506151583)
0(0.0, 1.8776349744754695)
0(0.0, 1.8775128793619116)
0(0.0, 1.877067663079725)
0(0.0, 1.8761601659246376)
0(0.0, 1.875858412758051)
0(0.0, 1.8743963575991673)
0(0.0, 1.8740797201058896)
0(0.0, 1.8735229307472574)
0(0.0, 1.873481789460903)
0(0.0, 1.8733557456116052)
0(0.0, 1.87108923259274)
0(0.0, 1.8706244621961348)
0(0.0, 1.8688643875571622)
0(0.0, 1.8653456741317676)
0(0.0, 1.864631068067997)
0(0.0, 1.8633251428769304)
0(0.0, 1.8622847655978443)
0(0.0, 1.860416400547739)
0(0.0, 1.8603988657908272)
0(0.0, 1.8598664493005548)
0(0.0, 1.8582054616712933)
0(0.0, 1.855737265157336)
0(0.0, 1.8556761264237878)
0(0.0, 1.855306964709987)
0(0.0, 1.8549001569287433)
0(0.0, 1.854462295321663)
0(0.0, 1.8538841305071199)
0(0.0, 1.852492175830825)
0(0.0, 1.8524096475553602)
0(0.0, 1.8522733112305036)
0(0.0, 1.851173064347245)
0(0.0, 1.850936565820988)
0(0.0, 1.848094166395828)
0(0.0, 1.847692251154473)
0(0.0, 1.8462291266110633)
0(0.0, 1.845087915575658)
0(0.0, 1.8436674863534601)
0(0.0, 1.843516604465256)
0(0.0, 1.8426525393296358)
0(0.0, 1.8420979918095997)
0(0.0, 1.8400740078464095)
0(0.0, 1.8364222517556972)
0(0.0, 1.8360740114882113)
0(0.0, 1.8241110829233431)
0(0.0, 1.823493032541465)
0(0.0, 1.8226906596114452)
0(0.0, 1.8210062772926163)
0(0.0, 1.8209507528433062)
0(0.0, 1.8208704683339803)
0(0.0, 1.816710035593461)
0(0.0, 1.8128052556277046)
0(0.0, 1.8100690772503032)
0(0.0, 1.809985746013802)
0(0.0, 1.8085502903160315)
0(0.0, 1.8078509179525488)
0(0.0, 1.8056877765254407)
0(0.0, 1.8014126926896716)
0(0.0, 1.801399427269796)
0(0.0, 1.8005260464802277)
0(0.0, 1.798564372498476)
0(0.0, 1.7981911768992795)
0(0.0, 1.7959265331208432)
0(0.0, 1.793790999162259)
0(0.0, 1.7936732084279232)
0(0.0, 1.7906568316379183)
0(0.0, 1.78285777794067)
0(0.0, 1.7809797919639951)
0(0.0, 1.778107124387043)
0(0.0, 1.7743511827517202)
0(0.0, 1.774111473837798)
0(0.0, 1.7708259192897478)
0(0.0, 1.7647092791141514)
