1(0.44497620603439914, 0.5175063948597463)
1(0.4476950205790382, 0.5110170460823048)
1(0.44802045408910984, 0.5009050847345989)
1(0.4565830993912861, 0.5066315945379284)
1(0.45946627215557173, 0.49669116714574363)
1(0.4547967956325755, 0.4838842359379631)
1(0.4658830687310126, 0.4921099662473012)
1(0.47157469910025046, 0.4948092767665767)
1(0.5045126268568861, 0.5236124935111099)
1(0.5106017555848554, 0.5285170474306166)
1(0.15336997131354818, 0.1615593084425083)
1(0.13662110497665142, 0.1440123710255886)
1(0.13966147726454822, 0.14536269483526426)
1(0.1286735789655246, 0.13384860859256056)
1(0.12229048121224957, 0.12741728019344517)
1(0.5218643757199737, 0.5264257392580827)
1(0.4968106469821122, 0.5009050847345989)
1(0.5090586256938358, 0.5131140448238318)
1(0.1645444674632802, 0.1676312301644028)
1(0.09102346224215993, 0.09302484324050116)
1(0.12711848554937832, 0.12882606721643514)
1(0.5105061350302371, 0.5115965191711134)
1(0.10981105568075664, 0.11078748224582463)
1(0.14540667545399524, 0.14621094212218466)
1(0.12827274214098988, 0.1290504743987065)
1(0.1298980799319173, 0.1306427563286926)
1(0.43961034742518285, 0.4400810731224403)
1(0.5126984098062216, 0.5129470449329375)
1(0.08849743707031742, 0.08868886491852801)
0(0.0, inf)
0(0.0, 0.4395239475686111)
0(0.0, 0.4379032968715663)
0(0.0, 0.435727193024917)
0(0.0, 0.4330991695708038)
0(0.0, 0.42899139849059237)
0(0.0, 0.4284983632510168)
0(0.0, 0.4274572827070988)
0(0.0, 0.4272166293399216)
0(0.0, 0.4268176810061712)
0(0.0, 0.4245862455004617)
0(0.0, 0.42367449122771744)
0(0.0, 0.4233338336869061)
0(0.0, 0.4190944377037579)
0(0.0, 0.20590378766169218)
0(0.0, 0.1523438612846334)
0(0.0, 0.15063391524242842)
0(0.0, 0.14004596189533294)
0(0.0, 0.1388443055256729)
0(0.0, 0.13761478495185372)
0(0.0, 0.13122988873697622)
0(0.0, 0.1290852004854706)
0(0.0, 0.12900059440732423)
0(0.0, 0.12489844003578553)
0(0.0, 0.12200957796207573)
0(0.0, 0.1214824211342135)
0(0.0, 0.12073885576497297)
0(0.0, 0.11985879846842387)
0(0.0, 0.11613742869529843)
0(0.0, 0.11200119291002948)
0(0.0, 0.11182162276007589)
0(0.0, 0.11044346656225917)
0(0.0, 0.10955129639572017)
0(0.0, 0.10950061133337453)
0(0.0, 0.1054811360779164)
0(0.0, 0.10470052288469478)
0(0.0, 0.10430114719774575)
0(0.0, 0.10403330934435909)
0(0.0, 0.1033805246430979)
0(0.0, 0.10194333628569001)
0(0.0, 0.10106627050394813)
0(0.0, 0.0989250421099002)
0(0.0, 0.09822310861531032)
0(0.0, 0.09820757875344058)
0(0.0, 0.09782893235825293)
0(0.0, 0.09690767236513159)
0(0.0, 0.09558088551273881)
0(0.0, 0.09535722290247933)
0(0.0, 0.0941580889031286)
0(0.0, 0.09257278803848835)
0(0.0, 0.09114195054407458)
0(0.0, 0.09100649642446144)
0(0.0, 0.09097272022729089)
0(0.0, 0.09079468241259324)
0(0.0, 0.09078362968845759)
0(0.0, 0.0884229751424355)
0(0.0, 0.08756205967959284)
0(0.0, 0.08709189290200818)
0(0.0, 0.08686002941116475)
0(0.0, 0.0861734111209319)
0(0.0, 0.0857896968066194)
0(0.0, 0.085642470173645)
0(0.0, 0.0845093848107033)
0(0.0, 0.08447245161327065)
0(0.0, 0.0841594617383094)
0(0.0, 0.0840934416911034)
0(0.0, 0.08285333958946613)
0(0.0, 0.08278139017135881)
0(0.0, 0.08269515101172933)
0(0.0, 0.081665442180594)
0(0.0, 0.08161701310405584)
0(0.0, 0.08161479359329721)
0(0.0, 0.08158502596326109)
0(0.0, 0.0814369692581573)
0(0.0, 0.08045069604237015)
0(0.0, 0.07979249556637301)
0(0.0, 0.0796900823857709)
0(0.0, 0.07926201661997619)
0(0.0, 0.07896383498106754)
0(0.0, 0.07821145824949026)
0(0.0, 0.07813186677684854)
0(0.0, 0.07805440580025354)
0(0.0, 0.07782982040877136)
0(0.0, 0.07775444714506499)
0(0.0, 0.07769938260530773)
0(0.0, 0.07714268812532335)
0(0.0, 0.07667446705456109)
0(0.0, 0.0761637836346556)
0(0.0, 0.07600878729074209)
0(0.0, 0.07582800100461042)
0(0.0, 0.07550041970103563)
0(0.0, 0.07524693526887007)
0(0.0, 0.07508122206965998)
0(0.0, 0.07485152623237747)
0(0.0, 0.07412979525784509)
0(0.0, 0.07403230793266326)
0(0.0, 0.07397933770613123)
0(0.0, 0.07389521351553754)
0(0.0, 0.07347714528662794)
0(0.0, 0.07343675124462054)
0(0.0, 0.07335937488041842)
0(0.0, 0.07335675225010449)
0(0.0, 0.07293224516183044)
0(0.0, 0.07289415056100966)
0(0.0, 0.07275615545850314)
0(0.0, 0.07259598415342355)
0(0.0, 0.0717449775614362)
0(0.0, 0.0717241581178911)
0(0.0, 0.0714265338800073)
0(0.0, 0.0710844877328465)
0(0.0, 0.07106080700110058)
0(0.0, 0.0709711779726672)
0(0.0, 0.07090388046571942)
0(0.0, 0.07027037008078202)
0(0.0, 0.07011596260800528)
0(0.0, 0.07009692018778305)
0(0.0, 0.0697956906610141)
0(0.0, 0.06976242404480458)
0(0.0, 0.0697450872009178)
0(0.0, 0.06967475418598824)
0(0.0, 0.06938048649047895)
0(0.0, 0.06920564297733205)
0(0.0, 0.06892993121408848)
0(0.0, 0.06879436946004955)
0(0.0, 0.06828274585425946)
0(0.0, 0.06823959403063377)
0(0.0, 0.06794431214208048)
0(0.0, 0.06769284202487243)
0(0.0, 0.06766860083524044)
0(0.0, 0.06758236701415819)
0(0.0, 0.0670646849581901)
0(0.0, 0.06697011210176727)
0(0.0, 0.06695024704188166)
0(0.0, 0.06686682223713829)
0(0.0, 0.06679759459205051)
0(0.0, 0.06672195487316587)
0(0.0, 0.06666940318494963)
0(0.0, 0.06631201505109624)
0(0.0, 0.0661644374275594)
0(0.0, 0.065990024389872)
0(0.0, 0.0656947123763805)
0(0.0, 0.0653540940809099)
0(0.0, 0.06504323816636884)
0(0.0, 0.06491265671760456)
0(0.0, 0.06406089349484392)
0(0.0, 0.06389224421691034)
0(0.0, 0.06382222685872774)
0(0.0, 0.06371502200537535)
0(0.0, 0.06320733141714976)
0(0.0, 0.0631123443249114)
0(0.0, 0.06298714321780152)
0(0.0, 0.06295890917467875)
0(0.0, 0.06291286477891321)
0(0.0, 0.06261873319449918)
0(0.0, 0.062104148605389285)
0(0.0, 0.06087017429366746)
0(0.0, 0.060830163514981335)
0(0.0, 0.05964583018527357)
0(0.0, 0.05960940918277548)
0(0.0, 0.05923460964755606)
0(0.0, 0.0586141026602184)
0(0.0, 0.05816018904753376)
0(0.0, 0.057661993651135245)
0(0.0, 0.05619019456265752)
0(0.0, 0.05616371524552203)
0(0.0, 0.054855598767865034)
0(0.0, 0.054521944501816626)
0(0.0, 0.053113471881730344)
