1(9.707814872721453, 9.953482050141092)
1(15.440684261929857, 15.665103259909378)
1(9.01306289992735, 9.109811829725137)
1(9.929320048963962, 10.019845338084444)
1(10.165773549518175, 10.23202235515356)
1(9.28797614122264, 9.336202486626236)
1(10.103361997978508, 10.151225062408612)
1(9.288986365004382, 9.328922520179068)
1(10.25804234315837, 10.284660645233021)
1(10.185706484566058, 10.208900944360474)
1(9.624210969389488, 9.647280932192714)
1(8.792149575056934, 8.814573908021574)
1(8.883748692992551, 8.905311203818169)
1(8.877529516470982, 8.894020370467482)
1(9.410188233675644, 9.424661755038958)
1(9.245276407970383, 9.258463430191345)
1(11.014058580800512, 11.01915608440838)
1(9.884961909138632, 9.890058459062312)
1(9.164594118962459, 9.16929729614955)
0(0.0, inf)
0(0.0, 60.83942053480721)
0(0.0, 49.86179825075633)
0(0.0, 37.771043778837736)
0(0.0, 27.757335707657493)
0(0.0, 24.535653262210676)
0(0.0, 24.230630453336904)
0(0.0, 23.405722345615736)
0(0.0, 22.50061592991834)
0(0.0, 21.11140219696093)
0(0.0, 20.39643757015568)
0(0.0, 19.397991080410954)
0(0.0, 19.21946523261501)
0(0.0, 18.438902777206284)
0(0.0, 17.19047004429652)
0(0.0, 16.001293241976025)
0(0.0, 15.95424794850797)
0(0.0, 15.423823256511119)
0(0.0, 15.129849281184331)
0(0.0, 15.126957017871765)
0(0.0, 15.052229775493945)
0(0.0, 14.954466289362205)
0(0.0, 14.9252274857746)
0(0.0, 14.513487972676407)
0(0.0, 14.115972517631292)
0(0.0, 14.000832121313223)
0(0.0, 13.999373567606115)
0(0.0, 13.659112653690778)
0(0.0, 13.55457502360553)
0(0.0, 13.52581370176066)
0(0.0, 13.244872655683967)
0(0.0, 13.175882467797653)
0(0.0, 13.152140669330718)
0(0.0, 13.148152947659689)
0(0.0, 13.093696366586407)
0(0.0, 13.083949288672923)
0(0.0, 13.021460593435375)
0(0.0, 12.92838339694894)
0(0.0, 12.877293666788734)
0(0.0, 12.832584909070912)
0(0.0, 12.83204619688726)
0(0.0, 12.75356796233308)
0(0.0, 12.681162715277738)
0(0.0, 12.664491936814144)
0(0.0, 12.632591796041625)
0(0.0, 12.619491322986299)
0(0.0, 12.600666886927353)
0(0.0, 12.514535935880817)
0(0.0, 12.436672916378118)
0(0.0, 12.365027474696198)
0(0.0, 12.362931058379173)
0(0.0, 12.303462075262141)
0(0.0, 12.170017577210961)
0(0.0, 12.139229228908073)
0(0.0, 12.13391880418849)
0(0.0, 12.095983086653309)
0(0.0, 12.09303000396085)
0(0.0, 12.080475775439345)
0(0.0, 12.057161056712653)
0(0.0, 12.04999514541009)
0(0.0, 12.032274282510318)
0(0.0, 11.989921094996733)
0(0.0, 11.978949092014622)
0(0.0, 11.962496027460256)
0(0.0, 11.94546553981705)
0(0.0, 11.882407362923871)
0(0.0, 11.823183558919993)
0(0.0, 11.821735961073598)
0(0.0, 11.806948207076086)
0(0.0, 11.738374948346301)
0(0.0, 11.67559367938916)
0(0.0, 11.664244908868021)
0(0.0, 11.655067105541324)
0(0.0, 11.6497278562646)
0(0.0, 11.641764869396143)
0(0.0, 11.624587381068485)
0(0.0, 11.622085033030103)
0(0.0, 11.607471547062334)
0(0.0, 11.6053924591504)
0(0.0, 11.603058549657106)
0(0.0, 11.574656553343619)
0(0.0, 11.571491250737708)
0(0.0, 11.568104203250902)
0(0.0, 11.556109257421063)
0(0.0, 11.536107022162394)
0(0.0, 11.530605468937718)
0(0.0, 11.525196903233276)
0(0.0, 11.52339614565805)
0(0.0, 11.517455130679252)
0(0.0, 11.5129152866841)
0(0.0, 11.506827867921386)
0(0.0, 11.497085845957331)
0(0.0, 11.482680333335818)
0(0.0, 11.47900435142576)
0(0.0, 11.46273399869435)
0(0.0, 11.462484050963923)
0(0.0, 11.437386968897561)
0(0.0, 11.416705764142156)
0(0.0, 11.405244593319166)
0(0.0, 11.400343848247354)
0(0.0, 11.385933742103132)
0(0.0, 11.369560844585623)
0(0.0, 11.368116424166278)
0(0.0, 11.344812377134206)
0(0.0, 11.343766112942605)
0(0.0, 11.334439081260742)
0(0.0, 11.331175781305587)
0(0.0, 11.328573715726915)
0(0.0, 11.306324786746474)
0(0.0, 11.299995312220432)
0(0.0, 11.282564931881513)
0(0.0, 11.273614630262156)
0(0.0, 11.241735837335167)
0(0.0, 11.20343364248287)
0(0.0, 11.199322815927609)
0(0.0, 11.134584714245955)
0(0.0, 11.11485545375315)
0(0.0, 11.106558979353615)
0(0.0, 11.076831674700967)
0(0.0, 11.05330602604116)
0(0.0, 11.05253158049071)
0(0.0, 11.05147679348469)
0(0.0, 11.007248470277974)
0(0.0, 10.970080011755101)
0(0.0, 10.969896736628069)
0(0.0, 10.960201281742457)
0(0.0, 10.959995867626686)
0(0.0, 10.95948131428699)
0(0.0, 10.955982656009985)
0(0.0, 10.93264748179692)
0(0.0, 10.925512366881447)
0(0.0, 10.905212907313222)
0(0.0, 10.889605975999181)
0(0.0, 10.869724873827298)
0(0.0, 10.858112014803735)
0(0.0, 10.826329547876034)
0(0.0, 10.792078015485044)
0(0.0, 10.782899218597835)
0(0.0, 10.77745555421685)
0(0.0, 10.731135845092764)
0(0.0, 10.72956382811729)
0(0.0, 10.721772369755373)
0(0.0, 10.71442004581377)
0(0.0, 10.713915935581568)
0(0.0, 10.70717928619728)
0(0.0, 10.694786177648453)
0(0.0, 10.677195841182444)
0(0.0, 10.669674372572194)
0(0.0, 10.666372245084284)
0(0.0, 10.63855810681423)
0(0.0, 10.586938742139147)
0(0.0, 10.5757509786278)
0(0.0, 10.570852998248592)
0(0.0, 10.570123158858168)
0(0.0, 10.564650512472978)
0(0.0, 10.51977688271871)
0(0.0, 10.517736517344726)
0(0.0, 10.515413922817816)
0(0.0, 10.512851265979075)
0(0.0, 10.512510999430551)
0(0.0, 10.504711971262514)
0(0.0, 10.48772816001943)
0(0.0, 10.465605330327246)
0(0.0, 10.457886897498778)
0(0.0, 10.444522172575061)
0(0.0, 10.443108744722691)
0(0.0, 10.433567208712148)
0(0.0, 10.414183959563344)
0(0.0, 10.414142505915756)
0(0.0, 10.414014547258459)
0(0.0, 10.396800922507017)
0(0.0, 10.393167133824782)
0(0.0, 10.376450256331134)
0(0.0, 10.3678161828721)
0(0.0, 10.363055574714481)
0(0.0, 10.358675053709074)
0(0.0, 10.355611416449165)
0(0.0, 10.351071192975025)
0(0.0, 10.337281111927405)
0(0.0, 10.333142808876381)
0(0.0, 10.331099663030397)
0(0.0, 10.32914830560762)
0(0.0, 10.326255994030713)
0(0.0, 10.326162923816753)
0(0.0, 10.315018618989477)
0(0.0, 10.30615033713257)
0(0.0, 10.297609430854155)
0(0.0, 10.296963697908065)
0(0.0, 10.295960021100088)
0(0.0, 10.295154572808109)
0(0.0, 10.280237636341655)
0(0.0, 10.274116294485468)
0(0.0, 10.27337691632234)
0(0.0, 10.264471151981725)
0(0.0, 10.255792967874221)
0(0.0, 10.250570812285016)
0(0.0, 10.248941853066562)
0(0.0, 10.244719576355637)
0(0.0, 10.232829384344662)
0(0.0, 10.231736022511347)
0(0.0, 10.23066293927161)
0(0.0, 10.209405065957482)
0(0.0, 10.208493633248612)
0(0.0, 10.207000512116498)
0(0.0, 10.205026404957959)
0(0.0, 10.204867109015149)
0(0.0, 10.201642262927084)
0(0.0, 10.192375085124416)
0(0.0, 10.190842496294518)
0(0.0, 10.19037968512946)
0(0.0, 10.173987338884777)
0(0.0, 10.171926695137959)
0(0.0, 10.166817564816501)
0(0.0, 10.145697640092722)
0(0.0, 10.124349923510872)
0(0.0, 10.111784010973437)
0(0.0, 10.110248756666776)
0(0.0, 10.107425604459046)
0(0.0, 10.102027709328024)
0(0.0, 10.09616761741861)
0(0.0, 10.087174021109421)
0(0.0, 10.081034096068032)
0(0.0, 10.080839496768624)
0(0.0, 10.071472544685491)
0(0.0, 10.064118827989462)
0(0.0, 10.06117913438154)
0(0.0, 10.057869375813267)
0(0.0, 10.042663666212748)
0(0.0, 10.026455932987801)
0(0.0, 10.026022990492073)
0(0.0, 10.023734802857552)
0(0.0, 10.01921356306967)
0(0.0, 10.014627434078267)
0(0.0, 10.00864928480765)
0(0.0, 10.007339515766315)
0(0.0, 10.006282491340109)
0(0.0, 9.993150718258967)
0(0.0, 9.987440070220906)
0(0.0, 9.986000092240328)
0(0.0, 9.976668474628832)
0(0.0, 9.976612272008625)
0(0.0, 9.974592941023435)
0(0.0, 9.973485128769132)
0(0.0, 9.971268866789924)
0(0.0, 9.969121443516604)
0(0.0, 9.965667683631128)
0(0.0, 9.957596898945368)
0(0.0, 9.936431572528901)
0(0.0, 9.93554331253153)
0(0.0, 9.918971302625252)
0(0.0, 9.917353892200389)
0(0.0, 9.912352014067702)
0(0.0, 9.904180123254994)
0(0.0, 9.897731157746128)
0(0.0, 9.894340333162617)
0(0.0, 9.893758381300199)
0(0.0, 9.891206269748018)
0(0.0, 9.890886416236356)
0(0.0, 9.884865988671494)
0(0.0, 9.8791441986527)
0(0.0, 9.877441520131669)
0(0.0, 9.868287182472733)
0(0.0, 9.858634473482432)
0(0.0, 9.850648517055173)
0(0.0, 9.846726416394805)
0(0.0, 9.84456220658299)
0(0.0, 9.840296266288057)
0(0.0, 9.839672685619215)
0(0.0, 9.82711942650373)
0(0.0, 9.82320579635651)
0(0.0, 9.812410104111665)
0(0.0, 9.808665196130256)
0(0.0, 9.802087685248573)
0(0.0, 9.800558941808386)
0(0.0, 9.798424293962952)
0(0.0, 9.792619864781315)
0(0.0, 9.785798959227629)
0(0.0, 9.775902228766943)
0(0.0, 9.759515198733016)
0(0.0, 9.758714678525996)
0(0.0, 9.751530047529185)
0(0.0, 9.750877982330936)
0(0.0, 9.748662141159297)
0(0.0, 9.743706192975933)
0(0.0, 9.743044194740737)
0(0.0, 9.741228754333275)
0(0.0, 9.738828739621765)
0(0.0, 9.73120162979139)
0(0.0, 9.729127808622092)
0(0.0, 9.715337175993763)
0(0.0, 9.715258652764854)
0(0.0, 9.709722435794673)
0(0.0, 9.704048367325008)
0(0.0, 9.703040148306073)
0(0.0, 9.697375551022777)
0(0.0, 9.685443489207504)
0(0.0, 9.676768830893415)
0(0.0, 9.676019149209251)
0(0.0, 9.660576993590494)
0(0.0, 9.655816649650578)
0(0.0, 9.65061483435138)
0(0.0, 9.641584798209552)
0(0.0, 9.609337621827144)
0(0.0, 9.588354154553816)
0(0.0, 9.582247369283614)
0(0.0, 9.567262672102924)
0(0.0, 9.565795664134006)
0(0.0, 9.555712924580071)
0(0.0, 9.555082858338677)
0(0.0, 9.539406681474894)
0(0.0, 9.536421946582422)
0(0.0, 9.53001781912556)
0(0.0, 9.526025958597588)
0(0.0, 9.514208601595167)
0(0.0, 9.510672796528945)
0(0.0, 9.496137398500217)
0(0.0, 9.494206757459049)
0(0.0, 9.473167831421147)
0(0.0, 9.467529160822027)
0(0.0, 9.456679333253893)
0(0.0, 9.448925753572393)
0(0.0, 9.438611426421007)
0(0.0, 9.434142853936471)
0(0.0, 9.432128771538325)
0(0.0, 9.427412099311674)
0(0.0, 9.420769271867375)
0(0.0, 9.417253543346922)
0(0.0, 9.411878778661348)
0(0.0, 9.395942111342594)
0(0.0, 9.393516331961658)
0(0.0, 9.39330412323822)
0(0.0, 9.389524117315062)
0(0.0, 9.384584678709507)
0(0.0, 9.382655088701272)
0(0.0, 9.381353966105767)
0(0.0, 9.37854660000951)
0(0.0, 9.373882779296338)
0(0.0, 9.339721078435046)
0(0.0, 9.338686011606901)
0(0.0, 9.335491548268115)
0(0.0, 9.325125643081027)
0(0.0, 9.317987161665771)
0(0.0, 9.31490600113164)
0(0.0, 9.31142560407552)
0(0.0, 9.311374007625353)
0(0.0, 9.310385444456337)
0(0.0, 9.309896088857325)
0(0.0, 9.307788503585504)
0(0.0, 9.29246765562216)
0(0.0, 9.289454755740568)
0(0.0, 9.286319984531653)
0(0.0, 9.28401686125372)
0(0.0, 9.28381298709966)
0(0.0, 9.276400813415817)
0(0.0, 9.25478571495764)
0(0.0, 9.254673706050115)
0(0.0, 9.243997412554304)
0(0.0, 9.225669534669619)
0(0.0, 9.21994859802246)
0(0.0, 9.216327123993612)
0(0.0, 9.205152128584789)
0(0.0, 9.188781113229274)
0(0.0, 9.183210565853116)
0(0.0, 9.176956194441702)
0(0.0, 9.170078129475565)
0(0.0, 9.14869957169313)
0(0.0, 9.129035927455272)
0(0.0, 9.1280507887032)
0(0.0, 9.121461001131733)
0(0.0, 9.08907430098151)
0(0.0, 9.087035096338171)
0(0.0, 9.079632769136097)
0(0.0, 9.078072966793764)
0(0.0, 9.077897770748054)
0(0.0, 9.075499386874)
0(0.0, 9.072625626804404)
0(0.0, 9.069971728752149)
0(0.0, 9.068240527662487)
0(0.0, 9.06689986148055)
0(0.0, 9.066780081709313)
0(0.0, 9.063432122100298)
0(0.0, 9.040980414458415)
0(0.0, 9.018122834114012)
0(0.0, 9.00702796261825)
0(0.0, 8.991491415408769)
0(0.0, 8.988521672323417)
0(0.0, 8.9833018212786)
0(0.0, 8.981425024746844)
0(0.0, 8.962645800078285)
0(0.0, 8.945570229687295)
0(0.0, 8.924555782314824)
0(0.0, 8.922567463013904)
0(0.0, 8.921549727538133)
0(0.0, 8.913294316399039)
0(0.0, 8.903573102230443)
0(0.0, 8.889811004869886)
0(0.0, 8.887611631695533)
0(0.0, 8.882420653123566)
0(0.0, 8.879108962036483)
0(0.0, 8.86946313550859)
0(0.0, 8.861861214212988)
0(0.0, 8.850531716022733)
0(0.0, 8.849041194328633)
0(0.0, 8.841497309677417)
0(0.0, 8.832030734998341)
0(0.0, 8.824048566847749)
0(0.0, 8.818436651915968)
0(0.0, 8.804826866508222)
0(0.0, 8.801006244558101)
0(0.0, 8.79789615106724)
0(0.0, 8.795924763049202)
0(0.0, 8.781869810276632)
0(0.0, 8.771944407453935)
0(0.0, 8.762834756548784)
0(0.0, 8.760979827506882)
0(0.0, 8.746535557669876)
0(0.0, 8.732831053389804)
0(0.0, 8.72979915650824)
0(0.0, 8.687502882721004)
0(0.0, 8.670461304518538)
0(0.0, 8.661448975215635)
0(0.0, 8.654271792694914)
0(0.0, 8.650140900564729)
0(0.0, 8.641803258927332)
0(0.0, 8.615996308254799)
0(0.0, 8.557489118114072)
0(0.0, 8.556265708667441)
0(0.0, 8.550541445049118)
0(0.0, 8.547778535007952)
0(0.0, 8.417993232496768)
0(0.0, 8.358209543436525)
0(0.0, 8.334459844054097)
