1(0.7776239099411679, 0.9690770509291248)
1(0.23148403652480376, 0.33269516844038227)
1(0.5945931464922074, 0.6535723754750611)
1(0.14878258909515152, 0.20571467042722802)
1(0.16110036173860576, 0.21088142455359626)
1(0.12956754067276344, 0.17859704706566537)
1(0.10253871131492942, 0.1419786811163558)
1(0.10907339966100793, 0.14710679992330178)
1(0.09288912866927757, 0.12970399001733357)
1(0.11284331825077787, 0.1495803747352895)
1(0.10421073696403071, 0.13774355728748733)
1(0.10856738495753016, 0.14072391662816963)
1(0.8584737885188188, 0.8903218217684846)
1(0.10731934710898816, 0.13768554317812687)
1(0.20029028273624372, 0.2306001293498554)
1(0.1065360373047155, 0.13567068466714416)
1(0.11923358785297133, 0.1476501856838459)
1(0.16577456229031906, 0.19297674692166977)
1(0.1086146901409295, 0.1343361118105928)
1(0.10134062957249024, 0.12626905450969605)
1(0.11423057873543163, 0.13891318941799125)
1(0.07035975405767958, 0.09496612156995077)
1(0.1452139410165758, 0.16974245726323178)
1(0.11490474259049621, 0.13871941918021446)
1(0.15494775781998116, 0.17874567096769645)
1(0.09914247549791766, 0.12274659789882214)
1(0.12367183237370072, 0.14672775493661705)
1(0.14165798505898253, 0.16471022817157288)
1(0.1186119278022435, 0.1407938011193901)
1(0.1304754768211882, 0.15246628051254885)
1(0.09171240239646172, 0.11324222485938162)
1(0.056769473578964, 0.07797006985355148)
1(0.05564029418023475, 0.07680991570844642)
1(0.07782968365861942, 0.09891276953562078)
1(0.11388619802063804, 0.13491135504773422)
1(0.12777818328067803, 0.14817999505529078)
1(0.1195298993596805, 0.1397004035692525)
1(0.11035833468031897, 0.13015132548251884)
1(0.09660971627366977, 0.11590186942716285)
1(0.0715776237467548, 0.09025378878224832)
1(0.09543675249196171, 0.11324222485938162)
1(0.1287323113815806, 0.1462226549181196)
1(0.0507722209116227, 0.06820612476967824)
1(0.1472087171665426, 0.16421248461143112)
1(0.08990015061392431, 0.10674104321468247)
1(0.04087476826441583, 0.057520572243935475)
1(0.06784336391813262, 0.084408172428179)
1(0.07940831854215435, 0.09596855653964764)
1(0.09694691230971564, 0.11336237389287251)
1(0.08555607388153064, 0.10170128311221716)
1(0.13378610398520396, 0.14991627398223373)
1(0.13845130239303438, 0.1543813890620055)
1(0.05135123027153854, 0.0672219073980237)
1(0.11647967435462103, 0.13202519885533415)
1(0.14457863345461552, 0.15993589087531623)
1(0.07940379397584763, 0.09460993546596785)
1(0.11373232115209986, 0.1287877006474698)
1(0.08431532560963384, 0.09927499472956247)
1(0.0978561550841599, 0.11257170181966625)
1(0.053334585673605495, 0.0680297300953161)
1(0.07310047111199114, 0.08746234125199759)
1(0.17424912936096637, 0.18851918747009255)
1(0.07693792935381771, 0.09108004313298224)
1(0.12546331516326492, 0.13954614068095816)
1(0.08883791945617747, 0.10288128062974511)
1(0.14320845890961242, 0.15697316718784105)
1(0.20305739765141406, 0.21681646351940664)
1(0.1307992235867852, 0.14406293443983242)
1(0.08851604400245106, 0.10170840337510212)
1(0.0537365257652721, 0.06687563798365537)
1(0.05841626994007387, 0.07149879208893495)
1(0.15504968084304926, 0.16798635189535216)
1(0.1283343048394877, 0.1411941383765014)
1(0.04197963657907433, 0.05442114480456939)
1(0.04980025463425819, 0.06217406868680786)
1(0.03824612100514846, 0.0505922295806257)
1(0.10292392860587096, 0.11526489047260124)
1(0.1228099771632134, 0.13514227401090928)
1(0.07116290883217813, 0.0834934488467639)
1(0.10451808709280319, 0.11684409968830556)
1(0.0940121578470341, 0.10631674893676935)
1(0.14584529507290556, 0.15802874252282595)
1(0.07664042020706208, 0.08881290087953775)
1(0.05753128570258004, 0.0696285970000301)
1(0.06285982026497328, 0.07474917239012435)
1(0.19972240119855122, 0.21160402175850823)
1(0.05246465937945466, 0.06414444416598442)
1(0.05570206614855855, 0.06715859126123946)
1(0.11849159148177002, 0.12990774906984803)
1(0.0485412494386378, 0.05991064129086776)
1(0.06777255622485423, 0.07904220308900767)
1(0.12123276621161838, 0.13209089769813165)
1(0.06727169485281803, 0.07809263276529)
1(0.13584022092558612, 0.14663250909928105)
1(0.05727050739317041, 0.06805189871080652)
1(0.10162264850934077, 0.11234243397502008)
1(0.0890437192199588, 0.09963372301306261)
1(0.04354469853846288, 0.054091910593012216)
1(0.0553282899826536, 0.06586029866591858)
1(0.05005224728997526, 0.06001693715083911)
1(0.05835782680478907, 0.06830599534279092)
1(0.14467151937607214, 0.15460786186952702)
1(0.16002626464691883, 0.16990781203502092)
1(0.0968143738433005, 0.10668169071397604)
1(0.11805907469539478, 0.1278522935856824)
1(0.13165675360524665, 0.14138324293626592)
1(0.0707761456828514, 0.08042963451479457)
1(0.056832292150748254, 0.06647781242498274)
1(0.16385472714611216, 0.17348531201333528)
1(0.05041469905947549, 0.06001693715083911)
1(0.1224451667862515, 0.13202519885533415)
1(0.1203741946931095, 0.12990774906984803)
1(0.05608449748454247, 0.06554935993418531)
1(0.16448145177715234, 0.17390569011623203)
1(0.0701437546626319, 0.07954360555198725)
1(0.036056032566824325, 0.04524099652498392)
1(0.029981749153535575, 0.038975676296582495)
1(0.06673470435722373, 0.07564722498519971)
1(0.04135687790562592, 0.05020807452596343)
1(0.09077189974886613, 0.0995166200508718)
1(0.060328524871510636, 0.06907268263573751)
1(0.19713559239026845, 0.2055817392732674)
1(0.13994969793479284, 0.14836370262926324)
1(0.128773531228058, 0.13708653677834837)
1(0.12817044321309568, 0.1364284147792404)
1(0.05648057931075079, 0.06470794211127928)
1(0.15448354964303057, 0.16269994686141864)
1(0.03871078134716366, 0.0469219692970001)
1(0.059506715438097824, 0.06770170672731257)
1(0.14919213954967658, 0.15724719223261452)
1(0.08391184913021577, 0.0918612160600627)
1(0.1380538335111089, 0.14598166426141534)
1(0.0858925450585768, 0.09378327482480353)
1(0.03076486823586333, 0.03856166649149462)
1(0.08441236343517977, 0.0921176914207762)
1(0.055032772126412666, 0.0625372096943212)
1(0.1663178652028381, 0.17363714437162026)
1(0.05653796811192824, 0.06373595889093575)
1(0.05188152871634544, 0.05906588911775057)
1(0.06158809995005721, 0.06875189568974804)
1(0.04177571337267705, 0.04892792611373098)
1(0.05545094439614873, 0.06257534300850265)
1(0.06436376354541828, 0.07142084564975615)
1(0.03709399264622937, 0.04408279372533508)
1(0.10315333892899226, 0.1101416210952707)
1(0.11403689448337717, 0.12089931061663628)
1(0.0927902201165941, 0.0995166200508718)
1(0.06485292866087156, 0.07148353005666364)
1(0.057087373780087325, 0.06370602112729185)
1(0.1594295983490065, 0.1659515887980204)
1(0.2971654525570052, 0.30367286882610167)
1(0.05049543314228189, 0.05688433139240778)
1(0.039942269108476425, 0.04630606321001518)
1(0.1433550816417246, 0.1496989327258409)
1(0.1099525464715756, 0.1162794449383916)
1(0.039125628086429054, 0.045448641138357226)
1(0.13643906172067677, 0.14266806043933722)
1(0.06131351497062576, 0.06751104367201222)
1(0.09331394968788997, 0.09944861523332649)
1(0.05186843890218562, 0.057943964658780156)
1(0.11302282366286776, 0.11904925218843754)
1(0.051988406034896406, 0.0578831318102595)
1(0.05669416253707493, 0.06235595948609385)
1(0.1413899897276092, 0.1470344892649832)
1(0.038044091094978194, 0.04358638887859789)
1(0.057669522707360255, 0.06317718154963148)
1(0.09018907491677808, 0.09556955584725102)
1(0.06741045476251895, 0.07257170627390241)
1(0.10707150566720458, 0.1121825086262741)
1(0.06663744935080806, 0.07166582333553506)
1(0.14176849190354568, 0.14672775493661705)
1(0.0458837642461396, 0.050791001280589)
1(0.11934332748794096, 0.1242407712282172)
1(0.1226210350078143, 0.1274762584318515)
1(0.07186504840779939, 0.07665484113907273)
1(0.03886634436329017, 0.043614901161449726)
1(0.12595804941316935, 0.13069786608064493)
1(0.11476768047698227, 0.1194257815517692)
1(0.2268558158699857, 0.23145544756899006)
1(0.03987179997221724, 0.04441774000390042)
1(0.11589979025123653, 0.12034288991596387)
1(0.0395382313479431, 0.04395870101484334)
1(0.04520447805874883, 0.04959845158846721)
1(0.08062962949546815, 0.08499795274371946)
1(0.07206108160925662, 0.07642166048110488)
1(0.05217781980869651, 0.05653322093325697)
1(0.05311431570127989, 0.05745750805362104)
1(0.1357103012325911, 0.1399345315516336)
1(0.07829390104479472, 0.08243016213743604)
1(0.07532068864655383, 0.07934753460153976)
1(0.1558009565225953, 0.15969109496752754)
1(0.0662646780761994, 0.07014330744713326)
1(0.03963717272194511, 0.043505127001747135)
1(0.037512822338972907, 0.041293973930882855)
1(0.07862479094304298, 0.08237561284925243)
1(0.06641798002301713, 0.07014330744713326)
1(0.12996586250088749, 0.13363927330944536)
1(0.05089214579847279, 0.0545154268445871)
1(0.10551335568464759, 0.10901660976337868)
1(0.04183936505882824, 0.045339991360934584)
1(0.049480283708049244, 0.05290923847467177)
1(0.048629867768129165, 0.05193811927098224)
1(0.054863459390642744, 0.05813117018593139)
1(0.05458111578053959, 0.05783386065055085)
1(0.1316927393453451, 0.1349415426340217)
1(0.10058669881915061, 0.10380524249486345)
1(0.8009675721725428, 0.8041651239001055)
1(0.043512956718986806, 0.04669829444742224)
1(0.0442343252779801, 0.04737765346134215)
1(0.05831571672640856, 0.06142555432071495)
1(0.04235463926799432, 0.045448641138357226)
1(0.07893918293079383, 0.08201652491734923)
1(0.05059377405489773, 0.053659260873346715)
1(0.13689529941674394, 0.1399345315516336)
1(0.07930867020119203, 0.08232724647705136)
1(0.04148154202059362, 0.04449832324797953)
1(0.034966932718558774, 0.03797886030626629)
1(0.1175226225316025, 0.12051601186925576)
1(0.10259580376139432, 0.1055575759616676)
1(0.09354086394098227, 0.09649544186148806)
1(0.0424871535404765, 0.04543664495014621)
1(0.20772208712126006, 0.21064711298714878)
1(0.06386091568609187, 0.06677367709404813)
1(0.13476302339003143, 0.13758416324112643)
1(0.12240204201166172, 0.12521133961889475)
1(0.04044435918805589, 0.043223007092525134)
1(0.06033732350363452, 0.0630801482302189)
1(0.041013737521498395, 0.04374484230017983)
1(0.07295842781318007, 0.07567282391418173)
1(0.038169840344182804, 0.04087296514663086)
1(0.0420264470129349, 0.04471980291367128)
1(0.055123056197372566, 0.05779122494746303)
1(0.04269549188307831, 0.04533309367222538)
1(0.18292387055093362, 0.18554853315977515)
1(0.07640180885945524, 0.07902405332515561)
1(0.052296416462390694, 0.054804171676095303)
1(0.04748449693899348, 0.04996901874635262)
1(0.056590876317026084, 0.05906588911775057)
1(0.18548130079854652, 0.1879044279945079)
1(0.10669466222762858, 0.10900430130807981)
1(0.07682368701233588, 0.07898038434585564)
1(0.08567888871320783, 0.0878146271201885)
1(0.042843459148025675, 0.0449174661310181)
1(0.17035506570308057, 0.17235806659718755)
1(0.05489255996112097, 0.05680987952952321)
1(0.0785242841704048, 0.08042963451479457)
1(0.13796781650122947, 0.1398709183834973)
1(0.0769391932907395, 0.07881807930726492)
1(0.07694062946756208, 0.07881807930726492)
1(0.0702506298775849, 0.07212590755764836)
1(0.11136359345238578, 0.11323163241388223)
1(0.17671021673306808, 0.17852433004659352)
1(0.032873082503707796, 0.03467707413338372)
1(0.039572892011929484, 0.04136551581984804)
1(0.07004144133739532, 0.07180609895538537)
1(0.0783139044612865, 0.08006357826286947)
1(0.13192151010956132, 0.1335916370978456)
1(0.04619277537846045, 0.047792246023138474)
1(0.0893262228551287, 0.09091570213532685)
1(0.12861496607938006, 0.13015132548251884)
1(0.053102323705441434, 0.054604738229388494)
1(0.04702794769804497, 0.04849722364214404)
1(0.05700176745215835, 0.05835057360780249)
1(0.10792429709404117, 0.10926145855689162)
1(0.03647368948521146, 0.037809567164865276)
1(0.04273751809696491, 0.04403221798601775)
1(0.048077501282329904, 0.049347697354756415)
1(0.09423417078530205, 0.09547102653896689)
1(0.04491171437940844, 0.04614191338125584)
1(0.04490659770146177, 0.04612574430336602)
1(0.03129624916029616, 0.03248146187713874)
1(0.03250210194303915, 0.033676022600899524)
1(0.09213634395019732, 0.09329614010869713)
1(0.03495623082857113, 0.03608511002590398)
1(0.04210316606979814, 0.04321883255594616)
1(0.05959069891938373, 0.060695571822017236)
1(0.033579869641813365, 0.03467707413338372)
1(0.16547478069124277, 0.16656056286536014)
1(0.15297879449258545, 0.15404228457729574)
1(0.04985507340200901, 0.05088804932640434)
1(0.030271490572291948, 0.031225755286599988)
1(0.11631514587963843, 0.11723185217296428)
1(0.040877252228194605, 0.041762209754065305)
1(0.05536979285558019, 0.0562538163823052)
1(0.04507144498096449, 0.04594563698793719)
1(0.07476547189809202, 0.07563308582490913)
1(0.03530723923871626, 0.036101423974739255)
1(0.037023674521668215, 0.037809567164865276)
1(0.08631374698573913, 0.08709336145456614)
1(0.03443837869090105, 0.035201457074150455)
1(0.04299882965909396, 0.04374484230017983)
1(0.04312749891100509, 0.043856266442678815)
1(0.040324765659383255, 0.04100249450045235)
1(0.08086339917924557, 0.08149179200158274)
1(0.03368373442364736, 0.03428952069276969)
1(0.07206166713894624, 0.07266378736506751)
1(0.043936199262728626, 0.04449934097841868)
1(0.09237383640183272, 0.0928205349078356)
1(0.05406997146230652, 0.054411960260055126)
1(0.03764239584049167, 0.03797886030626629)
1(0.1351986802992664, 0.13550974912649938)
1(0.07148826553480014, 0.07178193155235191)
1(0.040568875217447786, 0.04076348181710154)
1(0.0838863309834903, 0.0840571272376276)
1(0.037667107057751226, 0.03776230309230677)
1(0.04279213132672188, 0.04286718118094346)
1(0.046076811499795256, 0.04614191338125584)
1(0.0327856597376317, 0.032791622626406114)
1(0.05616806101765881, 0.05616910026649047)
0(0.0, inf)
0(0.0, 0.5049197502515952)
0(0.0, 0.4393435578825613)
0(0.0, 0.26958097421160676)
0(0.0, 0.2642500558605353)
0(0.0, 0.22797509658812876)
0(0.0, 0.1944700826330894)
0(0.0, 0.192511254062259)
0(0.0, 0.19082265775204443)
0(0.0, 0.18684795341667682)
0(0.0, 0.18481197417352846)
0(0.0, 0.18361855333988164)
0(0.0, 0.18255661694848357)
0(0.0, 0.17508157203726105)
0(0.0, 0.1706529241812208)
0(0.0, 0.17031596898331613)
0(0.0, 0.16899401613677267)
0(0.0, 0.1652266924499437)
0(0.0, 0.15907610237004333)
0(0.0, 0.15724969129956823)
0(0.0, 0.15367848561248343)
0(0.0, 0.15048735326585816)
0(0.0, 0.14934612083439758)
0(0.0, 0.14785107781186424)
0(0.0, 0.14132609201250612)
0(0.0, 0.1401918594263375)
0(0.0, 0.13989672977378453)
0(0.0, 0.13970385054319823)
0(0.0, 0.13848760780556724)
0(0.0, 0.1383340007975542)
0(0.0, 0.1379260382303168)
0(0.0, 0.1368647812298669)
0(0.0, 0.13665760247882097)
0(0.0, 0.1319832443180714)
0(0.0, 0.13112626051824672)
0(0.0, 0.13057606783951803)
0(0.0, 0.1298037229188066)
0(0.0, 0.12891022105056293)
0(0.0, 0.12823452195181406)
0(0.0, 0.1273769427899557)
0(0.0, 0.1272829118675849)
0(0.0, 0.1271824909764856)
0(0.0, 0.12662919565184538)
0(0.0, 0.12607384347459716)
0(0.0, 0.12534575224350986)
0(0.0, 0.12434718537353939)
0(0.0, 0.12285203368696207)
0(0.0, 0.12155767368158754)
0(0.0, 0.12137797220131219)
0(0.0, 0.12108112943341576)
0(0.0, 0.12087070290317203)
0(0.0, 0.12041903822272193)
0(0.0, 0.12022345380749377)
0(0.0, 0.1185018411711265)
0(0.0, 0.1179626651477843)
0(0.0, 0.11775168224615973)
0(0.0, 0.11681363633217823)
0(0.0, 0.11632177171540414)
0(0.0, 0.1162932526871735)
0(0.0, 0.11588813157842281)
0(0.0, 0.11587607911933828)
0(0.0, 0.11539312469409257)
0(0.0, 0.11507554205093551)
0(0.0, 0.11467717816075951)
0(0.0, 0.11431312097570434)
0(0.0, 0.11399550820736837)
0(0.0, 0.11215936836989548)
0(0.0, 0.10914014732634392)
0(0.0, 0.10899291382907983)
0(0.0, 0.10680629384276397)
0(0.0, 0.10641136471300028)
0(0.0, 0.10567820059943756)
0(0.0, 0.10480744076913884)
0(0.0, 0.10445027396359963)
0(0.0, 0.10406441702411551)
0(0.0, 0.10371528999296009)
0(0.0, 0.10357735903599896)
0(0.0, 0.10341706739878764)
0(0.0, 0.10340932689716142)
0(0.0, 0.10189842445537134)
0(0.0, 0.10180231261512585)
0(0.0, 0.1016713180946146)
0(0.0, 0.10133754042058196)
0(0.0, 0.10110698692982689)
0(0.0, 0.10022405223506614)
0(0.0, 0.09977240726444425)
0(0.0, 0.09965672804018677)
0(0.0, 0.09846002036997847)
0(0.0, 0.09831431112263578)
0(0.0, 0.09819722052399904)
0(0.0, 0.09758011039358527)
0(0.0, 0.09701711776652922)
0(0.0, 0.097015855565879)
0(0.0, 0.09673497042625478)
0(0.0, 0.09660914313428914)
0(0.0, 0.09647989687569458)
0(0.0, 0.09565819498700978)
0(0.0, 0.09535554382282663)
0(0.0, 0.09468102026819014)
0(0.0, 0.09389512153298507)
0(0.0, 0.09381059918684209)
0(0.0, 0.09373312429073644)
0(0.0, 0.09346839254774253)
0(0.0, 0.09339552755285097)
0(0.0, 0.09331295537106932)
0(0.0, 0.0923821684402466)
0(0.0, 0.0914506478551087)
0(0.0, 0.09106292381877179)
0(0.0, 0.09026976965720435)
0(0.0, 0.09004718763968167)
0(0.0, 0.0892975979015892)
0(0.0, 0.08799032780318738)
0(0.0, 0.08796290607175872)
0(0.0, 0.08758127418825279)
0(0.0, 0.0872952243237467)
0(0.0, 0.08709550495964313)
0(0.0, 0.08659427459005042)
0(0.0, 0.08653095685258472)
0(0.0, 0.08555811962545912)
0(0.0, 0.08500922156124113)
0(0.0, 0.08493027169898593)
0(0.0, 0.08426623784412701)
0(0.0, 0.08396831695010276)
0(0.0, 0.08379294701933415)
0(0.0, 0.08265411442980675)
0(0.0, 0.08264244670744825)
0(0.0, 0.08257055997867635)
0(0.0, 0.08229327666389585)
0(0.0, 0.08127447429291379)
0(0.0, 0.08124070084405088)
0(0.0, 0.08112141689944308)
0(0.0, 0.08031256798246567)
0(0.0, 0.07999300970136503)
0(0.0, 0.07974663604289378)
0(0.0, 0.07943113553068704)
0(0.0, 0.07891004495130283)
0(0.0, 0.07846587766364188)
0(0.0, 0.0782434740990755)
0(0.0, 0.07820396201135327)
0(0.0, 0.07816931552971129)
0(0.0, 0.07799297542528016)
0(0.0, 0.07789924082268085)
0(0.0, 0.07786996024562876)
0(0.0, 0.07753317470112087)
0(0.0, 0.07689874956539167)
0(0.0, 0.07679068600485273)
0(0.0, 0.07551888100401316)
0(0.0, 0.07533750256995142)
0(0.0, 0.07513050071589222)
0(0.0, 0.07509878048618857)
0(0.0, 0.07471685365150049)
0(0.0, 0.07448428534015794)
0(0.0, 0.07440892873046723)
0(0.0, 0.07388417860931529)
0(0.0, 0.07354196549847691)
0(0.0, 0.07304721295934602)
0(0.0, 0.07277580814271278)
0(0.0, 0.07265107051485131)
0(0.0, 0.07247883963003277)
0(0.0, 0.07211512606311465)
0(0.0, 0.07196434535611795)
0(0.0, 0.07180400470275328)
0(0.0, 0.07160022640297992)
0(0.0, 0.07138410266786643)
0(0.0, 0.07088452255522115)
0(0.0, 0.07071221631859226)
0(0.0, 0.07066495223270164)
0(0.0, 0.07043407586722938)
0(0.0, 0.06992127164770645)
0(0.0, 0.06986428073464612)
0(0.0, 0.06957331267118849)
0(0.0, 0.06945768891061554)
0(0.0, 0.06891773828830172)
0(0.0, 0.06827316005952955)
0(0.0, 0.0676827186010115)
0(0.0, 0.06710520028436018)
0(0.0, 0.06665191811353455)
0(0.0, 0.06651538804505253)
0(0.0, 0.06552885603975156)
0(0.0, 0.06509325901823992)
0(0.0, 0.06497515121505026)
0(0.0, 0.06447936639315754)
0(0.0, 0.06419818178050707)
0(0.0, 0.0639421456861563)
0(0.0, 0.0638454132421179)
0(0.0, 0.06365550007209453)
0(0.0, 0.06320427978847665)
0(0.0, 0.06273510928450254)
0(0.0, 0.06269634678909453)
0(0.0, 0.06263041458018648)
0(0.0, 0.06230238714160574)
0(0.0, 0.06179907708867394)
0(0.0, 0.06166715424627367)
0(0.0, 0.06160833563660395)
0(0.0, 0.06119602991332429)
0(0.0, 0.06111588753038322)
0(0.0, 0.060859571323767736)
0(0.0, 0.060849299381993016)
0(0.0, 0.060748764092086405)
0(0.0, 0.060137745861328806)
0(0.0, 0.059518607454596806)
0(0.0, 0.05920943633653308)
0(0.0, 0.05915594314268635)
0(0.0, 0.05876315887125205)
0(0.0, 0.05834335560679271)
0(0.0, 0.05802426559496188)
0(0.0, 0.056811120106666335)
0(0.0, 0.05681074075512027)
0(0.0, 0.0568015575340971)
0(0.0, 0.056418705227640475)
0(0.0, 0.05576953135884)
0(0.0, 0.05543183586222844)
0(0.0, 0.05539789784041649)
0(0.0, 0.055172363042016115)
0(0.0, 0.054888746720523796)
0(0.0, 0.05479951400565386)
0(0.0, 0.05466042177970232)
0(0.0, 0.054518784374702256)
0(0.0, 0.05446696730737355)
0(0.0, 0.054410315374417206)
0(0.0, 0.05430491023464401)
0(0.0, 0.053977921489301695)
0(0.0, 0.05393315368208673)
0(0.0, 0.05354095187633656)
0(0.0, 0.053498423620457425)
0(0.0, 0.05339155960292441)
0(0.0, 0.053123776043135895)
0(0.0, 0.05261195160919718)
0(0.0, 0.05260249175338838)
0(0.0, 0.05257587128089025)
0(0.0, 0.05234660914693412)
0(0.0, 0.05211874928027593)
0(0.0, 0.05203249686920597)
0(0.0, 0.051403423576492746)
0(0.0, 0.050938118100879004)
0(0.0, 0.050756074081203306)
0(0.0, 0.050743442361246616)
0(0.0, 0.0507221562203749)
0(0.0, 0.05065590097499573)
0(0.0, 0.05057093065541751)
0(0.0, 0.05053808091996792)
0(0.0, 0.0504215649001859)
0(0.0, 0.05042001390274342)
0(0.0, 0.05039601767038837)
0(0.0, 0.050334515233470434)
0(0.0, 0.050121104250890225)
0(0.0, 0.05010664745759541)
0(0.0, 0.04993945677206235)
0(0.0, 0.04969844909487531)
0(0.0, 0.0496733795455957)
0(0.0, 0.04937047134864425)
0(0.0, 0.04914867408172363)
0(0.0, 0.04902373840280094)
0(0.0, 0.04894146730031357)
0(0.0, 0.04894134068783129)
0(0.0, 0.04893979668328763)
0(0.0, 0.04880870265977788)
0(0.0, 0.048794667979321193)
0(0.0, 0.04876682876461691)
0(0.0, 0.04871749491452593)
0(0.0, 0.04866409015781381)
0(0.0, 0.048446950556608304)
0(0.0, 0.04838056904873256)
0(0.0, 0.048173351141396314)
0(0.0, 0.04813374054585817)
0(0.0, 0.04784364089133464)
0(0.0, 0.0476801394843307)
0(0.0, 0.0472197809705015)
0(0.0, 0.04695514148407676)
0(0.0, 0.046870434433919805)
0(0.0, 0.04666813893861965)
0(0.0, 0.04605164670674311)
0(0.0, 0.04572882779929066)
0(0.0, 0.0454418917682099)
0(0.0, 0.045351385246990006)
0(0.0, 0.04529563919698609)
0(0.0, 0.04521721911679155)
0(0.0, 0.0451443999643919)
0(0.0, 0.04476560970013177)
0(0.0, 0.04475279354506967)
0(0.0, 0.04468681089489024)
0(0.0, 0.04429880975545397)
0(0.0, 0.044172971405797345)
0(0.0, 0.043840494047414524)
0(0.0, 0.04383376038886444)
0(0.0, 0.04381081783178131)
0(0.0, 0.043493016133166695)
0(0.0, 0.04341840165123023)
0(0.0, 0.0432386161838797)
0(0.0, 0.043222255991414826)
0(0.0, 0.04308332343422594)
0(0.0, 0.04301558278635387)
0(0.0, 0.04296827492718225)
0(0.0, 0.0427988313476414)
0(0.0, 0.04229669375321787)
0(0.0, 0.042274935782965484)
0(0.0, 0.04165423868682239)
0(0.0, 0.04156761238378259)
0(0.0, 0.04155650870844829)
0(0.0, 0.04144131580013177)
0(0.0, 0.04142742949818534)
0(0.0, 0.04128552758450488)
0(0.0, 0.04122611333395898)
0(0.0, 0.04115444456655637)
0(0.0, 0.04048500496744378)
0(0.0, 0.04047533897485289)
0(0.0, 0.0404197813925411)
0(0.0, 0.040370179013490826)
0(0.0, 0.040224875891140766)
0(0.0, 0.040120417788606644)
0(0.0, 0.04008236160605416)
0(0.0, 0.04001374957990966)
0(0.0, 0.03996086815896127)
0(0.0, 0.03992463389727785)
0(0.0, 0.039595846557186065)
0(0.0, 0.03953474447423333)
0(0.0, 0.03950417533020867)
0(0.0, 0.03941336143200369)
0(0.0, 0.03934315869599214)
0(0.0, 0.03920683237050693)
0(0.0, 0.03916835373237182)
0(0.0, 0.03878817435521087)
0(0.0, 0.038680285493328026)
0(0.0, 0.03862381086795441)
0(0.0, 0.03841303050383016)
0(0.0, 0.038391065641807165)
0(0.0, 0.03832571737356627)
0(0.0, 0.03806101184858113)
0(0.0, 0.03797886995015465)
0(0.0, 0.03791919534376986)
0(0.0, 0.03773028548783908)
0(0.0, 0.03764127030945719)
0(0.0, 0.03758483516479194)
0(0.0, 0.03747999085040887)
0(0.0, 0.037137291913379444)
0(0.0, 0.037037912106505866)
0(0.0, 0.03696335542061435)
0(0.0, 0.036774957180891965)
0(0.0, 0.03659098622866863)
0(0.0, 0.036427055718862844)
0(0.0, 0.03615908762918951)
0(0.0, 0.03592212805307815)
0(0.0, 0.0359058223131139)
0(0.0, 0.03586766261083396)
0(0.0, 0.03577220110874546)
0(0.0, 0.035765584361026725)
0(0.0, 0.03569543380966045)
0(0.0, 0.03550688940032254)
0(0.0, 0.03541466981971708)
0(0.0, 0.03511890231717529)
0(0.0, 0.03500268513733107)
0(0.0, 0.03487496789993694)
0(0.0, 0.03482832647622369)
0(0.0, 0.034626636808334554)
0(0.0, 0.0345986480624344)
0(0.0, 0.034593211168165716)
0(0.0, 0.03454018720565144)
0(0.0, 0.03442213926251336)
0(0.0, 0.03429036928851448)
0(0.0, 0.03419477293366979)
0(0.0, 0.034096013713560414)
0(0.0, 0.033991126005546435)
0(0.0, 0.033977734083642575)
0(0.0, 0.033952623258491466)
0(0.0, 0.03392944288429878)
0(0.0, 0.03379120613454134)
0(0.0, 0.03375273394286127)
0(0.0, 0.03367197641337749)
0(0.0, 0.0334432391884929)
0(0.0, 0.03331870006010451)
0(0.0, 0.032931378138019385)
0(0.0, 0.03291992036245839)
0(0.0, 0.0328740559963)
0(0.0, 0.03275226741908943)
0(0.0, 0.03242306152883667)
0(0.0, 0.03222393311555416)
0(0.0, 0.03219257450185842)
0(0.0, 0.03215846178119375)
0(0.0, 0.03198159647238619)
0(0.0, 0.03189843734008413)
0(0.0, 0.03161566166961072)
0(0.0, 0.03161471209685429)
0(0.0, 0.03158847401231868)
0(0.0, 0.03153555068706326)
0(0.0, 0.03143856681957702)
0(0.0, 0.03138814840452331)
0(0.0, 0.030992912035197162)
0(0.0, 0.03096884496244534)
0(0.0, 0.03074456155648042)
0(0.0, 0.030447504838316375)
0(0.0, 0.030410770821886368)
0(0.0, 0.0303955263825606)
0(0.0, 0.030363601938644846)
0(0.0, 0.030310824348475318)
0(0.0, 0.029693056427233522)
0(0.0, 0.029692680931412196)
0(0.0, 0.029689273944430106)
0(0.0, 0.029490593193762127)
0(0.0, 0.02909155456895085)
0(0.0, 0.02861794725634037)
0(0.0, 0.028123731958239362)
0(0.0, 0.027669346313670018)
0(0.0, 0.027252245516338647)
0(0.0, 0.0271428886873607)
0(0.0, 0.027073461753635453)
0(0.0, 0.027064648484625975)
0(0.0, 0.027026831608972124)
0(0.0, 0.026902836820910214)
0(0.0, 0.026810888887351836)
0(0.0, 0.026655611252993094)
0(0.0, 0.026280710406106467)
0(0.0, 0.02618923607256962)
0(0.0, 0.026071376842316196)
0(0.0, 0.025699000990414)
0(0.0, 0.025153778726325404)
0(0.0, 0.025080369922720558)
0(0.0, 0.025016808506002297)
0(0.0, 0.024977676263770343)
0(0.0, 0.024737922581035354)
0(0.0, 0.024721469833609344)
0(0.0, 0.024471114122786353)
0(0.0, 0.024352963876391076)
0(0.0, 0.024223876318763216)
0(0.0, 0.024184063140331502)
0(0.0, 0.02402339139703491)
0(0.0, 0.023849485930373282)
0(0.0, 0.023543785887221058)
0(0.0, 0.02304722207550647)
0(0.0, 0.022448962864488164)
0(0.0, 0.01805057793004694)
0(0.0, 0.014931628513280226)
0(0.0, 0.006687412027879591)
