1(0.7640741281650572, 1.0570768690935335)
1(0.24335689635393676, 0.29022249391873856)
1(0.10219147607677614, 0.1359592901015365)
1(0.4518595604887936, 0.48445203529693004)
1(0.20255423052452481, 0.232313370248311)
1(0.11356730048224117, 0.1412222739022101)
1(0.11803624342071628, 0.14384675715609407)
1(0.047393860810489796, 0.0731876620102333)
1(0.05540664567938958, 0.07950610285129034)
1(0.10756194299831723, 0.13006409112404105)
1(0.05609072079427324, 0.07783040749045489)
1(0.06960772912952962, 0.09102182109759516)
1(0.0781654897022428, 0.09747292871677782)
1(0.05691130655503929, 0.07509717837283159)
1(0.04049225230114406, 0.05763577192429126)
1(0.09625237285738653, 0.11332700587631128)
1(0.12597185011032852, 0.14300489312673115)
1(0.08461277405435697, 0.10067428578116633)
1(0.04189609481884071, 0.05773922578900814)
1(0.050714651163956015, 0.06652586156017493)
1(0.06445032834452191, 0.07999293774086857)
1(0.0385235983962694, 0.05402763483435924)
1(0.06719887497070276, 0.08266122482022742)
1(0.0688328679323702, 0.08386550597941478)
1(0.1394572184726598, 0.1543906620677078)
1(0.10108219497298065, 0.11589896963061574)
1(0.07769607451401939, 0.09215074547421576)
1(0.043099908489485306, 0.05749508774079992)
1(0.08474422210454646, 0.09905850799917704)
1(0.09897036000806614, 0.11324038324665475)
1(0.1948427590549059, 0.20905175239241836)
1(0.06530336822620975, 0.07903188701676711)
1(0.05719038664089782, 0.07081179333718013)
1(0.0685407760579041, 0.08181406422524717)
1(0.046957949738157145, 0.0599633563093378)
1(0.10037661007943166, 0.11332700587631128)
1(0.09745667512826894, 0.10983465021672745)
1(0.06371496363218776, 0.07599544336663744)
1(0.08529037386418714, 0.09747292871677782)
1(0.08659248358450966, 0.09871537344001768)
1(0.10392756277897564, 0.11590198231774795)
1(0.054620803375254545, 0.06630831906324741)
1(0.057596046221258135, 0.06917879618764522)
1(0.05854407098284964, 0.06976312044494548)
1(0.06221667171268286, 0.07333419052997103)
1(0.05537338231135802, 0.06638901120816043)
1(0.06590562414543244, 0.07687039049306321)
1(0.05518233184355148, 0.06613655066978152)
1(0.055983984778109064, 0.06691722651479937)
1(0.06002517388083484, 0.07088289894995836)
1(0.031718948835988914, 0.04222508006067682)
1(0.05460630453394699, 0.06499265763979611)
1(0.0962544976890426, 0.10657032375408726)
1(0.08086785507955974, 0.0910985603824237)
1(0.057679800436883366, 0.06775346605008814)
1(0.07590288803638223, 0.08567891025200736)
1(0.05266602239041396, 0.06235147648890971)
1(0.05580074578345329, 0.06531593931133806)
1(0.06593476071843085, 0.07541744831380248)
1(0.0610784401646457, 0.07055585153519517)
1(0.029915231686397648, 0.03910442247747725)
1(0.03148608925829599, 0.04062832592969823)
1(0.0315155773133049, 0.040564594234758555)
1(0.037468106882249996, 0.04635535594717266)
1(0.12662500117673026, 0.13544177877213104)
1(0.028672005635608788, 0.03747670046870899)
1(0.04331144833498213, 0.05200873232038594)
1(0.06291554713316772, 0.07156644161187409)
1(0.07238528302706171, 0.0809393647154596)
1(0.031732698138074444, 0.0402155078323132)
1(0.07756643098796556, 0.08598942618722083)
1(0.055217698120497705, 0.06360546463104866)
1(0.04584246962151617, 0.05420526074484566)
1(0.09068613035414597, 0.09897379754543645)
1(0.0711778588663331, 0.0793578402572408)
1(0.03173149160535582, 0.03970947703879468)
1(0.05155129933949398, 0.05947757723837488)
1(0.058476764177821994, 0.06630831906324741)
1(0.04255021428049821, 0.05018818267992553)
1(0.07594437097308215, 0.08350820746667875)
1(0.04926629633376822, 0.05674986712145458)
1(0.0400910648817675, 0.04721591600036423)
1(0.07027336563109043, 0.07727760093945768)
1(0.06764788599951144, 0.0746272508181568)
1(0.028141554251814416, 0.03504241132645014)
1(0.06440763127958338, 0.07129915059925096)
1(0.057026375158080844, 0.06386696955111915)
1(0.05742021787816687, 0.06423682488638882)
1(0.06980915834753154, 0.07655182035381958)
1(0.12435757831603167, 0.1310244306528291)
1(0.08208557704177033, 0.08874554520538369)
1(0.05914070174939834, 0.06576572746633047)
1(0.10614055790234178, 0.11268689367169782)
1(0.03778468382277056, 0.04432775575520753)
1(0.08985026620581849, 0.09628986234083126)
1(0.025027951481541355, 0.03142808634348426)
1(0.05946313559708072, 0.0658477511673271)
1(0.04087815118138027, 0.04714907308368854)
1(0.02836155703524923, 0.03461118748441916)
1(0.02868182112729012, 0.03487115272344021)
1(0.0335805736944792, 0.039608285131676246)
1(0.03567535220603124, 0.04159539767103604)
1(0.0779135809485455, 0.08365411684157453)
1(0.021127612263988405, 0.026860788690048598)
1(0.07134014105976516, 0.07703406173583349)
1(0.0581761795146426, 0.06386696955111915)
1(0.036028499431077776, 0.04167707946799992)
1(0.033954662999328256, 0.03956881004209223)
1(0.014812064800546088, 0.020410934044244655)
1(0.03653834916766441, 0.04213280281839915)
1(0.03820400459790574, 0.043733164980242156)
1(0.05144507694697398, 0.056832315293451896)
1(0.0788206700889379, 0.08407827951891311)
1(0.08995828401410977, 0.09519103129564987)
1(0.09119115474983808, 0.0961649216457433)
1(0.07350478889887202, 0.07847632004166716)
1(0.07532586664725394, 0.08028327056882312)
1(0.07943255187864695, 0.0843376714432369)
1(0.046313527317101366, 0.051122203060881666)
1(0.03116950430342058, 0.03583107453314016)
1(0.020439385711030766, 0.025034653625116143)
1(0.04195634164273576, 0.046525227699553695)
1(0.03307462731984401, 0.037632793743920034)
1(0.08303820125862194, 0.08757884572318064)
1(0.13328886427287445, 0.1378196640637388)
1(0.03158494958357205, 0.03607300068608399)
1(0.035180116309903586, 0.03964172158262236)
1(0.09840601169697483, 0.10284968124047267)
1(0.04193969878683235, 0.04635535594717266)
1(0.06477079075305747, 0.06917879618764522)
1(0.13240998880342703, 0.13680620284915623)
1(0.06853278868230683, 0.07265033504872742)
1(0.07592547691910001, 0.08001130207516804)
1(0.05500620298094927, 0.05904228262936273)
1(0.04883981596749887, 0.052868051016724094)
1(0.059151629179753695, 0.06312496789131405)
1(0.21886741919997232, 0.22283991684523896)
1(0.03112188981084596, 0.03507333597081419)
1(0.03090872946127854, 0.03477487547056535)
1(0.03908284349237168, 0.04293515748447274)
1(0.049483228615899155, 0.053299916270697856)
1(0.041329862107799875, 0.04500052555122758)
1(0.03225702102112027, 0.03590081924354971)
1(0.031190300507900504, 0.034811352675391594)
1(0.022925766892478383, 0.026546465582283685)
1(0.05350634183351832, 0.05712564365337591)
1(0.03344364707605407, 0.03703557252995704)
1(0.025940490849387543, 0.02943486704255982)
1(0.05006880295499461, 0.05354824918915757)
1(0.03202624241807339, 0.03549077796837474)
1(0.09195522480758, 0.09539985094592707)
1(0.055179681630612265, 0.05858781353274478)
1(0.06539883149504333, 0.06879610624753274)
1(0.03422448014013457, 0.03756547770676366)
1(0.06025282107507579, 0.06359036891549263)
1(0.04712727367882108, 0.05032252648161284)
1(0.02840217149316182, 0.03158996616993981)
1(0.03888498996007761, 0.042069691420977606)
1(0.10419404906772267, 0.10735546160146192)
1(0.03994731723002043, 0.04310748971106715)
1(0.06694008809198648, 0.06995953691271606)
1(0.02235883722160492, 0.02532572787585452)
1(0.049760343629954074, 0.05269105525721218)
1(0.09188578650795864, 0.09481010562820813)
1(0.0927232062145329, 0.0956273959366255)
1(0.04069158818429608, 0.04355913640293274)
1(0.07009733901632931, 0.07293022835860019)
1(0.14743864583476174, 0.15019695493760343)
1(0.01937397316561984, 0.02209395307297002)
1(0.0859922006083591, 0.08863563394042806)
1(0.02856565942884748, 0.031179561657555865)
1(0.03165322686549743, 0.03426148583985067)
1(0.05387369712555734, 0.05648129120491008)
1(0.06459010644110164, 0.06717583586318232)
1(0.021918854825962675, 0.024468395366885276)
1(0.03720372863706922, 0.03972832651073466)
1(0.06960791949634992, 0.07200213364590624)
1(0.11837021868570918, 0.12070667983613914)
1(0.02229135005470162, 0.024560330674587072)
1(0.024616944252754736, 0.026845468827871644)
1(0.04863957850172018, 0.05085681253016683)
1(0.016179635559178784, 0.018363260676033888)
1(0.02470647244204982, 0.026869183393691265)
1(0.08673497749896553, 0.08885383756919207)
1(0.07335999709395069, 0.07543678824077482)
1(0.06127473928021965, 0.06333252842029657)
1(0.022458085959458973, 0.024460539018540062)
1(0.03886519714574321, 0.04082016461087179)
1(0.046879647096607524, 0.048816210101295665)
1(0.03284011028589584, 0.03477487547056535)
1(0.1282951502692521, 0.13022069019163707)
1(0.06396275969168619, 0.0658800264571826)
1(0.06596513052515096, 0.06787243271889454)
1(0.10134889635156852, 0.10323878910528861)
1(0.024931170501793165, 0.026785807329499645)
1(0.024289571232213536, 0.026123056530316657)
1(0.14633825182395122, 0.14814718430250828)
1(0.08755305274761382, 0.0893120690852921)
1(0.037804721988466294, 0.03953174246649538)
1(0.1501074241807412, 0.1517248040660102)
1(0.03962956394999828, 0.041185576648823385)
1(0.0415063002042938, 0.043056380186512255)
1(0.07642608450464983, 0.07794836653012127)
1(0.028237503293986443, 0.029745796993979057)
1(0.04843394723922978, 0.04986054719110078)
1(0.06225054105254357, 0.06359644853809221)
1(0.02997668322904845, 0.03131122219501503)
1(0.02563622982877689, 0.026962484812425247)
1(0.0223940232240728, 0.023698387238162866)
1(0.04139832371253849, 0.04269914805478703)
1(0.018903181423707283, 0.020170534806815077)
1(0.028589811488896055, 0.029837888645897537)
1(0.025637894895268465, 0.026869183393691265)
1(0.04525836165901176, 0.0464557665259967)
1(0.042830674859636986, 0.04397650051526658)
1(0.06655939531893762, 0.06769089016680707)
1(0.04391173558524131, 0.045036612637919804)
1(0.11006328313277836, 0.1111738822105165)
1(0.07765301188184581, 0.07873915229047623)
1(0.06677514574887222, 0.06779736716781637)
1(0.16878161888699394, 0.16978812158051504)
1(0.03959571551430785, 0.04056066040644102)
1(0.021024337162802498, 0.02195833525747326)
1(0.05758782340303492, 0.05846796903957141)
1(0.041907373349088894, 0.042705632570521845)
1(0.03525446737400917, 0.03602314384079175)
1(0.023818441518783207, 0.024560330674587072)
1(0.04375652057467616, 0.04449230242566027)
1(0.042161815426130844, 0.04287251892328614)
1(0.038708452539329086, 0.03936835518413195)
1(0.06430360642964805, 0.06496309741051431)
1(0.06608921669228851, 0.06667130163462376)
1(0.02340330637815702, 0.02397690169864919)
1(0.030567446458390046, 0.031105211161904678)
1(0.03180120333007064, 0.03232106456980377)
1(0.0758284810476978, 0.07630508838272188)
1(0.041846611469258166, 0.0423193264099907)
1(0.06630088480869034, 0.06672181258917176)
1(0.032235814433762555, 0.03252820289100178)
1(0.05145697526846138, 0.05163628305438539)
1(0.04272141768737037, 0.04288987400978417)
1(0.05656077532867454, 0.05661785834896793)
1(0.02651540503428329, 0.026546465582283685)
1(0.05504408585396259, 0.0550715288860647)
1(0.06952239921210535, 0.06954737399105093)
1(0.022938614737652463, 0.02294264948709701)
0(0.0, inf)
0(0.0, 0.3788100788336132)
0(0.0, 0.2917363327312895)
0(0.0, 0.22158865825052443)
0(0.0, 0.2131410875708215)
0(0.0, 0.18709314794571885)
0(0.0, 0.18641533046510628)
0(0.0, 0.1642126074321847)
0(0.0, 0.16249934215371886)
0(0.0, 0.15977705632240635)
0(0.0, 0.15915286930198158)
0(0.0, 0.15782772381630916)
0(0.0, 0.13993999238565158)
0(0.0, 0.13675271438768166)
0(0.0, 0.13127527237414804)
0(0.0, 0.12024233076380064)
0(0.0, 0.11359832173726059)
0(0.0, 0.11119408155671962)
0(0.0, 0.11064729164226239)
0(0.0, 0.10600247247277328)
0(0.0, 0.1044356022133971)
0(0.0, 0.10310188609633542)
0(0.0, 0.09989562372568495)
0(0.0, 0.09934712838261217)
0(0.0, 0.09630518155085055)
0(0.0, 0.09538656593665729)
0(0.0, 0.09472502047153886)
0(0.0, 0.09456513909390085)
0(0.0, 0.09447411090651014)
0(0.0, 0.09419466916756236)
0(0.0, 0.0918983008658697)
0(0.0, 0.09150726565824441)
0(0.0, 0.09103331342421539)
0(0.0, 0.09101421228261963)
0(0.0, 0.09095523540568351)
0(0.0, 0.09069222289820666)
0(0.0, 0.08867595755046664)
0(0.0, 0.08837721458012171)
0(0.0, 0.08765288022612361)
0(0.0, 0.08659754701678923)
0(0.0, 0.0855785821461773)
0(0.0, 0.08474130300516314)
0(0.0, 0.08442725280828656)
0(0.0, 0.08431925117593997)
0(0.0, 0.08427797489822364)
0(0.0, 0.08328008807565501)
0(0.0, 0.08322308113696097)
0(0.0, 0.08224207285262741)
0(0.0, 0.08145806532663247)
0(0.0, 0.08053943788801199)
0(0.0, 0.08047073535047311)
0(0.0, 0.08035822888399347)
0(0.0, 0.08020645910124646)
0(0.0, 0.08017366805190351)
0(0.0, 0.0783811109356829)
0(0.0, 0.07831404778219253)
0(0.0, 0.07703344902582643)
0(0.0, 0.07683717655416533)
0(0.0, 0.07682854441198306)
0(0.0, 0.07619630736256855)
0(0.0, 0.07602151894822273)
0(0.0, 0.07543651856068823)
0(0.0, 0.07504043720219711)
0(0.0, 0.07443914813688424)
0(0.0, 0.07320495643483715)
0(0.0, 0.0729225215396132)
0(0.0, 0.07256848828071971)
0(0.0, 0.07183366216649756)
0(0.0, 0.07123269079361305)
0(0.0, 0.06831106615040772)
0(0.0, 0.06802381129046131)
0(0.0, 0.06786577575113617)
0(0.0, 0.06707769283211518)
0(0.0, 0.06704599250332799)
0(0.0, 0.06672014338448784)
0(0.0, 0.06638975368614886)
0(0.0, 0.06620769938641946)
0(0.0, 0.06590729070861734)
0(0.0, 0.06540874908564243)
0(0.0, 0.06500333115201462)
0(0.0, 0.06500038948920417)
0(0.0, 0.06496760605578411)
0(0.0, 0.06454833909193369)
0(0.0, 0.06451234638184833)
0(0.0, 0.06441447951397461)
0(0.0, 0.06409718289488286)
0(0.0, 0.06352971230441162)
0(0.0, 0.0633900895088837)
0(0.0, 0.0630272941942096)
0(0.0, 0.062424598848519586)
0(0.0, 0.06168730327942984)
0(0.0, 0.06163263317435863)
0(0.0, 0.0616172233651765)
0(0.0, 0.06148460927405153)
0(0.0, 0.06134376153931742)
0(0.0, 0.06121998643364779)
0(0.0, 0.060236023688650664)
0(0.0, 0.06006331684947286)
0(0.0, 0.059707189746328715)
0(0.0, 0.05935144048832397)
0(0.0, 0.058635597029460085)
0(0.0, 0.05831950241642192)
0(0.0, 0.05825390665074215)
0(0.0, 0.057661188625692916)
0(0.0, 0.05755949127015769)
0(0.0, 0.05729821509279376)
0(0.0, 0.05685780976575883)
0(0.0, 0.05663074362479259)
0(0.0, 0.0564980398166991)
0(0.0, 0.05595748173263615)
0(0.0, 0.055620762162645)
0(0.0, 0.055054217525086435)
0(0.0, 0.055011437376084826)
0(0.0, 0.05475041054334007)
0(0.0, 0.0540611365709287)
0(0.0, 0.053722921750541275)
0(0.0, 0.053665417133405)
0(0.0, 0.05333969910641201)
0(0.0, 0.052736839686690185)
0(0.0, 0.052490607385878074)
0(0.0, 0.0524194091591359)
0(0.0, 0.05231621323959157)
0(0.0, 0.05221106521204666)
0(0.0, 0.05179146575706062)
0(0.0, 0.05178746392651967)
0(0.0, 0.05175178934683167)
0(0.0, 0.051469500449029315)
0(0.0, 0.051388006341939074)
0(0.0, 0.051370813598418885)
0(0.0, 0.05097298182364618)
0(0.0, 0.050964137707925405)
0(0.0, 0.05078899296854322)
0(0.0, 0.050747716139793564)
0(0.0, 0.050576404642771244)
0(0.0, 0.05051873683858965)
0(0.0, 0.05049467541096675)
0(0.0, 0.05042780864434182)
0(0.0, 0.050419684128207076)
0(0.0, 0.05013572614206807)
0(0.0, 0.04988513202327072)
0(0.0, 0.04981987145414857)
0(0.0, 0.04978990439004627)
0(0.0, 0.04942718107325417)
0(0.0, 0.049347474019465154)
0(0.0, 0.04928306588946585)
0(0.0, 0.04921141968682685)
0(0.0, 0.04885012336977579)
0(0.0, 0.04862674341450679)
0(0.0, 0.048464042782400796)
0(0.0, 0.04830992215779739)
0(0.0, 0.0479429056104802)
0(0.0, 0.04758374136971599)
0(0.0, 0.047573154346274404)
0(0.0, 0.04733292070616113)
0(0.0, 0.04720013755022312)
0(0.0, 0.046934311853848554)
0(0.0, 0.04656832930523502)
0(0.0, 0.04656095565898655)
0(0.0, 0.04652460951161497)
0(0.0, 0.04614689427689367)
0(0.0, 0.045854189665567646)
0(0.0, 0.04581204139703843)
0(0.0, 0.04561531352610815)
0(0.0, 0.04537778774230006)
0(0.0, 0.045158615856071616)
0(0.0, 0.04436575632163409)
0(0.0, 0.04429351455026409)
0(0.0, 0.044138626961158445)
0(0.0, 0.04407662586965777)
0(0.0, 0.043823835328525296)
0(0.0, 0.043789418562642846)
0(0.0, 0.04377621163734413)
0(0.0, 0.043461743100891015)
0(0.0, 0.04338079366078296)
0(0.0, 0.04300110971990856)
0(0.0, 0.042955943076539826)
0(0.0, 0.04292069062367354)
0(0.0, 0.042910616097909804)
0(0.0, 0.04260746522436065)
0(0.0, 0.04210421821733168)
0(0.0, 0.042080531260161314)
0(0.0, 0.04199223798200047)
0(0.0, 0.04166210189579522)
0(0.0, 0.04107116355363338)
0(0.0, 0.040665789737021285)
0(0.0, 0.04036991574694804)
0(0.0, 0.040334570854265395)
0(0.0, 0.04020647762940044)
0(0.0, 0.03994377697504692)
0(0.0, 0.03993962809599372)
0(0.0, 0.03974253598002875)
0(0.0, 0.03928294846782876)
0(0.0, 0.03882458809843381)
0(0.0, 0.0386121150681743)
0(0.0, 0.03846636878429188)
0(0.0, 0.03837660834554213)
0(0.0, 0.03829082537007322)
0(0.0, 0.03815143941485999)
0(0.0, 0.03809710820628698)
0(0.0, 0.03807578566526415)
0(0.0, 0.03799950767049287)
0(0.0, 0.03771482603420695)
0(0.0, 0.03753706684440927)
0(0.0, 0.037342644378374534)
0(0.0, 0.037275494890231964)
0(0.0, 0.03718198890685953)
0(0.0, 0.037177828910111455)
0(0.0, 0.03703620867247792)
0(0.0, 0.03687178509038613)
0(0.0, 0.036810934145506846)
0(0.0, 0.03677233178427308)
0(0.0, 0.03649389213502685)
0(0.0, 0.03647836829193152)
0(0.0, 0.0362868870305364)
0(0.0, 0.036213623541072826)
0(0.0, 0.03619606848898438)
0(0.0, 0.035952908012967244)
0(0.0, 0.03581201732075956)
0(0.0, 0.03571864689080617)
0(0.0, 0.03569930850863601)
0(0.0, 0.03543854584353334)
0(0.0, 0.035321566938619875)
0(0.0, 0.03516190005612285)
0(0.0, 0.03501681822533542)
0(0.0, 0.035011857709565164)
0(0.0, 0.03499328028672477)
0(0.0, 0.03484313111647208)
0(0.0, 0.03484047673805157)
0(0.0, 0.03480234832951057)
0(0.0, 0.03476717159706366)
0(0.0, 0.03440695788014936)
0(0.0, 0.03431404484810574)
0(0.0, 0.034263368297654195)
0(0.0, 0.03386488582472513)
0(0.0, 0.03351555808554929)
0(0.0, 0.033269785018640974)
0(0.0, 0.033247381809010323)
0(0.0, 0.03324065633571882)
0(0.0, 0.033235399904523844)
0(0.0, 0.03313331606676162)
0(0.0, 0.0330080546125765)
0(0.0, 0.032830696841805174)
0(0.0, 0.03281421617032043)
0(0.0, 0.03273257177095845)
0(0.0, 0.032720860311111655)
0(0.0, 0.03256457052561168)
0(0.0, 0.03246847483452964)
0(0.0, 0.03230875421505697)
0(0.0, 0.03228545659389159)
0(0.0, 0.03205935278986949)
0(0.0, 0.0318461356565134)
0(0.0, 0.03153572776092406)
0(0.0, 0.0313985839026687)
0(0.0, 0.03135614105412221)
0(0.0, 0.031348685365581885)
0(0.0, 0.03128854489884125)
0(0.0, 0.03125856717822095)
0(0.0, 0.031145144396644286)
0(0.0, 0.031037845797176278)
0(0.0, 0.031027153265434815)
0(0.0, 0.030998494781797836)
0(0.0, 0.030949278620291287)
0(0.0, 0.030755625455493818)
0(0.0, 0.030747224845748433)
0(0.0, 0.030712940856649884)
0(0.0, 0.030675301070821837)
0(0.0, 0.030397970347063707)
0(0.0, 0.03029629474667639)
0(0.0, 0.030147489127027804)
0(0.0, 0.030105730308910728)
0(0.0, 0.030020434778303295)
0(0.0, 0.030001220102543358)
0(0.0, 0.029915447907049808)
0(0.0, 0.02989969295472039)
0(0.0, 0.02989804869171553)
0(0.0, 0.02977349740310664)
0(0.0, 0.029752492437798428)
0(0.0, 0.0296064070419525)
0(0.0, 0.029440862186085992)
0(0.0, 0.029436795003837224)
0(0.0, 0.0294223385170006)
0(0.0, 0.029409899769675674)
0(0.0, 0.029404963251449034)
0(0.0, 0.02937656845063097)
0(0.0, 0.02929517617342703)
0(0.0, 0.029215383786142968)
0(0.0, 0.028959147418293085)
0(0.0, 0.028668639342751545)
0(0.0, 0.02862384388655692)
0(0.0, 0.028474946643816335)
0(0.0, 0.0284680014328752)
0(0.0, 0.028452984341767684)
0(0.0, 0.028064109077240884)
0(0.0, 0.027943819091301836)
0(0.0, 0.02788555820835692)
0(0.0, 0.027609430627081877)
0(0.0, 0.02749476781839766)
0(0.0, 0.02737437164066714)
0(0.0, 0.027274411273493504)
0(0.0, 0.02696587923438387)
0(0.0, 0.02681682345239711)
0(0.0, 0.026735158544424653)
0(0.0, 0.02640961952509746)
0(0.0, 0.026376680793664065)
0(0.0, 0.026343191762155604)
0(0.0, 0.026332729715893732)
0(0.0, 0.026199183023153272)
0(0.0, 0.026187077692330973)
0(0.0, 0.02616661155513189)
0(0.0, 0.026156178353824555)
0(0.0, 0.026123568193578417)
0(0.0, 0.0259871210003082)
0(0.0, 0.025818924817961553)
0(0.0, 0.02575285794953619)
0(0.0, 0.025571150869925674)
0(0.0, 0.025559186051053007)
0(0.0, 0.025486586000001532)
0(0.0, 0.025458099031859027)
0(0.0, 0.025431600964809453)
0(0.0, 0.025399913469710933)
0(0.0, 0.025283948620957175)
0(0.0, 0.02524745516652327)
0(0.0, 0.025193085128227488)
0(0.0, 0.025084885494887632)
0(0.0, 0.02497400072366307)
0(0.0, 0.024924389877285513)
0(0.0, 0.024730086510290183)
0(0.0, 0.024623592402989836)
0(0.0, 0.024581375295857577)
0(0.0, 0.024570863784393326)
0(0.0, 0.024553564133047545)
0(0.0, 0.024322589511810544)
0(0.0, 0.024306452756952535)
0(0.0, 0.024301300802736292)
0(0.0, 0.024080082567312977)
0(0.0, 0.023823901101296174)
0(0.0, 0.023807923732083625)
0(0.0, 0.023735791947479434)
0(0.0, 0.023639034948826354)
0(0.0, 0.023545565415361902)
0(0.0, 0.023491553059969306)
0(0.0, 0.02346888248390222)
0(0.0, 0.02344917498264021)
0(0.0, 0.023418390250417698)
0(0.0, 0.02306689896827363)
0(0.0, 0.022939183513685513)
0(0.0, 0.02289951495665865)
0(0.0, 0.02285469492917469)
0(0.0, 0.02282881146324145)
0(0.0, 0.022619013968588675)
0(0.0, 0.02250818515813191)
0(0.0, 0.02247971533291293)
0(0.0, 0.022425299082527106)
0(0.0, 0.022380651425650044)
0(0.0, 0.022321649945424404)
0(0.0, 0.02231491301651134)
0(0.0, 0.022174846652153746)
0(0.0, 0.022057390122777965)
0(0.0, 0.021851522506012633)
0(0.0, 0.02183382209297935)
0(0.0, 0.02177277016962753)
0(0.0, 0.021728084396664182)
0(0.0, 0.0215195193968869)
0(0.0, 0.021407288141388148)
0(0.0, 0.02139872490433259)
0(0.0, 0.021376486016236984)
0(0.0, 0.021344211022979898)
0(0.0, 0.021319145862796485)
0(0.0, 0.021059099851935992)
0(0.0, 0.0210500880088601)
0(0.0, 0.020855045255515958)
0(0.0, 0.020749152521161607)
0(0.0, 0.020698005380897944)
0(0.0, 0.020615471053716306)
0(0.0, 0.020573372930991707)
0(0.0, 0.020550633689485287)
0(0.0, 0.020544722745442168)
0(0.0, 0.020490294137334275)
0(0.0, 0.02042974506634543)
0(0.0, 0.020232453805193562)
0(0.0, 0.02003523500096449)
0(0.0, 0.01971807377474355)
0(0.0, 0.019256073549452357)
0(0.0, 0.01905804512857301)
0(0.0, 0.018988113535347795)
0(0.0, 0.018982981147255495)
0(0.0, 0.018710320712635564)
0(0.0, 0.01868905895617734)
0(0.0, 0.018499053264146914)
0(0.0, 0.0184133537957909)
0(0.0, 0.018312153587454083)
0(0.0, 0.0181774961879706)
0(0.0, 0.01806866341351321)
0(0.0, 0.018048481417909268)
0(0.0, 0.01804809892946313)
0(0.0, 0.01804460254124718)
0(0.0, 0.017982343615437935)
0(0.0, 0.017947516247336703)
0(0.0, 0.01794375071404586)
0(0.0, 0.017765827774333554)
0(0.0, 0.01776022708946612)
0(0.0, 0.017745494042356924)
0(0.0, 0.017735057104280583)
0(0.0, 0.017582407136825018)
0(0.0, 0.017422419444600545)
0(0.0, 0.017314890129001337)
0(0.0, 0.017230026871870918)
0(0.0, 0.01705358757445552)
0(0.0, 0.01694358217583103)
0(0.0, 0.01680830712794612)
0(0.0, 0.016468137742408406)
0(0.0, 0.016161645632837618)
0(0.0, 0.015911567627349466)
0(0.0, 0.015842102175697703)
0(0.0, 0.01582464395104699)
0(0.0, 0.015698313723647717)
0(0.0, 0.015232340577865933)
0(0.0, 0.014722964082467871)
0(0.0, 0.014658162543659925)
0(0.0, 0.014636712211490654)
0(0.0, 0.013924199818968752)
0(0.0, 0.013242538903588286)
0(0.0, 0.012849606381387546)
0(0.0, 0.011961901913542405)
0(0.0, 0.011883560857532283)
0(0.0, 0.011869061010581605)
0(0.0, 0.011841231633913263)
0(0.0, 0.011734212666728139)
0(0.0, 0.011092711915901443)
0(0.0, 0.01027495879342144)
0(0.0, 0.009712484215318895)
0(0.0, 0.0075442600960267114)
