1(0.47434143170464316, 0.7217844687583689)
1(0.6623247126399698, 0.8183187858882895)
1(0.4228449045274737, 0.5481917227556699)
1(0.22646763958505867, 0.308425014788278)
1(0.18339345055538103, 0.2627738033439071)
1(0.2693584918431605, 0.3471827915238742)
1(0.23873556768601534, 0.3025228682629375)
1(0.22970110813904843, 0.29262223139959653)
1(0.27494616262844795, 0.33565257128877546)
1(0.19037558018557166, 0.24963084990437345)
1(0.21892901530286202, 0.2779621658127238)
1(0.4351561235378357, 0.49403515510847895)
1(0.21512614330807656, 0.2737726619284421)
1(0.21782909856852306, 0.275533270118573)
1(0.2208056647440667, 0.2781439017418701)
1(0.32454884729440814, 0.3815174912527465)
1(0.23065287581750282, 0.2868950957137235)
1(0.14032694947046542, 0.1963073527260143)
1(0.16901168045655013, 0.2235307605880873)
1(0.1632542839335125, 0.21757630142839446)
1(0.12896546670040498, 0.1810919867319386)
1(0.1476355304337822, 0.19885442462615321)
1(0.18814226712596116, 0.2391514923040461)
1(0.1559007586650124, 0.2056349668579569)
1(0.2121822165299967, 0.26133028128158853)
1(0.13536314996200294, 0.18449739141090038)
1(0.16294935267500643, 0.21176829055898982)
1(0.18432086435389516, 0.23192037976304192)
1(0.1934668876088531, 0.24106470585874396)
1(0.19308297695760734, 0.23989878220779493)
1(0.25112604917940173, 0.29731403602031736)
1(0.20087197647748434, 0.24695271832784527)
1(0.18589868639375207, 0.23176460859088388)
1(0.3599126395357779, 0.4049056604234852)
1(0.17079524418538417, 0.21508299642689865)
1(0.19960075683556144, 0.24323548603898815)
1(0.1966950669608355, 0.24007145479754044)
1(0.1685411198831256, 0.21185149874817844)
1(0.19646912670468009, 0.23977151585949907)
1(0.14803079111030093, 0.19081115521728864)
1(0.18172674645621767, 0.2241376967248465)
1(0.25756111832450945, 0.2998725555218268)
1(0.21527895755508986, 0.257314507616876)
1(0.19733436304761443, 0.23913922960645329)
1(0.22056397986872667, 0.261926671632135)
1(0.2252355171875855, 0.26644796493819345)
1(0.23232027035107083, 0.2732284368952327)
1(0.18371887116323649, 0.22407217039188243)
1(0.2793233441026497, 0.3195699616410338)
1(0.2932809554440178, 0.3331179301832329)
1(0.13320895974630376, 0.17304115472236914)
1(0.20492105200698585, 0.24467943584819618)
1(0.1968702449680063, 0.23634294308143422)
1(0.198307701359261, 0.2377768373688257)
1(0.17447805825030338, 0.21377725209732945)
1(0.19666435622099476, 0.23499994882521147)
1(0.2009342100950875, 0.23909176574559143)
1(0.2798597799133462, 0.3178267467104492)
1(0.22463517324586368, 0.2624618955761723)
1(0.16826893122960407, 0.20582837102704743)
1(0.4685837579383436, 0.5060228804130504)
1(0.19457713024484802, 0.2319942369472573)
1(0.21276315945293656, 0.24952228272503763)
1(0.18611777485377723, 0.22287180581693222)
1(0.2501719548918028, 0.2866327603602843)
1(0.22511008749048467, 0.26133028128158853)
1(0.30925267675368107, 0.3452595973106135)
1(0.2958232872375721, 0.3312044608464534)
1(0.19096665123947532, 0.22633655967460087)
1(0.15062888169679634, 0.18585925474607834)
1(0.21952219860950295, 0.25465825292753186)
1(0.3320048800403378, 0.36700045090917754)
1(0.20760202169758546, 0.2420192718109031)
1(0.2995749267077208, 0.33335724380465714)
1(0.28705678414452307, 0.3204505419153587)
1(0.13574509466290285, 0.1689686494269833)
1(0.20985560609296516, 0.24305889128921998)
1(0.199187651708834, 0.23211571307379741)
1(0.22100871488000917, 0.2539117552951067)
1(0.2214268477565262, 0.2541299193608393)
1(0.2699835296204358, 0.3025825696672003)
1(0.1788034742785457, 0.21128560409576302)
1(0.1397672561522474, 0.1721784664426277)
1(0.2732247341338292, 0.30546509613108486)
1(0.09409040705828997, 0.12632287820326926)
1(0.3150065744901662, 0.3463231853117593)
1(0.14593966835754346, 0.17709899155506315)
1(0.13739273899918414, 0.1683791851158033)
1(0.5785665932489246, 0.6089376443122712)
1(0.16000005488864233, 0.1903480940789387)
1(0.12957007748038563, 0.15982600606342523)
1(0.15911807468647943, 0.18921483814096152)
1(0.25022048206761593, 0.2799581190617041)
1(0.4263420432397932, 0.4560687300035846)
1(0.2493183571775892, 0.27900439983070136)
1(0.14604349546238804, 0.17562660548640574)
1(0.14748722058530994, 0.17698876344705328)
1(0.35015991140388447, 0.3796354770358946)
1(0.27912716437344187, 0.308425014788278)
1(0.2519065975277326, 0.2811940944150859)
1(0.18949647560968008, 0.2186524561646176)
1(0.17696522446583007, 0.20604097239897456)
1(0.24532922014861858, 0.27435573652479583)
1(0.1346756989028145, 0.16359191405577045)
1(0.13265264577237812, 0.16135148071029093)
1(0.15856007577782782, 0.18722178271996814)
1(0.17837956208523542, 0.20683959570848576)
1(0.12996492021869832, 0.15755107429394521)
1(0.15932934991555292, 0.18689381652295045)
1(0.13004433676031368, 0.15755107429394521)
1(0.20056691927467085, 0.22718009252063032)
1(0.31779240030930156, 0.34426570777980026)
1(0.241337372716955, 0.26755159389167826)
1(0.3044443564465873, 0.33055324337231884)
1(0.11031807935785665, 0.13641269537435152)
1(0.17917462673080453, 0.20500859627581125)
1(0.24185756109737166, 0.2675318026523048)
1(0.1882045553963544, 0.21381490470385167)
1(0.15429972309476847, 0.17939408604336216)
1(0.17017567718549864, 0.19522160416731427)
1(0.25936112902115904, 0.2842359910274791)
1(0.2058574954876211, 0.23065237204507805)
1(0.14709604965578493, 0.17185933291035504)
1(0.18124178593723528, 0.2059807803049939)
1(0.12233472123460476, 0.14604753008085458)
1(0.13077139254052084, 0.15443041962845627)
1(0.2047900620805425, 0.2280125683334273)
1(0.4493685753044997, 0.47231891167740137)
1(0.29037091906494406, 0.3132773260731684)
1(0.18177397576310717, 0.2045349132331944)
1(0.26994465332308626, 0.29262223139959653)
1(0.18509784798060036, 0.2077123808143695)
1(0.2261741628550782, 0.24866710957060179)
1(0.25330733201085875, 0.2756161988112341)
1(0.20203889947290354, 0.22428859988958483)
1(0.18822006627710575, 0.21043860216374688)
1(0.17394049239189724, 0.19610487320266767)
1(0.20866563051242504, 0.23072590243248237)
1(0.21094380871597807, 0.2330035845368753)
1(0.12657790549937775, 0.148621843048918)
1(0.1751591078740501, 0.19716238357884974)
1(0.2419828870505143, 0.26372159428149256)
1(0.2253167688087655, 0.24695271832784527)
1(0.1571267854003655, 0.17874274060406725)
1(0.0971336569095933, 0.11851115366921039)
1(0.20640427625158786, 0.2277642096739163)
1(0.22303305886666125, 0.24424677401953077)
1(0.21336817726426072, 0.23399992036921324)
1(0.1793410299543774, 0.1998409631961603)
1(0.13532213346526112, 0.15565426037528662)
1(0.1960163633857741, 0.21610035360656155)
1(0.1442912636849576, 0.1641871191684131)
1(0.2625688678423359, 0.28246300313901385)
1(0.13096690014147827, 0.15079175707089731)
1(0.1853033167695446, 0.20500859627581125)
1(0.163682591922223, 0.18334148403475303)
1(0.13342381170399986, 0.15288560845755583)
1(0.16784507995481568, 0.18719564764511332)
1(0.21784377031580926, 0.23712874486673408)
1(0.1296778825924888, 0.1487794058741867)
1(0.2167225124100668, 0.23554768946121485)
1(0.10867718100177604, 0.12735885865684027)
1(0.298221287797107, 0.3167953447633223)
1(0.11869706576048833, 0.13717879864387295)
1(0.27637077179691905, 0.2947643231499901)
1(0.10901754128956054, 0.12736842288170558)
1(0.14671734463041286, 0.16488869808623374)
1(0.15086934050058487, 0.1689686494269833)
1(0.13429299569595776, 0.1520464023991872)
1(0.25998872382188376, 0.27758515709072595)
1(0.24150158940300304, 0.2590201961649129)
1(0.20097238391520722, 0.21822467534994217)
1(0.12466266577380059, 0.1416882805333498)
1(0.14890174350113627, 0.16591016141674353)
1(0.27468897683187876, 0.2916502813868417)
1(0.2019100877373473, 0.2188394116487491)
1(0.16880179093993264, 0.18562327273145296)
1(0.09621778715406226, 0.1129156791467415)
1(0.11543497370799871, 0.13192554693066283)
1(0.373606342676553, 0.3900560514822433)
1(0.15361569849526335, 0.17006147079180634)
1(0.2407715978917182, 0.25696059718925623)
1(0.21910896515852385, 0.23490419116851835)
1(0.23045163776712163, 0.24612981722963145)
1(0.23395532533543528, 0.2495433322235685)
1(0.22271814577997795, 0.238182401887864)
1(0.10648758427859328, 0.12147240922704683)
1(0.21423104208928034, 0.2291868651125487)
1(0.10504795248213483, 0.11979767838564048)
1(0.2832124816025722, 0.2979194591691112)
1(0.20440827980903808, 0.2190281341615905)
1(0.175084777150726, 0.18967173364938394)
1(0.12601206743616478, 0.14054742044979884)
1(0.16341816271029008, 0.1777923655326813)
1(0.12352792286514014, 0.13786832194441545)
1(0.1859666347763238, 0.200294050426158)
1(0.14159455791930897, 0.15577608080277694)
1(0.3032713656582048, 0.31730186794168225)
1(0.1568915138322695, 0.17076028974056467)
1(0.11693581442949808, 0.1306456527286436)
1(0.32987746565104414, 0.3430662746687516)
1(0.22476114237183287, 0.23786642391939783)
1(0.25507625785476884, 0.26808594876525005)
1(0.21856351591995482, 0.23148798895211575)
1(0.3027063036279575, 0.3155148639894303)
1(0.21465982228130387, 0.2274514811399594)
1(0.2400535646707389, 0.2527516958708357)
1(0.24876206298343206, 0.2614091428142814)
1(0.25079268919965836, 0.26341704624039974)
1(0.26400804016310975, 0.27659336028083004)
1(0.5649157613838864, 0.577497090591043)
1(0.12322797374748484, 0.1357924006486354)
1(0.20086159853490004, 0.21341119443761525)
1(0.10396349447989661, 0.11584666315435288)
1(0.19103928283067506, 0.2029046671568464)
1(0.24118217722177338, 0.2529211123511561)
1(0.2565920009738474, 0.26829949334967895)
1(0.20736407880782193, 0.21899972276935964)
1(0.11144048667104112, 0.12302341216099277)
1(0.2238373974429766, 0.23529620617267644)
1(0.11518014259382747, 0.1265607775964137)
1(0.168053082375774, 0.17939361039280544)
1(0.34909466640783415, 0.3603769785240253)
1(0.13579431534270103, 0.14696932655902395)
1(0.25242995382956823, 0.26341704624039974)
1(0.15086481069496915, 0.16180271962222947)
1(0.10610440033630741, 0.11704051298593887)
1(0.12921442360336, 0.14011692032779377)
1(0.24712721721324837, 0.257998348595176)
1(0.25860451935859374, 0.26931392104265905)
1(0.1486134015679822, 0.1592881691916178)
1(0.15702266095248008, 0.16769669649050423)
1(0.1046908994976995, 0.11529956182661372)
1(0.22349353634780988, 0.23408988594655444)
1(0.13753451118384596, 0.1479442246676107)
1(0.21298492016199444, 0.2233287585565339)
1(0.24414213720326383, 0.2544144377564249)
1(0.1606580592057376, 0.1708238447089392)
1(0.10736687648183607, 0.11734505365634884)
1(0.19827950058323196, 0.2082006862439626)
1(0.21121825507978031, 0.22065451156766414)
1(0.3410348946222034, 0.35029742539175723)
1(0.16626410100303823, 0.1755121398011732)
1(0.2597924785654525, 0.26896542971495485)
1(0.19116494389962368, 0.200333369330705)
1(0.29534803616313643, 0.3044536307291543)
1(0.22518554831680793, 0.23427959256162456)
1(0.1697570885060865, 0.17874274060406725)
1(0.24216073910220948, 0.25103657701330395)
1(0.1849087782629425, 0.19371688171672208)
1(0.1714792097390957, 0.1802569450963296)
1(0.18593606012437047, 0.19459261105743308)
1(0.1518339673767508, 0.1604408560786703)
1(0.24390705560409853, 0.2525128895137264)
1(0.22481721245847663, 0.23333871189290234)
1(0.15570773906391577, 0.1641728388660625)
1(0.15668019242470776, 0.16494247598497036)
1(0.2624366970641153, 0.2706570344323339)
1(0.2545769691006916, 0.2627738033439071)
1(0.1798495453635982, 0.18798515016337758)
1(0.20098392390354824, 0.20900199972150701)
1(0.152091188834246, 0.16007569557018742)
1(0.18347847182748678, 0.19138961591392367)
1(0.15349482146552906, 0.16135148071029093)
1(0.1655995413244321, 0.17337203360151132)
1(0.25653836191123724, 0.26427332380828616)
1(0.12714243771973555, 0.13482118182046687)
1(0.2069507956410609, 0.2146268110176417)
1(0.16189992557142374, 0.1695389101914644)
1(0.11974301299697077, 0.12735885865684027)
1(0.2019017961967995, 0.2094574043980686)
1(0.23504916324737468, 0.24260401260390063)
1(0.2382907156542654, 0.24582395486685127)
1(0.12081995971239823, 0.12829853899109533)
1(0.24429796515366442, 0.251757635793179)
1(0.1805349931677368, 0.18798515016337758)
1(0.16198303608586417, 0.16939903491218034)
1(0.3958526139811299, 0.4029359627668413)
1(0.26348765031710164, 0.27054950928398425)
1(0.20838260645882922, 0.21536111643635525)
1(0.14843724648867773, 0.1553913485676327)
1(0.1589566475815576, 0.16591016141674353)
1(0.1254778432710596, 0.1324000440346893)
1(0.09960780290208548, 0.10641362693398215)
1(0.1702122379842731, 0.17698876344705328)
1(0.20926830567048837, 0.21602242504232194)
1(0.1990218098564256, 0.20562047763945002)
1(0.1026799699356793, 0.10925062036937094)
1(0.33664637517160345, 0.3428965213418257)
1(0.17870394571817094, 0.18492103112836633)
1(0.19105128408783467, 0.19717266149007262)
1(0.15409518084697604, 0.16007569557018742)
1(0.3462786016170448, 0.35221323268968996)
1(0.13439400456499884, 0.14023256425417852)
1(0.11105713714277021, 0.11687627671898082)
1(0.14380197234774394, 0.14960738615540237)
1(0.3105066965755855, 0.3161937143004677)
1(0.23053402277893154, 0.2362121085093043)
1(0.1451880123757714, 0.15079403043888562)
1(0.17041101349541332, 0.17597822657119988)
1(0.2431062885657741, 0.24866710957060179)
1(0.3776018343794464, 0.3831455956046268)
1(0.25812129276025264, 0.26363516086803784)
1(0.2253515015843749, 0.23086361050604043)
1(1.0726560616870644, 1.0780794207702458)
1(0.0992373555719398, 0.10465166258385095)
1(0.18985710070292872, 0.19522160416731427)
1(0.21739182494608533, 0.22256496283943883)
1(0.19527606920272844, 0.200333369330705)
1(0.230878818875634, 0.23591438823706057)
1(0.151364538009102, 0.15635770219323797)
1(0.18527278632449984, 0.19025831053909947)
1(0.15777597675895705, 0.16275020218226854)
1(0.2140034022068389, 0.2188394116487491)
1(0.19736730390132207, 0.20212046547706064)
1(0.23272365102457226, 0.23741363269679572)
1(0.21198447452476032, 0.2166505465220101)
1(0.11072337668061838, 0.11529956182661372)
1(0.16282406272345995, 0.16737279158056428)
1(0.1605522978662992, 0.1650368792086534)
1(0.20118927395436803, 0.20562047763945002)
1(0.12708734570549873, 0.1314791436254199)
1(0.15985379622963503, 0.16413239226852605)
1(0.23132672999640735, 0.23554768946121485)
1(0.25603842198896876, 0.26024976328148)
1(0.19439203392863247, 0.19848362390746943)
1(0.18782179300889978, 0.19178843841219695)
1(0.25655689129659387, 0.26052009379792973)
1(0.18035410400591934, 0.18425687599676732)
1(0.1628595580738572, 0.16672926404674493)
1(0.21506468592631867, 0.2189188933162205)
1(0.1390664500436718, 0.14278214308848503)
1(0.09622078875284823, 0.09980216023347332)
1(0.17517338523132164, 0.17874274060406725)
1(0.26464850126918316, 0.2681459010887117)
1(0.2621927916250508, 0.2656635333456847)
1(0.2703105646576063, 0.2737726619284421)
1(0.11711905619267948, 0.12056948482972907)
1(0.2509392303842505, 0.2543894399243467)
1(0.31356563947568605, 0.3170134407709868)
1(0.1932646276414185, 0.19661469220262817)
1(0.2669027360419902, 0.27023076751650255)
1(0.16597510797829929, 0.16920611309984412)
1(0.22433222950479326, 0.22754643055582202)
1(0.14785731679931602, 0.15100255969938914)
1(0.15707702293795478, 0.1602199937557237)
1(0.1309244190253841, 0.13406318939938766)
1(0.21028395198824523, 0.21341119443761525)
1(0.3103023544843625, 0.3132571382689272)
1(0.22027689098430292, 0.22320450577171536)
1(0.19847710535756868, 0.20136137355950368)
1(0.25856489242298764, 0.26142673272918304)
1(0.21634993969571337, 0.21916388216456184)
1(0.19951497681856722, 0.20224633424813432)
1(0.133404137532249, 0.1361195486021114)
1(0.1118388690968829, 0.11449237645828036)
1(0.12526222440090662, 0.12781733700425701)
1(0.22614821749189995, 0.2284035242353709)
1(0.09755817101646302, 0.09980216023347332)
1(0.09758866816229161, 0.09980216023347332)
1(0.13384867938348877, 0.13594743841730816)
1(0.13987173733069935, 0.14193842164144232)
1(0.18540409990817275, 0.18741834450993156)
1(0.34114242837399955, 0.3431527245285644)
1(0.16788235316206124, 0.16978355835170045)
1(0.19044168422205365, 0.1923164678171464)
1(0.15889886267502262, 0.16076343677734517)
1(0.171934168926398, 0.17379184458280728)
1(0.2965435785815941, 0.29833550531313224)
1(0.21666661157594747, 0.2183635212059556)
1(0.16527084709577444, 0.1669657184998098)
1(0.11220903051975617, 0.11388011311954704)
1(0.13932921187970626, 0.1409906931500815)
1(0.2175056849506114, 0.2191245969943887)
1(0.09826406156206091, 0.09980216023347332)
1(0.23477623167033124, 0.23599507995791358)
1(0.201356445474548, 0.20247930792304603)
1(0.2509969379876076, 0.2520713677443228)
1(0.2687212933731663, 0.2697532760354887)
1(0.2032661488374934, 0.20426222798973648)
1(0.11090214445331681, 0.11188927347661926)
1(0.008185472574319008, 0.009009612503296571)
1(0.1324876365670088, 0.13329847607899348)
1(0.12095116795469052, 0.1217482670437181)
1(0.15910710228064706, 0.1598668488387206)
1(0.27339579603329023, 0.27414206685492815)
1(0.29898364766486885, 0.29970541913709137)
1(0.27223158192461294, 0.2729452617997551)
1(0.19781298114865142, 0.19848362390746943)
1(0.2949643903041682, 0.2955929201269355)
1(0.26079849147423884, 0.2614091428142814)
1(0.23558789835309657, 0.23594732913144534)
1(0.11617068853905388, 0.11651025026369022)
1(0.3296628440575028, 0.3298394179588483)
1(0.11930506541413588, 0.11946012994487876)
1(0.18619488884775348, 0.18630899606702822)
1(0.23510236794722172, 0.2352057490319428)
1(0.15072108326164657, 0.15079567785502268)
1(0.1685665727180602, 0.16857607271059938)
0(0.0, inf)
0(0.0, 0.5149088450595316)
0(0.0, 0.40387198758911547)
0(0.0, 0.37324969839078703)
0(0.0, 0.35791906033108156)
0(0.0, 0.34839598817233053)
0(0.0, 0.33545452399794806)
0(0.0, 0.3284109388577964)
0(0.0, 0.32790176943599825)
0(0.0, 0.3236169672175644)
0(0.0, 0.28843232732389323)
0(0.0, 0.2873771959152137)
0(0.0, 0.2806728982575549)
0(0.0, 0.2755768750415971)
0(0.0, 0.27371757952976117)
0(0.0, 0.2713013520460835)
0(0.0, 0.27112892914779485)
0(0.0, 0.26209920773057405)
0(0.0, 0.2617676335758846)
0(0.0, 0.26160138208747985)
0(0.0, 0.2548355480472174)
0(0.0, 0.25402757677233123)
0(0.0, 0.253104972360514)
0(0.0, 0.24670355532562782)
0(0.0, 0.24372870040497607)
0(0.0, 0.2403921422673967)
0(0.0, 0.24035799057878837)
0(0.0, 0.23955546705700548)
0(0.0, 0.23857255626548535)
0(0.0, 0.23500187380011606)
0(0.0, 0.23144260588376153)
0(0.0, 0.22941140426405926)
0(0.0, 0.22933405845178856)
0(0.0, 0.22792159426905279)
0(0.0, 0.222880504880005)
0(0.0, 0.221690895525669)
0(0.0, 0.2208726026113329)
0(0.0, 0.22067700797586276)
0(0.0, 0.21996490371948274)
0(0.0, 0.2198529155212674)
0(0.0, 0.21627135285314758)
0(0.0, 0.21516514341684012)
0(0.0, 0.21512912370598403)
0(0.0, 0.21496592127399916)
0(0.0, 0.21423969863233938)
0(0.0, 0.21416621152437465)
0(0.0, 0.21144006068218058)
0(0.0, 0.21098899723342368)
0(0.0, 0.21090414952376124)
0(0.0, 0.21084891421334973)
0(0.0, 0.21082159075619966)
0(0.0, 0.21061691069091482)
0(0.0, 0.21016974932650057)
0(0.0, 0.20955441695943133)
0(0.0, 0.20938226110641822)
0(0.0, 0.2082686481689634)
0(0.0, 0.20794574101024998)
0(0.0, 0.20762738592507468)
0(0.0, 0.20741337092293066)
0(0.0, 0.20710760700970454)
0(0.0, 0.20665750695516716)
0(0.0, 0.20645361053478684)
0(0.0, 0.2063683237684738)
0(0.0, 0.20564673639544695)
0(0.0, 0.20308150460875796)
0(0.0, 0.20266999409683562)
0(0.0, 0.2024782735370093)
0(0.0, 0.20216724745079817)
0(0.0, 0.20183525109166334)
0(0.0, 0.20026982609070987)
0(0.0, 0.19969089309659016)
0(0.0, 0.1991689957323599)
0(0.0, 0.19891252159075)
0(0.0, 0.19883290302492873)
0(0.0, 0.19822899044803832)
0(0.0, 0.1974159494830392)
0(0.0, 0.1970348427176838)
0(0.0, 0.1969669071244331)
0(0.0, 0.1960536220190383)
0(0.0, 0.19592417472569257)
0(0.0, 0.19538733463947433)
0(0.0, 0.19402696139013353)
0(0.0, 0.1933099473745169)
0(0.0, 0.19329796317069348)
0(0.0, 0.19276372183517787)
0(0.0, 0.19229518072281415)
0(0.0, 0.1915928520190624)
0(0.0, 0.19075075181745194)
0(0.0, 0.18896602049118794)
0(0.0, 0.18856232906519532)
0(0.0, 0.18746043784039113)
0(0.0, 0.1868499424837866)
0(0.0, 0.18659718820301474)
0(0.0, 0.18642610050605846)
0(0.0, 0.18633361760078282)
0(0.0, 0.18565434666394176)
0(0.0, 0.18532922102578087)
0(0.0, 0.18513323891482492)
0(0.0, 0.18495812013907864)
0(0.0, 0.18452794116517202)
0(0.0, 0.18446651516772616)
0(0.0, 0.1842720657799194)
0(0.0, 0.18408995148645568)
0(0.0, 0.18385653756180176)
0(0.0, 0.18247797748212224)
0(0.0, 0.18242642878359183)
0(0.0, 0.18239554899043398)
0(0.0, 0.18215071689919538)
0(0.0, 0.18188212557702577)
0(0.0, 0.18157546761901544)
0(0.0, 0.18133534443103638)
0(0.0, 0.18130301275584781)
0(0.0, 0.1812697603531923)
0(0.0, 0.1805276465606036)
0(0.0, 0.1804666772536545)
0(0.0, 0.18040082640327992)
0(0.0, 0.17998720386768952)
0(0.0, 0.1798176335942251)
0(0.0, 0.1791488697059952)
0(0.0, 0.179049621850204)
0(0.0, 0.1787596111825166)
0(0.0, 0.17826157591364644)
0(0.0, 0.17802765104364315)
0(0.0, 0.17736725187607938)
0(0.0, 0.17712327018797547)
0(0.0, 0.17634640368538146)
0(0.0, 0.17561853975994568)
0(0.0, 0.17434347754283186)
0(0.0, 0.17385679222982953)
0(0.0, 0.1737699935464173)
0(0.0, 0.1737548000575273)
0(0.0, 0.17363923738595877)
0(0.0, 0.1735721907041884)
0(0.0, 0.173537037863302)
0(0.0, 0.17292928160718957)
0(0.0, 0.1728078147106834)
0(0.0, 0.17251765959236032)
0(0.0, 0.1722818838906227)
0(0.0, 0.17221285141432063)
0(0.0, 0.1718935331297935)
0(0.0, 0.17155989709048325)
0(0.0, 0.17090354336041813)
0(0.0, 0.17084927644557757)
0(0.0, 0.17011937771707764)
0(0.0, 0.1697285158994336)
0(0.0, 0.16801024043652735)
0(0.0, 0.16790846553358796)
0(0.0, 0.1677866217384557)
0(0.0, 0.16747873121589496)
0(0.0, 0.1672314050180187)
0(0.0, 0.16707024173731777)
0(0.0, 0.16596949158620034)
0(0.0, 0.16591827124921243)
0(0.0, 0.16564581088194152)
0(0.0, 0.16540112802415674)
0(0.0, 0.16495661478627932)
0(0.0, 0.16376771096414544)
0(0.0, 0.16370265804861084)
0(0.0, 0.16344818771502811)
0(0.0, 0.16342770227790315)
0(0.0, 0.1632836931151238)
0(0.0, 0.1624916149614144)
0(0.0, 0.16177837684301144)
0(0.0, 0.16084807044606086)
0(0.0, 0.1606674514781492)
0(0.0, 0.16058682311090378)
0(0.0, 0.16028419992258647)
0(0.0, 0.15986968609205665)
0(0.0, 0.15908515564134695)
0(0.0, 0.15838653302613026)
0(0.0, 0.157995477603999)
0(0.0, 0.15793302812358412)
0(0.0, 0.1578090981777981)
0(0.0, 0.157388291475682)
0(0.0, 0.15730706769421177)
0(0.0, 0.15721041817254955)
0(0.0, 0.15689962566379922)
0(0.0, 0.15645440347846828)
0(0.0, 0.1561590359611933)
0(0.0, 0.1558945656882379)
0(0.0, 0.15518308808320136)
0(0.0, 0.15421903753266142)
0(0.0, 0.15361917837814643)
0(0.0, 0.1535483688174365)
0(0.0, 0.1529490628554938)
0(0.0, 0.15263168969925844)
0(0.0, 0.15198912602346082)
0(0.0, 0.1519097775749333)
0(0.0, 0.15178902607696998)
0(0.0, 0.15166878823707275)
0(0.0, 0.1507045040756685)
0(0.0, 0.15053561338700217)
0(0.0, 0.15053180495848617)
0(0.0, 0.15045647057958011)
0(0.0, 0.15031930248646164)
0(0.0, 0.1501690925243081)
0(0.0, 0.14833267558563035)
0(0.0, 0.14819889265741848)
0(0.0, 0.14810130747147043)
0(0.0, 0.1480143348147659)
0(0.0, 0.14775723849218347)
0(0.0, 0.14688649851627789)
0(0.0, 0.14670478365274953)
0(0.0, 0.14661491158284856)
0(0.0, 0.1459650666192348)
0(0.0, 0.14553893075162383)
0(0.0, 0.1454964217875232)
0(0.0, 0.14523758389377672)
0(0.0, 0.1449777746277653)
0(0.0, 0.14443374914971396)
0(0.0, 0.14422753913479247)
0(0.0, 0.14411507124862588)
0(0.0, 0.14384637394380528)
0(0.0, 0.14379674272248555)
0(0.0, 0.14345796408902967)
0(0.0, 0.1433686042197565)
0(0.0, 0.14321399949154145)
0(0.0, 0.14294529687671143)
0(0.0, 0.14283050953400123)
0(0.0, 0.14214567538212586)
0(0.0, 0.1420788817998202)
0(0.0, 0.14141567607813965)
0(0.0, 0.14108846733778335)
0(0.0, 0.1405391536766617)
0(0.0, 0.13947120019058135)
0(0.0, 0.1390174682372659)
0(0.0, 0.13884227203768973)
0(0.0, 0.13841078516401417)
0(0.0, 0.13827087843490837)
0(0.0, 0.13788818738210273)
0(0.0, 0.13705222952198803)
0(0.0, 0.1369977509417496)
0(0.0, 0.13628611189783135)
0(0.0, 0.13611750741721562)
0(0.0, 0.13606940591408245)
0(0.0, 0.13534845177506338)
0(0.0, 0.13513404404114682)
0(0.0, 0.1351162390201074)
0(0.0, 0.13482445443441038)
0(0.0, 0.1344389508446906)
0(0.0, 0.13418184753029927)
0(0.0, 0.13398076106750356)
0(0.0, 0.13368029007452664)
0(0.0, 0.13322749520249022)
0(0.0, 0.13320116675637006)
0(0.0, 0.13294210261973527)
0(0.0, 0.13291224439960092)
0(0.0, 0.13271143667102003)
0(0.0, 0.13249432351237234)
0(0.0, 0.13181287503856098)
0(0.0, 0.13162543698799756)
0(0.0, 0.1312628524527404)
0(0.0, 0.13106742477004607)
0(0.0, 0.1309934639014465)
0(0.0, 0.13087431105859415)
0(0.0, 0.13001878788020016)
0(0.0, 0.12988388268339024)
0(0.0, 0.12961776827664406)
0(0.0, 0.12867693879235131)
0(0.0, 0.12864612323578462)
0(0.0, 0.12856985653162678)
0(0.0, 0.1284509298405031)
0(0.0, 0.127759516991505)
0(0.0, 0.1272505115387007)
0(0.0, 0.1271498073428039)
0(0.0, 0.12703196702174524)
0(0.0, 0.1264572063143602)
0(0.0, 0.1261670661706905)
0(0.0, 0.12579288266739808)
0(0.0, 0.12548875379627666)
0(0.0, 0.12524476599390633)
0(0.0, 0.12519946965738937)
0(0.0, 0.12497121354389373)
0(0.0, 0.12478646775726532)
0(0.0, 0.12453300983202342)
0(0.0, 0.12446803472828338)
0(0.0, 0.12443811276607131)
0(0.0, 0.12428028572726102)
0(0.0, 0.12412383968987784)
0(0.0, 0.12395247208697313)
0(0.0, 0.12383437773042216)
0(0.0, 0.12370406041195292)
0(0.0, 0.1217153794286342)
0(0.0, 0.12130691238052449)
0(0.0, 0.12128514064210005)
0(0.0, 0.12050191389858189)
0(0.0, 0.1200471793233795)
0(0.0, 0.1190662090744653)
0(0.0, 0.11902836510273562)
0(0.0, 0.1188079465797035)
0(0.0, 0.11813423995791317)
0(0.0, 0.11798209226253342)
0(0.0, 0.11779570939276007)
0(0.0, 0.1177905388301076)
0(0.0, 0.11743320929102163)
0(0.0, 0.11615303855182424)
0(0.0, 0.1155570741790467)
0(0.0, 0.11541488032959446)
0(0.0, 0.1153032901321529)
0(0.0, 0.11417248905460464)
0(0.0, 0.11413002925779803)
0(0.0, 0.11395454342651601)
0(0.0, 0.1137941963521506)
0(0.0, 0.11328653517025855)
0(0.0, 0.1130530861085659)
0(0.0, 0.11273881487556481)
0(0.0, 0.11249568679157207)
0(0.0, 0.11218031628670366)
0(0.0, 0.1121567881925779)
0(0.0, 0.11161544413822477)
0(0.0, 0.11076899835292775)
0(0.0, 0.11070738255943069)
0(0.0, 0.11027433180321367)
0(0.0, 0.11026061970311762)
0(0.0, 0.11019663828084603)
0(0.0, 0.11017747079083262)
0(0.0, 0.11016233372823148)
0(0.0, 0.11010364077238866)
0(0.0, 0.10984555564901399)
0(0.0, 0.10816360272863068)
0(0.0, 0.10803115901076144)
0(0.0, 0.1078301216496741)
0(0.0, 0.10705351929561058)
0(0.0, 0.10559319371122866)
0(0.0, 0.10534426870338787)
0(0.0, 0.1051223607093772)
0(0.0, 0.10503472781805345)
0(0.0, 0.10490055146753807)
0(0.0, 0.10319106341807338)
0(0.0, 0.10273283951059786)
0(0.0, 0.10233065237418548)
0(0.0, 0.1022117477203428)
0(0.0, 0.10195664926612547)
0(0.0, 0.10022925699972063)
0(0.0, 0.09975916492177972)
0(0.0, 0.09963860841765226)
0(0.0, 0.09943406693591739)
0(0.0, 0.09931198043015887)
0(0.0, 0.09899695434680733)
0(0.0, 0.09854759164883309)
0(0.0, 0.09847557151193032)
0(0.0, 0.09800378524799624)
0(0.0, 0.09767865345005478)
0(0.0, 0.09760793001627521)
0(0.0, 0.09695549884383381)
0(0.0, 0.09683855786430595)
0(0.0, 0.09672389598511077)
0(0.0, 0.09669764118085433)
0(0.0, 0.09615394734381066)
0(0.0, 0.09612982330068398)
0(0.0, 0.0953760910824325)
0(0.0, 0.09481846182913023)
0(0.0, 0.09444613367794275)
0(0.0, 0.09431369076866303)
0(0.0, 0.09407162604547548)
0(0.0, 0.09322469251909293)
0(0.0, 0.09273066617030645)
0(0.0, 0.09200445090522258)
0(0.0, 0.09112590960496125)
0(0.0, 0.09058310136332381)
0(0.0, 0.08957955052984368)
0(0.0, 0.08933231978330869)
0(0.0, 0.08930539937934634)
0(0.0, 0.0890657777412206)
0(0.0, 0.08793006104102752)
0(0.0, 0.08779902314372523)
0(0.0, 0.08766824451445221)
0(0.0, 0.08677593551321183)
0(0.0, 0.08647287751819055)
0(0.0, 0.08612978196444132)
0(0.0, 0.0854931582720968)
0(0.0, 0.0848104874208736)
0(0.0, 0.0848037472872325)
0(0.0, 0.08348987009907305)
0(0.0, 0.08336081594089706)
0(0.0, 0.08245266039286225)
0(0.0, 0.08239372670586598)
0(0.0, 0.08189608921435265)
0(0.0, 0.0806954006651357)
0(0.0, 0.0803022633278111)
0(0.0, 0.08029760215343162)
0(0.0, 0.07874443918108531)
0(0.0, 0.07816323049253693)
0(0.0, 0.07697467563402394)
0(0.0, 0.07352087899545579)
0(0.0, 0.07343501262114338)
0(0.0, 0.07293107329079951)
0(0.0, 0.06716074031736374)
0(0.0, 0.06324140709286119)
0(0.0, 0.062275510238702037)
0(0.0, 0.06221920017968363)
0(0.0, 0.05924716644888328)
0(0.0, 0.05809289225560865)
0(0.0, 0.05514505459531882)
0(0.0, 0.05340377005994634)
0(0.0, 0.044315111667967644)
0(0.0, 0.04397101219517441)
0(0.0, 0.038086335162135776)
0(0.0, 0.037122196019426346)
0(0.0, 0.03552642422044039)
0(0.0, 0.03530275982605313)
0(0.0, 0.03415287930708233)
0(0.0, 0.025224409811759108)
0(0.0, 0.025119618069516014)
0(0.0, 0.021892367830170567)
0(0.0, 0.021150762879374008)
0(0.0, 0.019955919557144264)
0(0.0, 0.019852556623711992)
0(0.0, 0.018103553692022767)
0(0.0, 0.017633185274982477)
0(0.0, 0.016288164078695266)
0(0.0, 0.015960868455190624)
0(0.0, 0.012720914379858672)
0(0.0, 0.01173076053814992)
0(0.0, 0.010662924364241988)
0(0.0, 0.010160927807129627)
0(0.0, 0.0079909307701711)
0(0.0, 0.006836586998270611)
0(0.0, 0.006771654777199876)
0(0.0, 0.005248295898106825)
0(0.0, 0.004591918833990127)
0(0.0, 0.004583541862549501)
0(0.0, 0.004312494945186929)
0(0.0, 0.004141481326181751)
0(0.0, 0.003953581817397911)
0(0.0, 0.003712530589622398)
0(0.0, 0.003038615225424812)
0(0.0, 0.0023934003006053084)
0(0.0, 0.002036463873042682)
0(0.0, 0.002002117620102495)
0(0.0, 0.00194030312247917)
0(0.0, 0.0016910804200176432)
