1(0.5728295239605203, 0.9240949802922616)
1(0.24919147522167107, 0.35474433390365456)
1(0.3310306848150989, 0.43567920815044037)
1(0.549798662089261, 0.6270618101763683)
1(0.20820386176668948, 0.28200611506595596)
1(0.23654887207816067, 0.308877219845624)
1(0.19080232970768252, 0.2620649388123891)
1(0.23968527408593276, 0.30774400699747695)
1(0.30941788203491194, 0.37686692622447826)
1(0.20569271811506873, 0.2721150475250145)
1(0.20104767591244355, 0.2639526891565288)
1(0.3517611474399668, 0.4122429575818207)
1(0.2149738582969094, 0.27369827540188185)
1(0.16780805110277208, 0.22610600382563595)
1(0.18068798345103454, 0.2376899606871874)
1(0.17475958435499928, 0.23116968817236205)
1(0.27599689634564395, 0.33201340910653643)
1(0.24010767012802647, 0.29602208882217873)
1(0.20070297656948866, 0.25652832053373864)
1(0.30836077212919155, 0.3641616922216573)
1(0.2713677128729799, 0.3261363637619814)
1(0.2102304496238251, 0.2641929713922977)
1(0.20719688797637348, 0.2606952232779298)
1(0.3101880706752116, 0.3632284085077626)
1(0.18435249329241454, 0.23726260406061617)
1(0.23655421546566813, 0.28942105776688853)
1(0.1947054290837682, 0.24695988198317664)
1(0.17058436778903496, 0.22222417829624763)
1(0.20058962773832467, 0.25164616684448815)
1(0.17947416852468312, 0.23039680261599527)
1(0.19808394756224923, 0.24898579103629603)
1(0.17921240136824335, 0.2294493298285848)
1(0.1713577404398663, 0.22110832353652732)
1(0.18511619620723574, 0.23330927535222568)
1(0.1867174725077564, 0.23412925195050038)
1(0.2352527922244988, 0.2825618252814073)
1(0.18095904181394817, 0.22719080692927307)
1(0.2974995759581607, 0.3436467106999739)
1(0.24738344089736475, 0.292571022734039)
1(0.19597602587760443, 0.24025612616347136)
1(0.1914059581308818, 0.2356601702018235)
1(0.2104967014392296, 0.2546218917430758)
1(0.4677860814664083, 0.5114490686071864)
1(0.18274912696123446, 0.226133604147843)
1(0.23540634843601138, 0.2786524764572822)
1(0.244019014070732, 0.2867183125218151)
1(0.20176736837072407, 0.24412278460499137)
1(0.17237011339595187, 0.2146834695390657)
1(0.3263464372341778, 0.36809197163354057)
1(0.18508213664896067, 0.22656291844326348)
1(0.26916340769464686, 0.31030495072213937)
1(0.18936751531369744, 0.2303119445315973)
1(0.24229147887689828, 0.28274430967810327)
1(0.19242191891959004, 0.23253703051529262)
1(0.190791450236813, 0.23064554710799856)
1(0.2466321543947385, 0.28636021053868066)
1(0.1675348491014892, 0.20720975218055648)
1(0.2196416077378739, 0.259296941600764)
1(0.19838088274379195, 0.2380098711397055)
1(0.16324126306017617, 0.2028470576629462)
1(0.1965339222887339, 0.23565419639922058)
1(0.27532932370472873, 0.31374577358915523)
1(0.18902618199720633, 0.22719080692927307)
1(0.2793820333022632, 0.31714356004607447)
1(0.2488981256875451, 0.28643174816384676)
1(0.19841431972534052, 0.23530083077996367)
1(0.110777498527591, 0.14747872115206562)
1(0.2713477881919544, 0.3079702217369755)
1(0.18616357662890837, 0.2218380405700634)
1(0.2030399915043929, 0.23837659361501629)
1(0.17654355511328224, 0.21153473240997545)
1(0.1865847614638766, 0.22154648282924316)
1(0.2329809508919224, 0.26756671020977996)
1(0.18492495251600594, 0.21932157057242518)
1(0.20085770653304025, 0.23473925971491427)
1(0.3667487036809103, 0.4006200499089019)
1(0.19980319466691765, 0.23348922441310604)
1(0.24966805262051206, 0.2832268153229024)
1(0.34774282556401337, 0.3811633365106769)
1(0.20659572211103483, 0.23994193394218966)
1(0.11718048870169206, 0.15042309642065455)
1(0.3608057295808996, 0.3939098122298923)
1(0.22080407533964264, 0.2538659538795093)
1(0.1978800485316058, 0.23053153622464628)
1(0.2751373733017667, 0.30774400699747695)
1(0.23590665291204416, 0.2685063021221432)
1(0.2011088358378712, 0.23351151972785944)
1(0.29743107896191023, 0.3297036620074032)
1(0.18031803502781474, 0.21243708063745304)
1(0.27140979936869036, 0.30302784608424416)
1(0.1788214887162305, 0.2101970201409784)
1(0.18283357410481738, 0.213875288322947)
1(0.19751058612466843, 0.22851313797691686)
1(0.27779575649547517, 0.3084089526085375)
1(0.22411429431423435, 0.2546218917430758)
1(0.2677826517198386, 0.2981581429048441)
1(0.18613536552597754, 0.21633556250746644)
1(0.16529482244613958, 0.19546668122723276)
1(0.2002569399648626, 0.23041770704540498)
1(0.1712924851301887, 0.20130050537682675)
1(0.41171120538390404, 0.4413124413065671)
1(0.3420697382958162, 0.3716357133508983)
1(0.25572178547103397, 0.28488057194551164)
1(0.22492330379785241, 0.2539632630514763)
1(0.22877400170683426, 0.25774630345934046)
1(0.19550434908818448, 0.22435517138991012)
1(0.15768761994488478, 0.18640771761424824)
1(0.2625983188862081, 0.2911009452693082)
1(0.211891745279293, 0.24036265648949962)
1(0.18695924544484122, 0.21509725716770312)
1(0.1353880652762094, 0.16350926055173542)
1(0.2633771650064074, 0.29148650010864796)
1(0.5167379513820911, 0.5446778910865582)
1(0.2213392315171916, 0.24917831305573257)
1(0.20042399105804976, 0.22820810131321134)
1(0.1939791494630344, 0.22175434594844723)
1(0.2542207825495906, 0.28196266904112477)
1(0.18671719949061338, 0.2138020542294402)
1(0.2005268415111049, 0.22728389145165817)
1(0.08627308932020394, 0.11278633082124112)
1(0.20855175050106345, 0.23496204307937096)
1(0.2840509244323455, 0.310256330425395)
1(0.27014503057461836, 0.2960766755119183)
1(0.19574988357364353, 0.2215525617610996)
1(0.2739905128926279, 0.2995900459183751)
1(0.2025156914890438, 0.22793492762623302)
1(0.08229919134557395, 0.10767180461645154)
1(0.2039401782748017, 0.22927103757975142)
1(0.2224387520006308, 0.2477075730699193)
1(0.23352281369501282, 0.25872032652477717)
1(0.34469038142827924, 0.3698700891493849)
1(0.37528820022376796, 0.40027712831948015)
1(0.22955180614381276, 0.25436252763698686)
1(0.20521119650340847, 0.22991575760202643)
1(0.20137329851178165, 0.2259721266404512)
1(0.21869991593362104, 0.24321724371603048)
1(0.2540631017321304, 0.27845576081491064)
1(0.30247865801394813, 0.3268518536342436)
1(0.21197075558456813, 0.23616036114055838)
1(0.3122847240633063, 0.336302469693775)
1(0.19991174705905235, 0.2236382328644212)
1(0.2324730089021051, 0.2561774712445992)
1(0.23121710031347786, 0.25484877838207987)
1(0.10380942775488677, 0.12730737957035498)
1(0.2916651469274819, 0.31515486011631677)
1(0.1970500126434932, 0.22048825620011103)
1(0.2117635743239349, 0.2351582300647619)
1(0.2134239732147062, 0.2366988181342058)
1(0.19632189059634053, 0.2193591927662113)
1(0.5089547722694826, 0.5319858921810089)
1(0.13275771219806998, 0.15577474680715853)
1(0.2934893814522129, 0.3163743510952307)
1(0.27290072526674425, 0.29563693346326325)
1(0.2322664905692049, 0.2548843570220709)
1(0.33035433265073044, 0.3528030660900987)
1(0.10698898200304163, 0.12923590909277027)
1(0.19947724297746838, 0.22145252964876283)
1(0.29033117233499606, 0.31203134423964485)
1(0.29900315223953067, 0.32060653457741883)
1(0.31144803799102416, 0.33304212831669266)
1(0.2798700042048359, 0.3014435964449834)
1(0.1927651017864409, 0.2141658550433806)
1(0.2528785081762547, 0.2742755222608072)
1(0.1860248684085054, 0.20733055081541552)
1(0.2193525944251593, 0.24056752790693747)
1(0.21148336252626532, 0.23262660051867345)
1(0.18255236871659097, 0.20353098587852048)
1(0.17169553891091893, 0.19264108999761653)
1(0.17653430999580821, 0.19672965277741794)
1(0.26726194343805754, 0.28729580914976094)
1(0.15609153096404738, 0.1757585967447054)
1(0.19434157211359404, 0.21385883853309084)
1(0.2298070449586167, 0.24926371000107528)
1(0.23637628404727917, 0.25564875325730796)
1(0.3034323233204216, 0.3226788317831001)
1(0.2599352799579365, 0.27896730422439897)
1(0.27032505186792666, 0.2892485180131451)
1(0.2787211708736498, 0.29694291086953495)
1(0.31511936866510915, 0.33330647179573303)
1(0.1401415320499092, 0.1582862344443866)
1(0.2889109991221216, 0.3069329704992868)
1(0.19903514024929703, 0.21699804536591005)
1(0.2814868743196367, 0.299020741359441)
1(0.28102849069088065, 0.298488925672699)
1(0.18289891831720495, 0.20033555926117042)
1(0.21662569466000914, 0.23396787385955142)
1(0.27067322938410476, 0.2879166353252506)
1(0.21009584087285338, 0.22679347689249452)
1(0.28644028956629597, 0.30297511956614964)
1(0.21116073668542024, 0.2276764958411911)
1(0.1671250326291872, 0.18357329941877376)
1(0.3253981408019253, 0.3416049927435655)
1(0.25995767172981266, 0.2759576152153357)
1(0.09441165059563938, 0.11039869665275182)
1(0.236499611444567, 0.25248465610935045)
1(0.25462919253100946, 0.2704972079269248)
1(0.24344890627609406, 0.2592822954105938)
1(0.3298246667709607, 0.34563356991325067)
1(0.21455046679716183, 0.230295100463754)
1(0.11481418308837588, 0.1304612609851462)
1(0.2760774421753732, 0.29171295568275735)
1(0.20387718298851576, 0.21932157057242518)
1(0.1946075037792302, 0.2097943548133968)
1(0.1057102892184335, 0.1208920465442962)
1(0.09148652549856184, 0.10659133158308831)
1(0.24662694417925468, 0.26165497296079077)
1(0.20701874897373806, 0.22152017038091476)
1(0.20755053604010676, 0.2218380405700634)
1(0.23872963527098534, 0.2528118536878874)
1(0.3175728933605019, 0.33158930057591207)
1(0.30396162173333263, 0.31795845083524155)
1(0.3276502031365801, 0.3416049927435655)
1(0.21750045091875958, 0.23130936353772436)
1(0.2379079413826657, 0.25167477871289823)
1(0.24334273119741356, 0.2570664194345388)
1(0.2659273935486939, 0.27964819119085627)
1(0.19251877451436394, 0.20612398412380406)
1(0.06837575783363514, 0.08175379832735652)
1(0.2058371743821833, 0.2188349773623336)
1(0.16291146165621284, 0.17589764133485108)
1(0.27501658314067456, 0.28799195903374264)
1(0.11073107484173206, 0.1236386676636021)
1(0.09600256479697145, 0.1088989446119728)
1(0.28137605724872194, 0.29412503736268725)
1(0.16275421930151657, 0.17547718277127433)
1(0.20092609022516505, 0.2135843458494121)
1(0.3421614137050988, 0.35474433390365456)
1(0.09169349508886604, 0.10419647987432368)
1(0.23387290916010972, 0.24637075652359897)
1(0.1472190496825445, 0.15943923399218562)
1(0.2001792936929523, 0.21227028501694134)
1(0.18034298895808365, 0.192393508326126)
1(0.21632734333494663, 0.2282498728766159)
1(0.11734279266756542, 0.12919156690683264)
1(0.09252737761764829, 0.10419647987432368)
1(0.28114473438904897, 0.29278451681066875)
1(0.20475578174670184, 0.21633556250746644)
1(0.2969956292546435, 0.30852588499462785)
1(0.21173787885673467, 0.2230690414108788)
1(0.20766447405365074, 0.21894585765472108)
1(0.21858369960903912, 0.22970662333558245)
1(0.20924471305191517, 0.22024239581299243)
1(0.1825133884531992, 0.19343068486940462)
1(0.19801099880920692, 0.2087328575832048)
1(0.2849365300120955, 0.29563693346326325)
1(0.09687497910356413, 0.1075547903772085)
1(0.16991463158680864, 0.1805789356571803)
1(0.28039130614875185, 0.29100086460878327)
1(0.21765111372421653, 0.22811786514775623)
1(0.28807045374526685, 0.29853447248142984)
1(0.21109241196412842, 0.22152017038091476)
1(0.28866184848863685, 0.29896872551749565)
1(0.3122540600259518, 0.322505264317671)
1(0.17853587194114795, 0.1887736968897068)
1(0.18181644666474295, 0.19201450617134896)
1(0.22148275153377017, 0.23165448379788978)
1(0.29171300549775114, 0.3017932083867987)
1(0.08897483227222192, 0.09904314493147137)
1(0.09567134187390636, 0.1056654844928182)
1(0.16101382250962526, 0.1708831656976879)
1(0.2071515901728872, 0.21693284010828462)
1(0.15630966316610884, 0.16603540030074326)
1(0.307443885765312, 0.31712317585499994)
1(0.27522642898706695, 0.28488057194551164)
1(0.24411239030215615, 0.25371761454511454)
1(0.10711100940044715, 0.11658972439838255)
1(0.2955980008147062, 0.3049032118023517)
1(0.23480095071215756, 0.24393229650095705)
1(0.2299496789096921, 0.23897433221044018)
1(0.36710243001940945, 0.37608167301012496)
1(0.18347522746296907, 0.192393508326126)
1(0.10109260850927904, 0.10996146887181679)
1(0.27259798786251155, 0.2814576793498407)
1(0.09924655094321999, 0.10805363365095622)
1(0.22044000233430472, 0.2291723496486091)
1(0.28283936212801397, 0.29149617018619134)
1(0.07878755397984483, 0.0873671767844808)
1(0.24984488433268348, 0.2584009625336342)
1(0.22217697636175626, 0.23072024234192368)
1(0.08540041091269124, 0.09388790045785445)
1(0.2925999795881409, 0.30101247892549265)
1(0.30076803648300765, 0.30911471156815673)
1(0.2178604024424894, 0.22610749362036897)
1(0.1400771272132766, 0.14813032369598012)
1(0.11830118158197633, 0.1263503437010275)
1(0.18610284103967578, 0.1939574655035914)
1(0.17753479637387548, 0.18528153709156148)
1(0.06821530025909495, 0.07589416652539405)
1(0.2263218842128516, 0.23396787385955142)
1(0.08664432328222627, 0.09426058226287026)
1(0.2771278747043331, 0.2847316873115282)
1(0.15961840837689512, 0.16714424732284983)
1(0.22920687181566257, 0.23663547526714357)
1(0.24554176191481725, 0.2529673434800498)
1(0.2983258839130353, 0.3057493303010067)
1(0.27140416269631906, 0.27873281650001935)
1(0.09422426671059381, 0.10147082657972462)
1(0.2318638328430207, 0.23896451885605552)
1(0.20518300303797687, 0.21228305710674622)
1(0.18555448479453251, 0.19264108999761653)
1(0.234771426095721, 0.24183882675323098)
1(0.15707343776909688, 0.16408771844006687)
1(0.24109525673068477, 0.247972359321042)
1(0.2111759276781262, 0.21801775361975018)
1(0.21881643490418756, 0.225611705818894)
1(0.24500723212750353, 0.2517958565940198)
1(0.2331693685972911, 0.23993744514923443)
1(0.1409968746393454, 0.14776331326362757)
1(0.3021038132354983, 0.3088263542748715)
1(0.08878216779081127, 0.09545794564931243)
1(0.08805260691436223, 0.09464774387174779)
1(0.6261157180082728, 0.6326771505614501)
1(0.16698528885250186, 0.17352774971396268)
1(0.23887629322266202, 0.24529795576742885)
1(0.19600582551301404, 0.20237276181666997)
1(0.25024237601552357, 0.25652832053373864)
1(0.33431398773568555, 0.3405915180729525)
1(0.30139582902537343, 0.30753283347905425)
1(0.23804939064845398, 0.24414170751045294)
1(0.24648833080949883, 0.25257484924698825)
1(0.20733328572999743, 0.21332898416669377)
1(0.24462695743811602, 0.25061263533885636)
1(0.2534585434184595, 0.259296941600764)
1(0.17612786920484458, 0.18196197828561578)
1(0.2452129773775007, 0.25092882792291504)
1(0.273475621954376, 0.2791559062409702)
1(0.2773025154915716, 0.2829496398623714)
1(0.10374084520475235, 0.10927357162842855)
1(0.06824825682088209, 0.07374229102642982)
1(0.10605243379680462, 0.11151116724870347)
1(0.12684461705140992, 0.13227365135193037)
1(0.1429325095791507, 0.14833015180783404)
1(0.2065183992804106, 0.2118972210492821)
1(0.33272503975408874, 0.337919480182984)
1(0.23542940063377304, 0.2405170934661589)
1(0.24284902413638432, 0.24780894949868215)
1(0.10993201374942518, 0.1147828314413849)
1(0.18300884862308064, 0.18784017748614268)
1(0.10478932969391586, 0.10948597600513466)
1(0.1005604831016439, 0.10520472817892201)
1(0.21223767934173388, 0.21687663666065715)
1(0.15123667781136485, 0.15577474680715853)
1(0.2631940153403779, 0.2675670993438011)
1(0.1944567932105361, 0.19879181975442495)
1(0.28766883937968657, 0.2919945471516372)
1(0.2304233653558314, 0.23473925971491427)
1(0.1275494519147945, 0.13183714548991343)
1(0.22763406223149196, 0.23191043113397536)
1(0.23699387104174863, 0.24122255695295514)
1(0.253509331508212, 0.257719298120618)
1(0.2338675449099773, 0.2380294847197446)
1(0.34772871728377575, 0.3518491143515352)
1(0.08134451104407259, 0.08541287114736051)
1(0.2252888702163921, 0.22931972756935048)
1(0.21669048807304703, 0.22061451156016243)
1(0.14228547484156528, 0.14618324525189175)
1(0.18252597073570298, 0.18640771761424824)
1(0.23964755918581904, 0.24346131359601075)
1(0.3693356857610046, 0.37309633231891814)
1(0.29614145016393956, 0.29983507682747834)
1(0.2293904113774501, 0.2330453092793816)
1(0.2804146012944574, 0.28401057437523436)
1(0.2105389340655398, 0.21403645341727084)
1(0.2050870710951357, 0.20854843784814725)
1(0.21066188058761193, 0.21412294467875148)
1(0.24920680913993687, 0.2525790922701546)
1(0.2825607127438965, 0.2858659650558443)
1(0.15342299905735124, 0.1566404174508217)
1(0.28271848055163395, 0.2858659650558443)
1(0.32334604934731537, 0.3263523435143235)
1(0.19118073652897172, 0.19417898180127402)
1(0.2261933038184628, 0.2291723496486091)
1(0.19917804765457503, 0.202099700271536)
1(0.19580709887780678, 0.19866891132413467)
1(0.21651110965380316, 0.21932157057242518)
1(0.21177057011836475, 0.21445559842791861)
1(0.20406291535248156, 0.20672574383523146)
1(0.26336333623881614, 0.26602370815162324)
1(0.25258851262100557, 0.2552476271390147)
1(0.06220530665927915, 0.06483645592676512)
1(0.23794597806336404, 0.24053120467098366)
1(0.09261187673175542, 0.09513606531236574)
1(0.3115595539070872, 0.3139702012235239)
1(0.2188662820846664, 0.22126069547696725)
1(0.11044920457947793, 0.11278633082124112)
1(0.16754947227664763, 0.16988337673551734)
1(0.209594774734992, 0.2118972210492821)
1(0.25087026515824207, 0.25305532421324184)
1(0.11262296141966632, 0.1147828314413849)
1(0.20588216329585762, 0.20796992210837073)
1(0.28198825187547905, 0.28380772778557284)
1(0.3246969562334523, 0.32648737216093604)
1(0.08914580563876462, 0.09086080133035401)
1(0.20457420501620982, 0.20622707859253797)
1(0.11770093200774112, 0.11921375852384763)
1(0.22058398591331196, 0.22206646727031487)
1(0.23993982136313208, 0.241338168705598)
1(0.14131989734345007, 0.1427110258599047)
1(0.24226192767981636, 0.24360956050903082)
1(0.226118814104725, 0.22745560706222123)
1(0.2542614623333841, 0.2555937886045113)
1(0.08216205593918258, 0.08348942406843862)
1(0.07335014187118705, 0.07458175249828147)
1(0.4096701117487376, 0.4108714150746915)
1(0.08325927058250204, 0.08434324532979409)
1(0.09412797744501278, 0.09509917402222101)
1(0.21853758907577814, 0.2195077752015353)
1(0.3041095610888742, 0.30496230903559485)
1(0.26916056601210125, 0.26995488539231516)
1(0.21920758259452677, 0.2199929825111271)
1(0.243845854552316, 0.24456774685474747)
1(0.06818993842455523, 0.06890264379831335)
1(0.12854469035287808, 0.1292378178587793)
1(0.08564139033578244, 0.08633168659784918)
1(0.2527661168512517, 0.25331050588084447)
1(0.2452218785726219, 0.24571052840266394)
1(0.006572365270036351, 0.007029786536273397)
1(0.07494195521603597, 0.07538419397734797)
1(0.09348620368301375, 0.09388790045785445)
1(0.19137869073794667, 0.1917602069132438)
1(0.22573617769653598, 0.22610600382563595)
1(0.17727763804422447, 0.1776182562874553)
1(0.003649563963489144, 0.003953036547705513)
1(0.09880948858880945, 0.09910958561726779)
1(0.22040119859129903, 0.22048536017844245)
1(0.23323209209249574, 0.23330927535222568)
1(0.2642757211120099, 0.2642922744134525)
1(0.11782140294654952, 0.11783410345942302)
0(0.0, inf)
0(0.0, 0.5128843082180214)
0(0.0, 0.4625143473643416)
0(0.0, 0.42764951172045496)
0(0.0, 0.4148705353744998)
0(0.0, 0.39283181611248497)
0(0.0, 0.3624589806783117)
0(0.0, 0.3182551207769887)
0(0.0, 0.315344998945273)
0(0.0, 0.3151689185552927)
0(0.0, 0.30737474681051735)
0(0.0, 0.3030874736853395)
0(0.0, 0.2991049479752249)
0(0.0, 0.2944476202419608)
0(0.0, 0.29265976028468754)
0(0.0, 0.2859274104335717)
0(0.0, 0.2838916034380864)
0(0.0, 0.2838286385294031)
0(0.0, 0.28239978727981674)
0(0.0, 0.28221115100467187)
0(0.0, 0.2814587999075503)
0(0.0, 0.2801780797459439)
0(0.0, 0.2728856285555672)
0(0.0, 0.2716867154127469)
0(0.0, 0.2699605782000001)
0(0.0, 0.26904986057602587)
0(0.0, 0.2683415547602196)
0(0.0, 0.26397814700063105)
0(0.0, 0.25965188075572687)
0(0.0, 0.2585140345422836)
0(0.0, 0.2573639629339024)
0(0.0, 0.25673606023248086)
0(0.0, 0.2523836934301137)
0(0.0, 0.24890722127811316)
0(0.0, 0.24867859497674938)
0(0.0, 0.24713992629755688)
0(0.0, 0.24680732760578017)
0(0.0, 0.2460440248697081)
0(0.0, 0.24544172397023478)
0(0.0, 0.24499548273396965)
0(0.0, 0.244436894660212)
0(0.0, 0.24443357581171532)
0(0.0, 0.24237165478034273)
0(0.0, 0.24174962315918114)
0(0.0, 0.24150884135253037)
0(0.0, 0.24144680775627236)
0(0.0, 0.23971239731149807)
0(0.0, 0.23706883361421416)
0(0.0, 0.23657315527490919)
0(0.0, 0.23575466030686398)
0(0.0, 0.23562585255459723)
0(0.0, 0.2349885502621788)
0(0.0, 0.23470546403177694)
0(0.0, 0.2346743576909427)
0(0.0, 0.23436568302745175)
0(0.0, 0.233774249970093)
0(0.0, 0.23248341871303613)
0(0.0, 0.23227880433314863)
0(0.0, 0.2319397571884948)
0(0.0, 0.23059053963141518)
0(0.0, 0.22746797898228766)
0(0.0, 0.226116251154297)
0(0.0, 0.22512207902987103)
0(0.0, 0.2248622786038761)
0(0.0, 0.22422570450428547)
0(0.0, 0.22404374031719965)
0(0.0, 0.22332124002524112)
0(0.0, 0.22186252129085526)
0(0.0, 0.22169973982972047)
0(0.0, 0.2216585484474214)
0(0.0, 0.2209654155149282)
0(0.0, 0.21881497636525005)
0(0.0, 0.2175778505999767)
0(0.0, 0.21719101787218553)
0(0.0, 0.21651893068095307)
0(0.0, 0.21608918030759172)
0(0.0, 0.21604825709933673)
0(0.0, 0.21581587123920365)
0(0.0, 0.21403149761771512)
0(0.0, 0.21353360454437276)
0(0.0, 0.2126300550224014)
0(0.0, 0.21195606221122543)
0(0.0, 0.21129091473275208)
0(0.0, 0.2104844442964917)
0(0.0, 0.20791968296072483)
0(0.0, 0.20785075412709586)
0(0.0, 0.20591422186292307)
0(0.0, 0.20313170238413913)
0(0.0, 0.20222420977924038)
0(0.0, 0.2018346223418498)
0(0.0, 0.20146349667118435)
0(0.0, 0.20108827626534576)
0(0.0, 0.20050107426759478)
0(0.0, 0.2004708588833568)
0(0.0, 0.19865865301417496)
0(0.0, 0.198221438024341)
0(0.0, 0.19720911932382934)
0(0.0, 0.19711818425463024)
0(0.0, 0.19696530964732606)
0(0.0, 0.19660671419815767)
0(0.0, 0.19593245091870326)
0(0.0, 0.19335524178266006)
0(0.0, 0.19322647950998517)
0(0.0, 0.19260957397212108)
0(0.0, 0.19258746744546662)
0(0.0, 0.19247435926681034)
0(0.0, 0.19232144074511925)
0(0.0, 0.1921188186245001)
0(0.0, 0.19126530135871345)
0(0.0, 0.19114926505237728)
0(0.0, 0.1910366930794154)
0(0.0, 0.19045831434074034)
0(0.0, 0.1895173776099801)
0(0.0, 0.18906020501472398)
0(0.0, 0.18882269415606256)
0(0.0, 0.18832780303018481)
0(0.0, 0.1883164175324662)
0(0.0, 0.18816721953646753)
0(0.0, 0.18815733813375235)
0(0.0, 0.18751844784197913)
0(0.0, 0.1871854667694598)
0(0.0, 0.18694531694563932)
0(0.0, 0.1869166307061404)
0(0.0, 0.18664851687705564)
0(0.0, 0.18628599633190923)
0(0.0, 0.18591738223927423)
0(0.0, 0.1854493103028061)
0(0.0, 0.18500664717750892)
0(0.0, 0.18485231650085143)
0(0.0, 0.18410554991227257)
0(0.0, 0.18386837275550905)
0(0.0, 0.18364906362830669)
0(0.0, 0.18336232357837812)
0(0.0, 0.18286966514123415)
0(0.0, 0.182813485095764)
0(0.0, 0.18255256864297853)
0(0.0, 0.18224688115913212)
0(0.0, 0.18187887888956644)
0(0.0, 0.18175485999153285)
0(0.0, 0.1813844019355748)
0(0.0, 0.18111777308658228)
0(0.0, 0.18083896158550383)
0(0.0, 0.18064676541662128)
0(0.0, 0.18054366796231103)
0(0.0, 0.18014050328225584)
0(0.0, 0.17925237914984526)
0(0.0, 0.17916053282238076)
0(0.0, 0.17908418075254207)
0(0.0, 0.17905958802342503)
0(0.0, 0.1790210125336511)
0(0.0, 0.1785882473563597)
0(0.0, 0.178341140191417)
0(0.0, 0.17809441241605795)
0(0.0, 0.17714203406704176)
0(0.0, 0.17698075877282204)
0(0.0, 0.1763851102756031)
0(0.0, 0.17546595196329573)
0(0.0, 0.17537909411180286)
0(0.0, 0.17517575579978717)
0(0.0, 0.17490618785508105)
0(0.0, 0.17481680133844546)
0(0.0, 0.17474362555896739)
0(0.0, 0.17460269245156923)
0(0.0, 0.17459857166708392)
0(0.0, 0.17439680017614434)
0(0.0, 0.17432088547650504)
0(0.0, 0.17408719938182915)
0(0.0, 0.17404888573947808)
0(0.0, 0.1739418272479495)
0(0.0, 0.17345917374731823)
0(0.0, 0.1730602973512706)
0(0.0, 0.17290209827730352)
0(0.0, 0.1727944947418183)
0(0.0, 0.1724637080165501)
0(0.0, 0.1723293379801224)
0(0.0, 0.171766180740189)
0(0.0, 0.1716558404216153)
0(0.0, 0.17159334412982774)
0(0.0, 0.1710179387543419)
0(0.0, 0.1709459613634805)
0(0.0, 0.17020163788117193)
0(0.0, 0.17016827207853424)
0(0.0, 0.16984283956612234)
0(0.0, 0.16976164450456455)
0(0.0, 0.1696601646384066)
0(0.0, 0.16965995709504755)
0(0.0, 0.16965875017565568)
0(0.0, 0.1693133114832257)
0(0.0, 0.169051980608124)
0(0.0, 0.16795678522889912)
0(0.0, 0.1677711805776113)
0(0.0, 0.16769206639520795)
0(0.0, 0.16751041848181825)
0(0.0, 0.16735695029720132)
0(0.0, 0.1669847492062424)
0(0.0, 0.16695683481442247)
0(0.0, 0.16575315922132183)
0(0.0, 0.16512936009632506)
0(0.0, 0.16506821194179622)
0(0.0, 0.16392322076304744)
0(0.0, 0.16386046965813084)
0(0.0, 0.1633396841771384)
0(0.0, 0.16326455335797352)
0(0.0, 0.16313109757353017)
0(0.0, 0.16259179971522342)
0(0.0, 0.1613457495062085)
0(0.0, 0.16080977142767905)
0(0.0, 0.16080848720302132)
0(0.0, 0.16036774038729817)
0(0.0, 0.1601149706082895)
0(0.0, 0.15991278396840802)
0(0.0, 0.15974978237760762)
0(0.0, 0.15969167605819257)
0(0.0, 0.15958770064659922)
0(0.0, 0.15956739774969153)
0(0.0, 0.15857720135273856)
0(0.0, 0.15779395255883644)
0(0.0, 0.1575413173653284)
0(0.0, 0.15730248349759923)
0(0.0, 0.15693933924990855)
0(0.0, 0.15692405203747484)
0(0.0, 0.15667950073441628)
0(0.0, 0.1562384478994906)
0(0.0, 0.15611501414781603)
0(0.0, 0.1561056087694589)
0(0.0, 0.15603193530665427)
0(0.0, 0.15583473492799094)
0(0.0, 0.15574866573920731)
0(0.0, 0.15562140794519197)
0(0.0, 0.15514539314443798)
0(0.0, 0.1547533154420606)
0(0.0, 0.15445257779152388)
0(0.0, 0.15417435533067658)
0(0.0, 0.1540210699821718)
0(0.0, 0.15372165325896225)
0(0.0, 0.15299105041087635)
0(0.0, 0.15297279634346506)
0(0.0, 0.15281558224144953)
0(0.0, 0.15258417034615945)
0(0.0, 0.15243251703127136)
0(0.0, 0.15197274711326658)
0(0.0, 0.151756915231676)
0(0.0, 0.15131278568283846)
0(0.0, 0.15063216339380048)
0(0.0, 0.15046415654108314)
0(0.0, 0.14985202348364335)
0(0.0, 0.14936364575950345)
0(0.0, 0.1492583272188227)
0(0.0, 0.1487131558106074)
0(0.0, 0.1478438219307835)
0(0.0, 0.14696485968202422)
0(0.0, 0.14694083051082818)
0(0.0, 0.14599684731778473)
0(0.0, 0.14585014337000912)
0(0.0, 0.14531334187448586)
0(0.0, 0.14527291245598395)
0(0.0, 0.14449873712887595)
0(0.0, 0.14305672047209894)
0(0.0, 0.1414166154832267)
0(0.0, 0.13948904972550769)
0(0.0, 0.13938214284122663)
0(0.0, 0.13929400588156282)
0(0.0, 0.13912695505167882)
0(0.0, 0.1388812451246617)
0(0.0, 0.13788096736457822)
0(0.0, 0.1376519772307827)
0(0.0, 0.13721837537054615)
0(0.0, 0.136602120511216)
0(0.0, 0.136380541695733)
0(0.0, 0.13616938382265686)
0(0.0, 0.13613180801501867)
0(0.0, 0.13597325225796242)
0(0.0, 0.1359566561180554)
0(0.0, 0.1353559748649874)
0(0.0, 0.13519919493141797)
0(0.0, 0.13438548026501984)
0(0.0, 0.13389134262652336)
0(0.0, 0.13385793180673644)
0(0.0, 0.13354088621705373)
0(0.0, 0.13306172897481772)
0(0.0, 0.13267181669638006)
0(0.0, 0.1305229303688722)
0(0.0, 0.12926924209291868)
0(0.0, 0.1292621625271133)
0(0.0, 0.12918977918151375)
0(0.0, 0.12892398331936683)
0(0.0, 0.12880692861998222)
0(0.0, 0.1285006625894245)
0(0.0, 0.1279604936926505)
0(0.0, 0.1275141106878649)
0(0.0, 0.12656744402104325)
0(0.0, 0.1263815981633032)
0(0.0, 0.12515987220719094)
0(0.0, 0.12401628049577662)
0(0.0, 0.12273808792667007)
0(0.0, 0.122443634635925)
0(0.0, 0.12190508592317961)
0(0.0, 0.12144375195753276)
0(0.0, 0.12085764544759336)
0(0.0, 0.12063970658422019)
0(0.0, 0.12015324534443672)
0(0.0, 0.11904275618531834)
0(0.0, 0.11817433870357774)
0(0.0, 0.1155157256721232)
0(0.0, 0.113340394344973)
0(0.0, 0.11300706017295459)
0(0.0, 0.11273837289314748)
0(0.0, 0.11231812426458432)
0(0.0, 0.10978025923686341)
0(0.0, 0.109265919473164)
0(0.0, 0.10654472812076776)
0(0.0, 0.10522980800483617)
0(0.0, 0.10369423713725712)
0(0.0, 0.1022863843630023)
0(0.0, 0.1019984041758274)
0(0.0, 0.10194472002167931)
0(0.0, 0.1012250725637398)
0(0.0, 0.10118342721587104)
0(0.0, 0.10106187789956544)
0(0.0, 0.09985846007506705)
0(0.0, 0.09972179592172481)
0(0.0, 0.09946503065313173)
0(0.0, 0.0986290853470615)
0(0.0, 0.09826712824210893)
0(0.0, 0.09680248873725772)
0(0.0, 0.09602607872891078)
0(0.0, 0.0952652489181095)
0(0.0, 0.09489445177208133)
0(0.0, 0.09325241336189849)
0(0.0, 0.09247190507017577)
0(0.0, 0.09121493583448426)
0(0.0, 0.09090975233591514)
0(0.0, 0.08817780109174955)
0(0.0, 0.08805644450851047)
0(0.0, 0.08799772684744689)
0(0.0, 0.08749303250158347)
0(0.0, 0.08609903090166193)
0(0.0, 0.08491488902158761)
0(0.0, 0.08445172680251767)
0(0.0, 0.08437161240458979)
0(0.0, 0.08422439454248731)
0(0.0, 0.08376560733586824)
0(0.0, 0.08299139200021921)
0(0.0, 0.08257486662634128)
0(0.0, 0.08226460990398843)
0(0.0, 0.08182347684725666)
0(0.0, 0.08145377406724486)
0(0.0, 0.08113149034428002)
0(0.0, 0.07992111851370776)
0(0.0, 0.07902344920775994)
0(0.0, 0.0775337182660858)
0(0.0, 0.07747056206200031)
0(0.0, 0.07665907690371399)
0(0.0, 0.07652726243186281)
0(0.0, 0.07624142010334067)
0(0.0, 0.0756747989714045)
0(0.0, 0.07551674131259467)
0(0.0, 0.0747316866509331)
0(0.0, 0.07437408868172313)
0(0.0, 0.07433815352405826)
0(0.0, 0.07314596991978362)
0(0.0, 0.07298408452056848)
0(0.0, 0.07083789211961788)
0(0.0, 0.07077486954952583)
0(0.0, 0.07037672070423584)
0(0.0, 0.06702369527240393)
0(0.0, 0.06698541542202585)
0(0.0, 0.06695681051850777)
0(0.0, 0.0667849963323236)
0(0.0, 0.06677071067790874)
0(0.0, 0.06616975570023409)
0(0.0, 0.0658246467285235)
0(0.0, 0.06575747526826459)
0(0.0, 0.06503883575711922)
0(0.0, 0.0643770887587094)
0(0.0, 0.06435603008055879)
0(0.0, 0.0642611751016875)
0(0.0, 0.0623537796874829)
0(0.0, 0.06226935017078661)
0(0.0, 0.06125087427874265)
0(0.0, 0.059736530381066855)
0(0.0, 0.059454324558705696)
0(0.0, 0.05732313319367477)
0(0.0, 0.0570522613269443)
0(0.0, 0.054697559894434034)
0(0.0, 0.052520761108870384)
0(0.0, 0.04957974336872473)
0(0.0, 0.049094774277685604)
0(0.0, 0.04898636846926141)
0(0.0, 0.04772881963205966)
0(0.0, 0.04602378802765206)
0(0.0, 0.044049398311812205)
0(0.0, 0.04300941063583508)
0(0.0, 0.04197917575425869)
0(0.0, 0.035716274590486874)
0(0.0, 0.03496876795349724)
0(0.0, 0.03234226751758673)
0(0.0, 0.03112574815805169)
0(0.0, 0.029160723214115558)
0(0.0, 0.02195694821522165)
0(0.0, 0.021876871163808542)
0(0.0, 0.018079739508164105)
0(0.0, 0.017642410195301217)
0(0.0, 0.016960438622049434)
0(0.0, 0.016790305782146242)
0(0.0, 0.016645205867911628)
0(0.0, 0.015204773430445906)
0(0.0, 0.012234262999127443)
0(0.0, 0.012160184780980576)
0(0.0, 0.011991595783699793)
0(0.0, 0.010544315515845448)
0(0.0, 0.008333999935804748)
0(0.0, 0.008117770991228346)
0(0.0, 0.0071343130142531574)
0(0.0, 0.0067368635407716315)
0(0.0, 0.00635040267912601)
0(0.0, 0.0062328736705224985)
0(0.0, 0.005457252652279809)
0(0.0, 0.005213406641359053)
0(0.0, 0.004990158381367071)
0(0.0, 0.004944169386893016)
0(0.0, 0.004447360005947365)
0(0.0, 0.0038746671060906346)
0(0.0, 0.0036426735520156406)
0(0.0, 0.0035799244678751396)
0(0.0, 0.0032855600120105244)
0(0.0, 0.0032758418808522816)
0(0.0, 0.003130577943392554)
0(0.0, 0.002940634528509456)
0(0.0, 0.002736587193040596)
0(0.0, 0.0022545558941571286)
0(0.0, 0.0016147514703511723)
