1(0.3051530236255474, 0.647638805584585)
1(0.3850903603784098, 0.5800950885732554)
1(0.24323814730026205, 0.34039134234623714)
1(0.5214723888660643, 0.6062860655076555)
1(0.18825378237855772, 0.26120792179373664)
1(0.20705403782484277, 0.2748474567488728)
1(0.232124170690009, 0.2990494892711437)
1(0.19600730345628792, 0.2613095379809247)
1(0.20219218002872474, 0.2641244074705007)
1(0.3777874957025936, 0.4381794130362233)
1(0.15476978823249854, 0.2134050124826179)
1(0.23047634946693063, 0.2886735735259508)
1(0.38546730675935403, 0.4432094884475857)
1(0.18938117401961352, 0.2459164187287215)
1(0.21422602686074177, 0.2704535484369812)
1(0.2027288855545457, 0.2577452472369136)
1(0.31830335408563504, 0.3717819955707865)
1(0.17056281954621266, 0.22213639157762455)
1(0.1874658625136989, 0.23870210313966567)
1(0.1623903469734893, 0.21327289333928212)
1(0.14458672344063483, 0.19466634456535603)
1(0.19117948263703777, 0.24110379130911241)
1(0.23069082842161226, 0.27756945107381803)
1(0.18961145612758878, 0.2361913548438167)
1(0.185711821168565, 0.231610612375022)
1(0.18653832600437092, 0.23240654558656004)
1(0.1889379162696191, 0.2347640229698752)
1(0.16263637950360177, 0.2078105379298416)
1(0.15557518953070215, 0.19957377978926316)
1(0.17116845930668068, 0.21512892456155386)
1(0.16774260956393106, 0.21158223307312407)
1(0.08324699182033246, 0.12684002280502427)
1(0.3519421805999692, 0.394174956313456)
1(0.1412691944490151, 0.18136028546092442)
1(0.17306231510208536, 0.21293989972808192)
1(0.1836935640064613, 0.2230457508582846)
1(0.20132448703624117, 0.23942245860960887)
1(0.17695625166786655, 0.21380157943916478)
1(0.16665864738085656, 0.20314187407986173)
1(0.28694379931387837, 0.32251491782801744)
1(0.1622838579598106, 0.19731604447356232)
1(0.16247180659962046, 0.1971852927669724)
1(0.23669359722652317, 0.27132608554534954)
1(0.14773933118932725, 0.18232478921814388)
1(0.25850999526173724, 0.2924347014590313)
1(0.12866499571258705, 0.16221870421558726)
1(0.23709060222719625, 0.2704535484369812)
1(0.22708796972321166, 0.2598050057511794)
1(0.17058110917549185, 0.20314187407986173)
1(0.18296650235920486, 0.21504717127282347)
1(0.11991459297054663, 0.15154286888074187)
1(0.123288896985989, 0.15456254253752677)
1(0.1539092732986166, 0.18510260853894045)
1(0.11448330008344854, 0.14534665746362307)
1(0.11114638746656114, 0.1416764552940063)
1(0.1252574196399826, 0.15574286132154547)
1(0.25793510327841895, 0.28803756564035077)
1(0.19465631176408904, 0.2245991211115067)
1(0.2024680311735687, 0.23202544981965278)
1(0.135492739043515, 0.16501698093657258)
1(0.3558871838610963, 0.3851187075970618)
1(0.19377546873213958, 0.22272404026897175)
1(0.15200640567643786, 0.18069479659352483)
1(0.20793152030196338, 0.2361913548438167)
1(0.4580704056863496, 0.4862510048738039)
1(0.3470059025725516, 0.3749410247231755)
1(0.20887716319156324, 0.23676884339508175)
1(0.157814086163806, 0.18555884565745995)
1(0.18571597553040087, 0.2132390665513575)
1(0.12735239836772416, 0.15473318327764152)
1(0.14538193893361673, 0.17222978191528804)
1(0.1595883616015038, 0.18579849108355817)
1(0.21459911104184093, 0.2406308266083207)
1(0.2585229937459169, 0.2843808721842429)
1(0.2085943889238675, 0.23442571057787442)
1(0.19535367481764854, 0.2210824527154821)
1(0.220112528113257, 0.2456572803013889)
1(0.2181075967156869, 0.24363799255570595)
1(0.2447205976095833, 0.26997379915889563)
1(0.1447772616432248, 0.16981790592611967)
1(0.21869392106885033, 0.2435944408934284)
1(0.16441626475755655, 0.18865334885524165)
1(0.18659188056720255, 0.21041582050262087)
1(0.229963250695838, 0.2536246107691028)
1(0.07307918239952182, 0.09640953943417241)
1(0.1793372472644571, 0.2026508383947776)
1(0.08737647588782949, 0.11024222269096007)
1(0.22809318419347302, 0.25072716189872735)
1(0.23493074279747317, 0.2575297922269473)
1(0.19907153211258777, 0.2216144797687155)
1(0.21014341497259081, 0.23240654558656004)
1(0.19130350216304548, 0.21348400955577274)
1(0.654729445100771, 0.6767169133835254)
1(0.07320223239319235, 0.09508090908338229)
1(0.21057931682425401, 0.23169796223478267)
1(0.1293951741810423, 0.15050123677123906)
1(0.12675492253683096, 0.14763411386033398)
1(0.11876965941474549, 0.1395789481568045)
1(0.108218203430965, 0.12881501853431432)
1(0.10105209947466653, 0.12146113607946385)
1(0.08941802329788817, 0.10936839514668206)
1(0.13855433321955846, 0.15832241080944842)
1(0.10418242611602113, 0.12323895113528693)
1(0.08956464931881236, 0.10860565282966983)
1(0.07010295805037481, 0.08908533514180039)
1(0.2238085570698336, 0.24256687147414668)
1(0.1748511862970944, 0.19330694024806794)
1(0.2657538416471308, 0.284182891570104)
1(0.20510189984611693, 0.22348155393841607)
1(0.09587807208030896, 0.11425405434743896)
1(0.10887918294347176, 0.12722599507469312)
1(0.12967053157326325, 0.14785192133986758)
1(0.08337122234805572, 0.10146684932694994)
1(0.2298813612930869, 0.24794437387105805)
1(0.19453390464793818, 0.21245825332619128)
1(0.24503497910039596, 0.2625893518368253)
1(0.2439505505950723, 0.26140830519193603)
1(0.17259800487654786, 0.18994693784720185)
1(0.14928819519563719, 0.166548211273151)
1(0.21133896782779804, 0.22856813845464652)
1(0.22685575376484335, 0.24388057847583378)
1(0.06437870047444882, 0.0813408412468255)
1(0.23110545886320033, 0.24793925873295897)
1(0.22781393351119827, 0.2445160831740828)
1(0.23534639704013882, 0.2519141604681525)
1(0.21779706252673559, 0.2342812640648001)
1(0.19972059147623733, 0.21605580771277066)
1(0.19045652371230304, 0.20678470170913266)
1(0.11317689258526065, 0.12938849264630947)
1(0.12120121119510285, 0.1374064178650568)
1(0.1554322194622394, 0.17159659838129182)
1(0.19619452370393065, 0.21187144859067986)
1(0.14422877904596676, 0.15950750665004076)
1(0.1302863528711512, 0.14555855765992476)
1(0.310476051540694, 0.3256224191016077)
1(0.21580079131757512, 0.23086912039270524)
1(0.10607924099300836, 0.12092581749711684)
1(0.061098822498816596, 0.07585667317303191)
1(0.20140228794511095, 0.21615472050062334)
1(0.23418601340139367, 0.24876082485445328)
1(0.15035524060662553, 0.16492338699561238)
1(0.07188345222283599, 0.08639344650844727)
1(0.2879004957981456, 0.3022323258496332)
1(0.20397396860632766, 0.2182431044713118)
1(0.08425402268302296, 0.098417987241466)
1(0.08478266519064492, 0.09881858808925825)
1(0.17188183661837309, 0.18579849108355817)
1(0.1043617208372497, 0.11792922911915671)
1(0.06443702835567877, 0.07786791932816461)
1(0.10254552815106643, 0.11585310595894127)
1(0.13680137954036653, 0.15008642957422857)
1(0.13859824511434615, 0.1518698641003764)
1(0.13067670564415246, 0.14386443491581113)
1(0.2546502438500251, 0.26769341978034644)
1(0.14164178523255877, 0.15410268036082198)
1(0.22219835313585334, 0.23442327908390814)
1(0.17245333433176768, 0.18457619747324416)
1(0.1642427453296268, 0.1763411136085974)
1(0.13057537617711656, 0.14265126163391928)
1(0.10980965071800297, 0.12174569279420744)
1(0.06515508250907776, 0.07702781605757014)
1(0.1296368362366579, 0.14149252330615247)
1(0.062327002072604665, 0.07417839059321629)
1(0.1881100064933119, 0.1998178149623666)
1(0.17185687130854588, 0.18330859337719052)
1(0.04299166103004548, 0.054415746204854454)
1(0.08390305064409054, 0.09525614363128454)
1(0.06726517505942009, 0.07858110557308651)
1(0.12751826847232195, 0.13868944408610684)
1(0.2527680668152168, 0.2637843894597506)
1(0.1308790455884703, 0.14181741583508722)
1(0.07910743504456785, 0.08990835940925268)
1(0.14322252658494172, 0.15400039206172322)
1(0.24235223346844958, 0.2527262176554197)
1(0.07697874649571379, 0.0872431099368065)
1(0.1292117577601526, 0.13923926435624034)
1(0.06819242633208111, 0.07814624095006817)
1(0.0757071290539949, 0.0855656239670729)
1(0.13188771001066546, 0.14171055108500674)
1(0.15205874505301853, 0.16183925024492696)
1(0.07747841102986974, 0.08714733108137684)
1(0.28194670267789557, 0.291565249009062)
1(0.18837831804347205, 0.19796845108771866)
1(0.11007918555644802, 0.1195793304892031)
1(0.15787185069579424, 0.16729602532878385)
1(0.2545483838872492, 0.2639702567157346)
1(0.21732547084993947, 0.22668574627415872)
1(0.09132966616561011, 0.10063218238897575)
1(0.08685560200176723, 0.09610182114227261)
1(0.2516452382361971, 0.2608045759402744)
1(0.07403396611511903, 0.08309581719562964)
1(0.08358392605643228, 0.09256148523532148)
1(0.18611072202595202, 0.1948950225749082)
1(0.07116005929019831, 0.07964566949857677)
1(0.06003009126741721, 0.06849355487072739)
1(0.3003468006234298, 0.308783837171841)
1(0.19740098450498567, 0.20563814553747595)
1(0.09735730894295147, 0.10558440974902483)
1(0.12923946269528552, 0.13743361758449513)
1(0.21037705838084497, 0.21806072857195935)
1(0.06479869695309226, 0.0724260228639938)
1(0.1710878660381967, 0.17867439316038958)
1(0.10843631972670487, 0.11584670021551258)
1(0.6281775203760489, 0.6355710123512878)
1(0.12415455157982047, 0.13150388184653883)
1(0.10935951033800029, 0.11670536248974395)
1(0.20375404984217715, 0.21092471470979135)
1(0.051165387886968006, 0.058324039086321555)
1(0.07003777000068967, 0.07702781605757014)
1(0.16372252187761893, 0.17067502630455456)
1(0.10125922292181233, 0.10813231284914038)
1(0.11826758406475435, 0.12498336472150973)
1(0.15390628875247947, 0.16062142334050655)
1(0.22429892534392581, 0.23099466284023662)
1(0.05826017723162169, 0.06491810657175734)
1(0.14482021715923676, 0.15145337601980458)
1(0.07790903272889682, 0.08454168356862302)
1(0.1390807352687159, 0.1456675190858029)
1(0.027904037969362694, 0.034417033303922984)
1(0.22361369571068068, 0.2300574754338075)
1(0.24892373444062288, 0.2552756840366144)
1(0.08526121737425896, 0.09159436003561694)
1(0.3371924468537857, 0.3434797511265273)
1(0.22375170736263694, 0.23000169976909668)
1(0.10628442960462958, 0.11249927066770227)
1(0.11024928952426727, 0.11642570454068235)
1(0.16552108896476925, 0.17169651873989344)
1(0.18704753873136037, 0.19309221730298332)
1(0.05401423926270432, 0.06005744504081789)
1(0.07482206518516166, 0.08077818082081767)
1(0.12691586847450587, 0.13268660481874894)
1(0.2020692600171572, 0.20778666269048784)
1(0.10904611181041157, 0.11468372163169971)
1(0.09627423239897326, 0.10187042911291877)
1(0.12182082867387001, 0.12739871586951224)
1(0.16223377091861935, 0.16780173603189663)
1(0.05812065499757524, 0.06365565764664627)
1(0.07368839144957229, 0.07920823542184596)
1(0.22596745476413993, 0.23145771318345787)
1(0.07935325140805527, 0.08478382053056455)
1(0.07749649052236629, 0.08277192467101147)
1(0.04530997519400026, 0.05050631607375644)
1(0.1458118430562313, 0.1509850681802759)
1(0.13862640993968922, 0.14379962116368938)
1(0.08262627892386532, 0.08779114158606882)
1(0.20673682735040977, 0.21187144859067986)
1(0.07039991882061014, 0.07547306024857803)
1(0.05911926893604702, 0.06416447584055751)
1(0.06508449886357925, 0.07005717278144263)
1(0.11285980223218905, 0.11782228799307959)
1(0.18496939257250877, 0.1898082948226828)
1(0.13775981337411325, 0.14248645397003423)
1(0.1458739487364512, 0.15048589734571638)
1(0.2238476248828125, 0.22842155229082328)
1(0.12977121547942638, 0.13428502004135134)
1(0.1545942226479996, 0.15897258224469601)
1(0.15482732317637382, 0.15910141191658456)
1(0.07791108544019809, 0.08218270209757583)
1(0.20498991016577628, 0.20915617503951478)
1(0.29252792292945906, 0.2966522803560827)
1(0.19845576827724865, 0.20253643410642086)
1(0.11313723967883493, 0.1172166654796517)
1(0.24742040996081915, 0.25147981488529514)
1(0.14544958112120687, 0.14950295180942863)
1(0.08293788899543764, 0.08696010555725897)
1(0.18305210545451167, 0.18699292079439545)
1(0.09825451475675373, 0.10214612961339231)
1(0.07374549655581164, 0.0775454208919032)
1(0.0724601091887006, 0.07605166243543282)
1(0.1448954865303973, 0.1484092749089242)
1(0.10108302557969207, 0.10457925821193903)
1(0.14536426742802766, 0.14885212949525717)
1(0.055864358087029165, 0.05932276749104748)
1(0.13597249322945704, 0.139429692990245)
1(0.5457486579165505, 0.5491963982614174)
1(0.1405132270386512, 0.14377232118212502)
1(0.08938040745632991, 0.09250174650894483)
1(0.0283319175962794, 0.031223451302480054)
1(0.15012068946617363, 0.15298586689124738)
1(0.07942043359417128, 0.08219127674167248)
1(0.10715095481352654, 0.10991978104461875)
1(0.15016842739631642, 0.15282279349782224)
1(0.05970074118408231, 0.06232084673929272)
1(0.11448614507010213, 0.11694427360171866)
1(0.07374354536178618, 0.07609060073876173)
1(0.06654192230712874, 0.06880111407891543)
1(0.07890027964647861, 0.081147235141946)
1(0.061521644910490614, 0.06371204765625671)
1(0.09266547699790573, 0.09479296317343822)
1(0.11813261434173572, 0.1202487437465446)
1(0.23441357164482046, 0.2364509540256008)
1(0.0833848804394296, 0.08541447712106587)
1(0.14105452034103116, 0.1430759067304037)
1(0.20408837805216717, 0.20602086088323823)
1(0.024372189374438635, 0.026259248711666405)
1(0.20205642247537048, 0.20394169947464502)
1(0.07708038949707541, 0.07887399273399232)
1(0.12033049680115548, 0.12211362471957676)
1(0.3335528323765473, 0.33517592024942466)
1(0.05439384389509194, 0.055939346379264454)
1(0.03623079436385224, 0.03762233320384667)
1(0.21988091521858644, 0.2212458566239679)
1(0.08770871700103833, 0.08906932177772375)
1(0.18461673255561073, 0.1857463040829167)
1(0.1829180843904381, 0.18402191918140243)
1(0.0742871932564968, 0.07533707480751783)
1(0.06778159263548034, 0.06880111407891543)
1(0.22038071658982228, 0.22136791184893534)
1(0.12255508989131947, 0.12351523596426195)
1(0.08008444083340793, 0.08099244118719162)
1(0.04563247196061282, 0.04643775784605986)
1(0.09445541566249882, 0.09520801890929875)
1(0.026508020970951063, 0.02721508980882814)
1(0.1933180394060955, 0.1940182017975297)
1(0.21282315985345035, 0.21348400955577274)
1(0.14311738449657518, 0.14377232118212502)
1(0.11634863603636225, 0.11695342457003288)
1(0.07736349137261744, 0.07793812571618419)
1(0.13892512248397293, 0.13947521700066756)
1(0.2613197983445277, 0.2618445654443192)
1(0.041441351126733195, 0.04183215491056169)
1(0.319339783844767, 0.3197265701369957)
1(0.12151883719298451, 0.12189792634377783)
1(0.13285151132466677, 0.13321663545524265)
1(0.16053638967749784, 0.16087691660506098)
1(0.1230505102547238, 0.12338551487781091)
1(0.05182136403291526, 0.052070374223410876)
1(0.13920523284108788, 0.13939485090500547)
1(0.1286323773942477, 0.12881501853431432)
1(0.14339636324367577, 0.143512410923337)
1(0.0123592631051892, 0.012472607773044708)
1(0.09000190621046444, 0.09000382487211811)
0(0.0, inf)
0(0.0, 0.31310797797177203)
0(0.0, 0.3047408749271665)
0(0.0, 0.2983619405075265)
0(0.0, 0.2732153989777082)
0(0.0, 0.2700446304946418)
0(0.0, 0.2623607553498375)
0(0.0, 0.2607040257135298)
0(0.0, 0.2597495377097411)
0(0.0, 0.25898148574264135)
0(0.0, 0.24478394749270016)
0(0.0, 0.24333907956257728)
0(0.0, 0.2396339391611545)
0(0.0, 0.23805649454278366)
0(0.0, 0.23730563019742812)
0(0.0, 0.2299908377697817)
0(0.0, 0.22982490008484446)
0(0.0, 0.2281588456603152)
0(0.0, 0.22739023956034377)
0(0.0, 0.22629944226051557)
0(0.0, 0.22379627505446864)
0(0.0, 0.21699025866797694)
0(0.0, 0.21642555940449504)
0(0.0, 0.2163803944911542)
0(0.0, 0.21560595479700595)
0(0.0, 0.2132817690617328)
0(0.0, 0.2105884789152267)
0(0.0, 0.20971240777229705)
0(0.0, 0.2069983417266409)
0(0.0, 0.20455931219557721)
0(0.0, 0.20066426166258955)
0(0.0, 0.19972436775357005)
0(0.0, 0.19967696815539282)
0(0.0, 0.19847995318898837)
0(0.0, 0.1979690596752096)
0(0.0, 0.19748073212706174)
0(0.0, 0.1950418064732491)
0(0.0, 0.19381482033648534)
0(0.0, 0.19369114702617207)
0(0.0, 0.1910876123423192)
0(0.0, 0.18970809648445142)
0(0.0, 0.1894019017972185)
0(0.0, 0.18926257061998675)
0(0.0, 0.18768293096223232)
0(0.0, 0.18754931373448713)
0(0.0, 0.18754699254114815)
0(0.0, 0.1872155634507061)
0(0.0, 0.18665105154567907)
0(0.0, 0.18598164665570494)
0(0.0, 0.18586246734916545)
0(0.0, 0.18459213101507776)
0(0.0, 0.1828573176747057)
0(0.0, 0.18253687021509613)
0(0.0, 0.1815287212525446)
0(0.0, 0.1814829927714644)
0(0.0, 0.18039064141966332)
0(0.0, 0.18038654176392765)
0(0.0, 0.1785598212538837)
0(0.0, 0.1781161673775581)
0(0.0, 0.17792248767436647)
0(0.0, 0.17771254639502687)
0(0.0, 0.1773298380255135)
0(0.0, 0.1772583415680924)
0(0.0, 0.17611775097047755)
0(0.0, 0.1760200362478016)
0(0.0, 0.1749971691863773)
0(0.0, 0.1749450081323326)
0(0.0, 0.1749277559418968)
0(0.0, 0.17446472893146237)
0(0.0, 0.17360949048646024)
0(0.0, 0.17337984735597234)
0(0.0, 0.1707023054076201)
0(0.0, 0.17039389822541295)
0(0.0, 0.17027024129712232)
0(0.0, 0.17021266299700943)
0(0.0, 0.16988781428754152)
0(0.0, 0.16932294676506987)
0(0.0, 0.16877137090536987)
0(0.0, 0.16847813138846834)
0(0.0, 0.1684245796727779)
0(0.0, 0.16839811012194605)
0(0.0, 0.16834700476474074)
0(0.0, 0.16810537249753466)
0(0.0, 0.16766923985917437)
0(0.0, 0.16654555322015874)
0(0.0, 0.16577567947932637)
0(0.0, 0.1657335681676746)
0(0.0, 0.16557818059073248)
0(0.0, 0.16500870728067263)
0(0.0, 0.16472303830269397)
0(0.0, 0.16357311967843313)
0(0.0, 0.16341286737802296)
0(0.0, 0.1631163939857927)
0(0.0, 0.16235026515485595)
0(0.0, 0.1621142306039428)
0(0.0, 0.16115572227546382)
0(0.0, 0.16096141956023002)
0(0.0, 0.15882965310403752)
0(0.0, 0.1584411328113302)
0(0.0, 0.1580810744534068)
0(0.0, 0.15772345582766778)
0(0.0, 0.1574679750654261)
0(0.0, 0.15730622971889618)
0(0.0, 0.15724775535145774)
0(0.0, 0.1569376285699794)
0(0.0, 0.15414962049926395)
0(0.0, 0.15393996975226187)
0(0.0, 0.15391491352650677)
0(0.0, 0.15389736388106823)
0(0.0, 0.15367697293873062)
0(0.0, 0.15324479843707806)
0(0.0, 0.1528657064971468)
0(0.0, 0.15275675657244092)
0(0.0, 0.15104209747434416)
0(0.0, 0.15009818765132676)
0(0.0, 0.15007325044875464)
0(0.0, 0.14976890223970207)
0(0.0, 0.14974374802177948)
0(0.0, 0.1494339279335356)
0(0.0, 0.14940853053041192)
0(0.0, 0.14939672526634218)
0(0.0, 0.1492640493763484)
0(0.0, 0.14891151112557555)
0(0.0, 0.14868678622051956)
0(0.0, 0.14819333491361297)
0(0.0, 0.14787568467125056)
0(0.0, 0.14770295032508074)
0(0.0, 0.14765047422476885)
0(0.0, 0.1463140029212957)
0(0.0, 0.1452383863631398)
0(0.0, 0.14521947594918128)
0(0.0, 0.14505334768034583)
0(0.0, 0.14504716753902125)
0(0.0, 0.1448874842013188)
0(0.0, 0.14424674177411534)
0(0.0, 0.1441760787181805)
0(0.0, 0.14363414228168747)
0(0.0, 0.14343057268034498)
0(0.0, 0.14328682148092953)
0(0.0, 0.14224380069487663)
0(0.0, 0.14222432553245123)
0(0.0, 0.1421037580690231)
0(0.0, 0.1419577231905652)
0(0.0, 0.14103851841328396)
0(0.0, 0.14063751832650573)
0(0.0, 0.13995006475638416)
0(0.0, 0.1391614948486719)
0(0.0, 0.13881587465438616)
0(0.0, 0.13865761904133067)
0(0.0, 0.13865228465188761)
0(0.0, 0.13758593581060652)
0(0.0, 0.13723487606847884)
0(0.0, 0.13672405210480243)
0(0.0, 0.13640156014121152)
0(0.0, 0.1358898122928648)
0(0.0, 0.13504670578790312)
0(0.0, 0.13458912241664733)
0(0.0, 0.13455312181486156)
0(0.0, 0.13433932555968853)
0(0.0, 0.13319230619596012)
0(0.0, 0.13193272500220687)
0(0.0, 0.1315165952626297)
0(0.0, 0.13127760212492046)
0(0.0, 0.13095418823434335)
0(0.0, 0.13019089972908793)
0(0.0, 0.12996126822330223)
0(0.0, 0.1292981181031576)
0(0.0, 0.1291628457875853)
0(0.0, 0.1289053180573404)
0(0.0, 0.12845161118884063)
0(0.0, 0.12795790586317357)
0(0.0, 0.12752096178598682)
0(0.0, 0.12708073191266034)
0(0.0, 0.12612874230474813)
0(0.0, 0.12425517038967837)
0(0.0, 0.12382774232655924)
0(0.0, 0.1228793728570321)
0(0.0, 0.12242705578113722)
0(0.0, 0.12229886405855428)
0(0.0, 0.12226153158533293)
0(0.0, 0.12214918023849597)
0(0.0, 0.12164350015739833)
0(0.0, 0.12093447171908112)
0(0.0, 0.12087646698752175)
0(0.0, 0.12038390312137848)
0(0.0, 0.12010531002281377)
0(0.0, 0.11998905081558298)
0(0.0, 0.11964292510548902)
0(0.0, 0.11923220067921969)
0(0.0, 0.11869774831450974)
0(0.0, 0.11846836883505218)
0(0.0, 0.11838159107870871)
0(0.0, 0.11791519505449266)
0(0.0, 0.1178854190204719)
0(0.0, 0.11759466097828242)
0(0.0, 0.11616708599533632)
0(0.0, 0.1158399174752629)
0(0.0, 0.11552698354160684)
0(0.0, 0.11537117748612902)
0(0.0, 0.11408312027276268)
0(0.0, 0.11345850979444838)
0(0.0, 0.11280879527975907)
0(0.0, 0.11188295208012644)
0(0.0, 0.11165828561951174)
0(0.0, 0.11162465338430305)
0(0.0, 0.1109310549888759)
0(0.0, 0.11068900703011642)
0(0.0, 0.11007439699242705)
0(0.0, 0.10965141502016873)
0(0.0, 0.10934443265050053)
0(0.0, 0.10919426985405889)
0(0.0, 0.10901231535954448)
0(0.0, 0.10875233264778073)
0(0.0, 0.10860147836107281)
0(0.0, 0.10795113692043135)
0(0.0, 0.10735258716809915)
0(0.0, 0.10696711336582043)
0(0.0, 0.10639504079137263)
0(0.0, 0.10629395574460165)
0(0.0, 0.10627319547128922)
0(0.0, 0.10615108072490687)
0(0.0, 0.10587717833133958)
0(0.0, 0.10482733095353625)
0(0.0, 0.10403710933729682)
0(0.0, 0.1039627159658908)
0(0.0, 0.10363586697392357)
0(0.0, 0.10349130691272623)
0(0.0, 0.10339179550226762)
0(0.0, 0.10268134584914346)
0(0.0, 0.10236439660727381)
0(0.0, 0.10210931733481121)
0(0.0, 0.1018716622335365)
0(0.0, 0.10131143607284998)
0(0.0, 0.10126421695407817)
0(0.0, 0.10113376045275801)
0(0.0, 0.10106936658348697)
0(0.0, 0.10102089558634064)
0(0.0, 0.10101514572638137)
0(0.0, 0.0999600594950838)
0(0.0, 0.09962213336687475)
0(0.0, 0.09961342166789944)
0(0.0, 0.09948961865311012)
0(0.0, 0.09900547274778859)
0(0.0, 0.0978900685332953)
0(0.0, 0.09747363054109781)
0(0.0, 0.09656646149633807)
0(0.0, 0.09653926582616523)
0(0.0, 0.09634839328227318)
0(0.0, 0.09632538239070487)
0(0.0, 0.09627451652751318)
0(0.0, 0.09572792112324924)
0(0.0, 0.09482348443597421)
0(0.0, 0.09402788905495374)
0(0.0, 0.0932133482148827)
0(0.0, 0.09320839532000325)
0(0.0, 0.09259425979387492)
0(0.0, 0.09257859749132835)
0(0.0, 0.09231679648651825)
0(0.0, 0.0919849667455499)
0(0.0, 0.0914708198933446)
0(0.0, 0.0914687900490938)
0(0.0, 0.09072953810399187)
0(0.0, 0.09037985094996015)
0(0.0, 0.0901777183067688)
0(0.0, 0.09001322898053887)
0(0.0, 0.08988499724519128)
0(0.0, 0.08933535094044565)
0(0.0, 0.08927067351417262)
0(0.0, 0.0891599359856684)
0(0.0, 0.08913010194106641)
0(0.0, 0.08904854987341115)
0(0.0, 0.08875298053425251)
0(0.0, 0.08715035590942088)
0(0.0, 0.08701581682864468)
0(0.0, 0.0869065641371809)
0(0.0, 0.08682791300301351)
0(0.0, 0.08682516707364285)
0(0.0, 0.08638505569208232)
0(0.0, 0.08635565655148869)
0(0.0, 0.08625821247124232)
0(0.0, 0.08614201246194653)
0(0.0, 0.08587968117598144)
0(0.0, 0.08533272260763491)
0(0.0, 0.08519977055409877)
0(0.0, 0.08407599403776178)
0(0.0, 0.0822401727058768)
0(0.0, 0.08187266462194043)
0(0.0, 0.08103792628823281)
0(0.0, 0.08085373458548928)
0(0.0, 0.08068034591120232)
0(0.0, 0.07930598661776567)
0(0.0, 0.07839516096908805)
0(0.0, 0.07818024781911814)
0(0.0, 0.07739871391670061)
0(0.0, 0.07637548664494931)
0(0.0, 0.07583594387033044)
0(0.0, 0.07577980371102933)
0(0.0, 0.07535911937357409)
0(0.0, 0.07522143216092869)
0(0.0, 0.07519557683342759)
0(0.0, 0.07456759674397195)
0(0.0, 0.07442317963275025)
0(0.0, 0.07436954327477685)
0(0.0, 0.07380289065314338)
0(0.0, 0.07374208863207876)
0(0.0, 0.07366569464675621)
0(0.0, 0.0728297087829648)
0(0.0, 0.07247648884995983)
0(0.0, 0.0723585047398837)
0(0.0, 0.07194005789100677)
0(0.0, 0.0718000714500292)
0(0.0, 0.07179639213724931)
0(0.0, 0.07159915673125794)
0(0.0, 0.07045494679717446)
0(0.0, 0.07024868654193206)
0(0.0, 0.07018630009692439)
0(0.0, 0.0700521890946938)
0(0.0, 0.06927900971018175)
0(0.0, 0.06919026032861975)
0(0.0, 0.06906796932428572)
0(0.0, 0.06881578379667386)
0(0.0, 0.06854625798639569)
0(0.0, 0.06839390005841106)
0(0.0, 0.06792894248462866)
0(0.0, 0.06754371516473978)
0(0.0, 0.0672237653293507)
0(0.0, 0.06669702651511866)
0(0.0, 0.06659857499276556)
0(0.0, 0.06585278990867516)
0(0.0, 0.06578053625732805)
0(0.0, 0.06533051140752111)
0(0.0, 0.06473707687730301)
0(0.0, 0.06382860224937037)
0(0.0, 0.06354523767772569)
0(0.0, 0.06340494219357884)
0(0.0, 0.06322953176206936)
0(0.0, 0.06314932775703974)
0(0.0, 0.06301184558938622)
0(0.0, 0.061533554875783936)
0(0.0, 0.0602239489147991)
0(0.0, 0.059909919665422806)
0(0.0, 0.0598837029035415)
0(0.0, 0.05977237866031049)
0(0.0, 0.05977014858074248)
0(0.0, 0.05975458111522325)
0(0.0, 0.05973351974949259)
0(0.0, 0.059344740109823046)
0(0.0, 0.05926054392220337)
0(0.0, 0.059189001819206166)
0(0.0, 0.05905636949405335)
0(0.0, 0.0586862435536043)
0(0.0, 0.05783958091620245)
0(0.0, 0.05731462778935614)
0(0.0, 0.05726849021971192)
0(0.0, 0.05661635201770332)
0(0.0, 0.05655181287826938)
0(0.0, 0.05631845425102844)
0(0.0, 0.05618550963956204)
0(0.0, 0.055625902297608554)
0(0.0, 0.05560404046172451)
0(0.0, 0.05479676371268449)
0(0.0, 0.05472182495566569)
0(0.0, 0.05402997469433424)
0(0.0, 0.05340391991756388)
0(0.0, 0.05308649268043908)
0(0.0, 0.052933815689127695)
0(0.0, 0.05284906446909343)
0(0.0, 0.052743529395884337)
0(0.0, 0.052460269935653114)
0(0.0, 0.05233106342075455)
0(0.0, 0.05120436226391989)
0(0.0, 0.05111071689020408)
0(0.0, 0.05110801180296576)
0(0.0, 0.05079678666266996)
0(0.0, 0.0507219410587747)
0(0.0, 0.04979674050786609)
0(0.0, 0.04882455772450145)
0(0.0, 0.0487040515809839)
0(0.0, 0.04863071348090131)
0(0.0, 0.04808953342840949)
0(0.0, 0.0480451494983114)
0(0.0, 0.04729326889664853)
0(0.0, 0.046194161499209296)
0(0.0, 0.045629777749213396)
0(0.0, 0.04435844026076474)
0(0.0, 0.04268719618327599)
0(0.0, 0.042524533636412176)
0(0.0, 0.0419951160263593)
0(0.0, 0.04138552526603356)
0(0.0, 0.0402542984844767)
0(0.0, 0.03978114581512138)
0(0.0, 0.03975965778453838)
0(0.0, 0.03881131873720112)
0(0.0, 0.038525753263503604)
0(0.0, 0.03355129707618454)
0(0.0, 0.03325380870941519)
0(0.0, 0.03116125074369014)
0(0.0, 0.03041311550524839)
0(0.0, 0.030005991138240984)
0(0.0, 0.02917594251829858)
0(0.0, 0.02856433648889556)
0(0.0, 0.027357748490626554)
0(0.0, 0.026079866699020293)
0(0.0, 0.025651361161619368)
0(0.0, 0.023293746753439093)
0(0.0, 0.02268645298548888)
0(0.0, 0.02112294950188709)
0(0.0, 0.020578865636975308)
0(0.0, 0.020112828742398392)
0(0.0, 0.01957715555251771)
0(0.0, 0.019322410667580447)
0(0.0, 0.01930526284625189)
0(0.0, 0.01930370972845441)
0(0.0, 0.01921848535843862)
0(0.0, 0.01846634986178619)
0(0.0, 0.01751918249685458)
0(0.0, 0.01595689289672131)
0(0.0, 0.015144138295207554)
0(0.0, 0.014894716648324535)
0(0.0, 0.014870986816006626)
0(0.0, 0.01436321529532436)
0(0.0, 0.01314203823353799)
0(0.0, 0.011872369761229962)
0(0.0, 0.011814625791066513)
0(0.0, 0.01088779843888743)
0(0.0, 0.009402457577270651)
0(0.0, 0.009024555909390886)
0(0.0, 0.007516222566828601)
0(0.0, 0.00742342967769738)
0(0.0, 0.00741613175856537)
0(0.0, 0.007165478686872562)
0(0.0, 0.005690360883895296)
