1(0.28409758703328625, 0.5642846032178199)
1(0.4041350911342383, 0.5981204797907381)
1(0.3509411570068002, 0.5394114193267162)
1(0.4781983985040956, 0.6296499551606348)
1(0.3965140568064326, 0.5235813162057712)
1(0.2213357886303301, 0.32664847704054367)
1(0.3170872710363064, 0.41340609637275527)
1(0.5207048288701903, 0.6169037773261912)
1(0.4028604526687133, 0.4964335257706993)
1(0.2405308507355851, 0.32390958177228646)
1(0.2564965999568437, 0.3397127731416254)
1(0.21368297843660955, 0.2947331252733958)
1(0.22491164119250284, 0.30588387814083795)
1(0.23718429329044866, 0.3164470968631884)
1(0.21675884645782606, 0.2958424476045797)
1(0.227399658608902, 0.304491453996553)
1(0.2394436228874971, 0.3160395036869381)
1(0.27095502973094254, 0.3452400916440683)
1(0.24033697229276008, 0.31456975999253467)
1(0.25533529897761875, 0.32936360337226767)
1(0.277136161128409, 0.35004304668646946)
1(0.3180986837838745, 0.3890274825941523)
1(0.22159625437917752, 0.2924939039460097)
1(0.2263765643504616, 0.2934671703592935)
1(0.24816857852284369, 0.31498868175376304)
1(0.2527631290064918, 0.31911597752285625)
1(0.418192409361244, 0.4832613628369229)
1(0.23069702147319526, 0.29468261225902026)
1(0.25180515857817887, 0.3146818898316466)
1(0.26810828821328525, 0.3307988910228431)
1(0.23162725105065096, 0.294203084667797)
1(0.2739499833264981, 0.33590662819799033)
1(0.2333574695463453, 0.29522105167900026)
1(0.23462063826630442, 0.29647594092157625)
1(0.255401710667294, 0.3167738572654437)
1(0.3055228903432916, 0.3662428167641153)
1(0.1893579507878791, 0.24964582640964583)
1(0.2621261243880204, 0.3223414384411988)
1(0.21047011618489542, 0.27055773624798407)
1(0.21216941657218968, 0.2721069558165081)
1(0.25763817193021166, 0.3168512493583032)
1(0.2579365677339628, 0.31681762775709044)
1(0.2662527756987071, 0.32436985374905347)
1(0.24980925206951954, 0.3078121136594766)
1(0.1958058550297468, 0.25354033697344425)
1(0.6093712106739965, 0.6666001283773099)
1(0.2557424043447629, 0.31078283353085556)
1(0.2297191123072303, 0.2839616642277827)
1(0.2468643124802179, 0.2995686999436954)
1(0.20483139398444705, 0.2566111334970408)
1(0.22595312632160103, 0.27730633486728185)
1(0.24545006878113151, 0.296628144088537)
1(0.24400079384443674, 0.29416741407578817)
1(0.18949468702922534, 0.2389747105883694)
1(0.2240201102718259, 0.2719157634221082)
1(0.26567208389721064, 0.3132300970618793)
1(0.2791874502228575, 0.3266682737532358)
1(0.2623465054357952, 0.3096985495470932)
1(0.12271603823873545, 0.17006511108509637)
1(0.26725869226543486, 0.3139780084493973)
1(0.35912581002897426, 0.404461096560211)
1(0.26400616952453504, 0.3086919887982509)
1(0.22517186343936102, 0.269843530996587)
1(0.28323041594024256, 0.32776296922607684)
1(0.2630984883181875, 0.3075907018994153)
1(0.22127571396228696, 0.26539125063387214)
1(0.2607321643004755, 0.30478684996007854)
1(0.2783793277564335, 0.3219761890217423)
1(0.3882157363416543, 0.4303384819307339)
1(0.264127111674721, 0.30617212729196985)
1(0.39705457554846657, 0.4390965136799583)
1(0.13714021308366087, 0.17894073664916976)
1(0.20593992100737368, 0.24769176305171114)
1(0.2723479690508419, 0.3126610853858707)
1(0.12562924030876832, 0.16590026438345984)
1(0.21234899808173469, 0.25254769028900104)
1(0.2672446618080758, 0.30731436604469187)
1(0.1927676269019486, 0.2327727560346523)
1(0.2082376443832552, 0.24816023751388805)
1(0.23754700289314667, 0.27745534041517905)
1(0.4785959534556169, 0.5177187923048978)
1(0.22603324521897905, 0.264821434087418)
1(0.29397029745310166, 0.33208448519253064)
1(0.18635638738944194, 0.22436002625756912)
1(0.21148121401904085, 0.24942252210275317)
1(0.2186807463539744, 0.2566111334970408)
1(0.24716765495420545, 0.2850608303418355)
1(0.2669804278423341, 0.30478684996007854)
1(0.1919199272100015, 0.22927523563735552)
1(0.27959484832528636, 0.3164829691572517)
1(0.20653272669559442, 0.2431066129471927)
1(0.2355337723356754, 0.2718423605336566)
1(0.2757484577472208, 0.31165745232802955)
1(0.29664144781531787, 0.3317574458487753)
1(0.16282572724515731, 0.1978956631312846)
1(0.27439786477977046, 0.30917938121318356)
1(0.2545598329396811, 0.28888366552927547)
1(0.2507145020334929, 0.2844980788332574)
1(0.25726289002181457, 0.29088132832533586)
1(0.28575635614516315, 0.3192744138402833)
1(0.2119097640106069, 0.2452832049088448)
1(0.17406910713252022, 0.20733129129560168)
1(0.2852933398371299, 0.31852207546617517)
1(0.3165403335332089, 0.3497325992097967)
1(0.2543363575871638, 0.28739340866010266)
1(0.29293731740782214, 0.3251668992005562)
1(0.22977845697666477, 0.26180052096206785)
1(0.14597869918436956, 0.1779355831711461)
1(0.20737617388566942, 0.23924119599831528)
1(0.20118680559704682, 0.23272840937696837)
1(0.16082484030206112, 0.19231033730146718)
1(0.2935765577237116, 0.3250242011506197)
1(0.22312217436998094, 0.25456022267747136)
1(0.20896947260239196, 0.23992918013217623)
1(0.20631871960259507, 0.23727499589191725)
1(0.2757438345975134, 0.30625587681768096)
1(0.27560038576307744, 0.3057688585821907)
1(0.2998685722177761, 0.3299421077710185)
1(0.28823975112735234, 0.31783522882886084)
1(0.300352148883851, 0.3299238884437665)
1(0.29539368597019766, 0.32479660802613)
1(0.3178581752616372, 0.3472324469630531)
1(0.4276671080024188, 0.45694569355572456)
1(0.24620716891715777, 0.2753027254700472)
1(0.2120130257029328, 0.24107446692324053)
1(0.2518658611329203, 0.2805247088143378)
1(0.11713770890328834, 0.14567097821014063)
1(0.2854837183496738, 0.31344920729493986)
1(0.168111258913348, 0.19566067411886645)
1(0.11504830774649422, 0.14233379877011887)
1(0.14091105364884038, 0.168137560296015)
1(0.24752879277376183, 0.27466769606202046)
1(0.162260337161658, 0.18864963957027303)
1(0.23228420146716855, 0.2586569924720623)
1(0.23472112001237944, 0.2606983215330816)
1(0.1697599913247737, 0.19573148962645193)
1(0.27387755242656564, 0.2998037592574353)
1(0.22651430645034343, 0.25236470119087817)
1(0.2644791026259068, 0.2901179308293498)
1(0.21508760029724017, 0.2405567453903804)
1(0.3687744576701789, 0.39421579788446404)
1(0.30484898506629743, 0.3299238884437665)
1(0.27019590079052025, 0.29522105167900026)
1(0.29474380563176295, 0.31911597752285625)
1(0.20355846831124402, 0.2276816748254613)
1(0.2778421272835284, 0.3017409518006122)
1(0.0982794619074947, 0.1217940603963037)
1(0.19189566727268037, 0.21538072502963457)
1(0.1577909129852647, 0.1804408302672189)
1(0.20671261492850834, 0.229023486065427)
1(0.24042667167225162, 0.26270388955101764)
1(0.3190097071548321, 0.3411118224119115)
1(0.1569849854896873, 0.1790486133880168)
1(0.4012016281540508, 0.4230795851204594)
1(0.25283312768065036, 0.2745604775468332)
1(0.25751252160429616, 0.27923114953524875)
1(0.052837536062429136, 0.07453928455703784)
1(0.21738902457173193, 0.23907219092212983)
1(0.32119272399462784, 0.3427879750473348)
1(0.3109874833782962, 0.33217896828916416)
1(0.29284097398834785, 0.3135787786415336)
1(0.32217208003040476, 0.34290076252725876)
1(0.21853941027682067, 0.23924119599831528)
1(0.2630225674563813, 0.28364679373565815)
1(0.28575099651648006, 0.30617212729196985)
1(0.3059280729970518, 0.3262411813690608)
1(0.37168252065627216, 0.3913431224645125)
1(0.252957351392913, 0.2726060269025248)
1(0.25399000375298575, 0.27360516226155673)
1(0.33881769698492126, 0.3583205849766966)
1(0.1905608814489521, 0.20991125678509315)
1(0.5116124137628855, 0.5309152752179993)
1(0.23415930837537902, 0.25336733525032473)
1(0.20794141462695703, 0.22705549566742367)
1(0.2419393833150808, 0.26067882956386357)
1(0.23497410236479754, 0.2533862027537793)
1(0.2211592559614024, 0.23924119599831528)
1(0.12139847353025068, 0.13904346509523102)
1(0.29318061666543405, 0.3104018302030668)
1(0.21106618240836783, 0.22823981340418942)
1(0.22292462838209004, 0.23987299678595475)
1(0.2729660344217246, 0.28979815101718553)
1(0.3043282720479247, 0.32099347321032357)
1(0.2767307925500786, 0.29313625563698276)
1(0.2796852249590529, 0.29603655913656357)
1(0.15067479719772758, 0.16700375044983395)
1(0.1835115618959665, 0.1993452020411185)
1(0.3199136282642976, 0.33571613403005074)
1(0.06007123880274701, 0.07547051054108389)
1(0.09738860943017558, 0.11277821320206383)
1(0.2648936962102687, 0.2802124940889461)
1(0.20186942701572597, 0.21678020120167474)
1(0.3380697223480955, 0.3528700082365037)
1(0.12478305615513008, 0.13919110474660468)
1(0.30897636599877576, 0.323129212433073)
1(0.20186057631760068, 0.21594742210392615)
1(0.14194312389417185, 0.15502488999317232)
1(0.20202442110048424, 0.2150536265914995)
1(0.04821631609986998, 0.06124375294208684)
1(0.2126754866258631, 0.22565080740868249)
1(0.10280667752650385, 0.11571066534268415)
1(0.21708073205247214, 0.22986812706951676)
1(0.23857840941670494, 0.2510948475801875)
1(0.24515598095510716, 0.25766291746569026)
1(0.07714583856105972, 0.08964592383199799)
1(0.23511978369432296, 0.2472782224678559)
1(0.14463545908679998, 0.15678671116378184)
1(0.3087061573162815, 0.32078060166629996)
1(0.231006621242126, 0.24277692269930273)
1(0.18558970787955564, 0.19735977035130448)
1(0.0785262168873665, 0.09016091701932094)
1(0.06283719733673399, 0.07439367572528244)
1(0.14742705067206952, 0.15895678405688118)
1(0.05352367615720699, 0.06503488429223747)
1(0.2583459586223644, 0.2698401680192106)
1(0.2540129785092953, 0.26530265643951334)
1(0.3213201098464745, 0.33259128020759055)
1(0.1371452273361924, 0.14805407893876)
1(0.2600252675687218, 0.27080994264437597)
1(0.27229124931565496, 0.2829819117797272)
1(0.10555922507870308, 0.1162367201355693)
1(0.3718549376457526, 0.38249596660249907)
1(0.06638541437304823, 0.07702620017554307)
1(0.06420725997659149, 0.07484410066778946)
1(0.1574065596518247, 0.16803024205798456)
1(0.06334241721275724, 0.07390892793361326)
1(0.11579563000922721, 0.12636082488317502)
1(0.308151925157234, 0.31870513219842445)
1(0.20583747038705502, 0.2163546301947008)
1(0.23131747160224025, 0.24174359170844328)
1(0.39550351886017054, 0.40588638736478067)
1(0.17337632883411047, 0.18362043865874045)
1(0.20663329604863845, 0.21673208281163348)
1(0.0674790772610161, 0.07725937679341366)
1(0.05038526618688899, 0.05997558454277907)
1(0.31451291879684407, 0.32410145710670235)
1(0.2257535414283217, 0.23510619520119735)
1(0.27465916525060163, 0.2839775753329855)
1(0.21082001651143745, 0.22009060318578177)
1(0.2615586763551825, 0.27080994264437597)
1(0.05550014919793189, 0.06474676761137199)
1(0.059020496767144714, 0.06822808274542458)
1(0.28411303386764575, 0.2931331049104944)
1(0.2707975885231986, 0.2796789386181858)
1(0.15373136727323633, 0.1625627406364497)
1(0.26244513234351097, 0.27126144372517635)
1(0.33794062589454965, 0.34668305985350945)
1(0.22055400673484238, 0.22908588688439513)
1(0.19774403843691135, 0.2062639196756444)
1(0.24685294591997986, 0.25527626317719065)
1(0.22127811576902434, 0.22965550581493266)
1(0.17242886484265363, 0.1804408302672189)
1(0.2157784019782618, 0.22368897320778036)
1(0.14027068356431993, 0.14811781080827868)
1(0.2926256722202729, 0.30045504198160566)
1(0.2859025962754854, 0.2937248285177013)
1(0.06191315709710887, 0.06971338367123736)
1(0.1915844333116915, 0.19937912068158203)
1(0.0561181283245491, 0.06384385728358644)
1(0.26256548965359416, 0.27026839246972256)
1(0.08882702983666879, 0.09650259468024291)
1(0.22525912559137218, 0.2328633300342603)
1(0.04880124336567193, 0.056274137490419984)
1(0.07957918251920004, 0.08690242119950775)
1(0.5134259791995827, 0.52050338519476)
1(0.07176321934973773, 0.07875781556798056)
1(0.1312371413261444, 0.13815238988255818)
1(0.05384578462469547, 0.06075315756652677)
1(0.06160610909407527, 0.06839917788219763)
1(0.22718158043812198, 0.2339475162728547)
1(0.18484545058753388, 0.19146926026580802)
1(0.2784681651731754, 0.28507052518951026)
1(0.055754750037021905, 0.062319927822303445)
1(0.23827732074583663, 0.2448290702361563)
1(0.19559345294810915, 0.20212129810903467)
1(0.24193664120426106, 0.24845002879410494)
1(0.2512294542614041, 0.25766291746569026)
1(0.3376959449128111, 0.344001614423569)
1(0.0824934331480971, 0.08852956892498964)
1(0.2634572470601406, 0.26937708562266427)
1(0.06556812530937295, 0.07147094059327719)
1(0.29354126184394636, 0.2993632481389574)
1(0.290467971706346, 0.2962761948796234)
1(0.30565321574428983, 0.3113932261083441)
1(0.1878355553472264, 0.19333353953780352)
1(0.41363418064857704, 0.4191174319736237)
1(0.06233529642681124, 0.06777553459152608)
1(0.06100881176267603, 0.0663548658829276)
1(0.38035677938014256, 0.38553969841584856)
1(0.2106081184389933, 0.21578246703881898)
1(0.06079004753044703, 0.06596287243648336)
1(0.21838077239572162, 0.22326047655906955)
1(0.19170511476139707, 0.19649587616524744)
1(0.0669367894044437, 0.07160271745236069)
1(0.3209722393363095, 0.325623575795986)
1(0.22475337865524314, 0.2293068686915678)
1(0.1362257534930349, 0.14068592773455924)
1(0.2513191883442595, 0.2553790731826162)
1(0.03282061799470948, 0.03683963459118689)
1(0.28853805638077357, 0.2925425296737413)
1(0.15520687896087626, 0.15919811685759633)
1(0.09902000019575363, 0.1029068537125698)
1(0.33066107677576095, 0.3344288023447948)
1(0.19548987728152611, 0.19924241093616712)
1(0.07129944848949432, 0.0750086463716344)
1(0.19315099167639238, 0.19676720849527252)
1(0.2162729802865363, 0.21978094994655595)
1(0.35649621030939227, 0.35989078740333635)
1(0.060398814779352605, 0.06378661427269705)
1(0.3791314642859174, 0.38249596660249907)
1(0.24755943312464035, 0.2508748336260609)
1(0.3064911135984437, 0.3096985495470932)
1(0.12772225271098347, 0.13068823998868728)
1(0.022555511298879893, 0.025465251157754)
1(0.21503118041507563, 0.21789350619132786)
1(0.26666904860177054, 0.26937708562266427)
1(0.5267597007792704, 0.5294588291079774)
1(0.05728410719532995, 0.05997558454277907)
1(0.060444227187368194, 0.06302059146874095)
1(0.1665642299875718, 0.1690796071604258)
1(0.3380759990151253, 0.3405344368755737)
1(0.02444985128898225, 0.026901445710941663)
1(0.29601752467356757, 0.2984506260147318)
1(0.23685776872569309, 0.23925438102356977)
1(0.1310349016986262, 0.13334328451460453)
1(0.009966754620559626, 0.012238766927050948)
1(0.13932133636144006, 0.14159253550254824)
1(0.2992260095079904, 0.3013270945956009)
1(0.23676697455615503, 0.23878025118075807)
1(0.20981118566793522, 0.2116689190291149)
1(0.2493031001119601, 0.2510948475801875)
1(0.2275997017276964, 0.22932574269473593)
1(0.16641812236979447, 0.168137560296015)
1(0.67664747562555, 0.6783037944842432)
1(0.38018874464829955, 0.3818413662271236)
1(0.25549213298709395, 0.2569839686844282)
1(0.18937836004454078, 0.1908451575236607)
1(0.22643305081769716, 0.22782851331435694)
1(0.21167254271578395, 0.21303336638471781)
1(0.2944261482202296, 0.29576521926675226)
1(0.2481673153186188, 0.24949976542382324)
1(0.06717232042705101, 0.06846300439192143)
1(0.0626743187437232, 0.06390538783302746)
1(0.1399260105011666, 0.14110674865604722)
1(0.1910590832522674, 0.19211627175170498)
1(0.08771625902074909, 0.08868469409067414)
1(0.25315441951621986, 0.2540873842096584)
1(0.30290374998031677, 0.3038014877184134)
1(0.011981367983635582, 0.01275222149591404)
1(0.15929474062203275, 0.16005778776371815)
1(0.21875248440651462, 0.2194454719612241)
1(0.022003947093254927, 0.02268980834506984)
1(0.18838904136664858, 0.1890580265221694)
1(0.12576680384895444, 0.12636082488317502)
1(0.06252337916064998, 0.06310912185822004)
1(0.29290551386612107, 0.2934663984750897)
1(0.27823715617887623, 0.27879166437316927)
1(0.19217776963954258, 0.19266337721275673)
1(0.013407059478511285, 0.013813286742783482)
1(0.06559586806645301, 0.06597980565653627)
1(0.061364492933211334, 0.06161472459273376)
1(0.25673255041867094, 0.25698133814869184)
1(0.2895562493607634, 0.28976398472451836)
1(0.23859793703478327, 0.23876958935560588)
1(0.20808679149443066, 0.20822904376003515)
1(0.16800868175959305, 0.168133963756396)
1(0.01197225405639435, 0.012023840289813625)
0(0.0, inf)
0(0.0, 0.4769971733255205)
0(0.0, 0.4149455864550541)
0(0.0, 0.3782725150019559)
0(0.0, 0.3688334788035703)
0(0.0, 0.3590038266193025)
0(0.0, 0.34921002689091096)
0(0.0, 0.334884477691063)
0(0.0, 0.32910515621273995)
0(0.0, 0.3136086959896579)
0(0.0, 0.3032896624913306)
0(0.0, 0.29607511093172156)
0(0.0, 0.2910106962600907)
0(0.0, 0.2871313669771677)
0(0.0, 0.2852081642929848)
0(0.0, 0.2844556603898116)
0(0.0, 0.27537531757672795)
0(0.0, 0.2736862626123664)
0(0.0, 0.273591437263205)
0(0.0, 0.2690424556212796)
0(0.0, 0.26840883635348456)
0(0.0, 0.26662232345456194)
0(0.0, 0.2656290699720708)
0(0.0, 0.2652054137022474)
0(0.0, 0.2615460973845509)
0(0.0, 0.26095927238481287)
0(0.0, 0.26092758343433553)
0(0.0, 0.25953465274277576)
0(0.0, 0.25410700192810465)
0(0.0, 0.2538109344901692)
0(0.0, 0.2529511557995656)
0(0.0, 0.25260227825008297)
0(0.0, 0.251815709890829)
0(0.0, 0.2512613276241218)
0(0.0, 0.25103190721900825)
0(0.0, 0.2507680963067447)
0(0.0, 0.2501595669878607)
0(0.0, 0.24868777821237953)
0(0.0, 0.24851221688144398)
0(0.0, 0.24784766857510632)
0(0.0, 0.24635758683851072)
0(0.0, 0.24618968030726884)
0(0.0, 0.24545975549965882)
0(0.0, 0.24529739369082748)
0(0.0, 0.24484935826822496)
0(0.0, 0.2431033529927088)
0(0.0, 0.2421234219114563)
0(0.0, 0.24194639095593073)
0(0.0, 0.24074222354959507)
0(0.0, 0.2390249632382172)
0(0.0, 0.23785763718603425)
0(0.0, 0.23717032338595334)
0(0.0, 0.23711179130066085)
0(0.0, 0.23648204771300996)
0(0.0, 0.23471759613062415)
0(0.0, 0.23464603674160445)
0(0.0, 0.2340074191481223)
0(0.0, 0.2332378313868968)
0(0.0, 0.2312637775905103)
0(0.0, 0.22981144809515686)
0(0.0, 0.2285832951361112)
0(0.0, 0.22822744524877392)
0(0.0, 0.22735395157810812)
0(0.0, 0.2262597791074299)
0(0.0, 0.2261567836732613)
0(0.0, 0.22311436513650373)
0(0.0, 0.2227451693187843)
0(0.0, 0.22206859855385552)
0(0.0, 0.22174821118687937)
0(0.0, 0.22168877504993345)
0(0.0, 0.21974855332181875)
0(0.0, 0.21910178942266934)
0(0.0, 0.21873277218922382)
0(0.0, 0.21805975729192317)
0(0.0, 0.2179914556230239)
0(0.0, 0.217467099722221)
0(0.0, 0.21659666758262242)
0(0.0, 0.2150588075752854)
0(0.0, 0.21475359412551343)
0(0.0, 0.2139357077465467)
0(0.0, 0.2133290469574337)
0(0.0, 0.2129534073034297)
0(0.0, 0.21207736959638868)
0(0.0, 0.21178627142764694)
0(0.0, 0.21135309372557798)
0(0.0, 0.21124177568060032)
0(0.0, 0.21098616790180957)
0(0.0, 0.21080046008552233)
0(0.0, 0.21063015935957063)
0(0.0, 0.21040972847790052)
0(0.0, 0.21019475732073367)
0(0.0, 0.20777438525890035)
0(0.0, 0.20641729058219926)
0(0.0, 0.20641400940409693)
0(0.0, 0.20580029043538228)
0(0.0, 0.20548167487472124)
0(0.0, 0.20505286690225255)
0(0.0, 0.20398357284197155)
0(0.0, 0.20328807420956818)
0(0.0, 0.20315356846043142)
0(0.0, 0.20196793172493765)
0(0.0, 0.2018584356488644)
0(0.0, 0.20048550031591172)
0(0.0, 0.20025205569562676)
0(0.0, 0.19964744487763475)
0(0.0, 0.19954040996180455)
0(0.0, 0.198539615147452)
0(0.0, 0.19791792695121346)
0(0.0, 0.19785528454501222)
0(0.0, 0.19770949735202858)
0(0.0, 0.19752278477072938)
0(0.0, 0.19719279674832668)
0(0.0, 0.196907517521557)
0(0.0, 0.1968817410448852)
0(0.0, 0.19678254781916682)
0(0.0, 0.1967023452867288)
0(0.0, 0.19649409765093506)
0(0.0, 0.19623793242566356)
0(0.0, 0.19558791013015497)
0(0.0, 0.19551631082805854)
0(0.0, 0.19530551506360294)
0(0.0, 0.1948612526564687)
0(0.0, 0.19451646087815444)
0(0.0, 0.19446212534116647)
0(0.0, 0.19412406615141353)
0(0.0, 0.1931516903650583)
0(0.0, 0.19207576916753055)
0(0.0, 0.19198458480291059)
0(0.0, 0.19188674275202877)
0(0.0, 0.19178611356559405)
0(0.0, 0.19164318849718476)
0(0.0, 0.19035803388806316)
0(0.0, 0.18941778737750425)
0(0.0, 0.18934078130844523)
0(0.0, 0.18829734074977977)
0(0.0, 0.18828906321976813)
0(0.0, 0.18804907788109537)
0(0.0, 0.18796179363189258)
0(0.0, 0.1877976964166186)
0(0.0, 0.18768529428603942)
0(0.0, 0.18749012317301672)
0(0.0, 0.18728987358882554)
0(0.0, 0.18595459345318532)
0(0.0, 0.18550094467079836)
0(0.0, 0.18486948218493426)
0(0.0, 0.18441152741240008)
0(0.0, 0.18423725482407027)
0(0.0, 0.1840909563230536)
0(0.0, 0.18397562976396464)
0(0.0, 0.1837536231224568)
0(0.0, 0.1834956346593749)
0(0.0, 0.18337752657778228)
0(0.0, 0.18322822503377)
0(0.0, 0.18308914139153898)
0(0.0, 0.1825650434767333)
0(0.0, 0.18245188306443905)
0(0.0, 0.18164973407586937)
0(0.0, 0.18124189816828584)
0(0.0, 0.18087915381088127)
0(0.0, 0.18044294892027157)
0(0.0, 0.17966450777522347)
0(0.0, 0.17941783408785417)
0(0.0, 0.17939449835680654)
0(0.0, 0.17819532178949238)
0(0.0, 0.1764691091400412)
0(0.0, 0.1764597801146811)
0(0.0, 0.1759609025882145)
0(0.0, 0.17582211959467453)
0(0.0, 0.1754733182853172)
0(0.0, 0.17520366132637355)
0(0.0, 0.174694697273986)
0(0.0, 0.17468927225480846)
0(0.0, 0.1738813144449195)
0(0.0, 0.17360423064965247)
0(0.0, 0.1733376271128757)
0(0.0, 0.17292468298230712)
0(0.0, 0.17159843219809123)
0(0.0, 0.1713885550953672)
0(0.0, 0.17040665198876037)
0(0.0, 0.1693360823571678)
0(0.0, 0.16885283479251045)
0(0.0, 0.1688005785998773)
0(0.0, 0.16866143642777676)
0(0.0, 0.16817126704502838)
0(0.0, 0.16792223721805033)
0(0.0, 0.16780744718674445)
0(0.0, 0.16501560831772422)
0(0.0, 0.16501288177963802)
0(0.0, 0.16425008078944614)
0(0.0, 0.16366911166269915)
0(0.0, 0.16326660290838124)
0(0.0, 0.1630899715000813)
0(0.0, 0.16204015716331766)
0(0.0, 0.1607732903895681)
0(0.0, 0.16018133825283154)
0(0.0, 0.15901849644238952)
0(0.0, 0.15858622308718073)
0(0.0, 0.15801942472418729)
0(0.0, 0.15716759977442363)
0(0.0, 0.15581965703763645)
0(0.0, 0.1552330055418688)
0(0.0, 0.1550512086778818)
0(0.0, 0.15501566061528038)
0(0.0, 0.15447796585809637)
0(0.0, 0.15436486620570633)
0(0.0, 0.15420613991912124)
0(0.0, 0.15338856452532612)
0(0.0, 0.15104476595545624)
0(0.0, 0.1496055802915468)
0(0.0, 0.1485028578180041)
0(0.0, 0.14763816001189345)
0(0.0, 0.14679152253088978)
0(0.0, 0.14666669264063126)
0(0.0, 0.14570017911205635)
0(0.0, 0.14556327909437217)
0(0.0, 0.144801701200165)
0(0.0, 0.14405679474746735)
0(0.0, 0.14378903453737857)
0(0.0, 0.1430113719768734)
0(0.0, 0.14296853616899607)
0(0.0, 0.140597780226985)
0(0.0, 0.14024382596529494)
0(0.0, 0.13922912394133735)
0(0.0, 0.13828201642030857)
0(0.0, 0.13705218601111147)
0(0.0, 0.13616559274578655)
0(0.0, 0.13594132025205297)
0(0.0, 0.13568075884811104)
0(0.0, 0.1353821981870097)
0(0.0, 0.13308951844681116)
0(0.0, 0.1322718214437012)
0(0.0, 0.13175057233719378)
0(0.0, 0.1306588306736377)
0(0.0, 0.1305750634062035)
0(0.0, 0.1293134674653037)
0(0.0, 0.1292534350561041)
0(0.0, 0.1287247915281955)
0(0.0, 0.12797485411553722)
0(0.0, 0.12794907747384499)
0(0.0, 0.1278328666068782)
0(0.0, 0.12697335796067044)
0(0.0, 0.12625795608839863)
0(0.0, 0.12607899542731305)
0(0.0, 0.1253941444952521)
0(0.0, 0.12414990224635847)
0(0.0, 0.12392577114124992)
0(0.0, 0.12363672371638867)
0(0.0, 0.12241043620465575)
0(0.0, 0.12237084073392901)
0(0.0, 0.12202272803470127)
0(0.0, 0.12166300567829302)
0(0.0, 0.12156846362345297)
0(0.0, 0.1211600711325882)
0(0.0, 0.11931625869214746)
0(0.0, 0.11922834747572486)
0(0.0, 0.1188752157900741)
0(0.0, 0.11887242691249256)
0(0.0, 0.11846501738086468)
0(0.0, 0.11828054104969854)
0(0.0, 0.1175387494956498)
0(0.0, 0.11713710589324555)
0(0.0, 0.11694975988782985)
0(0.0, 0.11639790428943231)
0(0.0, 0.11586799856531294)
0(0.0, 0.11578819875763291)
0(0.0, 0.11534257392708502)
0(0.0, 0.11357120786789565)
0(0.0, 0.11292472457518365)
0(0.0, 0.1129056156665047)
0(0.0, 0.11213058730435965)
0(0.0, 0.11198914805518567)
0(0.0, 0.11176292467087212)
0(0.0, 0.11148039426327394)
0(0.0, 0.11043180641553196)
0(0.0, 0.11002010853538535)
0(0.0, 0.10943010952070276)
0(0.0, 0.10936688842211573)
0(0.0, 0.10911464457082842)
0(0.0, 0.10874536125364265)
0(0.0, 0.1068027109382822)
0(0.0, 0.10668232094932406)
0(0.0, 0.10665291041142677)
0(0.0, 0.10597528518370558)
0(0.0, 0.10396481223723908)
0(0.0, 0.10363050179587474)
0(0.0, 0.10361709357078219)
0(0.0, 0.10273008044227694)
0(0.0, 0.1020463535729238)
0(0.0, 0.10087506948105052)
0(0.0, 0.10068079174935851)
0(0.0, 0.10048015396832322)
0(0.0, 0.10023314824290797)
0(0.0, 0.10000309852235523)
0(0.0, 0.0995126669392864)
0(0.0, 0.09930196942907521)
0(0.0, 0.09900784451717093)
0(0.0, 0.09660068415187206)
0(0.0, 0.09585297134096216)
0(0.0, 0.09553072367356885)
0(0.0, 0.0941630616138267)
0(0.0, 0.09408553845704948)
0(0.0, 0.09225537405134354)
0(0.0, 0.09219325864098937)
0(0.0, 0.09195888502491689)
0(0.0, 0.09140426108135635)
0(0.0, 0.09077937751071907)
0(0.0, 0.09066502062993842)
0(0.0, 0.09049903425590067)
0(0.0, 0.08934895978997492)
0(0.0, 0.08637143239281053)
0(0.0, 0.08613514727027616)
0(0.0, 0.08567375469056104)
0(0.0, 0.08530147812533939)
0(0.0, 0.08518549156239252)
0(0.0, 0.08451714398294863)
0(0.0, 0.08443203250404296)
0(0.0, 0.08426644703329744)
0(0.0, 0.08148805963608108)
0(0.0, 0.08112071904808504)
0(0.0, 0.07956590888259762)
0(0.0, 0.07955480111033131)
0(0.0, 0.07829534170021113)
0(0.0, 0.07771733809263681)
0(0.0, 0.07688295193430728)
0(0.0, 0.07676310627676175)
0(0.0, 0.07584766198958381)
0(0.0, 0.07403620341820338)
0(0.0, 0.0739448851944583)
0(0.0, 0.07309164405779733)
0(0.0, 0.072748329219401)
0(0.0, 0.0727132217598121)
0(0.0, 0.07257063920429396)
0(0.0, 0.07184710697597507)
0(0.0, 0.06973164869198001)
0(0.0, 0.06890347521888296)
0(0.0, 0.06808269204735751)
0(0.0, 0.06787527063508036)
0(0.0, 0.06678407422864663)
0(0.0, 0.06659973288019105)
0(0.0, 0.06579438355850609)
0(0.0, 0.06317291369757538)
0(0.0, 0.06259296959618521)
0(0.0, 0.06236865185252338)
0(0.0, 0.061906672971214105)
0(0.0, 0.061212154531235075)
0(0.0, 0.0607395605129869)
0(0.0, 0.059951331527532514)
0(0.0, 0.058819014583711526)
0(0.0, 0.05877251112640314)
0(0.0, 0.058725771046943986)
0(0.0, 0.05744765050943068)
0(0.0, 0.057229742409325324)
0(0.0, 0.056935564966089536)
0(0.0, 0.05685193558775803)
0(0.0, 0.056843689763192096)
0(0.0, 0.05664932659356403)
0(0.0, 0.05648041352158728)
0(0.0, 0.05603026074025985)
0(0.0, 0.0559843028563094)
0(0.0, 0.05574564640122892)
0(0.0, 0.05563837280615813)
0(0.0, 0.054459596409883626)
0(0.0, 0.054036809870450675)
0(0.0, 0.05370395353079338)
0(0.0, 0.05242089020126228)
0(0.0, 0.05184553853542739)
0(0.0, 0.051482359412503564)
0(0.0, 0.050287415528460055)
0(0.0, 0.05026554294082253)
0(0.0, 0.05003173811324646)
0(0.0, 0.04918919473139505)
0(0.0, 0.049099929324325164)
0(0.0, 0.049056932228535466)
0(0.0, 0.04840420697936387)
0(0.0, 0.04834878996053471)
0(0.0, 0.047233462223316036)
0(0.0, 0.04719264820269642)
0(0.0, 0.046687406498549744)
0(0.0, 0.046447486541823624)
0(0.0, 0.046149796838209856)
0(0.0, 0.04610030199233539)
0(0.0, 0.04586441880076486)
0(0.0, 0.04424913040778644)
0(0.0, 0.04414559676008123)
0(0.0, 0.04379234827881717)
0(0.0, 0.043177796608269814)
0(0.0, 0.042090989516040844)
0(0.0, 0.04049047150799423)
0(0.0, 0.03892368865134799)
0(0.0, 0.03770120794714327)
0(0.0, 0.036735652638982264)
0(0.0, 0.03655314155799794)
0(0.0, 0.03536847917014274)
0(0.0, 0.0350693386611135)
0(0.0, 0.034851477982743684)
0(0.0, 0.032343772772326695)
0(0.0, 0.03127604037616527)
0(0.0, 0.03008906118292176)
0(0.0, 0.028568872261921507)
0(0.0, 0.02647723435140803)
0(0.0, 0.026317801069594804)
0(0.0, 0.025870173577391742)
0(0.0, 0.024728163368817002)
0(0.0, 0.023851985726513703)
0(0.0, 0.022176480982867286)
0(0.0, 0.02159513403325264)
0(0.0, 0.02065293681324154)
0(0.0, 0.020636696543358535)
0(0.0, 0.02027865747771651)
0(0.0, 0.02023637309883386)
0(0.0, 0.019715032645691966)
0(0.0, 0.015518102086730101)
0(0.0, 0.014888862138293213)
0(0.0, 0.014427883178366296)
0(0.0, 0.013229586776436264)
0(0.0, 0.013004807721644918)
0(0.0, 0.012303527006634507)
0(0.0, 0.01176136216159096)
0(0.0, 0.010928291784013888)
0(0.0, 0.010506034312537604)
0(0.0, 0.009587882475127874)
0(0.0, 0.009468651145756235)
0(0.0, 0.009341623925829712)
0(0.0, 0.009037745019324528)
0(0.0, 0.008574168480488753)
0(0.0, 0.008309068747997528)
0(0.0, 0.006176554036742665)
0(0.0, 0.0060865761418725794)
0(0.0, 0.005047426197398841)
0(0.0, 0.004962878827966755)
0(0.0, 0.0032455566501927713)
0(0.0, 0.0032095401831272463)
