1(0.6282881365280053, 0.9340567132692469)
1(0.28231710865053006, 0.5107520811347037)
1(0.25784648123126297, 0.3267604335762162)
1(0.225412605855017, 0.2871334851836954)
1(0.202977343867641, 0.24719885047916013)
1(0.1477302683893923, 0.19195007344316317)
1(0.18457515183954043, 0.21921462712313333)
1(0.17731054398561574, 0.21127561740500866)
1(0.05604579685043676, 0.08823782795556856)
1(0.062841645993858, 0.09222754596271021)
1(0.31455616170329526, 0.34296582653928787)
1(0.06149123380371668, 0.08892309002443999)
1(0.13866119175064262, 0.1649254703070242)
1(0.29097106718219024, 0.31717256290797025)
1(0.21172144365513068, 0.2378795799282959)
1(0.1531504012456416, 0.1789346638203836)
1(0.07985810963232454, 0.10550837676353464)
1(0.64879105036613, 0.6728976956492938)
1(0.15412280508178455, 0.1781476615360389)
1(0.15109222983045756, 0.17409789000307452)
1(0.06245938453565636, 0.08509045419610772)
1(0.37679555317550284, 0.3991706862700799)
1(0.3547205805162891, 0.3770459096627711)
1(0.08464687444996555, 0.1061530168819852)
1(0.13900460753304966, 0.15990735567116965)
1(0.0601938880916304, 0.08102287690036736)
1(0.05773401218044383, 0.07850090835920409)
1(0.06352395570038583, 0.08418726772452134)
1(0.11873709533818888, 0.13921265996061427)
1(0.08228041335590808, 0.10229549170980334)
1(0.08017304133320624, 0.09966325302038193)
1(0.054259877606951834, 0.0735419733261029)
1(0.14661675971493426, 0.16584348625191592)
1(0.07453887366476197, 0.09322527191431551)
1(0.05906159076774509, 0.0773596274141588)
1(0.0701831235660435, 0.08832039023270377)
1(0.05703307983943273, 0.07505218335577146)
1(0.05039018375733906, 0.06825781179420898)
1(0.07091797250865195, 0.0882795449095678)
1(0.07322846266115346, 0.09048973859088794)
1(0.06624563952442519, 0.08347180431747081)
1(0.06183464340362843, 0.07894851764280397)
1(0.06478126075836721, 0.08173884204760995)
1(0.08380481973639209, 0.10075647670770205)
1(0.08059419878703189, 0.09728351956215842)
1(0.17839989716355076, 0.1948041627460343)
1(0.05633643723802362, 0.0725799803355307)
1(0.05181271824598732, 0.06793787607111157)
1(0.07018933157899798, 0.08527429796123942)
1(0.07333609042408717, 0.08826163485040117)
1(0.05051163053059149, 0.06531174914890381)
1(0.09496145525769106, 0.10947607385842184)
1(0.16980879789447867, 0.1843101733966379)
1(0.08847091130702223, 0.10264879855799136)
1(0.3877786731817111, 0.40192667186123576)
1(0.06944397067535346, 0.08344318726624256)
1(0.22954807084859652, 0.24284291738299324)
1(0.21754677489181806, 0.2307607130885606)
1(0.059019718808873356, 0.07217491737390569)
1(0.051834005345651746, 0.06477943966243083)
1(0.05217882434573762, 0.06496056490855173)
1(0.11721522954722119, 0.1296577303117068)
1(0.06083809765448256, 0.07314380751913385)
1(0.08668931762264986, 0.09829188099443664)
1(0.04218994536362053, 0.053594787617511574)
1(0.06121883528382277, 0.07241408729162724)
1(0.14206985882186196, 0.15308520338118858)
1(0.05937630589842813, 0.0703309262761137)
1(0.07489603611334117, 0.08574559876636212)
1(0.07608385128372164, 0.08688050172530093)
1(0.05439340698911943, 0.06515171894807459)
1(0.054300383489549464, 0.06505824063731369)
1(0.05332915577753061, 0.06406497989481097)
1(0.05558552567060504, 0.06627245618289312)
1(0.04929080982856471, 0.05988855039591201)
1(0.08729305865951287, 0.09786097119489712)
1(0.044998190509469405, 0.05538049950859525)
1(0.054711687924543284, 0.06476941992679253)
1(0.07776640035135429, 0.0874702646204506)
1(0.06747906487349065, 0.0771214205566324)
1(0.04304661106893848, 0.052545552806931295)
1(0.06666977674316754, 0.07615172233249268)
1(0.07439353907897173, 0.0838187109155496)
1(0.0608431563356151, 0.07025841779713582)
1(0.07131366557609908, 0.08072524528135061)
1(0.06274916215927229, 0.07184789070697417)
1(0.051429428537194344, 0.06043684819483963)
1(0.08823454303291356, 0.09719846794518905)
1(0.13289599016790332, 0.14179699883631902)
1(0.06677475160117707, 0.07562076499607762)
1(0.04553889280137813, 0.05431532130358285)
1(0.0788361684297959, 0.08755298205787787)
1(0.09471970443279365, 0.10327820769106677)
1(0.07163093827974121, 0.08016820882189835)
1(0.08409758902432318, 0.0926105417623726)
1(0.06825200041354829, 0.07674659401106454)
1(0.09334361703763217, 0.10175581197467642)
1(0.05492989346318122, 0.06331288234067423)
1(0.07874703922391524, 0.0871205037998054)
1(0.05724610336257241, 0.06561812048075955)
1(0.06668494839041783, 0.0750544638973305)
1(0.16739737684993172, 0.17573660110394118)
1(0.0806153044559822, 0.08891226288036058)
1(0.08411129917703719, 0.09237065965267499)
1(0.05557638096932782, 0.06381447714014887)
1(0.2516403429846109, 0.2598209719478317)
1(0.07316849495094813, 0.08132670066404979)
1(0.06174748981943279, 0.06958054923566781)
1(0.09746034017755845, 0.1052051344776056)
1(0.05609749066594183, 0.06367485411647411)
1(0.057927972967702135, 0.06547093693229544)
1(0.07098350353914851, 0.07850090835920409)
1(0.052337117960089, 0.05971105577235514)
1(0.06382109127903768, 0.07111949734369338)
1(0.047553329376431086, 0.054717076886048543)
1(0.07152844886430243, 0.07867645524800881)
1(0.06983860166465872, 0.07697961546784737)
1(0.06941883171578767, 0.07652232303807749)
1(0.08538607398755094, 0.09246193365517019)
1(0.04669075192004701, 0.0537494256315163)
1(0.05720640837702495, 0.06424025739520789)
1(0.08727061689699844, 0.09428278640945598)
1(0.06170407736972572, 0.0685530548893758)
1(0.10182780736884722, 0.10861835661086383)
1(0.060545939307547036, 0.06731421449153507)
1(0.05507583417094697, 0.06177986319120177)
1(0.06730810984650992, 0.07400218112383039)
1(0.05532870521521849, 0.06202122699410595)
1(0.0778509954035912, 0.08444439162751716)
1(0.1276342342560376, 0.13418564280441236)
1(0.05536681401345411, 0.061917738657790156)
1(0.06637727600441068, 0.07288065470238547)
1(0.07507900761481734, 0.0815767564326394)
1(0.06948163889179648, 0.07597384567491938)
1(0.060428091733113476, 0.0667672929426345)
1(0.06527487375003038, 0.07146340220986191)
1(0.05836126970923472, 0.06446968070465753)
1(0.04703487010803764, 0.05310055411237158)
1(0.04832425934481688, 0.054315466063161844)
1(0.039512727285540894, 0.04533348981260199)
1(0.0980268118470713, 0.10372518932087904)
1(0.08404887642682246, 0.08974351254579815)
1(0.13629857927222588, 0.14198831249461774)
1(0.08997122450373207, 0.09562261734948319)
1(0.07528426869589921, 0.08084365245619785)
1(0.0996092761192412, 0.10516630676158556)
1(0.0794403316848663, 0.0849690824849465)
1(0.07524546581577918, 0.08076394483382565)
1(0.08607761431898253, 0.09153970201197548)
1(0.06853977879624673, 0.07394490324007974)
1(0.12730569994845298, 0.13256982854935018)
1(0.03411289204053025, 0.03931430882000564)
1(0.061326065241453676, 0.06636850109699044)
1(0.054454761097443516, 0.05948687233539729)
1(0.06560167674018846, 0.0706167278908224)
1(0.07982612315924242, 0.08475975913500533)
1(0.16900229558625035, 0.17392349646433813)
1(0.05531482780722774, 0.06023235788802905)
1(0.07934665643142536, 0.0842059703541097)
1(0.07517664396444068, 0.07997446670294517)
1(0.08308693588152327, 0.08772129352795266)
1(0.06782041389955074, 0.07241510006439977)
1(0.06609250647567155, 0.07061174863733777)
1(0.05174705577344241, 0.05623547104151505)
1(0.11720758912193174, 0.12165617630095404)
1(0.039276063474071865, 0.04371069065019728)
1(0.07234666960936742, 0.07677829504615408)
1(0.0743704594341803, 0.07879704645608576)
1(0.105903127444965, 0.11015940342844888)
1(0.07391700192467443, 0.07817101637567248)
1(0.07238809481268471, 0.07659588602265877)
1(0.07223807563428764, 0.07620391199775667)
1(0.11285905092634563, 0.1167318428207994)
1(0.09597282851017475, 0.09980183691890343)
1(0.083122741209953, 0.08688050172530093)
1(0.0756257363692554, 0.07936388537198436)
1(0.09485865290718576, 0.09857502386916395)
1(0.08525075574877661, 0.08895446679642505)
1(0.06160370385180691, 0.06523823611090529)
1(0.06929825557793823, 0.07267191248836202)
1(0.11276538942727099, 0.1160422822028555)
1(0.056425852629699125, 0.0596622203830367)
1(0.04850395965504806, 0.0514297828935959)
1(0.07687509349883881, 0.07974132356415564)
1(0.10235392170941704, 0.10517265011074428)
1(0.06161460545244002, 0.06438492477670887)
1(0.04165017471458177, 0.04435313192384949)
1(0.05171529117826379, 0.05432664892274219)
1(0.05113276224210994, 0.05371074893446559)
1(0.07960750335835742, 0.0821348874518757)
1(0.045195970509651295, 0.04764972003996115)
1(0.07205709199866372, 0.07444706044751626)
1(0.033783853214167436, 0.036163371402636924)
1(0.02587610713121946, 0.028241022764597945)
1(0.399561210607818, 0.401886356245882)
1(0.06643174330045498, 0.06864221136496751)
1(0.06649418847665067, 0.0686215051503315)
1(0.07987807783950396, 0.08196101999412209)
1(0.0431177939331292, 0.04514906350902914)
1(0.05734661645318029, 0.05934947618359154)
1(0.06568453362835558, 0.06757495164527805)
1(0.0987597568716495, 0.10062655602192228)
1(0.06218947556429755, 0.06393679323215629)
1(0.05001763879503163, 0.051728379656887036)
1(0.17281458013416096, 0.17452528703490122)
1(0.042652591942972884, 0.04435313192384949)
1(0.07495661659257746, 0.07664229692713409)
1(0.1003978126733368, 0.10207745639910992)
1(0.06725823696152511, 0.06891387172296493)
1(0.07225240747402029, 0.07390552261366634)
1(0.050676777249814564, 0.052309514226518194)
1(0.03769082635841425, 0.03925037892404459)
1(0.06033606343013087, 0.06180597969357704)
1(0.06127652787126736, 0.06270311861294309)
1(0.06681485228180806, 0.06822894714848227)
1(0.09527625350260416, 0.09668407452694705)
1(0.08932344356956357, 0.09072397662390341)
1(0.06764002811285463, 0.0690160273647713)
1(0.09083825098947362, 0.09219391879828032)
1(0.07402548652659591, 0.075377277900881)
1(0.2820258015748829, 0.28337194274464994)
1(0.05292924960658041, 0.054271477408047164)
1(0.06844396901396999, 0.06976580574067792)
1(0.07450813831853986, 0.075824659342141)
1(0.0635206327176, 0.06481468451097572)
1(0.04810726014140154, 0.04939952511383494)
1(0.08022045623580631, 0.08150870933254362)
1(0.08627856432909309, 0.0875177162264067)
1(0.056772040190332995, 0.05781982983188705)
1(0.05904795186375378, 0.06005721918965201)
1(0.08156467961743563, 0.08256550555987408)
1(0.05803491490658941, 0.05899074237470325)
1(0.04759410151206145, 0.04852986809557158)
1(0.20677546761269905, 0.2076199872691573)
1(0.05434702961976379, 0.055183291455764616)
1(0.10148034082018342, 0.10229549170980334)
1(0.03846496182078596, 0.039270996479241815)
1(0.05061944745213354, 0.05140669727231817)
1(0.04530314992307116, 0.046042320440110585)
1(0.08201747678809446, 0.08274210551103178)
1(0.04013186606747099, 0.04078357370328267)
1(0.04999953488728126, 0.0505768582640338)
1(0.0779621235896073, 0.07850090835920409)
1(0.05435522936970927, 0.05486090910727104)
1(0.07524763798721268, 0.07575173278668612)
1(0.2181971624081851, 0.21869391391685244)
1(0.06465167146588158, 0.06507157204704184)
1(0.0782405993328722, 0.07860424964443657)
1(0.06457166298042116, 0.06468966870957382)
1(0.06241363756971985, 0.06251351046550024)
1(0.13397043127042307, 0.13404755061020523)
1(0.09055049096518553, 0.09061235557417147)
1(0.12620601663478992, 0.12625777709214714)
1(0.08044120142083, 0.08047786114506039)
1(0.05619283965413835, 0.056224942945785616)
0(0.0, inf)
0(0.0, 0.21784261779621905)
0(0.0, 0.20359064924632841)
0(0.0, 0.19366098737944126)
0(0.0, 0.19179874033925737)
0(0.0, 0.1674591441431913)
0(0.0, 0.16555267616317715)
0(0.0, 0.16503459327338732)
0(0.0, 0.15915270934432912)
0(0.0, 0.15622315683848242)
0(0.0, 0.1479383296671275)
0(0.0, 0.1463554888339178)
0(0.0, 0.1450472284706681)
0(0.0, 0.13459816174944994)
0(0.0, 0.13040232778384886)
0(0.0, 0.12746549338086788)
0(0.0, 0.12649593013452443)
0(0.0, 0.1256632806410476)
0(0.0, 0.12565438387471473)
0(0.0, 0.12561939245710219)
0(0.0, 0.1253155427115793)
0(0.0, 0.1239638146205787)
0(0.0, 0.12383027521663292)
0(0.0, 0.12104339692410193)
0(0.0, 0.1207983298020564)
0(0.0, 0.1204017003082074)
0(0.0, 0.11691670338935611)
0(0.0, 0.11587935119735238)
0(0.0, 0.11418863614995145)
0(0.0, 0.10951985979342693)
0(0.0, 0.10875865018580122)
0(0.0, 0.10706488826600125)
0(0.0, 0.1068151830798022)
0(0.0, 0.10437195870281668)
0(0.0, 0.1036520293714619)
0(0.0, 0.10307347144145573)
0(0.0, 0.09993027697222023)
0(0.0, 0.09912388902146896)
0(0.0, 0.09896227549512748)
0(0.0, 0.09626668837231711)
0(0.0, 0.0951683395713534)
0(0.0, 0.0940261405017484)
0(0.0, 0.09336838726339836)
0(0.0, 0.09201161514117961)
0(0.0, 0.0908490054117721)
0(0.0, 0.08904313614204717)
0(0.0, 0.08823531292583986)
0(0.0, 0.0879060001305837)
0(0.0, 0.08629091724549265)
0(0.0, 0.0861432263186993)
0(0.0, 0.08595018476522409)
0(0.0, 0.08586962818835797)
0(0.0, 0.08548285722071858)
0(0.0, 0.08541102664641964)
0(0.0, 0.08493693012778114)
0(0.0, 0.08462981247446233)
0(0.0, 0.08446142793154132)
0(0.0, 0.08443407891698673)
0(0.0, 0.08409173388978575)
0(0.0, 0.08376057089075317)
0(0.0, 0.08302981003913468)
0(0.0, 0.08219774062061624)
0(0.0, 0.08202505547756145)
0(0.0, 0.08197931274055636)
0(0.0, 0.08179633766839467)
0(0.0, 0.08101342792301991)
0(0.0, 0.078887244460631)
0(0.0, 0.07877822132401813)
0(0.0, 0.07870230040072468)
0(0.0, 0.07825191534032161)
0(0.0, 0.07655855398993772)
0(0.0, 0.07629129765161402)
0(0.0, 0.07535008029293477)
0(0.0, 0.07527622644961374)
0(0.0, 0.0748147821765146)
0(0.0, 0.07477163112850505)
0(0.0, 0.0747426022743779)
0(0.0, 0.07466857788185677)
0(0.0, 0.07446868325989475)
0(0.0, 0.07433866086311891)
0(0.0, 0.07399665048568993)
0(0.0, 0.07383076502637131)
0(0.0, 0.07324953181720739)
0(0.0, 0.07301075504113963)
0(0.0, 0.07212732580067138)
0(0.0, 0.07182263997434446)
0(0.0, 0.0703064432939311)
0(0.0, 0.06971440229995463)
0(0.0, 0.06957831319682439)
0(0.0, 0.06932361059049064)
0(0.0, 0.06899411651259812)
0(0.0, 0.06874979701179795)
0(0.0, 0.06852708335387425)
0(0.0, 0.06828499977049263)
0(0.0, 0.06827380053300725)
0(0.0, 0.06780167103083656)
0(0.0, 0.06759865553172395)
0(0.0, 0.06725464668234027)
0(0.0, 0.06698751874655084)
0(0.0, 0.06679581428452064)
0(0.0, 0.06673925710310813)
0(0.0, 0.06665070036078391)
0(0.0, 0.06650647791960096)
0(0.0, 0.06638050889756186)
0(0.0, 0.0661452381996791)
0(0.0, 0.06590041530974478)
0(0.0, 0.065756108289308)
0(0.0, 0.06435461144809207)
0(0.0, 0.06433717275118489)
0(0.0, 0.06400046686596939)
0(0.0, 0.06386858685961816)
0(0.0, 0.06365353211667313)
0(0.0, 0.0632390700279939)
0(0.0, 0.06287749220496541)
0(0.0, 0.062427248416209724)
0(0.0, 0.06235326721443124)
0(0.0, 0.06217039286935233)
0(0.0, 0.06202466635721726)
0(0.0, 0.06176793030474026)
0(0.0, 0.06168929506167986)
0(0.0, 0.061625857722999)
0(0.0, 0.06159184645752114)
0(0.0, 0.06147549506681338)
0(0.0, 0.061293975293000624)
0(0.0, 0.06123590750673169)
0(0.0, 0.0610910525110725)
0(0.0, 0.06106629684560905)
0(0.0, 0.06052970955006565)
0(0.0, 0.06038158347436218)
0(0.0, 0.06037506338743226)
0(0.0, 0.060342986777232044)
0(0.0, 0.06026562533488389)
0(0.0, 0.06016726821352303)
0(0.0, 0.060100859501933)
0(0.0, 0.05994214936491882)
0(0.0, 0.059848460978181195)
0(0.0, 0.05973307294421981)
0(0.0, 0.05969751251040356)
0(0.0, 0.059580564206340836)
0(0.0, 0.05954165355026764)
0(0.0, 0.05946390452637018)
0(0.0, 0.05943954253351147)
0(0.0, 0.05943602953944749)
0(0.0, 0.059420335959515014)
0(0.0, 0.0593478666394629)
0(0.0, 0.059266173912215225)
0(0.0, 0.05925208620449396)
0(0.0, 0.05916252225962415)
0(0.0, 0.059157079173374094)
0(0.0, 0.059094523886896844)
0(0.0, 0.05900230961844333)
0(0.0, 0.05883854818458745)
0(0.0, 0.05881810546693467)
0(0.0, 0.058793388707440775)
0(0.0, 0.058618304962519296)
0(0.0, 0.05847308163762732)
0(0.0, 0.05840974975652613)
0(0.0, 0.05836682415771177)
0(0.0, 0.05832133695557351)
0(0.0, 0.058320495926415195)
0(0.0, 0.05818717128369799)
0(0.0, 0.05815851045095777)
0(0.0, 0.05804771937308073)
0(0.0, 0.0578884852442636)
0(0.0, 0.05773393569616203)
0(0.0, 0.0576811820779034)
0(0.0, 0.05766854216113948)
0(0.0, 0.05745190378390408)
0(0.0, 0.05736545490921663)
0(0.0, 0.05734959688616925)
0(0.0, 0.05700684721155491)
0(0.0, 0.05688193110166617)
0(0.0, 0.05669334816078242)
0(0.0, 0.05668324604207475)
0(0.0, 0.05667609508829019)
0(0.0, 0.056605273488342545)
0(0.0, 0.05642558649414431)
0(0.0, 0.05622157990988341)
0(0.0, 0.055612413837996644)
0(0.0, 0.05559559576390438)
0(0.0, 0.055516276098594664)
0(0.0, 0.05527576320379368)
0(0.0, 0.055240777644983474)
0(0.0, 0.05516502390973943)
0(0.0, 0.055067200037209996)
0(0.0, 0.055037767227928414)
0(0.0, 0.05492802733697055)
0(0.0, 0.05489181841345914)
0(0.0, 0.05476108883798825)
0(0.0, 0.05454245606847519)
0(0.0, 0.054292871168076795)
0(0.0, 0.05417964414628784)
0(0.0, 0.054106447902488086)
0(0.0, 0.05402619517647311)
0(0.0, 0.05399734264960132)
0(0.0, 0.05399352215890496)
0(0.0, 0.0537168093990511)
0(0.0, 0.05360922339812446)
0(0.0, 0.053590746576388404)
0(0.0, 0.05334214261069725)
0(0.0, 0.05333237651342082)
0(0.0, 0.05332863459390036)
0(0.0, 0.053309070539406256)
0(0.0, 0.05330172894007801)
0(0.0, 0.053291226137979875)
0(0.0, 0.053177099051712085)
0(0.0, 0.05308701425100304)
0(0.0, 0.053046707572954155)
0(0.0, 0.05303975025034102)
0(0.0, 0.05300821853799931)
0(0.0, 0.052994770262490554)
0(0.0, 0.0528269286819214)
0(0.0, 0.052530430458302635)
0(0.0, 0.05250098842460871)
0(0.0, 0.05231698371727045)
0(0.0, 0.05231641022916933)
0(0.0, 0.052256087137954044)
0(0.0, 0.0522104976212463)
0(0.0, 0.051957798169714464)
0(0.0, 0.05176162730894518)
0(0.0, 0.0515811496840618)
0(0.0, 0.05142270924735637)
0(0.0, 0.05132074412401766)
0(0.0, 0.05106217591721951)
0(0.0, 0.05098891157682972)
0(0.0, 0.05087040834107981)
0(0.0, 0.0504108056863628)
0(0.0, 0.05036226917375353)
0(0.0, 0.05002507911380594)
0(0.0, 0.050023138704972325)
0(0.0, 0.049939847672350046)
0(0.0, 0.049930216337426225)
0(0.0, 0.049749576844068)
0(0.0, 0.04968771904094649)
0(0.0, 0.04958756287701516)
0(0.0, 0.04929625149005479)
0(0.0, 0.04916685418812017)
0(0.0, 0.04903916889258786)
0(0.0, 0.04841485428346004)
0(0.0, 0.048229977971011806)
0(0.0, 0.04819062518682604)
0(0.0, 0.04799408529870042)
0(0.0, 0.047817649972937804)
0(0.0, 0.04757701277280735)
0(0.0, 0.0474079905306416)
0(0.0, 0.047201818624152514)
0(0.0, 0.04717443184040082)
0(0.0, 0.047090878296629834)
0(0.0, 0.046941169824259554)
0(0.0, 0.04692202682933222)
0(0.0, 0.04690907754284401)
0(0.0, 0.046819165015169584)
0(0.0, 0.04678931007558518)
0(0.0, 0.04665510917725468)
0(0.0, 0.04657642568326603)
0(0.0, 0.046509296218095963)
0(0.0, 0.04639532461675677)
0(0.0, 0.04637244772527138)
0(0.0, 0.04627137894650901)
0(0.0, 0.046189887735074486)
0(0.0, 0.04616109219988895)
0(0.0, 0.0457480686998033)
0(0.0, 0.04545892598770351)
0(0.0, 0.04540229079904756)
0(0.0, 0.045344728126308076)
0(0.0, 0.04524618128564806)
0(0.0, 0.045103669780318434)
0(0.0, 0.04497221912458804)
0(0.0, 0.044666203831201234)
0(0.0, 0.04458731766055446)
0(0.0, 0.04455251375528324)
0(0.0, 0.04447342253740838)
0(0.0, 0.04445681156859016)
0(0.0, 0.04440956922597061)
0(0.0, 0.04437551050164523)
0(0.0, 0.04425863676619901)
0(0.0, 0.04411570043413904)
0(0.0, 0.04409555598366677)
0(0.0, 0.044028656288598755)
0(0.0, 0.04398554759999351)
0(0.0, 0.043868176419012084)
0(0.0, 0.043831383942340874)
0(0.0, 0.04379295020256102)
0(0.0, 0.043614245244605554)
0(0.0, 0.04352349938974831)
0(0.0, 0.043376752550484676)
0(0.0, 0.04335573363026446)
0(0.0, 0.04332736356005773)
0(0.0, 0.043281011900655364)
0(0.0, 0.04311113228601893)
0(0.0, 0.043093529292779986)
0(0.0, 0.043089565742232105)
0(0.0, 0.04302846626203116)
0(0.0, 0.042991215973472774)
0(0.0, 0.04293939660867685)
0(0.0, 0.042829791606806)
0(0.0, 0.042824681072113235)
0(0.0, 0.04278988608331313)
0(0.0, 0.04265840019318823)
0(0.0, 0.042551995061422265)
0(0.0, 0.0424944880616801)
0(0.0, 0.042451871406828046)
0(0.0, 0.0416366773695831)
0(0.0, 0.0416353832554861)
0(0.0, 0.0411261915369906)
0(0.0, 0.04093925350517391)
0(0.0, 0.040790930856405616)
0(0.0, 0.040629488364722355)
0(0.0, 0.040543713102289325)
0(0.0, 0.040533347718351376)
0(0.0, 0.040476878551188644)
0(0.0, 0.04046576019548476)
0(0.0, 0.0403318105586048)
0(0.0, 0.04032065290114206)
0(0.0, 0.04020492867734926)
0(0.0, 0.04008136317942346)
0(0.0, 0.04000842796908055)
0(0.0, 0.0398401961077689)
0(0.0, 0.039820429731696416)
0(0.0, 0.03965781787877176)
0(0.0, 0.039330524094357444)
0(0.0, 0.038983868198954275)
0(0.0, 0.038972226306717594)
0(0.0, 0.03888581143264447)
0(0.0, 0.03881890083107087)
0(0.0, 0.03863134017686698)
0(0.0, 0.038614048895580844)
0(0.0, 0.03841964611537407)
0(0.0, 0.03821290716897363)
0(0.0, 0.03815164888761191)
0(0.0, 0.037946941937288536)
0(0.0, 0.03792417994335051)
0(0.0, 0.03783059146682377)
0(0.0, 0.03782103178786089)
0(0.0, 0.037359772602711616)
0(0.0, 0.03725846081114681)
0(0.0, 0.037217490134116904)
0(0.0, 0.03707766268570245)
0(0.0, 0.037031999090516465)
0(0.0, 0.03687019162445704)
0(0.0, 0.03678596070039719)
0(0.0, 0.03655107962577153)
0(0.0, 0.03655054680093872)
0(0.0, 0.036500451591764405)
0(0.0, 0.03632383356978097)
0(0.0, 0.036284992915714076)
0(0.0, 0.036176688896788156)
0(0.0, 0.03604194335885802)
0(0.0, 0.03600505374964147)
0(0.0, 0.03580864616206669)
0(0.0, 0.03570049439090728)
0(0.0, 0.03567595496534959)
0(0.0, 0.035504259601337074)
0(0.0, 0.035380449538771286)
0(0.0, 0.035212820849333526)
0(0.0, 0.03510369191875795)
0(0.0, 0.03501875122078635)
0(0.0, 0.03494614866168988)
0(0.0, 0.03481372278664707)
0(0.0, 0.03478144059315602)
0(0.0, 0.03461848317862504)
0(0.0, 0.03400285986863616)
0(0.0, 0.03393710652029269)
0(0.0, 0.03384984567772853)
0(0.0, 0.03382134578475393)
0(0.0, 0.03376910800875088)
0(0.0, 0.03364961208833661)
0(0.0, 0.03358276939209037)
0(0.0, 0.03357061785641935)
0(0.0, 0.03333429737518512)
0(0.0, 0.032810121542200976)
0(0.0, 0.032739370065469564)
0(0.0, 0.03259241109954514)
0(0.0, 0.032493952829451334)
0(0.0, 0.032208990666854675)
0(0.0, 0.032018480065463595)
0(0.0, 0.03188876570008847)
0(0.0, 0.03166641085081923)
0(0.0, 0.03165327708996968)
0(0.0, 0.031525559748205256)
0(0.0, 0.03119381986281411)
0(0.0, 0.03112263478844668)
0(0.0, 0.03105052924203966)
0(0.0, 0.031030921138024525)
0(0.0, 0.03076293997648749)
0(0.0, 0.030709197465657367)
0(0.0, 0.030653516034454542)
0(0.0, 0.030469403226200065)
0(0.0, 0.030356776967157884)
0(0.0, 0.030349359466108172)
0(0.0, 0.030282896463081466)
0(0.0, 0.030032312661135152)
0(0.0, 0.029836354477812077)
0(0.0, 0.029581093525051227)
0(0.0, 0.029580256661917992)
0(0.0, 0.02948371148408757)
0(0.0, 0.029369588412235692)
0(0.0, 0.028932497660403067)
0(0.0, 0.028020410590303357)
0(0.0, 0.02791936526035066)
0(0.0, 0.027869206529420598)
0(0.0, 0.027659069525147073)
0(0.0, 0.027593078290332196)
0(0.0, 0.027469194027272992)
0(0.0, 0.027357831727092163)
0(0.0, 0.02723192958127585)
0(0.0, 0.026989361594197625)
0(0.0, 0.026752996571180798)
0(0.0, 0.02491994839180367)
0(0.0, 0.024400182752562616)
0(0.0, 0.02401651181983222)
0(0.0, 0.023704739806430064)
0(0.0, 0.02336314375459414)
0(0.0, 0.022999965126532573)
0(0.0, 0.022845584096340188)
0(0.0, 0.022432258575870834)
0(0.0, 0.022427349990813528)
0(0.0, 0.02207916093197515)
0(0.0, 0.022076298942010575)
0(0.0, 0.021900381378428646)
0(0.0, 0.021694240158760647)
0(0.0, 0.020431774606858077)
0(0.0, 0.0203100630719526)
0(0.0, 0.020187621936902045)
0(0.0, 0.02012882904102986)
0(0.0, 0.019020144734553823)
0(0.0, 0.01865519205680488)
0(0.0, 0.018352362400140376)
0(0.0, 0.01600306314686606)
0(0.0, 0.015863447570897526)
0(0.0, 0.010319260371884131)
0(0.0, 0.008480257459004381)
