1(0.5900260555953103, 0.9262687833460278)
1(0.2640060036843074, 0.48002900098668255)
1(0.31118193545024264, 0.49881764757276625)
1(0.33024878336972274, 0.47428204933106743)
1(0.2954496567538155, 0.40478501780448184)
1(0.2548489354128679, 0.3499467448600948)
1(0.13781443380702385, 0.21173530688693243)
1(0.21185960991397024, 0.2804155249855984)
1(0.38808761493910615, 0.45597679011714753)
1(0.2478704343385325, 0.3127443917367201)
1(0.28160778061165836, 0.34309593006601746)
1(0.1369814426475926, 0.19626232328130588)
1(0.15800400023269134, 0.2162427195257276)
1(0.12926753579489458, 0.18734370343277928)
1(0.1395874765685241, 0.19718218715197744)
1(0.2407212235947045, 0.2982259564241275)
1(0.11436782108330368, 0.16877595659893763)
1(0.20046520045548655, 0.2520788232097968)
1(0.11781420331330383, 0.1694222969428082)
1(0.10879607361054022, 0.1600650640584098)
1(0.11665253495144534, 0.16103666359808344)
1(0.17004169811310943, 0.2142075888483541)
1(0.115295026623631, 0.15785471713542165)
1(0.14502012070911108, 0.1859331756733782)
1(0.7862350600516406, 0.8262091096494862)
1(0.13517815996170723, 0.17510420347443445)
1(0.12955786000772918, 0.16937805473940737)
1(0.13396155123545173, 0.17356835111877789)
1(0.1402345355655974, 0.17797177937783237)
1(0.12911736445224375, 0.16636880965858492)
1(0.21153503361604864, 0.24659998538993888)
1(0.20316325967672577, 0.23783266076521414)
1(0.10425532368998669, 0.1388663065022384)
1(0.17277058617485896, 0.20691128964744898)
1(0.11336632249585277, 0.1473161634033482)
1(0.1731771747853602, 0.20645955656601056)
1(0.15958814865563287, 0.192851736864608)
1(0.12532954103262883, 0.15748966570344503)
1(0.20297070253724603, 0.2347245446551265)
1(0.22705086504199812, 0.25655308636374496)
1(0.16083609387567732, 0.19032484966517893)
1(0.08996000031848639, 0.11928738771177161)
1(0.09985788922102368, 0.12900795118407504)
1(0.13950625989949073, 0.16846226258118824)
1(0.3329461392183881, 0.3616411666160285)
1(0.08267538100402694, 0.11121080905840497)
1(0.2097027975840614, 0.23746469866143838)
1(0.12798650156129254, 0.15522201217027243)
1(0.14294444249521188, 0.16993299912557736)
1(0.15243307081297797, 0.1790125139289831)
1(0.11431715817162025, 0.14083865630767034)
1(0.14233681830643874, 0.1684930912424718)
1(0.18025419935755171, 0.2062875011767471)
1(0.13380174514273735, 0.15943001685261393)
1(0.11155233512285456, 0.1363532603600921)
1(0.13096104507647477, 0.15547285668036837)
1(0.15820078737815346, 0.18257420558681126)
1(0.12715546910364994, 0.15135040741538597)
1(0.1699408499197006, 0.19365430358336821)
1(0.10814838229485413, 0.13128308317422288)
1(0.11909264629263139, 0.14204863588776873)
1(0.14732742589740844, 0.1699106220858011)
1(0.10666045467543872, 0.1291753862867696)
1(0.1501982054025539, 0.17201265330102156)
1(0.14195373315745874, 0.16345698506973372)
1(0.17999947611478107, 0.20119449841310733)
1(0.10614211263601969, 0.1268284888460135)
1(0.1708831355119419, 0.19151640576875018)
1(0.12956507640921988, 0.15014272580930133)
1(0.1310838982843754, 0.15139143786836584)
1(0.17316047336088314, 0.19346036663237576)
1(0.21539391468447622, 0.235061842214755)
1(0.2657684599032858, 0.28529981546356664)
1(0.15829041817900713, 0.17731938267951808)
1(0.14136770620735983, 0.16007019930731448)
1(0.12802652479625376, 0.14659854153679575)
1(0.19095113902920302, 0.2094849522935085)
1(0.11453751308296589, 0.13300092452190915)
1(0.1809571195954618, 0.19932640452298278)
1(0.12568969261901275, 0.14385083695566747)
1(0.11510439632253533, 0.13317588173774886)
1(0.14128929015580838, 0.15934499417744974)
1(0.12017809057834261, 0.13812454655088935)
1(0.12410882923831013, 0.1418093796378852)
1(0.10108809445593891, 0.11860819941560796)
1(0.14216807836169354, 0.15956435184140616)
1(0.15614288493194284, 0.17331474935928648)
1(0.13284768679485226, 0.149833440368362)
1(0.20601295103305095, 0.22293752556482405)
1(0.0600138855673088, 0.07667056137350015)
1(0.14774144300071224, 0.16434197479970214)
1(0.14546061769399354, 0.16201662880018164)
1(0.14427847197819055, 0.16081938609150492)
1(0.12084561630468982, 0.13730193075018005)
1(0.0933890668298043, 0.10983701296483828)
1(0.15261574870510786, 0.1684930912424718)
1(0.10291955098215, 0.11860819941560796)
1(0.1808019571922478, 0.19642761188011915)
1(0.19133747870402873, 0.20694796714900687)
1(0.08924017359003777, 0.10483698837721633)
1(0.11709718464038588, 0.13256804732632776)
1(0.11409057201461492, 0.1294754359515219)
1(0.19910327028680153, 0.21440751346213582)
1(0.11924126615957009, 0.13451808950063138)
1(0.13651541941310186, 0.1516731873800602)
1(0.1090621280687134, 0.12408794106509313)
1(0.12934323579743168, 0.14435351041894728)
1(0.15566162970165187, 0.17055587843163356)
1(0.1590362726793526, 0.17356835111877789)
1(0.20996243037265572, 0.22448427019099082)
1(0.12557638640571178, 0.13977664249396538)
1(0.20917497810860985, 0.22325599524167672)
1(0.10308585458133435, 0.11710906768937268)
1(0.20058765779757115, 0.21395288810791258)
1(0.10199822444940665, 0.11523845696930246)
1(0.08807064804929621, 0.10127813153432896)
1(0.17433413132902964, 0.18734370343277928)
1(0.16476825178769894, 0.1770141830967259)
1(0.1278863526432038, 0.13999424329799715)
1(0.11256197812062219, 0.1246176431855287)
1(0.16727709392226342, 0.1790125139289831)
1(0.1566457293134691, 0.1682925273402166)
1(0.14254162891158528, 0.15413250837748382)
1(0.2061837643877803, 0.21753671631073412)
1(0.11325192200895862, 0.12431927623250516)
1(0.20645891195866994, 0.21748343331648157)
1(0.1383086666138177, 0.14917941175389837)
1(0.13303730484580534, 0.14382800433264686)
1(0.12180075583464733, 0.1325157225657061)
1(0.24934575327192376, 0.2597679065287435)
1(0.17918966647338452, 0.18945477950983636)
1(0.13308219434227653, 0.1433365426244949)
1(0.1322802184969959, 0.1425187611374955)
1(0.09779774698487931, 0.1079556819815859)
1(0.14463787289576646, 0.15465219607139835)
1(0.09734108961818966, 0.1071641189395034)
1(0.22771647283235696, 0.23746469866143838)
1(0.0765479808315147, 0.08624466596223879)
1(0.09111674254681079, 0.10080152253311014)
1(0.14979768534875837, 0.15911372805688528)
1(0.17164082999076447, 0.18074966484853805)
1(0.11014190983242655, 0.11922097244707064)
1(0.034526228298864536, 0.04330430203544844)
1(0.17624736925836548, 0.18499269005165575)
1(0.08727544973099965, 0.09601514787994958)
1(0.19344931269036036, 0.20212545396218673)
1(0.14983521049864257, 0.158481489222976)
1(0.1351463175708839, 0.1437260924552246)
1(0.16618438111439626, 0.17469488436459646)
1(0.0613400822532737, 0.06964694147566763)
1(0.13331809333019795, 0.14153866489912026)
1(0.15477739998933315, 0.16298222363484294)
1(0.13427245791125653, 0.1424128819006456)
1(0.15747620624587222, 0.16560566571972823)
1(0.2092004517334053, 0.21712841255369164)
1(0.14747376653998034, 0.15526105865385686)
1(0.12990118323444078, 0.13762071540041143)
1(0.14256201182763628, 0.15003262264923867)
1(0.13972128395095407, 0.14709167825467018)
1(0.11742404100586812, 0.1247843140274617)
1(0.04188677430650278, 0.04916787523418775)
1(0.12130075258166295, 0.12852423138423397)
1(0.2083372750489012, 0.2154628540460023)
1(0.14483654649863464, 0.15191201815968902)
1(0.12267118039782221, 0.12972461156330084)
1(0.11394888033364547, 0.1209974562068602)
1(0.11310438708190873, 0.12007959256203282)
1(0.12733871438967193, 0.13429617128813642)
1(0.13046696724217322, 0.13737235227351807)
1(0.15931086685742846, 0.16603620963955112)
1(0.09821216850271808, 0.10484204531163599)
1(0.15577145666352632, 0.16239133771276726)
1(0.17312780464387645, 0.17961945049415295)
1(0.11084900491092631, 0.1173034875615947)
1(0.13433960488757157, 0.14077100979180257)
1(0.16592784246336967, 0.17232577432220986)
1(0.19793490561070304, 0.2041603306802462)
1(0.048660605836818305, 0.05484349738354399)
1(0.04876225739266504, 0.05484349738354399)
1(0.1374758589438465, 0.1434879141117128)
1(0.16319241728093536, 0.16916941967936194)
1(0.10563977838586514, 0.1116066491566412)
1(0.134127253105365, 0.13999424329799715)
1(0.03097386509416855, 0.036836955232650515)
1(0.1306135646622797, 0.13643071269519602)
1(0.1603008211689675, 0.16603620963955112)
1(0.03249233383881056, 0.03820920069652767)
1(0.23619168309166383, 0.24166584854967088)
1(0.03133080925453491, 0.03661074101283934)
1(0.0491395215311361, 0.054372472643459346)
1(0.09521303938277637, 0.10029570685428646)
1(0.09580913323505635, 0.10071779324758068)
1(0.16915242428977173, 0.17405437008842728)
1(0.05574612372661092, 0.06047978888386385)
1(0.2142042426348736, 0.2187574414823581)
1(0.3634711555153678, 0.36802435236940645)
1(0.09219712440817884, 0.09673523366627168)
1(0.03754408845678314, 0.042022523171381665)
1(0.2031933590386481, 0.20746891514130683)
1(0.17688012112867468, 0.18113016779164537)
1(0.12783381645095548, 0.13204290011665432)
1(0.2564192600587656, 0.2605971824280845)
1(0.1697563071667909, 0.17383274558889716)
1(0.1706097713345791, 0.1746139231073076)
1(0.2731855988149908, 0.277170105769327)
1(0.16708821370844318, 0.17103835821795488)
1(0.14815405563772766, 0.1520766130494593)
1(0.1411645710751227, 0.14494642402931868)
1(0.13369191485284715, 0.13738354840257427)
1(0.10999551791688744, 0.1135923885843344)
1(0.10822542268704294, 0.1117635892989095)
1(0.03090656398106595, 0.03434416273379859)
1(0.1929783655445494, 0.19637767281950047)
1(0.18711557933678713, 0.19047851460307696)
1(0.16976257307193132, 0.17299194690127428)
1(0.07667533165328, 0.07986521222939291)
1(0.13185638254087717, 0.13498736973887093)
1(0.15611629145599637, 0.15913733129402663)
1(0.053663635936436416, 0.056625992796442426)
1(0.08750446618891261, 0.0904210743269721)
1(0.017192288544359058, 0.02007200196052461)
1(0.11900312849988626, 0.12187696950657256)
1(0.01967548115740181, 0.022450432325572423)
1(0.10442045889301921, 0.1071641189395034)
1(0.021613999383770954, 0.024333690149693887)
1(0.10501180444987068, 0.10773133565930848)
1(0.025435340894324643, 0.028129997946531038)
1(0.05533071685830493, 0.05792438981548942)
1(0.1455056402162378, 0.14802479637261334)
1(0.03257183588626056, 0.035027118596140605)
1(0.1661536698949041, 0.16856953090048865)
1(0.03513933672845082, 0.0374609805008389)
1(0.16169830324843704, 0.16398620740425562)
1(0.16696456830640305, 0.16924316844958476)
1(0.08687933634505085, 0.08910271674880021)
1(0.02481181058362647, 0.026999215659942122)
1(0.1516570173051045, 0.15376495173614213)
1(0.041061519079991005, 0.0430591333105802)
1(0.027692419997892515, 0.029612432322922655)
1(0.18238177436584313, 0.18427186104923943)
1(0.017482724279961004, 0.019358165245725645)
1(0.020599320478214778, 0.022450432325572423)
1(0.07394925650357531, 0.07579518646189465)
1(0.02926257708302049, 0.031029739091480213)
1(0.033352344731396366, 0.03508568864291417)
1(0.013382205087407062, 0.01504783895397055)
1(0.02562663217540828, 0.02728848449271215)
1(0.03935336007119461, 0.04101036568764638)
1(0.16928583482184045, 0.17092352031943947)
1(0.1954802556274453, 0.197107621945664)
1(0.169121642712332, 0.1707013076468784)
1(0.14018964885018292, 0.1416651425968546)
1(0.07688995428180123, 0.07832446796419545)
1(0.1436643158796772, 0.1450036765104713)
1(0.02863008137314549, 0.029967201420077916)
1(0.19635138699676857, 0.1976870203445803)
1(0.019840845784010464, 0.02113453537679566)
1(0.03265018382325324, 0.03393565658992015)
1(0.008697727300320812, 0.009925063083672137)
1(0.18487945879211753, 0.18608010964136878)
1(0.01991538058904596, 0.02110664929370787)
1(0.07463760082338822, 0.07579518646189465)
1(0.13565967639018106, 0.1367014657628436)
1(0.017641059954479954, 0.018662667210098238)
1(0.19601207654589703, 0.19695905524209212)
1(0.16085015602565778, 0.16177202460554196)
1(0.03893484781993639, 0.03975080984059309)
1(0.15573687306928385, 0.15651231965144674)
1(0.10758913339121856, 0.10834033223148187)
1(0.07032212975388685, 0.07105665660585903)
1(0.014877194026726936, 0.01559629319242839)
1(0.018656662371006938, 0.019219716952228794)
1(0.13944700514941544, 0.1399434228941029)
1(0.10284233668441267, 0.10331820820889759)
1(0.03842668261025317, 0.038869407377282394)
1(0.027464383969324047, 0.02790081514488363)
1(0.11768036249185054, 0.11805235168265427)
1(0.03375199097434467, 0.03409752979161085)
1(0.26248059123849743, 0.2628084318147881)
1(0.019847697434645983, 0.020140173087628277)
1(0.12252016495302187, 0.12277127568449153)
1(0.15347548994002747, 0.15363740477765908)
1(0.1725584089329777, 0.17265244988119577)
1(0.1375318219177314, 0.13762071540041143)
1(0.05785918356384967, 0.05792438981548942)
0(0.0, inf)
0(0.0, 0.25752001209148534)
0(0.0, 0.23977823356842387)
0(0.0, 0.23951338118299037)
0(0.0, 0.22940367962584018)
0(0.0, 0.22898824704323206)
0(0.0, 0.22392846081477535)
0(0.0, 0.219988889001282)
0(0.0, 0.19783425777620467)
0(0.0, 0.19676106136369953)
0(0.0, 0.19645359289190056)
0(0.0, 0.1956385432438641)
0(0.0, 0.18894224592937003)
0(0.0, 0.186794693186627)
0(0.0, 0.18400426645059909)
0(0.0, 0.18206312085160026)
0(0.0, 0.18156448562526506)
0(0.0, 0.17829707224662628)
0(0.0, 0.17685931805594457)
0(0.0, 0.17053513718655466)
0(0.0, 0.170454555188583)
0(0.0, 0.17025655451229016)
0(0.0, 0.1698743181027078)
0(0.0, 0.16912010250661558)
0(0.0, 0.16673076083379035)
0(0.0, 0.16631905172123018)
0(0.0, 0.1655671638106364)
0(0.0, 0.16456201966383643)
0(0.0, 0.16451152142834358)
0(0.0, 0.16369454339347367)
0(0.0, 0.1613404536337063)
0(0.0, 0.15709489834756518)
0(0.0, 0.15696731309570355)
0(0.0, 0.1569565589869899)
0(0.0, 0.1547538635767498)
0(0.0, 0.1543552702760972)
0(0.0, 0.15434588624075052)
0(0.0, 0.15122207600734539)
0(0.0, 0.1506681209379387)
0(0.0, 0.15038420426716015)
0(0.0, 0.14951794771162874)
0(0.0, 0.14848814663274268)
0(0.0, 0.1455958789152414)
0(0.0, 0.14526259820957643)
0(0.0, 0.14480234547923865)
0(0.0, 0.14261588644075074)
0(0.0, 0.14253481023075654)
0(0.0, 0.14136440702371722)
0(0.0, 0.14047595331617346)
0(0.0, 0.1396111861807453)
0(0.0, 0.13940407707496505)
0(0.0, 0.1393061791095448)
0(0.0, 0.13835615541674184)
0(0.0, 0.13722851825389237)
0(0.0, 0.13666888734390947)
0(0.0, 0.1366143739419482)
0(0.0, 0.13584301273842891)
0(0.0, 0.13559030076782408)
0(0.0, 0.13500000960122205)
0(0.0, 0.13419159865482477)
0(0.0, 0.1336574957064316)
0(0.0, 0.1335346478241647)
0(0.0, 0.1332827285434055)
0(0.0, 0.1329283116371911)
0(0.0, 0.13208130572210752)
0(0.0, 0.1318335822717992)
0(0.0, 0.13157090730440124)
0(0.0, 0.13069650607537986)
0(0.0, 0.1301170221431559)
0(0.0, 0.12993742041153988)
0(0.0, 0.12819656210356944)
0(0.0, 0.1272216069412937)
0(0.0, 0.12720694049492398)
0(0.0, 0.12698454978022278)
0(0.0, 0.1269035150636344)
0(0.0, 0.1267580140953284)
0(0.0, 0.12606954589133879)
0(0.0, 0.1257849333333182)
0(0.0, 0.12526427588585642)
0(0.0, 0.1251033373277708)
0(0.0, 0.12481660336756129)
0(0.0, 0.124642690989068)
0(0.0, 0.12433263215938362)
0(0.0, 0.1242198050040354)
0(0.0, 0.12420411021051447)
0(0.0, 0.12416218359181708)
0(0.0, 0.1231864579658829)
0(0.0, 0.12302818776254432)
0(0.0, 0.12285780836727334)
0(0.0, 0.12264898623820875)
0(0.0, 0.12257914280145854)
0(0.0, 0.12219364824546408)
0(0.0, 0.12190151154060713)
0(0.0, 0.12164216597831057)
0(0.0, 0.12151415790761688)
0(0.0, 0.12143870697582881)
0(0.0, 0.12062295313562899)
0(0.0, 0.12058572307316107)
0(0.0, 0.12010518116521551)
0(0.0, 0.1194441608485135)
0(0.0, 0.1179869697000594)
0(0.0, 0.11782245063105101)
0(0.0, 0.1177051460505033)
0(0.0, 0.11729382943536926)
0(0.0, 0.11728516870750005)
0(0.0, 0.11707241082675846)
0(0.0, 0.11701608898686378)
0(0.0, 0.11670916230104245)
0(0.0, 0.11630236251272419)
0(0.0, 0.11470318969414839)
0(0.0, 0.11450676904616419)
0(0.0, 0.1135610919027581)
0(0.0, 0.1133584290791051)
0(0.0, 0.1126329941008467)
0(0.0, 0.1123952416131766)
0(0.0, 0.11217608810688584)
0(0.0, 0.11211653853985948)
0(0.0, 0.11191891988009506)
0(0.0, 0.1117703728887589)
0(0.0, 0.11145763478519444)
0(0.0, 0.11118938310574689)
0(0.0, 0.11096421570403814)
0(0.0, 0.11066769357273976)
0(0.0, 0.10939981180411806)
0(0.0, 0.10938883289034573)
0(0.0, 0.1093522838470612)
0(0.0, 0.10904596912287512)
0(0.0, 0.10901652101947235)
0(0.0, 0.10828958101603459)
0(0.0, 0.10817155149057545)
0(0.0, 0.10813527317679417)
0(0.0, 0.10807795547010834)
0(0.0, 0.10696559583696541)
0(0.0, 0.10683732857545014)
0(0.0, 0.10670114880567572)
0(0.0, 0.1061566454192433)
0(0.0, 0.10614182974616326)
0(0.0, 0.10584197653652594)
0(0.0, 0.1058095791849133)
0(0.0, 0.1056960392859736)
0(0.0, 0.10557345104141214)
0(0.0, 0.10554253297344329)
0(0.0, 0.10529703555295566)
0(0.0, 0.10469481248723145)
0(0.0, 0.10463379215958557)
0(0.0, 0.10448446743398732)
0(0.0, 0.10387422294362025)
0(0.0, 0.10382101296553636)
0(0.0, 0.10339158642636614)
0(0.0, 0.10325159512463178)
0(0.0, 0.10308525710656302)
0(0.0, 0.10293316639318129)
0(0.0, 0.10292461550489507)
0(0.0, 0.10270760130418943)
0(0.0, 0.10251857367194694)
0(0.0, 0.10214300870960358)
0(0.0, 0.10207272837206138)
0(0.0, 0.1020118799106936)
0(0.0, 0.10142040012198805)
0(0.0, 0.10082649638119578)
0(0.0, 0.10044231002823734)
0(0.0, 0.10032384253532645)
0(0.0, 0.10026546615746956)
0(0.0, 0.10017668776758637)
0(0.0, 0.10016360223018528)
0(0.0, 0.0998079767587472)
0(0.0, 0.09972420481803046)
0(0.0, 0.09928443692431688)
0(0.0, 0.09916318606672181)
0(0.0, 0.09909429352566657)
0(0.0, 0.09853901955510314)
0(0.0, 0.098310752668618)
0(0.0, 0.09788784992025168)
0(0.0, 0.0978319436897821)
0(0.0, 0.09760712181410647)
0(0.0, 0.09707728820946027)
0(0.0, 0.09706396411856699)
0(0.0, 0.096948201446034)
0(0.0, 0.09692945346843096)
0(0.0, 0.0962595744058552)
0(0.0, 0.09622313138502459)
0(0.0, 0.0959525917270343)
0(0.0, 0.09572027895672952)
0(0.0, 0.09507883207185797)
0(0.0, 0.09501229108863629)
0(0.0, 0.09473181214321647)
0(0.0, 0.09458947005924401)
0(0.0, 0.09335544843623922)
0(0.0, 0.09330989143860835)
0(0.0, 0.09324413884915506)
0(0.0, 0.0932058564759225)
0(0.0, 0.0924641488382073)
0(0.0, 0.09241179071475214)
0(0.0, 0.09199908900373566)
0(0.0, 0.0918487891214036)
0(0.0, 0.09145410952400534)
0(0.0, 0.09135822651774284)
0(0.0, 0.09134847053717698)
0(0.0, 0.09124413622401029)
0(0.0, 0.09109279256528036)
0(0.0, 0.09059283534737306)
0(0.0, 0.09037371273566175)
0(0.0, 0.09034906850045987)
0(0.0, 0.08996468681964953)
0(0.0, 0.08994766505095675)
0(0.0, 0.08985877100831474)
0(0.0, 0.08950055077775865)
0(0.0, 0.08947422580156916)
0(0.0, 0.08945561493853138)
0(0.0, 0.08937232209303225)
0(0.0, 0.08934685981071588)
0(0.0, 0.08910999568963918)
0(0.0, 0.08890880760145792)
0(0.0, 0.08890338890737881)
0(0.0, 0.0881180888663422)
0(0.0, 0.08787753456118064)
0(0.0, 0.0874463356331906)
0(0.0, 0.08719770518644354)
0(0.0, 0.08716760510890109)
0(0.0, 0.08697221913532904)
0(0.0, 0.08695875670987174)
0(0.0, 0.08587899326640214)
0(0.0, 0.08566705987317458)
0(0.0, 0.08530040258707494)
0(0.0, 0.08433222598369228)
0(0.0, 0.08421427157118189)
0(0.0, 0.08419969241384151)
0(0.0, 0.0841074450342999)
0(0.0, 0.08401085051432289)
0(0.0, 0.08387420854235406)
0(0.0, 0.08354889253365239)
0(0.0, 0.08351592723457679)
0(0.0, 0.08311141644934728)
0(0.0, 0.0826274178607106)
0(0.0, 0.08242538773731345)
0(0.0, 0.08232829738526459)
0(0.0, 0.0802737442353938)
0(0.0, 0.08007564542373069)
0(0.0, 0.0790409998418462)
0(0.0, 0.07893299834831746)
0(0.0, 0.07882288957234129)
0(0.0, 0.07856272224983352)
0(0.0, 0.07805658629914614)
0(0.0, 0.07754315713995807)
0(0.0, 0.07724344056319288)
0(0.0, 0.07690525711507046)
0(0.0, 0.07655531844668462)
0(0.0, 0.07620604721716462)
0(0.0, 0.07606310317262388)
0(0.0, 0.07585599805475396)
0(0.0, 0.0756037410915874)
0(0.0, 0.07557427342217116)
0(0.0, 0.07472333741445047)
0(0.0, 0.07467073136968261)
0(0.0, 0.074607073498963)
0(0.0, 0.07451563230195368)
0(0.0, 0.0738425164103782)
0(0.0, 0.07334275088644326)
0(0.0, 0.073220370154363)
0(0.0, 0.07227815360622936)
0(0.0, 0.07212577012390642)
0(0.0, 0.0712813635887769)
0(0.0, 0.07127175061637436)
0(0.0, 0.07112565744966992)
0(0.0, 0.0710996157907462)
0(0.0, 0.07062264645329763)
0(0.0, 0.07056155602427816)
0(0.0, 0.07047082712769781)
0(0.0, 0.07018199559682026)
0(0.0, 0.06952707696013116)
0(0.0, 0.06931444246630747)
0(0.0, 0.06897279604706175)
0(0.0, 0.06888664352016027)
0(0.0, 0.06825760667010095)
0(0.0, 0.0682341169830637)
0(0.0, 0.06694394184242469)
0(0.0, 0.06649455922564451)
0(0.0, 0.06571619862880695)
0(0.0, 0.06535064008336566)
0(0.0, 0.06461297214181994)
0(0.0, 0.0645076316357236)
0(0.0, 0.06429440160863753)
0(0.0, 0.06402287912155435)
0(0.0, 0.06267760144249479)
0(0.0, 0.06257363740711841)
0(0.0, 0.0625146929178706)
0(0.0, 0.06200525069173124)
0(0.0, 0.06152426520110421)
0(0.0, 0.061521099022170844)
0(0.0, 0.06105194691872795)
0(0.0, 0.061036193246706505)
0(0.0, 0.06045515608206398)
0(0.0, 0.060403629216212895)
0(0.0, 0.06024623922660799)
0(0.0, 0.06020517483935306)
0(0.0, 0.05951926429218113)
0(0.0, 0.059311328302741106)
0(0.0, 0.05910038816486485)
0(0.0, 0.058264556655645006)
0(0.0, 0.05813736662932545)
0(0.0, 0.058016261759626486)
0(0.0, 0.05727832576197145)
0(0.0, 0.05621134516534132)
0(0.0, 0.05331191594635043)
0(0.0, 0.052397471867021705)
0(0.0, 0.051926582994375026)
0(0.0, 0.051634453235507416)
0(0.0, 0.0497762389731321)
0(0.0, 0.04923448072981018)
0(0.0, 0.04860727614156801)
0(0.0, 0.04848517051605261)
0(0.0, 0.048348233225419035)
0(0.0, 0.04668307175891928)
0(0.0, 0.04664914800296027)
0(0.0, 0.0464725966539733)
0(0.0, 0.04621140055592243)
0(0.0, 0.04582781785838408)
0(0.0, 0.045754981436588515)
0(0.0, 0.04541299225568296)
0(0.0, 0.044293840867373424)
0(0.0, 0.04231523928230441)
0(0.0, 0.04222098054097867)
0(0.0, 0.041384661029037706)
0(0.0, 0.040841095358320034)
0(0.0, 0.040538205147866324)
0(0.0, 0.04052234785632358)
0(0.0, 0.039260845594657034)
0(0.0, 0.038246917723086304)
0(0.0, 0.03823791843208524)
0(0.0, 0.03803106991580829)
0(0.0, 0.037655580466259386)
0(0.0, 0.03740585737806068)
0(0.0, 0.03718753632469429)
0(0.0, 0.03684252766531981)
0(0.0, 0.03644285125989466)
0(0.0, 0.03597102696923238)
0(0.0, 0.03559062131622637)
0(0.0, 0.0352317872925042)
0(0.0, 0.03464416522214153)
0(0.0, 0.03403216655638708)
0(0.0, 0.033856533149973944)
0(0.0, 0.03331548549914887)
0(0.0, 0.033083655435759085)
0(0.0, 0.032736962259229174)
0(0.0, 0.03264712667369907)
0(0.0, 0.032123854198895296)
0(0.0, 0.03201187803437222)
0(0.0, 0.03175664842902248)
0(0.0, 0.030954760548946747)
0(0.0, 0.030707425385607334)
0(0.0, 0.0301347208164523)
0(0.0, 0.029949862942323824)
0(0.0, 0.02970664157905012)
0(0.0, 0.029372573688057346)
0(0.0, 0.028912771980391105)
0(0.0, 0.028912138631961737)
0(0.0, 0.0289064937341722)
0(0.0, 0.028636688932961785)
0(0.0, 0.02836855104983771)
0(0.0, 0.027826644534274192)
0(0.0, 0.027538784941517958)
0(0.0, 0.0273733084725184)
0(0.0, 0.027119680784338573)
0(0.0, 0.026838109579573888)
0(0.0, 0.02670351741788679)
0(0.0, 0.026668762294997372)
0(0.0, 0.02651298380935896)
0(0.0, 0.025917505997519075)
0(0.0, 0.025703391048429114)
0(0.0, 0.02529877459440477)
0(0.0, 0.025039332579631313)
0(0.0, 0.02491556092351266)
0(0.0, 0.024898559501390416)
0(0.0, 0.024868796559433304)
0(0.0, 0.024576205488007763)
0(0.0, 0.024299394126946816)
0(0.0, 0.024173490039558487)
0(0.0, 0.023623663536791684)
0(0.0, 0.02349468265997634)
0(0.0, 0.02333212093128334)
0(0.0, 0.023027474286838046)
0(0.0, 0.02280654144408012)
0(0.0, 0.022448571990670185)
0(0.0, 0.02198083509825821)
0(0.0, 0.021931429964066607)
0(0.0, 0.020785258209943258)
0(0.0, 0.020681951294612144)
0(0.0, 0.020031308311390106)
0(0.0, 0.019743591300793062)
0(0.0, 0.01935910987894507)
0(0.0, 0.019329588362372196)
0(0.0, 0.01928065447576799)
0(0.0, 0.019080551473994678)
0(0.0, 0.01866782671658862)
0(0.0, 0.01865970761189928)
0(0.0, 0.01852985707397581)
0(0.0, 0.0176628201858553)
0(0.0, 0.017655541201811897)
0(0.0, 0.017583536097448338)
0(0.0, 0.01719017667613132)
0(0.0, 0.0171462390204834)
0(0.0, 0.016782916512447676)
0(0.0, 0.01658914111522325)
0(0.0, 0.016332018359221934)
0(0.0, 0.015563862352087177)
0(0.0, 0.015409295253059008)
0(0.0, 0.015139805662993666)
0(0.0, 0.014969203149388766)
0(0.0, 0.014901002912564021)
0(0.0, 0.014741566039558562)
0(0.0, 0.014528845913316157)
0(0.0, 0.014499724874603714)
0(0.0, 0.013860131766782136)
0(0.0, 0.013516867892660933)
0(0.0, 0.012959093723985182)
0(0.0, 0.012775937085570677)
0(0.0, 0.012498190457522429)
0(0.0, 0.012397823601892455)
0(0.0, 0.012247271791108072)
0(0.0, 0.01173229397268094)
0(0.0, 0.01100276837368297)
0(0.0, 0.010735934392994362)
0(0.0, 0.010356159946058985)
0(0.0, 0.00903321631369891)
0(0.0, 0.008641902975764948)
0(0.0, 0.0081193676192588)
0(0.0, 0.007916595766959467)
0(0.0, 0.007636939090876593)
0(0.0, 0.007373612089140447)
0(0.0, 0.007350826874224503)
0(0.0, 0.006981042831318396)
0(0.0, 0.006067978350546732)
