1(0.7268993605831677, 0.922053843823182)
1(0.8541010271773347, 1.0117457850554965)
1(0.3583733787958272, 0.4919591199033365)
1(0.918466941459744, 1.0193555192046166)
1(0.3801969006347725, 0.4402455512859067)
1(0.13870367305195075, 0.19628677054240884)
1(0.12498921474779146, 0.16801964413147374)
1(0.07308505980760105, 0.10921907641283812)
1(0.09682557956333415, 0.1279363402271365)
1(0.11330294762246229, 0.14242597348334796)
1(0.1516494106592754, 0.18033556499899717)
1(0.08053039797275185, 0.10870627800923238)
1(0.09547785893494565, 0.12295775699256006)
1(0.07978072458559793, 0.10715911284391144)
1(0.15173249981339143, 0.17829943912964252)
1(0.1565247515117939, 0.18302653802040392)
1(0.0805881855607744, 0.10706493261172934)
1(0.1520699815131782, 0.1783722239864537)
1(0.08397985643593542, 0.10892449471213661)
1(0.07379869167574926, 0.09762317996035375)
1(0.13290993028019216, 0.15610887792990946)
1(0.10110225504940773, 0.12395856988884069)
1(0.08815822663898287, 0.11088022674997855)
1(0.08129582176625072, 0.1039162158967929)
1(0.12664989290014672, 0.1489479334592444)
1(0.09994903458682725, 0.12212455278933187)
1(0.07874772958022191, 0.10074906399072103)
1(0.11526209191222514, 0.13715894208788248)
1(0.1218889673615855, 0.14358328387289088)
1(0.14362834052576534, 0.16513066165452361)
1(0.08155718294167702, 0.10272892321147897)
1(0.09291296319517461, 0.11371419945414496)
1(0.09397794088512257, 0.11472668855304613)
1(0.10963419021747034, 0.13017108598560156)
1(0.13722734422083305, 0.15726456018912627)
1(0.0892530336060734, 0.10916218340392592)
1(0.07285824799541873, 0.09274269617462771)
1(0.07319537109517849, 0.09299938668180063)
1(0.0844978500464354, 0.10415651117050062)
1(0.07920936790331223, 0.09871387516097341)
1(0.09109979238740706, 0.11053194217696394)
1(0.09584773936173252, 0.11505324196532496)
1(0.12229029013678361, 0.141488893111831)
1(0.11918966965483402, 0.1382311978964974)
1(0.08553933194793695, 0.10457667978547414)
1(0.1388538219574873, 0.15787645559279861)
1(0.10740460612838854, 0.12633959872716327)
1(0.11835016705471224, 0.13663477257899648)
1(0.08039213970216819, 0.09862656569289574)
1(0.09936123215857395, 0.11751874019172148)
1(0.1015069649757332, 0.11874380026087505)
1(0.12463061525244734, 0.14181184856864681)
1(0.10710057079750235, 0.12419976266019594)
1(0.0935426721546645, 0.11063580915619542)
1(0.10865778106580293, 0.12562836263692312)
1(0.07598403888097194, 0.09269477397674342)
1(0.09712376326755046, 0.11380129077454304)
1(0.13006879769530877, 0.1467288760274137)
1(0.11366948393185672, 0.13029631413206677)
1(0.10864966233511475, 0.12516826079249244)
1(0.07721656183667669, 0.09363700859411439)
1(0.08925536440845849, 0.10563730285795958)
1(0.08057977449735121, 0.09695627568417553)
1(0.09842483292067172, 0.11472668855304613)
1(0.0974000090436774, 0.11366273450931541)
1(0.15673272499892887, 0.17296887629975966)
1(0.10555151675680052, 0.12177625540891279)
1(0.08898518892529073, 0.10503041514531286)
1(0.07904049588842987, 0.09496068951148573)
1(0.12651900443468578, 0.14232786046558932)
1(0.081716679026543, 0.09739880643125887)
1(0.09037669847540741, 0.10605609345692646)
1(0.11139239274004453, 0.127055682106044)
1(0.13651396658357362, 0.15217652608022691)
1(0.11282643173480178, 0.1283560340708726)
1(0.09774159158018669, 0.11321094007667398)
1(0.10929772294692341, 0.12470264467966208)
1(0.11779096297741565, 0.13315605252924334)
1(0.07523007654537539, 0.09053637548589888)
1(0.20745013884582852, 0.22271438806366306)
1(0.12591167527618596, 0.1407543658570507)
1(0.12056512419496701, 0.13522396531331282)
1(0.10784157442055509, 0.12249607031010157)
1(0.10117088727494583, 0.11569254454344224)
1(0.27251693562927615, 0.2869570667260618)
1(0.10125287501329583, 0.1156742465261551)
1(0.09401617136203277, 0.1083210759915404)
1(0.11650750669377319, 0.13060945248145306)
1(0.11089290972334964, 0.12494931285584643)
1(0.10504186759862288, 0.11907397371601913)
1(0.10098803040268955, 0.11488582520617852)
1(0.08531712809309822, 0.09920270537737275)
1(0.12418306457155792, 0.13803457742419678)
1(0.17225106251048505, 0.18608959391987)
1(0.08187925038943611, 0.09562266397076713)
1(0.10972180240215501, 0.1233539942331967)
1(0.10176266794550526, 0.11526495149023219)
1(0.12331229404455235, 0.13680275015922894)
1(0.10529628803132085, 0.11874380026087505)
1(0.11238181846425965, 0.12556726077853486)
1(0.08233817919349962, 0.09542915014479536)
1(0.1284393123899643, 0.141488893111831)
1(0.09362283445376296, 0.10667158280737354)
1(0.0965808397740302, 0.10957524231291471)
1(0.13521701304183864, 0.1482043627378139)
1(0.10642095850241406, 0.11915385839051784)
1(0.08726424989792947, 0.09998123236456324)
1(0.087993451001397, 0.10070422139452762)
1(0.13172489073263782, 0.14434559889041698)
1(0.8724144006382872, 0.8849958968304843)
1(0.13064569587347918, 0.14309425219109717)
1(0.13582814578672653, 0.14823789796463394)
1(0.09386202691787682, 0.10623167648445764)
1(0.08046219994677417, 0.09273890926190032)
1(0.10249423099567478, 0.11459518648922595)
1(0.14578216975727498, 0.15786529282888662)
1(0.07238457118804575, 0.08443168401202672)
1(0.09410800327643287, 0.10605609345692646)
1(0.08320912466700325, 0.09484503498518715)
1(0.0898366746050211, 0.10140474985094694)
1(0.07574253469342251, 0.08729699449500805)
1(0.13178744320139657, 0.14323985126399597)
1(0.10122392071605757, 0.11258282044562218)
1(0.10340792387640407, 0.11463601440303972)
1(0.1305982250317903, 0.14168073303888584)
1(0.13509581017463712, 0.14616153185562797)
1(0.08449396870157067, 0.0955228925366689)
1(0.10392201836338, 0.1147965599565468)
1(0.09291867645617569, 0.10353710028485452)
1(0.13878004511813224, 0.1493837672786964)
1(0.07797580296512885, 0.0885624327324962)
1(0.10416929883084314, 0.11473950448177794)
1(0.07534008021794314, 0.08583164389770215)
1(0.12495016394980107, 0.1354398663631311)
1(0.08619577727318717, 0.09660103880422055)
1(0.09341771759539708, 0.1037546796215989)
1(0.10140986803545249, 0.11174572058098475)
1(0.07632745280446751, 0.08666100838201485)
1(0.07700432696368997, 0.08728788450751179)
1(0.11007839309186052, 0.12032103431440622)
1(0.0860066530555581, 0.09619780830140434)
1(0.12942213269155411, 0.13959661282710778)
1(0.11614909824980268, 0.12612974730888604)
1(0.08899983216945573, 0.09897062287291736)
1(0.08801823926095609, 0.09787488677923672)
1(0.13293981199865113, 0.14273291337334715)
1(0.10178284929934622, 0.11145274443221331)
1(0.09243580147257324, 0.1020882255442046)
1(0.0770280020287426, 0.08657928442360596)
1(0.14479718078239756, 0.15431027177494194)
1(0.10762962214298599, 0.11713494455002404)
1(0.1340311644794112, 0.14348347835597053)
1(0.09259852090202636, 0.10179585587508344)
1(0.0843008433368716, 0.09344955528197141)
1(0.08442432822345258, 0.09354127704085813)
1(0.12794156515518174, 0.13702573202547996)
1(0.06917505921819944, 0.07824416471499063)
1(0.10430386244518353, 0.11327765583977234)
1(0.09925286284956292, 0.1081906335702808)
1(0.09457204141422526, 0.1034871454160734)
1(0.09376796836978996, 0.10261506936587472)
1(0.1627330330424409, 0.17146435744285016)
1(0.10248515179248063, 0.1111679805871083)
1(0.20461029723105395, 0.21323621685487526)
1(0.14430013787902085, 0.15286499450444357)
1(0.1166610126136074, 0.12520307793163166)
1(0.0758928305361436, 0.08436458407689051)
1(0.10551909007750049, 0.11387284792571661)
1(0.14645575148624368, 0.15474287545132126)
1(0.10754287466594148, 0.1158272318153265)
1(0.08124923191963529, 0.08944281457469694)
1(0.09390224687768656, 0.10208810188876083)
1(0.10885047075010734, 0.11698425748492025)
1(0.11563460750588805, 0.12363267739098205)
1(0.09014547658114735, 0.0980589519723567)
1(0.08535601282115313, 0.09325580657780952)
1(0.1277211100784973, 0.13557147240417955)
1(0.13943521066582487, 0.1472763657171008)
1(0.11860498797807861, 0.12641077371524134)
1(0.10338021574389245, 0.11116806311091787)
1(0.07963575859768524, 0.0872879641149259)
1(0.10475521214130545, 0.11239116979265718)
1(0.10382208242482449, 0.11145274443221331)
1(0.0836673351909537, 0.09125384166552464)
1(0.07714330579526096, 0.0845799992783719)
1(0.09509687442222081, 0.10245637280496211)
1(0.09278794138731983, 0.1001023846231408)
1(0.08373020633058037, 0.09102195430576177)
1(0.10090585428953114, 0.10814050040631684)
1(0.08368062215388561, 0.09087263773435827)
1(0.0888390891451597, 0.0960172933402611)
1(0.08085882291604096, 0.08792847269596737)
1(0.08761492943364357, 0.0946704097088612)
1(0.10727200771424206, 0.1141160856180311)
1(0.13034296225231323, 0.13715894208788248)
1(0.15112343005759632, 0.15789063404822035)
1(0.1394282258074745, 0.1461713141392511)
1(0.09322847529895817, 0.09991473722195354)
1(0.15407337511480357, 0.16073973096742222)
1(0.14859584513852264, 0.15525569588693933)
1(0.13327409164769066, 0.13992470862986062)
1(0.10871704608028876, 0.11533878929996888)
1(0.08778041020561689, 0.09438829300826701)
1(0.09007255235605127, 0.09663077178727764)
1(0.08416432450438305, 0.09055677440267551)
1(0.1217951615223537, 0.12813729515714756)
1(0.11911256109831858, 0.1253742397578237)
1(0.099656226823157, 0.10579790184249749)
1(0.11277300828793457, 0.11877256422756133)
1(0.122311034630043, 0.12829432898531035)
1(0.10632101281063977, 0.11228385724732748)
1(0.10961016337871232, 0.11555455915051882)
1(0.2084247278862087, 0.21427698486024493)
1(0.10616832050118896, 0.11197507871766244)
1(0.12799609164885828, 0.13377199624831604)
1(0.10377044791053025, 0.1095064336808187)
1(0.1494471912496088, 0.15514141419877747)
1(0.10265729283430958, 0.10834040793701638)
1(0.09108559122076154, 0.09671726764325206)
1(0.14268853990289154, 0.148316666799284)
1(0.13300154498141925, 0.13856238397393483)
1(0.09863051421926894, 0.10408443432418757)
1(0.12871853358060792, 0.13415342396725483)
1(0.1276898878890872, 0.1331145058206994)
1(0.0911642413848649, 0.0965884967575904)
1(0.10828522749251346, 0.11369372689587776)
1(0.1184191556815587, 0.12377734709045196)
1(0.08617603619859926, 0.09152480530999907)
1(0.10854028437628871, 0.11387284792571661)
1(0.09732518491638575, 0.10253618927660013)
1(0.07980543374535765, 0.08500265444341115)
1(0.10102564788985025, 0.10621264243776951)
1(0.10355426239028265, 0.10873895805412692)
1(0.11160493072904076, 0.11677567751585294)
1(0.12020878641533339, 0.12535488682597173)
1(0.09989739763743477, 0.10497177967729787)
1(0.08239718009629837, 0.0874605477101208)
1(0.14973268954643204, 0.154752321579106)
1(0.09452008054860894, 0.09951071570394665)
1(0.09864527666138856, 0.10361901244861482)
1(0.07888184884953187, 0.08384804593416528)
1(0.09099923308312174, 0.09596100608049207)
1(0.11246465644953108, 0.11740117397547345)
1(0.07822630194028612, 0.08315768016290481)
1(0.16586601755085018, 0.17077855528841634)
1(0.10250639661743122, 0.10739854177276176)
1(0.10334536198650146, 0.10819539684588142)
1(0.11393459262021277, 0.11877256422756133)
1(0.09626957036419859, 0.10108947557797454)
1(0.14183674038038596, 0.1466093434695942)
1(0.13160569367158192, 0.13630025999526774)
1(0.12258827315297693, 0.12700202744167843)
1(0.1327903292844178, 0.1371344389506045)
1(0.1103107882566674, 0.11463601440303972)
1(0.14096588432668822, 0.14528090935098037)
1(0.1004196155176239, 0.10468228119459955)
1(0.10157020827124719, 0.10579790184249749)
1(0.14797404497679945, 0.15217652608022691)
1(0.11294743301141019, 0.11713494455002404)
1(0.10482264303396083, 0.10900089892835585)
1(0.14155833994249922, 0.14572697866899653)
1(0.06081788027805568, 0.06497615642090881)
1(0.11179654689205298, 0.11594012799749354)
1(0.08783243482464242, 0.09193303217126736)
1(0.10275711402231125, 0.10682244613651237)
1(0.09947392680662714, 0.10353710028485452)
1(0.11043812245403273, 0.11449511640182108)
1(0.10891879282925132, 0.11289205705443905)
1(0.08800869856401394, 0.09193303217126736)
1(0.09356647215287772, 0.09747673511948085)
1(0.0873522566649364, 0.09125384166552464)
1(0.14128289848135056, 0.14510264964160657)
1(0.11072678417002269, 0.11449980822979267)
1(0.09042570649026083, 0.09415701588090863)
1(0.16242191974302866, 0.16614456225415875)
1(0.12303977336042882, 0.12671799100551262)
1(0.08696094932689702, 0.09055677440267551)
1(0.08429214968681986, 0.08783273901942534)
1(0.09392706794824413, 0.09742595500558049)
1(0.09018279605877189, 0.09367245888535503)
1(0.09523000757517164, 0.09871387516097341)
1(0.08473812330835329, 0.08820173344573257)
1(0.09942423286605151, 0.1027754894416143)
1(0.1560509263678248, 0.15936090002651981)
1(0.09519136583712573, 0.0984868306300607)
1(0.16906758021852109, 0.17236054501707454)
1(0.08749799092700217, 0.09075972509042696)
1(0.034444267174925325, 0.03764467937420102)
1(0.10927564888446739, 0.11247303822848254)
1(0.013645049033182644, 0.01680971951931287)
1(0.1104371781549599, 0.1135643706168622)
1(0.09780782958625334, 0.10090939958634115)
1(0.10053979716992323, 0.10364036126423781)
1(0.08442808607519081, 0.08752411984473019)
1(0.11302123915810014, 0.11608239801906373)
1(0.11061711127370721, 0.11358626700770447)
1(0.11230637837092972, 0.11526495149023219)
1(0.10733924269470241, 0.11029248756645837)
1(0.19765224051964037, 0.2005789528995403)
1(0.11087765934484017, 0.11380270096391709)
1(0.1734026902856184, 0.17632399721232184)
1(0.02167817293935692, 0.024519877651768218)
1(0.1006191153033088, 0.1034097000537686)
1(0.08112145381997915, 0.0839031069597781)
1(0.10349757012006122, 0.10626672084935429)
1(0.08890706546893712, 0.09165623545140067)
1(0.0813813132785437, 0.0840517650897683)
1(0.10281369419234732, 0.10544302451306675)
1(0.08587431016832259, 0.08848433029579406)
1(0.09450576670500166, 0.09708451449804634)
1(0.09887493810861225, 0.10143103448564561)
1(0.0859659615541849, 0.08852016132294505)
1(0.09837273792856227, 0.10090281521021627)
1(0.08499942310618402, 0.08752411984473019)
1(0.10583060145495682, 0.1082870249853819)
1(0.08592388462685885, 0.08834847044372551)
1(0.10478438497633624, 0.10713187537943614)
1(0.09306793953929637, 0.09540106593316244)
1(0.931421695474653, 0.9337400796415835)
1(0.13412531761723911, 0.1364165014249239)
1(0.09995150282064513, 0.10213941129665927)
1(0.11054083448767571, 0.11270175328375276)
1(0.09251163301358722, 0.0946704097088612)
1(0.11690294398197254, 0.11902548297412441)
1(0.09710179481238146, 0.09920270537737275)
1(0.08700075072581903, 0.08909948909744458)
1(0.1271696411861295, 0.12922324297690824)
1(0.16059533271337034, 0.1626092228623892)
1(0.09354607437732299, 0.0955228925366689)
1(0.10837543330220678, 0.11030599066794233)
1(0.10684622706145996, 0.10875652896601928)
1(0.18256290093153926, 0.18444329843629337)
1(0.1277724191615499, 0.1296399193812704)
1(0.09936734776395906, 0.10122442371560936)
1(0.09523978894881935, 0.09709208179418294)
1(0.10843228740256994, 0.11018382645403546)
1(0.08581249471192587, 0.08752411984473019)
1(0.12549233921601322, 0.1271634794640375)
1(0.09327341361629071, 0.09490614081480941)
1(0.07808494720910875, 0.0797123598084204)
1(0.11138723878549794, 0.11301095050918675)
1(0.08102043160907013, 0.0826426501600459)
1(0.08279830431081059, 0.08437103397157608)
1(0.14205402826531321, 0.14358328387289088)
1(0.10479007265803042, 0.10630855267865003)
1(0.014759648506200485, 0.0162532014752772)
1(0.09198128739887856, 0.09344891207462214)
1(0.12410973799970482, 0.12554645443978352)
1(0.15777344932492987, 0.15918925033752385)
1(0.08814109144324156, 0.08951003177681283)
1(0.11476940863969853, 0.11612809272825875)
1(0.10505807653793131, 0.10641493704686378)
1(0.14471425584309883, 0.14606450981641306)
1(0.13780130088202025, 0.13911950653606597)
1(0.15143941453075682, 0.15274775187930723)
1(0.07286550553984994, 0.0741024068947086)
1(0.1091988486864538, 0.11040966643882222)
1(0.07894594501225449, 0.08014005564369775)
1(0.1422979056704361, 0.1434816354965085)
1(0.0886151669797689, 0.08970926461896123)
1(0.11274399583654915, 0.11381964855250148)
1(0.020516717166516263, 0.021591719336192305)
1(0.005541293095940203, 0.006596399886111826)
1(0.11412485625317537, 0.11515171934465818)
1(0.15670355561764782, 0.15772593986422967)
1(0.11158114730456281, 0.11260069353959468)
1(0.11748500551534535, 0.11849639138641443)
1(0.08254828381964219, 0.08353591488806877)
1(0.10181542339875893, 0.1027754894416143)
1(0.14986293907526638, 0.1508141026067663)
1(0.11280410400920282, 0.11369372689587776)
1(0.08641846561617317, 0.08729699449500805)
1(0.08706016245484105, 0.08792847269596737)
1(0.10533746779483011, 0.10613353192919173)
1(0.09908326375603249, 0.0998433197296924)
1(0.1120416766785971, 0.11274128401021244)
1(0.10001762728859198, 0.10070422139452762)
1(0.09483726114916669, 0.0955228925366689)
1(0.09667277419432807, 0.09734431377475716)
1(0.09827598490723743, 0.09891864420001906)
1(0.08849780014144992, 0.08909948909744458)
1(0.09309402166841874, 0.09368279401621249)
1(0.12634048174923418, 0.1269063654151299)
1(0.08475727499050723, 0.08530349853669239)
1(0.10786042076909597, 0.1082870249853819)
1(0.15161557877231768, 0.15200261864956932)
1(0.1108178967677027, 0.11108695719777884)
1(0.1472074526348396, 0.14739602658785123)
1(0.10121807668630545, 0.10137078239174802)
1(0.11066985630019477, 0.11079407865995494)
1(0.13702108342175123, 0.13709141419937743)
1(0.0989759874556495, 0.09903172919104064)
1(0.13011353751880295, 0.1301617106289108)
1(0.005270838946442535, 0.0052989613305814975)
0(0.0, inf)
0(0.0, 0.5423149666700916)
0(0.0, 0.36743255547488707)
0(0.0, 0.34503432674337753)
0(0.0, 0.31173632364792125)
0(0.0, 0.2868001507142627)
0(0.0, 0.2557920355423682)
0(0.0, 0.20749040340392344)
0(0.0, 0.20414027463592133)
0(0.0, 0.1940177134479557)
0(0.0, 0.1880971326467875)
0(0.0, 0.18657229038287404)
0(0.0, 0.18261701471075176)
0(0.0, 0.17815418650723758)
0(0.0, 0.16768285666682659)
0(0.0, 0.16424191009107947)
0(0.0, 0.16320744865877757)
0(0.0, 0.1581122110150256)
0(0.0, 0.15743329735481637)
0(0.0, 0.15392113377715966)
0(0.0, 0.1527969228614301)
0(0.0, 0.15189851299431334)
0(0.0, 0.14996744800656037)
0(0.0, 0.1492461309809585)
0(0.0, 0.14820372909528146)
0(0.0, 0.14628450308246455)
0(0.0, 0.14527240533683117)
0(0.0, 0.14420219383674893)
0(0.0, 0.1437066828117639)
0(0.0, 0.143307615545044)
0(0.0, 0.14271203862511017)
0(0.0, 0.14164164441747407)
0(0.0, 0.13915210898505592)
0(0.0, 0.13309206961711606)
0(0.0, 0.13243522011663844)
0(0.0, 0.13231586288189567)
0(0.0, 0.13118827223317164)
0(0.0, 0.130014087067571)
0(0.0, 0.12853036703069753)
0(0.0, 0.1280138633719472)
0(0.0, 0.12776211637802393)
0(0.0, 0.12760345074396173)
0(0.0, 0.12715862995359994)
0(0.0, 0.12641067088437363)
0(0.0, 0.12567446594850096)
0(0.0, 0.1255151378768904)
0(0.0, 0.12517259179542362)
0(0.0, 0.12486647690283714)
0(0.0, 0.12401892924098779)
0(0.0, 0.1239325150585755)
0(0.0, 0.12322638996789881)
0(0.0, 0.12303161659289297)
0(0.0, 0.12279855885911062)
0(0.0, 0.12236145435548484)
0(0.0, 0.12212669069123694)
0(0.0, 0.12156543960972932)
0(0.0, 0.12097635696695253)
0(0.0, 0.1207728551006716)
0(0.0, 0.1204310276754822)
0(0.0, 0.12037827407181834)
0(0.0, 0.12035225966280483)
0(0.0, 0.11973181638050068)
0(0.0, 0.11909838070804868)
0(0.0, 0.11873076151659157)
0(0.0, 0.11871761543831905)
0(0.0, 0.11868534702594913)
0(0.0, 0.1184423912906738)
0(0.0, 0.11811478482180271)
0(0.0, 0.11757931350006479)
0(0.0, 0.11715952616744207)
0(0.0, 0.11697425262623373)
0(0.0, 0.11637558513392643)
0(0.0, 0.11634287582156211)
0(0.0, 0.1158432632757197)
0(0.0, 0.11507760666337019)
0(0.0, 0.11502928695868975)
0(0.0, 0.11480787252229296)
0(0.0, 0.11459719928151979)
0(0.0, 0.11419991623063475)
0(0.0, 0.11398851868938698)
0(0.0, 0.11387500053310984)
0(0.0, 0.11267068681273329)
0(0.0, 0.11263003712582664)
0(0.0, 0.11211886716850872)
0(0.0, 0.11143393032370597)
0(0.0, 0.11125588692875754)
0(0.0, 0.11119067331703558)
0(0.0, 0.1107163775958615)
0(0.0, 0.11051765102635047)
0(0.0, 0.11050577795116256)
0(0.0, 0.1104777259893569)
0(0.0, 0.11012565922476081)
0(0.0, 0.11001952597348597)
0(0.0, 0.10853651573228384)
0(0.0, 0.10841458212549393)
0(0.0, 0.10831486849651195)
0(0.0, 0.10758676456237637)
0(0.0, 0.10717212118848374)
0(0.0, 0.10654530124972483)
0(0.0, 0.10648219073173792)
0(0.0, 0.10639581135592979)
0(0.0, 0.10634819095704773)
0(0.0, 0.1062934881674078)
0(0.0, 0.10578645955428312)
0(0.0, 0.10575076723621901)
0(0.0, 0.10553833284867153)
0(0.0, 0.10525623024087927)
0(0.0, 0.10517977740739926)
0(0.0, 0.10499155601914711)
0(0.0, 0.10493444210445713)
0(0.0, 0.10461464441714907)
0(0.0, 0.10461265943066456)
0(0.0, 0.10444237333430217)
0(0.0, 0.10409080136100912)
0(0.0, 0.1040878382543664)
0(0.0, 0.10338664665269681)
0(0.0, 0.10221703974888119)
0(0.0, 0.10191917810860529)
0(0.0, 0.10184759360348539)
0(0.0, 0.10175612156627678)
0(0.0, 0.1016053534396083)
0(0.0, 0.10160166715993302)
0(0.0, 0.10157615865083469)
0(0.0, 0.10155167548401045)
0(0.0, 0.10107340528578124)
0(0.0, 0.10021063948504294)
0(0.0, 0.10004587297901979)
0(0.0, 0.09968939787148601)
0(0.0, 0.09965258784562925)
0(0.0, 0.0990584318606873)
0(0.0, 0.09879528100596424)
0(0.0, 0.09840128878086107)
0(0.0, 0.09832105570903493)
0(0.0, 0.09786615838961499)
0(0.0, 0.09784813503085199)
0(0.0, 0.09779212529168857)
0(0.0, 0.09770703378539103)
0(0.0, 0.09744110020289831)
0(0.0, 0.09701918689331457)
0(0.0, 0.0969563975031742)
0(0.0, 0.09657513776544058)
0(0.0, 0.09633709251614575)
0(0.0, 0.09620126468714196)
0(0.0, 0.0957724182912233)
0(0.0, 0.0954239276423674)
0(0.0, 0.0950184350976343)
0(0.0, 0.0946095562337087)
0(0.0, 0.0945498245180082)
0(0.0, 0.094347732803718)
0(0.0, 0.09434495523647723)
0(0.0, 0.09425803351420703)
0(0.0, 0.09399123665002695)
0(0.0, 0.09397907488059465)
0(0.0, 0.09389252922811486)
0(0.0, 0.09385597256667244)
0(0.0, 0.09351602274928095)
0(0.0, 0.09305159826335785)
0(0.0, 0.09277755289545264)
0(0.0, 0.09276532888219635)
0(0.0, 0.09262678675875191)
0(0.0, 0.09251111265846812)
0(0.0, 0.09242867458053816)
0(0.0, 0.09237997489668281)
0(0.0, 0.09202596922054374)
0(0.0, 0.09196197765089753)
0(0.0, 0.09170979087056985)
0(0.0, 0.09168067467740226)
0(0.0, 0.0915253766429005)
0(0.0, 0.09144675802914382)
0(0.0, 0.09143809420560667)
0(0.0, 0.09139815762810377)
0(0.0, 0.09129129366407829)
0(0.0, 0.09114940196601284)
0(0.0, 0.091064103566464)
0(0.0, 0.09103672744971925)
0(0.0, 0.0909802874914305)
0(0.0, 0.09097953324919839)
0(0.0, 0.09080956205984847)
0(0.0, 0.09080228420028802)
0(0.0, 0.09065515539178826)
0(0.0, 0.09050793506282351)
0(0.0, 0.0897779969798006)
0(0.0, 0.08970608387768186)
0(0.0, 0.08952979975137931)
0(0.0, 0.0895015915785623)
0(0.0, 0.08949906789375017)
0(0.0, 0.08937240960962722)
0(0.0, 0.08935708556258848)
0(0.0, 0.08931735563679366)
0(0.0, 0.08890813943389353)
0(0.0, 0.08872829045253527)
0(0.0, 0.08850618582466296)
0(0.0, 0.08849156489314203)
0(0.0, 0.08835801010191258)
0(0.0, 0.08832030847706596)
0(0.0, 0.08803501519314794)
0(0.0, 0.08799610423058302)
0(0.0, 0.08756036555838775)
0(0.0, 0.08755057037903435)
0(0.0, 0.08702817540310814)
0(0.0, 0.08665131020481598)
0(0.0, 0.08664905422180647)
0(0.0, 0.08658718460699155)
0(0.0, 0.08653440747123453)
0(0.0, 0.08645867411779817)
0(0.0, 0.0863108654257767)
0(0.0, 0.08628625365247322)
0(0.0, 0.08624204042435735)
0(0.0, 0.08623542690638053)
0(0.0, 0.08619685800784815)
0(0.0, 0.0859303395915113)
0(0.0, 0.08521259812761683)
0(0.0, 0.08515284996380867)
0(0.0, 0.08514575178229011)
0(0.0, 0.08501884425916717)
0(0.0, 0.0849476099864136)
0(0.0, 0.08477510460162163)
0(0.0, 0.084759657979257)
0(0.0, 0.08450414068147061)
0(0.0, 0.084500374293219)
0(0.0, 0.08430232030269558)
0(0.0, 0.08400311448529163)
0(0.0, 0.08397467112791501)
0(0.0, 0.08355582041024656)
0(0.0, 0.08351888607174995)
0(0.0, 0.08340646134119256)
0(0.0, 0.0833613680830213)
0(0.0, 0.08334972229224435)
0(0.0, 0.08329861554741669)
0(0.0, 0.08297990903683239)
0(0.0, 0.08290221355553984)
0(0.0, 0.08285817152102881)
0(0.0, 0.08259839243032974)
0(0.0, 0.08257715664079324)
0(0.0, 0.08253795552491672)
0(0.0, 0.08229069237173314)
0(0.0, 0.08228617073392641)
0(0.0, 0.0822045604457261)
0(0.0, 0.08216303511048328)
0(0.0, 0.08205459693232153)
0(0.0, 0.08187750967484819)
0(0.0, 0.08182155335785501)
0(0.0, 0.0815514776972096)
0(0.0, 0.08148429527983725)
0(0.0, 0.08140781328846902)
0(0.0, 0.08138289520718855)
0(0.0, 0.08128697179528499)
0(0.0, 0.08125086819962768)
0(0.0, 0.08104679434682727)
0(0.0, 0.08101380225947996)
0(0.0, 0.08089099625951923)
0(0.0, 0.08040469152765539)
0(0.0, 0.07988754234006035)
0(0.0, 0.07987268055810115)
0(0.0, 0.07955755608172832)
0(0.0, 0.07945316751902487)
0(0.0, 0.07901697511635475)
0(0.0, 0.0787690309120167)
0(0.0, 0.0787272529564369)
0(0.0, 0.07867941282425661)
0(0.0, 0.07864420535278893)
0(0.0, 0.0783115371114187)
0(0.0, 0.0782346651921354)
0(0.0, 0.07815184454660395)
0(0.0, 0.07802688733841856)
0(0.0, 0.07802049955627366)
0(0.0, 0.07797106989173996)
0(0.0, 0.07791820939487415)
0(0.0, 0.07785950683866882)
0(0.0, 0.07769632517917413)
0(0.0, 0.07744588502852501)
0(0.0, 0.07744054505739617)
0(0.0, 0.0772956167124429)
0(0.0, 0.07691883439740643)
0(0.0, 0.07685464732494862)
0(0.0, 0.07675281351149277)
0(0.0, 0.07671340669184235)
0(0.0, 0.07625897020173122)
0(0.0, 0.07586579168424556)
0(0.0, 0.07575906082649342)
0(0.0, 0.07561348413972935)
0(0.0, 0.07552588616552625)
0(0.0, 0.07513636189266282)
0(0.0, 0.07498420274606876)
0(0.0, 0.07496238763794272)
0(0.0, 0.07490679357034014)
0(0.0, 0.07487940325727882)
0(0.0, 0.07461090873452314)
0(0.0, 0.07455788174787503)
0(0.0, 0.07431075474572912)
0(0.0, 0.0740723513300462)
0(0.0, 0.07403229673503486)
0(0.0, 0.07387582888829891)
0(0.0, 0.07380836122195311)
0(0.0, 0.07379692651652159)
0(0.0, 0.07353537856218018)
0(0.0, 0.07339024596741817)
0(0.0, 0.07320534732308126)
0(0.0, 0.07305980054644134)
0(0.0, 0.07264144746637424)
0(0.0, 0.07232093333007983)
0(0.0, 0.0723086276766165)
0(0.0, 0.07224191429777915)
0(0.0, 0.07223370178420685)
0(0.0, 0.0720716366432872)
0(0.0, 0.07199607162037447)
0(0.0, 0.07186005188711764)
0(0.0, 0.07183562082525241)
0(0.0, 0.07165844669214849)
0(0.0, 0.07160494250453153)
0(0.0, 0.07156162227060225)
0(0.0, 0.07154803934791454)
0(0.0, 0.07149418553534737)
0(0.0, 0.07119996151513108)
0(0.0, 0.07114196446372856)
0(0.0, 0.07107343921227116)
0(0.0, 0.07049373242453338)
0(0.0, 0.07037609951444701)
0(0.0, 0.07016142535915315)
0(0.0, 0.07014389853000247)
0(0.0, 0.07008703695506058)
0(0.0, 0.07000462522152551)
0(0.0, 0.06999110749745274)
0(0.0, 0.06988784227014444)
0(0.0, 0.06974821246234919)
0(0.0, 0.06948749144755939)
0(0.0, 0.06943708401603499)
0(0.0, 0.06933618392678931)
0(0.0, 0.0691470557083852)
0(0.0, 0.0691374309515076)
0(0.0, 0.06891591517203466)
0(0.0, 0.06850297728770038)
0(0.0, 0.068416490841539)
0(0.0, 0.0683732394096167)
0(0.0, 0.06817091773983719)
0(0.0, 0.06787714694764435)
0(0.0, 0.06783503288868264)
0(0.0, 0.06780208583300107)
0(0.0, 0.06767671474460313)
0(0.0, 0.06745145520090068)
0(0.0, 0.06711167033907872)
0(0.0, 0.06709052739314636)
0(0.0, 0.067074914412797)
0(0.0, 0.06697559334147352)
0(0.0, 0.0669377433197591)
0(0.0, 0.06678911791137288)
0(0.0, 0.06632139225021594)
0(0.0, 0.06582731656185836)
0(0.0, 0.06499085898966128)
0(0.0, 0.06479269054951642)
0(0.0, 0.064632452654662)
0(0.0, 0.06419609729520948)
0(0.0, 0.0640377270345851)
0(0.0, 0.0635089764727349)
0(0.0, 0.06350406898799676)
0(0.0, 0.06347401650040718)
0(0.0, 0.06335302387893982)
0(0.0, 0.06320518369074335)
0(0.0, 0.06288513144581542)
0(0.0, 0.06283322526635171)
0(0.0, 0.06256818863101055)
0(0.0, 0.062371213578649165)
0(0.0, 0.062092247442656956)
0(0.0, 0.061856671094123405)
0(0.0, 0.06181247636431608)
0(0.0, 0.06181170024404936)
0(0.0, 0.06164020310481688)
0(0.0, 0.061042476752114716)
0(0.0, 0.06080765034161051)
0(0.0, 0.060753846545690604)
0(0.0, 0.06045523334297076)
0(0.0, 0.05994343214082576)
0(0.0, 0.05976599099287716)
0(0.0, 0.058849535905887596)
0(0.0, 0.05865479442377475)
0(0.0, 0.058586410402318934)
0(0.0, 0.05854151077624725)
0(0.0, 0.05849892764708098)
0(0.0, 0.057655974233986274)
0(0.0, 0.05748584063680662)
0(0.0, 0.057395848927357385)
0(0.0, 0.05661542102303929)
0(0.0, 0.05636952800549078)
0(0.0, 0.05635584134991223)
0(0.0, 0.055438665296275946)
0(0.0, 0.054991160503591874)
0(0.0, 0.054307412247988296)
0(0.0, 0.054201454298002605)
0(0.0, 0.05378006990563855)
0(0.0, 0.05236631053243157)
0(0.0, 0.052088240471411806)
0(0.0, 0.04941069115377217)
0(0.0, 0.04924252782991745)
0(0.0, 0.04651485629036156)
0(0.0, 0.03313952299310974)
0(0.0, 0.031193955549430386)
0(0.0, 0.030951103555604376)
0(0.0, 0.030167534233878746)
0(0.0, 0.029690739813916123)
0(0.0, 0.028383435633405618)
0(0.0, 0.024833775364525357)
0(0.0, 0.024781688289150172)
0(0.0, 0.02234920977038579)
0(0.0, 0.020504197867786567)
0(0.0, 0.020394733326326908)
0(0.0, 0.01878567024234934)
0(0.0, 0.01872342518404979)
0(0.0, 0.017714203885828228)
0(0.0, 0.017517870357752208)
0(0.0, 0.015715421971826737)
0(0.0, 0.012562794341925199)
0(0.0, 0.011741950583925131)
0(0.0, 0.010796860570117417)
0(0.0, 0.010697146868811624)
0(0.0, 0.009363704065477707)
0(0.0, 0.009346894780642212)
0(0.0, 0.006142724615225137)
0(0.0, 0.005859234311828887)
0(0.0, 0.004884530499427608)
0(0.0, 0.004848613271479785)
0(0.0, 0.004722019059801852)
0(0.0, 0.004427745104604197)
0(0.0, 0.004188082563258089)
0(0.0, 0.003845881656193595)
0(0.0, 0.0033369306576076507)
0(0.0, 0.0030862423870475775)
0(0.0, 0.0015356299980118227)
0(0.0, 0.001533927880989272)
0(0.0, 0.0014771118118246385)
0(0.0, 0.0014477604798122101)
0(0.0, 0.001391909028618854)
0(0.0, 0.0011294521113532907)
