1(0.7116462825173394, 1.2325067170357156)
1(0.9141474983201573, 1.026019083350606)
1(0.7660443390373415, 0.876017021715475)
1(0.4539397072195023, 0.5574114778189488)
1(0.46148677722528264, 0.5267246903659062)
1(0.14988141762574647, 0.20230909377689366)
1(0.1707987412573151, 0.22036178142835872)
1(0.1621880682081005, 0.210330131777818)
1(0.15812509687366305, 0.20328969178122835)
1(0.17103408945955512, 0.21606809652107228)
1(0.16353531374515784, 0.20705329287318042)
1(0.12718599169830203, 0.17041130377599278)
1(0.12117610556588265, 0.16352490392070673)
1(0.18455262534737893, 0.2260413828184772)
1(0.15341505121258814, 0.1935938561185)
1(0.14101562550065072, 0.18108037072046512)
1(0.14804753712755303, 0.18754056773597627)
1(0.16040961811300236, 0.19677344942265518)
1(0.15960309381479176, 0.19573511860000548)
1(0.17999547545153327, 0.21609562184864206)
1(0.15530947779699789, 0.19071352505306205)
1(0.18444172191410513, 0.21973534897241864)
1(0.18416421063499022, 0.2188610320947042)
1(0.19037998854808835, 0.22479733023573734)
1(0.16098166450682605, 0.19532028128513412)
1(0.16862229355287284, 0.20238707306407033)
1(0.15051305243977142, 0.18352120113233605)
1(0.14385180638929418, 0.17609417866676969)
1(0.1692029030746065, 0.20100604647489473)
1(0.16353764553414785, 0.19532028128513412)
1(0.47519563463755565, 0.5069064642837264)
1(0.18461910966095274, 0.21609562184864206)
1(0.20234044282215158, 0.23381619651239594)
1(0.18163580642750277, 0.21310241700116406)
1(0.30139636108917245, 0.3327626572122482)
1(0.17099747348626337, 0.202330020549098)
1(0.15214726345721885, 0.18314569576461592)
1(0.15496748606361, 0.18586131047701804)
1(0.15395026005313728, 0.184744058994613)
1(0.13830143275185303, 0.16907234872304977)
1(0.24743985025262327, 0.27818498642372314)
1(0.23038214886644737, 0.26104531631424943)
1(0.16715040664030523, 0.1977170119535402)
1(0.1944947829239151, 0.22462794648674755)
1(0.14037381644875302, 0.17041459146495797)
1(0.12472716127600603, 0.1546131840043976)
1(0.1671273383439773, 0.1966927089030871)
1(0.1703327015404733, 0.19968878607346097)
1(0.13536873338643207, 0.16458004747943444)
1(0.15013916817022832, 0.1792068536753948)
1(0.15792277164617374, 0.18670094735858345)
1(0.1481070506833554, 0.1761757629187103)
1(0.4988054176108433, 0.5267246903659062)
1(0.14071936844270583, 0.1674917446874823)
1(0.16036333303665296, 0.18674036405088978)
1(0.14630561178753732, 0.1726669371164179)
1(0.15824022941155036, 0.1844704946455713)
1(0.12635725256787478, 0.15247765405204938)
1(0.14242366934336903, 0.16825065151885432)
1(0.16261132839985126, 0.18842857814649805)
1(0.1282072424443086, 0.15393224603559874)
1(0.15092777459886209, 0.17636759660448154)
1(0.1928410688453548, 0.2182784250573464)
1(0.1623491101174218, 0.1877325869918992)
1(0.16071221926492618, 0.18609077098644988)
1(0.16062570390093833, 0.18576138281467447)
1(0.19475824727743318, 0.21981382458014365)
1(0.1557069810338516, 0.18076031384317715)
1(0.13312250544802995, 0.15811640799606286)
1(0.15459716363594944, 0.17924959495734827)
1(0.12516098346872895, 0.1494934431586017)
1(0.2284201842820116, 0.2527339975808319)
1(0.19310132534351732, 0.21703711613617327)
1(0.14755761925874566, 0.17140665251918685)
1(0.15279142305730586, 0.17656561354274725)
1(0.23000480834540082, 0.25362770742537954)
1(0.14424750602967318, 0.1677549115481045)
1(0.18624712157187973, 0.2093970044933099)
1(0.1513062136771004, 0.173642392656565)
1(0.16829687995049702, 0.1904140385193982)
1(0.1274162089479578, 0.1492009741860746)
1(0.14256149740405466, 0.16414050577535289)
1(0.1338841235762327, 0.1553693707273741)
1(0.16153897557149743, 0.18286325480050158)
1(0.03945292276207257, 0.06046396443440383)
1(0.1490692001334437, 0.17006737319507437)
1(0.15613193091066013, 0.1770281325947245)
1(0.19789311104627882, 0.21827461253656277)
1(0.15074916395052995, 0.17104475547043796)
1(0.1467458480014575, 0.16697563892043876)
1(0.15986806581641122, 0.17967816962859173)
1(0.20372556643216155, 0.22342481254364122)
1(0.15126635106917985, 0.17093615478586133)
1(0.15294188902632833, 0.17258419188630103)
1(0.17754696650402102, 0.19697597923719123)
1(0.24196064343446133, 0.2612763284421723)
1(0.1926771347388243, 0.2118910601182823)
1(0.14759557959596126, 0.16651770606318872)
1(0.18928666646962256, 0.20793268379559737)
1(0.17242986686792638, 0.19088871278393826)
1(0.15186053037267322, 0.1701337187713552)
1(0.20336451551531642, 0.22162062414284622)
1(0.13678333283366573, 0.1549724119429502)
1(0.15956544234648873, 0.177696751661942)
1(0.15464296585584592, 0.17247287052613158)
1(0.17758723003411636, 0.19535091112514613)
1(0.126813952076806, 0.1444494950531222)
1(0.14369264012992655, 0.16127849356161972)
1(0.1951625656372773, 0.21265694453235662)
1(0.1503320889427291, 0.16767401570216112)
1(0.17610178894066175, 0.19330173334072875)
1(0.1904838117072054, 0.20765498094918777)
1(0.1888479009010634, 0.20592516579358588)
1(0.13358061732500393, 0.15054099621033212)
1(0.16661493527345395, 0.18352120113233605)
1(0.1634678228132851, 0.1803330227615494)
1(0.13336414710791777, 0.1501847432737955)
1(0.16314549478236506, 0.17990738741976675)
1(0.1318029243970087, 0.14851649132819533)
1(0.04506000900678897, 0.06150797007578834)
1(0.16695512107546795, 0.18320877438287386)
1(0.14470144013981312, 0.16089943124245765)
1(0.17903258586385862, 0.19522794925324682)
1(0.11640736875242008, 0.13252262218192234)
1(0.15992694969936683, 0.17594834330790177)
1(0.21019013918015572, 0.2262055720979358)
1(0.14512667930272694, 0.1608216455487791)
1(0.200421622850663, 0.21606809652107228)
1(0.15259890790631048, 0.16814028867855235)
1(0.1360170001030826, 0.15150473923654928)
1(0.14418454394461244, 0.15963448724601426)
1(0.14285028564411306, 0.15811640799606286)
1(0.13500573599291088, 0.1501847432737955)
1(0.21305288598424432, 0.22822812444635476)
1(0.15737329526547372, 0.17247287052613158)
1(0.15493746541143705, 0.17002433252333204)
1(0.14049223287349066, 0.15557062996908844)
1(0.12458857927614642, 0.13949396653731183)
1(0.04622181536344383, 0.06110025117817519)
1(0.15986258857381608, 0.17468361751060224)
1(0.1494912192932777, 0.16423679142210412)
1(0.1592234492117357, 0.1739358406725292)
1(0.12891168628953287, 0.14352424217593385)
1(0.20132915188280798, 0.21588300655712256)
1(0.1565762221868462, 0.17105428309534354)
1(0.2192771202616549, 0.2337427815753007)
1(0.17211219153549862, 0.18650040057629313)
1(0.20673860692152424, 0.22109569960802766)
1(0.16319818591718993, 0.17752058362854406)
1(0.2075474116594762, 0.2218566008713324)
1(0.19143557739224004, 0.20563260103619807)
1(0.18324859306644603, 0.19734985418236284)
1(0.14975900570539014, 0.16368877726486986)
1(0.1734896554698372, 0.18735845973383258)
1(0.16290942399776986, 0.1767349533315259)
1(0.15434143407819234, 0.16809475101153337)
1(0.15268851258534888, 0.16628813153687327)
1(0.17500747191285548, 0.18842592440304662)
1(0.15794935572994118, 0.17131699637411368)
1(0.15433844041448985, 0.16767401570216112)
1(0.2066749605152064, 0.21996388966264546)
1(0.16453274515063554, 0.17778798788975936)
1(0.1916238453047463, 0.20481850899515675)
1(0.1617694340287349, 0.1746009259488347)
1(0.18618418939246428, 0.1989554473691476)
1(0.17265898241422828, 0.1853915192246417)
1(0.04615976187947701, 0.05846943727127518)
1(0.20988639913428786, 0.22207010251360282)
1(0.145758301331411, 0.15793716684704628)
1(0.18001057369094275, 0.19216486644222075)
1(0.1664256058388741, 0.17855874044332476)
1(0.16549879874578732, 0.17754992668444058)
1(0.1776122905581926, 0.18955207880829217)
1(0.15657740411855758, 0.16849051273988902)
1(0.07561657279203238, 0.08733110377906173)
1(0.1510945748070307, 0.16276113320614505)
1(0.1386428920280358, 0.1501847432737955)
1(0.34442161271853655, 0.3558979067700907)
1(0.14996291614461166, 0.16127849356161972)
1(0.18199065646179735, 0.1932668639184203)
1(0.1281836798070185, 0.139439502272528)
1(0.046576143268276415, 0.05777832446734299)
1(0.21332525639069477, 0.22429825026498518)
1(0.04609925873004306, 0.057016086107677943)
1(0.14925754573986727, 0.16017198481018802)
1(0.17202504131689156, 0.18292647403272144)
1(0.1745188320084884, 0.1853915192246417)
1(0.1184237693598933, 0.1292857489827144)
1(0.2036297316672604, 0.21435835951003057)
1(0.16604810581053153, 0.17671221697622086)
1(0.20554496162219416, 0.21611252033486616)
1(0.13968372250041305, 0.15024546737513456)
1(0.15898572376502085, 0.16943979534219356)
1(0.04547377566743027, 0.05587861338190092)
1(0.16073960134628584, 0.17105428309534354)
1(0.14196154781295967, 0.15225579288313396)
1(0.1642893358509836, 0.1745779078859282)
1(0.15966755939218125, 0.16992411509071859)
1(0.18037404728437034, 0.19059814830297273)
1(0.24968409877194286, 0.2598468441290668)
1(0.1951566288329991, 0.20526118403852)
1(0.17763721856558756, 0.1877325869918992)
1(0.16106811266534693, 0.17105769440139162)
1(0.2776665127667285, 0.28759351203442296)
1(0.18013832365184823, 0.19006181842400505)
1(0.19304241839200575, 0.20277752009223904)
1(0.17200643269038463, 0.18163918879495078)
1(0.20660214521953013, 0.21621182188687693)
1(0.218610248577637, 0.22799465529593255)
1(0.15240883342662437, 0.161708291067593)
1(0.1843549292667057, 0.19363998195111853)
1(0.1558280716603222, 0.16510171038506072)
1(0.16502846381411862, 0.1742775685654494)
1(0.15897289469578546, 0.16814028867855235)
1(0.2435897460239247, 0.2527339975808319)
1(0.1751176861001229, 0.1842373432625023)
1(0.16549122877013078, 0.1746009259488347)
1(0.16949908610085362, 0.17840331908931106)
1(0.170661200588612, 0.17950570999856197)
1(0.054565925835371454, 0.06334220667672386)
1(0.5285755849554965, 0.5373297666301964)
1(0.05002555732958058, 0.05875179756968274)
1(0.17276930663672463, 0.18149283481417966)
1(0.17484685167423186, 0.1835370040848514)
1(0.12147574217194212, 0.13008353707874543)
1(0.17940178561587306, 0.1879564540526597)
1(0.1644440864207295, 0.1728314591901181)
1(0.13825623711514867, 0.14641512039486038)
1(0.049628064549865236, 0.05777832446734299)
1(0.15634923129138834, 0.16449520534337436)
1(0.25305782295772317, 0.26104210579489173)
1(0.16307820766195869, 0.17105769440139162)
1(0.03895371064225028, 0.046928631620610894)
1(0.16115864015896664, 0.16904876802663282)
1(0.18139158195347005, 0.1891910998555929)
1(0.13752507304699235, 0.14528460564156254)
1(0.15862092535581263, 0.16636120280818067)
1(0.036001602525424836, 0.04372317701232009)
1(0.19346837086563518, 0.20112604196781536)
1(0.16949228872345234, 0.177068621370154)
1(0.052268489750135205, 0.059576109873449745)
1(0.04618646206153243, 0.05343699963495718)
1(0.18233554633643068, 0.18955276320357062)
1(0.19987489564395144, 0.20705329287318042)
1(0.046198570187880206, 0.053361099267223655)
1(0.15864053055865024, 0.1656225171670629)
1(0.21654854667233525, 0.22332762399006878)
1(0.16577334159676171, 0.17243351620230696)
1(0.12265953829179521, 0.1292857489827144)
1(0.04867184601123953, 0.05528770377597725)
1(0.19758707307671797, 0.20418485360422778)
1(0.37277413036590157, 0.3793713024416572)
1(0.17370555354094142, 0.18028234369213214)
1(0.15853857182872932, 0.16507083787697308)
1(0.046842895212703684, 0.053361099267223655)
1(0.19190656375856152, 0.19841599330230664)
1(0.04474210352568819, 0.05120063704944566)
1(0.1904512939259314, 0.19689613489201507)
1(0.1641717900509717, 0.17060725633612817)
1(0.025784177290550825, 0.03212627185648265)
1(0.1740677201088784, 0.18019057484721024)
1(0.053850285290475086, 0.05986652489499)
1(0.2258160682713355, 0.23169608273193276)
1(0.15791166412670476, 0.1637815020869644)
1(0.17661685358443036, 0.18245963751994154)
1(0.15260940306378412, 0.1584505816173999)
1(0.19821428638994287, 0.20392757380277415)
1(0.04634621115427684, 0.05204745539072164)
1(0.19151547999993257, 0.19712535079600713)
1(0.04797356496195515, 0.05328379113753756)
1(0.173202503296631, 0.17842340095591624)
1(0.19469647201750584, 0.19989565269801912)
1(0.16907951883278782, 0.1742775685654494)
1(0.21461171987124184, 0.2197644480384855)
1(0.06336132763715174, 0.06845243560650094)
1(0.0458794472340881, 0.05086621678137104)
1(0.05882066864487823, 0.06380726070628007)
1(0.17920767624226763, 0.18413995300878028)
1(0.21434533463913374, 0.21923892332837036)
1(0.16527305379657875, 0.17010624853101275)
1(0.05705030548242085, 0.06188166238979198)
1(0.19693550611806887, 0.20176064582958464)
1(0.2181491916074232, 0.222952125023691)
1(0.13307227276047695, 0.13781210942050837)
1(0.17320291777183172, 0.17793219888469114)
1(0.1572630468055234, 0.16198128837350612)
1(0.23628441649823007, 0.24099876248975716)
1(0.2246242326365928, 0.22933470578940218)
1(0.1459561836617601, 0.15062967212309164)
1(0.05373879080135813, 0.05839202168337432)
1(0.1896547872004981, 0.19429651282518945)
1(0.1630537523636173, 0.16767401570216112)
1(0.05941071604014114, 0.06394326309145537)
1(0.3003161322923862, 0.30482390322641373)
1(0.053847889319713294, 0.0583089078442951)
1(0.17029948851166143, 0.17474194403625087)
1(0.14692016899083304, 0.15134974325142048)
1(0.17804749728365799, 0.18247078627573776)
1(0.0495091683019897, 0.053894165489328794)
1(0.14715581106126363, 0.15149853085672194)
1(0.15918223998924397, 0.16351197191424338)
1(0.19365038700425397, 0.19794054694701402)
1(0.19692028392374972, 0.2012043239864545)
1(0.05568242465811091, 0.0599414324720291)
1(0.1924946744781857, 0.19671468297053096)
1(0.08214025830553151, 0.08633640738053361)
1(0.047045795079868724, 0.05120063704944566)
1(0.17800846647447077, 0.18215315809719412)
1(0.15671235605935774, 0.1607857596900486)
1(0.16293043541288854, 0.16697954490435984)
1(0.04211122450488691, 0.046016271563549704)
1(0.057691697621308435, 0.0615407017481715)
1(0.2534476391481417, 0.2572562032703839)
1(0.19657046400651712, 0.20035617589729693)
1(0.14849552246965803, 0.15225579288313396)
1(0.13224016641982317, 0.13592602304588486)
1(0.14404001020661716, 0.1473471087478353)
1(0.13279483153732374, 0.1360605954375188)
1(0.06141829977034374, 0.06465319456770591)
1(0.14819283453571686, 0.15134974325142048)
1(0.16792178722975737, 0.17093615478586133)
1(0.17355216345278524, 0.17656461213431907)
1(0.04522123328646732, 0.04822666411378962)
1(0.06696538339012748, 0.0699646976169006)
1(0.1833853490245544, 0.18635984937242067)
1(0.04946430667294599, 0.052396145521449555)
1(0.1270199950919385, 0.12991708673807723)
1(0.17875035805886985, 0.18160314956007095)
1(0.17922007155873843, 0.1820515059264659)
1(0.05543700963126952, 0.05823635222781087)
1(0.06070493049225745, 0.06347854078704473)
1(0.05036093597858593, 0.05299551603146335)
1(0.052439630091888234, 0.055043925884300626)
1(0.05075852426336058, 0.053361099267223655)
1(0.17632239388784632, 0.17889183614506055)
1(0.20960553135421922, 0.21213128087050404)
1(0.18025227111683262, 0.1825885682530235)
1(0.18846677577839677, 0.19075930939402674)
1(0.04785769888588476, 0.049991212455416045)
1(0.15648637950332267, 0.1586172426651814)
1(0.15133243388316098, 0.153441359701749)
1(0.04640169629534274, 0.04834810192104799)
1(0.05537757112203423, 0.05726844997311897)
1(0.14269197628322539, 0.14452386106119564)
1(0.050641350353681114, 0.052468344312528226)
1(0.06572687848861791, 0.06755346627458592)
1(0.16233056796733025, 0.16415668779108417)
1(0.15164919690296952, 0.15347191302657548)
1(0.2039467047854906, 0.2056302599714065)
1(0.16583426499524667, 0.16751040090903302)
1(0.16671119744644036, 0.16838511046691396)
1(0.044409687198255665, 0.04600169637456086)
1(0.18291874284799015, 0.18450976140209974)
1(0.04289411744757754, 0.04447546324248752)
1(0.06645352803363147, 0.06803101712892301)
1(0.06781960496249173, 0.06937799504771791)
1(0.06512895369990634, 0.0666671628157508)
1(0.76388711089286, 0.7654239574379306)
1(0.08246407280493984, 0.08394461890714622)
1(0.1404872745900403, 0.14191669398156082)
1(0.12172503001022583, 0.12312734566546113)
1(0.1827953090060921, 0.1841719090622217)
1(0.1640644845736523, 0.16539208755478452)
1(0.18787011309406343, 0.18918664527259155)
1(0.06236636022904318, 0.06365144593109717)
1(0.23522720399058328, 0.23650617714401478)
1(0.16111826609655522, 0.1623759713671339)
1(0.22770589563434118, 0.2289249279744333)
1(0.16219110191526154, 0.16333328182487383)
1(0.18514624574686178, 0.18628424728855064)
1(0.06832351399291037, 0.06943338988002035)
1(0.2043897756118136, 0.20549428804476666)
1(0.052595489633580295, 0.053661879823971304)
1(0.06445189527790207, 0.0654901852330233)
1(0.05089369095109564, 0.05193017173155312)
1(0.1361514212886591, 0.13714721593496038)
1(0.16198699755158175, 0.1629170646376794)
1(0.04807699334025217, 0.049006141307121553)
1(0.16005673672815535, 0.16092320295063245)
1(0.05244641500082292, 0.05327112817844459)
1(0.04241819447135353, 0.04316332459396066)
1(0.1671515359169492, 0.16789525553817553)
1(0.009631880243572755, 0.010287489500434122)
1(0.04202411186165622, 0.04267772975644479)
1(0.012425930205393398, 0.013059537396894805)
1(0.061035831523496564, 0.06166859495045807)
1(0.1448994249955895, 0.14552020243647001)
1(0.1417794497669932, 0.14238292169669498)
1(0.05305848757357856, 0.053661879823971304)
1(0.042527913094302816, 0.0431062085544216)
1(0.0667918662417818, 0.06734507077282936)
1(0.14360570625666935, 0.14411325931221974)
1(0.1843275621079591, 0.18476345460547527)
1(0.18828064794969723, 0.18870195041578885)
1(0.06657906100079669, 0.06694964771632372)
1(0.04865245447580968, 0.049006141307121553)
1(0.20796873992264642, 0.20832057838515317)
1(0.004779446145803279, 0.0051253856057202896)
1(0.05495848113267421, 0.05530217133493043)
1(0.14792437529302882, 0.14819443336152982)
1(0.1851352299415161, 0.18538376591585537)
1(0.14412745852320297, 0.1443603784205002)
1(0.044749909566401014, 0.04495075438098517)
1(0.17605374500432913, 0.1762428577960229)
1(0.06085343120006126, 0.061008468088603274)
1(0.20076892747361264, 0.200920897933766)
1(0.04929864848701293, 0.0494482745501742)
1(0.06450311800271091, 0.0646291011577208)
1(0.042557132477885284, 0.04267772975644479)
1(0.001714299763367122, 0.0017999134415545015)
1(0.17819850949354632, 0.17824079925425207)
1(0.1781397784477422, 0.17816367958001966)
1(0.04447935398038849, 0.044482898868105414)
0(0.0, inf)
0(0.0, 0.4483819124667967)
0(0.0, 0.4155052843016531)
0(0.0, 0.40994529680766256)
0(0.0, 0.376622252314299)
0(0.0, 0.338747435638896)
0(0.0, 0.32904535821419345)
0(0.0, 0.32733938121047346)
0(0.0, 0.28670923571929097)
0(0.0, 0.25041669812242007)
0(0.0, 0.23907346718004419)
0(0.0, 0.23867194210311482)
0(0.0, 0.23155863750171435)
0(0.0, 0.23130505991596395)
0(0.0, 0.22905790057179065)
0(0.0, 0.22869644284704327)
0(0.0, 0.2276596184631816)
0(0.0, 0.21585222432015094)
0(0.0, 0.21549365699172163)
0(0.0, 0.21405803117020428)
0(0.0, 0.2135386363546956)
0(0.0, 0.2113176577741458)
0(0.0, 0.2104751184084962)
0(0.0, 0.20990948326718617)
0(0.0, 0.2052526989095792)
0(0.0, 0.198414152293663)
0(0.0, 0.1952716841589649)
0(0.0, 0.19434505733056162)
0(0.0, 0.19395289576703867)
0(0.0, 0.19379189065579405)
0(0.0, 0.19230554836885627)
0(0.0, 0.19169313811655964)
0(0.0, 0.19115838013179665)
0(0.0, 0.18842659048532595)
0(0.0, 0.18504954347110936)
0(0.0, 0.1841401340029023)
0(0.0, 0.18402549552281366)
0(0.0, 0.1840014828525518)
0(0.0, 0.18385478920157117)
0(0.0, 0.18191422145592928)
0(0.0, 0.1816559416192468)
0(0.0, 0.18165359458589458)
0(0.0, 0.17806926967877235)
0(0.0, 0.17780457284741447)
0(0.0, 0.17732626849348698)
0(0.0, 0.17487971673754255)
0(0.0, 0.1748096818791084)
0(0.0, 0.1741651757475181)
0(0.0, 0.17372719485398103)
0(0.0, 0.17300010420967682)
0(0.0, 0.17278791679336447)
0(0.0, 0.1713804879472498)
0(0.0, 0.17128487459747044)
0(0.0, 0.1699665861101478)
0(0.0, 0.16904908622317005)
0(0.0, 0.16847080143186033)
0(0.0, 0.16767353907708837)
0(0.0, 0.16704641375177676)
0(0.0, 0.16678143284170488)
0(0.0, 0.16657642753814916)
0(0.0, 0.16614014975716662)
0(0.0, 0.16491194074820248)
0(0.0, 0.16391187957750297)
0(0.0, 0.16380956936186075)
0(0.0, 0.16380898980042247)
0(0.0, 0.1630413609159631)
0(0.0, 0.1620715068558013)
0(0.0, 0.16171401984123612)
0(0.0, 0.1614145209742338)
0(0.0, 0.16118335101847803)
0(0.0, 0.15962599515613796)
0(0.0, 0.15954870388311515)
0(0.0, 0.15797376477145875)
0(0.0, 0.15783042279093484)
0(0.0, 0.15764950370333486)
0(0.0, 0.15757894441312992)
0(0.0, 0.15741848200598352)
0(0.0, 0.15732970506373756)
0(0.0, 0.15703621717184657)
0(0.0, 0.15610176954461263)
0(0.0, 0.15510811351348286)
0(0.0, 0.15479876899926837)
0(0.0, 0.15478688547535435)
0(0.0, 0.15436663915211102)
0(0.0, 0.15386673849421983)
0(0.0, 0.15384038832190083)
0(0.0, 0.15322476127930573)
0(0.0, 0.1528384216799834)
0(0.0, 0.15270721726564673)
0(0.0, 0.15252736751577678)
0(0.0, 0.15213953927321544)
0(0.0, 0.15209201866157285)
0(0.0, 0.15201270904534203)
0(0.0, 0.1517018780474393)
0(0.0, 0.15134699067667567)
0(0.0, 0.15115288916313308)
0(0.0, 0.15113694109781706)
0(0.0, 0.15084176758129075)
0(0.0, 0.15008451745230245)
0(0.0, 0.14928267882003832)
0(0.0, 0.14920158276767237)
0(0.0, 0.1487275926890037)
0(0.0, 0.14840853344667182)
0(0.0, 0.1481933905309456)
0(0.0, 0.1480920576672018)
0(0.0, 0.14783429179438456)
0(0.0, 0.14773368876247894)
0(0.0, 0.14755621629967663)
0(0.0, 0.14754369182093197)
0(0.0, 0.14711448019717188)
0(0.0, 0.1469757283953761)
0(0.0, 0.14689362956777274)
0(0.0, 0.14643408908940092)
0(0.0, 0.14606807901720342)
0(0.0, 0.14584972785403827)
0(0.0, 0.14582633182086147)
0(0.0, 0.1455013866673205)
0(0.0, 0.14534209139433718)
0(0.0, 0.14502679337230007)
0(0.0, 0.14492325151990704)
0(0.0, 0.14422849238067814)
0(0.0, 0.14342220954737994)
0(0.0, 0.1432686705521108)
0(0.0, 0.14317951047620014)
0(0.0, 0.14299470882974574)
0(0.0, 0.14292534695569603)
0(0.0, 0.14234296119706147)
0(0.0, 0.14199905605191931)
0(0.0, 0.1419342061717367)
0(0.0, 0.14117930552334534)
0(0.0, 0.14056857883135132)
0(0.0, 0.13994407734376224)
0(0.0, 0.1397340929892914)
0(0.0, 0.13947113696179814)
0(0.0, 0.13906852523727697)
0(0.0, 0.13878009895983623)
0(0.0, 0.13868322162638658)
0(0.0, 0.13852318185747492)
0(0.0, 0.13841944988271515)
0(0.0, 0.13831776309323163)
0(0.0, 0.13782962658327935)
0(0.0, 0.13777169170193626)
0(0.0, 0.13771610682192947)
0(0.0, 0.1375380491930137)
0(0.0, 0.13751584930715222)
0(0.0, 0.13720889196798358)
0(0.0, 0.13661931699524088)
0(0.0, 0.13589261715499346)
0(0.0, 0.13569766058855182)
0(0.0, 0.1356413876057635)
0(0.0, 0.13563958075457827)
0(0.0, 0.13536940416709353)
0(0.0, 0.13526137882120748)
0(0.0, 0.1351162846925824)
0(0.0, 0.13509462826625984)
0(0.0, 0.13507806893784746)
0(0.0, 0.13491502166751634)
0(0.0, 0.13491424648238104)
0(0.0, 0.1348180676603019)
0(0.0, 0.13443802874968358)
0(0.0, 0.13425289159183817)
0(0.0, 0.13368995504216508)
0(0.0, 0.13352768995567732)
0(0.0, 0.13309809210396306)
0(0.0, 0.132095342193006)
0(0.0, 0.1319876521446529)
0(0.0, 0.1319209080327507)
0(0.0, 0.13182102918628924)
0(0.0, 0.13122751991466097)
0(0.0, 0.13065764120964574)
0(0.0, 0.1303247553498923)
0(0.0, 0.13014717388401587)
0(0.0, 0.12997545701245472)
0(0.0, 0.1299647648509371)
0(0.0, 0.1299184133169239)
0(0.0, 0.1299043549574196)
0(0.0, 0.12945396269088627)
0(0.0, 0.12906800235382843)
0(0.0, 0.12831258547288427)
0(0.0, 0.12828314573770627)
0(0.0, 0.1282690301699534)
0(0.0, 0.12819958911423168)
0(0.0, 0.12775536264205123)
0(0.0, 0.12756619744388498)
0(0.0, 0.12746704612224913)
0(0.0, 0.12746113498078115)
0(0.0, 0.12735361304173887)
0(0.0, 0.12730143880024447)
0(0.0, 0.12713141556399965)
0(0.0, 0.12671242194432508)
0(0.0, 0.12669513790064335)
0(0.0, 0.12661530757350536)
0(0.0, 0.12639473853806515)
0(0.0, 0.1263265683914273)
0(0.0, 0.12571088778304662)
0(0.0, 0.12563128984940108)
0(0.0, 0.12546433304653837)
0(0.0, 0.124884035929552)
0(0.0, 0.12479348172752724)
0(0.0, 0.12457643575326005)
0(0.0, 0.12419474649475648)
0(0.0, 0.12409716558882611)
0(0.0, 0.12379346867973873)
0(0.0, 0.12366853817690393)
0(0.0, 0.12354670869629647)
0(0.0, 0.1233851224752831)
0(0.0, 0.1229366609659186)
0(0.0, 0.12278254918907672)
0(0.0, 0.12249895070650918)
0(0.0, 0.12219503574542523)
0(0.0, 0.12199841009919965)
0(0.0, 0.1219669966473641)
0(0.0, 0.12192683231778201)
0(0.0, 0.12172112675045277)
0(0.0, 0.12149394669765046)
0(0.0, 0.1212868121745625)
0(0.0, 0.12127278998545765)
0(0.0, 0.12122456584393448)
0(0.0, 0.1211367508718807)
0(0.0, 0.12112030551725561)
0(0.0, 0.12097187027151957)
0(0.0, 0.12051276044689296)
0(0.0, 0.12047541781319049)
0(0.0, 0.12010354183586935)
0(0.0, 0.12004479755129471)
0(0.0, 0.11997642498605543)
0(0.0, 0.11966308606546872)
0(0.0, 0.11933451958970875)
0(0.0, 0.1191939223122106)
0(0.0, 0.11773081934503682)
0(0.0, 0.11746774370012536)
0(0.0, 0.11730883337644926)
0(0.0, 0.11642332426174706)
0(0.0, 0.11620885004646175)
0(0.0, 0.11616930768446088)
0(0.0, 0.11604021597075243)
0(0.0, 0.1158669764775232)
0(0.0, 0.11558897082875241)
0(0.0, 0.11540216550903615)
0(0.0, 0.1153787059073198)
0(0.0, 0.11522797902664639)
0(0.0, 0.11512397813982256)
0(0.0, 0.11503684104119072)
0(0.0, 0.11456395750356885)
0(0.0, 0.1144318695943074)
0(0.0, 0.11437147917424195)
0(0.0, 0.11383831046330584)
0(0.0, 0.11298155717302505)
0(0.0, 0.11290043248084247)
0(0.0, 0.11219635311546827)
0(0.0, 0.11218839433343719)
0(0.0, 0.11202526732466234)
0(0.0, 0.11155329603186137)
0(0.0, 0.1114215825874062)
0(0.0, 0.11119208616002652)
0(0.0, 0.11093156185011166)
0(0.0, 0.1109237854524524)
0(0.0, 0.11067238722695705)
0(0.0, 0.11016799715119074)
0(0.0, 0.11001421571095371)
0(0.0, 0.10954294070660531)
0(0.0, 0.10844346160642215)
0(0.0, 0.10801250131660145)
0(0.0, 0.1076759365454163)
0(0.0, 0.1069577514311888)
0(0.0, 0.10612986846591077)
0(0.0, 0.10606058123487383)
0(0.0, 0.10469602394525135)
0(0.0, 0.10444095213707805)
0(0.0, 0.10438732084508151)
0(0.0, 0.1038091612047245)
0(0.0, 0.10259813651403071)
0(0.0, 0.10231036219761402)
0(0.0, 0.10224013378791708)
0(0.0, 0.10177457533704237)
0(0.0, 0.10065582571597331)
0(0.0, 0.09940427129217133)
0(0.0, 0.09816730900904935)
0(0.0, 0.09793839779411706)
0(0.0, 0.09767388143721623)
0(0.0, 0.09695630542008915)
0(0.0, 0.09166920195289996)
0(0.0, 0.08765536462569956)
0(0.0, 0.08753938270497019)
0(0.0, 0.08584834859308532)
0(0.0, 0.0847153820267228)
0(0.0, 0.08281712917297579)
0(0.0, 0.08196306610304793)
0(0.0, 0.07871844270904738)
0(0.0, 0.07538922708417972)
0(0.0, 0.07507065724600681)
0(0.0, 0.07420388123716981)
0(0.0, 0.07340200400894181)
0(0.0, 0.07317504124296126)
0(0.0, 0.07253764365575743)
0(0.0, 0.07239214238548608)
0(0.0, 0.06964488575056482)
0(0.0, 0.06697745317734272)
0(0.0, 0.06688662887802888)
0(0.0, 0.06589970136462808)
0(0.0, 0.06458284945806803)
0(0.0, 0.06386590194016595)
0(0.0, 0.061929409627809906)
0(0.0, 0.0611082880598488)
0(0.0, 0.0597647900782412)
0(0.0, 0.05959784942218915)
0(0.0, 0.05900384907118961)
0(0.0, 0.05688603288680383)
0(0.0, 0.05652013667712552)
0(0.0, 0.05588552718919004)
0(0.0, 0.05471102661235805)
0(0.0, 0.054128175716009364)
0(0.0, 0.051969770927640435)
0(0.0, 0.05133475470753868)
0(0.0, 0.05106322422279408)
0(0.0, 0.0506718116056295)
0(0.0, 0.050501324083993326)
0(0.0, 0.04957379967644493)
0(0.0, 0.049475284811862474)
0(0.0, 0.049212180844341535)
0(0.0, 0.04883864800211546)
0(0.0, 0.04874746974833888)
0(0.0, 0.04870334678807331)
0(0.0, 0.048496524627311244)
0(0.0, 0.04820593535705531)
0(0.0, 0.04810041909713325)
0(0.0, 0.04641626140972288)
0(0.0, 0.045555905532293606)
0(0.0, 0.04540780438953884)
0(0.0, 0.045342270223272085)
0(0.0, 0.04528323651033006)
0(0.0, 0.04521642272461568)
0(0.0, 0.04503398011249704)
0(0.0, 0.044901615819869733)
0(0.0, 0.044885386007976646)
0(0.0, 0.044726011511232455)
0(0.0, 0.04430451339578667)
0(0.0, 0.04425327276984414)
0(0.0, 0.044246650059416526)
0(0.0, 0.04363159928431504)
0(0.0, 0.043621164976623605)
0(0.0, 0.04342442876419128)
0(0.0, 0.043254078178586175)
0(0.0, 0.04276850151693001)
0(0.0, 0.042755210749569894)
0(0.0, 0.0427416213163222)
0(0.0, 0.04253557684728149)
0(0.0, 0.04222995502456128)
0(0.0, 0.04207201195539667)
0(0.0, 0.04194468869541612)
0(0.0, 0.04182756354261674)
0(0.0, 0.0416260642496038)
0(0.0, 0.041563339578072456)
0(0.0, 0.04142835957707969)
0(0.0, 0.04135476680206562)
0(0.0, 0.04132968540648485)
0(0.0, 0.040495414782448336)
0(0.0, 0.040470491466352954)
0(0.0, 0.04044732986802302)
0(0.0, 0.04029275922707598)
0(0.0, 0.039897056282378274)
0(0.0, 0.03976890342591621)
0(0.0, 0.03921904882343985)
0(0.0, 0.039159734277997904)
0(0.0, 0.03906473014375966)
0(0.0, 0.03906065611186915)
0(0.0, 0.038667243451033007)
0(0.0, 0.03865830233671175)
0(0.0, 0.03865594713668208)
0(0.0, 0.038593373650178675)
0(0.0, 0.038283483744868785)
0(0.0, 0.03827072352154237)
0(0.0, 0.03800880681144514)
0(0.0, 0.03759267134068334)
0(0.0, 0.03719323761514837)
0(0.0, 0.037011274497649516)
0(0.0, 0.036421942495878934)
0(0.0, 0.036348020489476385)
0(0.0, 0.03614819739344721)
0(0.0, 0.03576568335012942)
0(0.0, 0.03546108784075308)
0(0.0, 0.03532789955697768)
0(0.0, 0.03514803934378152)
0(0.0, 0.03509091506191131)
0(0.0, 0.03439682168577407)
0(0.0, 0.034348621547096836)
0(0.0, 0.03405850088965334)
0(0.0, 0.03360516462119656)
0(0.0, 0.0333053270734468)
0(0.0, 0.03325686412256468)
0(0.0, 0.03319167235772602)
0(0.0, 0.02916745812992405)
0(0.0, 0.028058410625732444)
0(0.0, 0.026593150990607328)
0(0.0, 0.025602320622222563)
0(0.0, 0.024690434768248726)
0(0.0, 0.024458976311590885)
0(0.0, 0.02291139163890399)
0(0.0, 0.0227559283955574)
0(0.0, 0.022514744741850556)
0(0.0, 0.021501523953146084)
0(0.0, 0.01378369208267649)
0(0.0, 0.013375973203440972)
0(0.0, 0.013180488204897034)
0(0.0, 0.011498856426687465)
0(0.0, 0.010983786708361865)
0(0.0, 0.009518663437092845)
0(0.0, 0.008588039161788852)
0(0.0, 0.00856111640893975)
0(0.0, 0.008128251731065905)
0(0.0, 0.007283485541970447)
0(0.0, 0.006943518890944911)
0(0.0, 0.005682476803323677)
0(0.0, 0.005303542222169333)
0(0.0, 0.005151862525650697)
0(0.0, 0.004610338178223539)
0(0.0, 0.004485944573436984)
0(0.0, 0.004371852217083139)
0(0.0, 0.004229546410636775)
0(0.0, 0.0040712955375237225)
0(0.0, 0.004050864815175026)
0(0.0, 0.0033477273229209903)
0(0.0, 0.0031229065738600514)
0(0.0, 0.0030367651968715714)
0(0.0, 0.002736501260798274)
0(0.0, 0.0025942648999687234)
0(0.0, 0.0023166883392379267)
0(0.0, 0.0016541454766807462)
0(0.0, 0.0016039929823283838)
0(0.0, 0.0015074850638938653)
0(0.0, 0.0013584377448485618)
0(0.0, 0.0012102459873557514)
