1(1.1708977622195906, 1.2909302345782594)
1(0.8589363828413115, 0.9433658267647306)
1(0.3976392187133061, 0.4748637329516353)
1(0.2639915707731142, 0.32857660290388424)
1(0.14527103619351078, 0.19951832324364016)
1(0.229146040711942, 0.27891932493310656)
1(0.1437551384711815, 0.18837029985147435)
1(0.15298211665580375, 0.18795012727349591)
1(0.1689815133261391, 0.2026806001421445)
1(1.1814482876578505, 1.211020714040849)
1(0.06738637925240643, 0.09130491840935828)
1(0.13530275897487054, 0.1589174160699981)
1(0.07621342374533802, 0.09708314890343295)
1(0.05802548949169983, 0.07731126773904806)
1(0.04857685693385738, 0.06740487149804353)
1(0.1615026260299407, 0.18012534054752805)
1(0.05836215458802585, 0.07676749725007337)
1(0.13078096844856657, 0.14870005819850562)
1(0.06773963316359544, 0.08549255272081124)
1(0.0496367166234456, 0.06722765431775646)
1(0.06897472906511959, 0.08606526290163097)
1(0.05421097626685367, 0.0712017629624212)
1(0.16755533510931397, 0.18431080726130178)
1(0.07263696404007414, 0.08927923972976559)
1(0.056451494541042924, 0.07288098416999389)
1(0.050601287983786714, 0.06649174240510891)
1(0.062282922678213115, 0.07790737244450541)
1(0.13554964482437992, 0.15113811338132366)
1(0.057122217196042824, 0.07241108807434016)
1(0.061719420745774856, 0.0767320618509213)
1(0.05685488928162907, 0.07160310437656203)
1(0.07051286271725254, 0.08461491985143499)
1(0.1575863289275522, 0.17168665807061012)
1(0.06458919649656236, 0.07864006047645244)
1(0.05675728852253892, 0.07058534476622502)
1(0.07105499583475672, 0.08483248409953692)
1(0.08163228134920197, 0.09513672580701527)
1(0.07982979404559376, 0.09329595184376493)
1(0.06268574840597507, 0.07610864005395257)
1(0.06268809616227533, 0.07603964177090072)
1(0.07324981562002586, 0.08613942541035358)
1(0.06705748370002118, 0.07988376488813431)
1(0.061342985545075446, 0.07403857070610798)
1(0.07120530021466664, 0.08389092156704925)
1(0.07206071979676665, 0.08458964421409432)
1(0.08088032902916464, 0.09325155040136934)
1(0.04968703868442481, 0.061858282185285995)
1(0.0712965300144367, 0.08343362251838582)
1(0.0650653133229917, 0.07704675298275432)
1(0.0815315507477703, 0.09351210451988234)
1(0.0842361523753532, 0.09604734711427776)
1(0.05865448361938519, 0.070330278876783)
1(0.07719682605835487, 0.08883785923100673)
1(0.0773902411071592, 0.08895519502068683)
1(0.05947737068979797, 0.07100377575986161)
1(0.05229824375919834, 0.06371976905035492)
1(0.07020515447757325, 0.08160307331823435)
1(0.05031886413536857, 0.061632820020790846)
1(0.09202661127600253, 0.10331029556554716)
1(0.06064361514051697, 0.07189864516222899)
1(0.060753990376060996, 0.0719116062920011)
1(0.0803125138134877, 0.09144045235211473)
1(0.06804100472784935, 0.07900536455485219)
1(0.0626289770546068, 0.07358299301393201)
1(0.06019093882460491, 0.07104228125431711)
1(0.0697417251511685, 0.080511792477863)
1(0.08306833380292378, 0.09362836553530562)
1(0.07715099007027137, 0.08759684749912033)
1(0.08589161208896423, 0.09615561246224646)
1(0.08467311178684056, 0.09490885401355176)
1(0.07227929789360354, 0.08242587819898395)
1(0.06278400486138469, 0.07291920425436682)
1(0.07784690993344778, 0.08797446328521319)
1(0.08256513015290767, 0.09267046497733256)
1(0.07081623322664055, 0.08088122852403512)
1(0.05438808819058005, 0.06431488747944769)
1(0.07499479317732649, 0.08488131820679012)
1(0.04986523457384506, 0.05962737175892863)
1(0.09460954247553921, 0.1043479795153518)
1(0.057431995044634476, 0.0671626037379256)
1(0.07164210180672681, 0.08129794490341657)
1(0.05914920517538802, 0.06865935816771473)
1(0.06593631312962145, 0.07531601219143902)
1(0.08432745487377502, 0.09362836553530562)
1(0.08917355906309654, 0.09833398875343846)
1(0.05883145063579409, 0.06779301591946729)
1(0.060098182676340706, 0.06899074533040217)
1(0.061006366429552594, 0.06986587465197991)
1(0.07210619729557255, 0.0809577702734211)
1(0.06529312326423486, 0.07411204361755341)
1(0.06865025950643266, 0.07739880426635182)
1(0.06073866931497851, 0.06947220779071894)
1(0.08887217489497223, 0.09758183184250913)
1(0.08733031088773058, 0.09602407743265051)
1(0.05805416917558448, 0.06667207289754828)
1(0.066334756246343, 0.07490747872102643)
1(0.06832587409187174, 0.0767922238973563)
1(0.06494301481820675, 0.07331142829828707)
1(0.05035922036309315, 0.058682285647852384)
1(0.06445589225068693, 0.07275392500035116)
1(0.0628505387656989, 0.07113323629481472)
1(0.08437760928649463, 0.09260226308360775)
1(0.05436123747459487, 0.06254418333930178)
1(0.06384099344074934, 0.07202153625296193)
1(0.0737483184317902, 0.08191262228929741)
1(0.0675864221546556, 0.07574815077900932)
1(0.04741691731475761, 0.05556201917289627)
1(0.07758034623394394, 0.08569690612785696)
1(0.07130165985515002, 0.07939529593627492)
1(0.06166488569977013, 0.06961339751036588)
1(0.08562925214174077, 0.0934989501850424)
1(0.07958862442122361, 0.08745181391952772)
1(0.059679442898842194, 0.06753683728448945)
1(0.07990891937025935, 0.08772051371354062)
1(0.10535175079336712, 0.11313747864466661)
1(0.07957314478495503, 0.08735652449446107)
1(0.060640135249808935, 0.06831598644409143)
1(0.06698549680688537, 0.07461452967591287)
1(0.07286417645008636, 0.08048100497615351)
1(0.060289325642691405, 0.0678663464258501)
1(0.08039539263579276, 0.08796090165262904)
1(0.07485950579909073, 0.08235651787244369)
1(0.05803011829054394, 0.0655199634878072)
1(0.056343740805752995, 0.06369149615900938)
1(0.05102402598559608, 0.058277622996337985)
1(0.06577505766978842, 0.0730055496494586)
1(0.06396881361340723, 0.07116770932249195)
1(0.05774878281848572, 0.06493863903616737)
1(0.08406548135842895, 0.09122562497067277)
1(0.07578058919339103, 0.08290635638938149)
1(0.06344929755841555, 0.07056736795236318)
1(0.08448726758795533, 0.09159877004007877)
1(0.06514713541458139, 0.07220016042294786)
1(0.059638534133035326, 0.06651288794009858)
1(0.07228235122517845, 0.07914529829719164)
1(0.04481805397332306, 0.05167723080765807)
1(0.08086587321269878, 0.0875985984407398)
1(0.06039001059911997, 0.06710388737182871)
1(0.08281764389870849, 0.08948395452444169)
1(0.06388341161851685, 0.07053022534008069)
1(0.08591784649254175, 0.09254424463801425)
1(0.07075570936969977, 0.07734859809281802)
1(0.07519658884784464, 0.08173170999552315)
1(0.07806208340483822, 0.08457901140781654)
1(0.06327062601539868, 0.06973715778630729)
1(0.06592590324047476, 0.07238433460123417)
1(0.060238039489621364, 0.06662755903321083)
1(0.06475187985646746, 0.07113395327869365)
1(0.06492897315210633, 0.07130581414154102)
1(0.06434439694827832, 0.07070417175819899)
1(0.07558931323549045, 0.08193393625824374)
1(0.07348722412004116, 0.07981850320218098)
1(0.06575818943640455, 0.0720884092985683)
1(0.05696708763418379, 0.06310466968952622)
1(0.06148910745118874, 0.06756595193684445)
1(0.06430765186658738, 0.07036693321706122)
1(0.07596522455964883, 0.08198885191716498)
1(0.06080800616199311, 0.06679761866341594)
1(0.06859719990657231, 0.07427263905730619)
1(0.073467213346178, 0.07912104935624786)
1(0.06383384767195643, 0.06947220779071894)
1(0.05406219215770747, 0.059654484204387126)
1(0.0749971850288298, 0.0805599698040721)
1(0.08053863373791514, 0.0860832743182306)
1(0.092762570860638, 0.09825608556472976)
1(0.07611280883048055, 0.08159403859291825)
1(0.07826123830140541, 0.08369188784759607)
1(0.07373714521420549, 0.079166554233003)
1(0.05398193234369908, 0.05936597623228301)
1(0.07665365144126146, 0.08201590269462111)
1(0.10691043472127437, 0.11220749985847145)
1(0.06569247159935387, 0.07098345073262147)
1(0.09496131661099294, 0.10021490679958178)
1(0.07134397601979159, 0.0765461245627197)
1(0.07578628229769913, 0.08097756384434174)
1(0.08803958210937468, 0.09317778858876291)
1(0.04859854312197698, 0.053719733598770136)
1(0.06605627787037505, 0.07116999768249099)
1(0.06653280279366114, 0.07160310437656203)
1(0.06877964436673756, 0.07378130712174213)
1(0.07249773447882835, 0.07748974962967214)
1(0.07704060817675773, 0.08201935386148318)
1(0.09072894585735658, 0.09565717936244889)
1(0.0847267803728794, 0.08948718994120752)
1(0.07888987141233184, 0.08362091545455419)
1(0.0563036203207854, 0.06101007848744722)
1(0.06038190548783107, 0.06505948735819911)
1(0.15391660653549288, 0.15858382398838056)
1(0.04924520931508969, 0.05388842751812706)
1(0.07143125002386552, 0.07596561958061343)
1(0.08081308882072358, 0.08522115794951657)
1(0.07696646530626905, 0.08137351493475942)
1(0.060909235073900114, 0.06522723468460423)
1(0.05294013999562741, 0.057233869472748444)
1(0.07381536422226675, 0.0780863931970266)
1(0.06270803494996258, 0.06696882465748433)
1(0.06360687959685907, 0.0678663464258501)
1(0.05824793203145706, 0.0624614227212662)
1(0.052826711430042694, 0.056989180106476134)
1(0.06076228651746263, 0.06492324517805859)
1(0.07856619660793529, 0.08265286920742987)
1(0.0679958255161518, 0.07203936497033459)
1(0.08899128906678966, 0.09303318671137661)
1(0.07018151833370057, 0.07419453603944492)
1(0.02530569170882202, 0.02918554438977805)
1(0.08155682157454269, 0.08542578004309043)
1(0.06730776641931202, 0.07116770932249195)
1(0.06143375489180769, 0.06520154157317404)
1(0.05796430743400094, 0.06167428673774811)
1(0.057542788013915436, 0.06125082608912902)
1(0.05968968454045687, 0.06327390470915717)
1(0.08271643289844699, 0.08628302217405837)
1(0.06871395948160575, 0.0722643088488949)
1(0.06078223573307484, 0.06424823541380043)
1(0.06595350725168203, 0.06939024044109232)
1(0.0793714360269131, 0.0827528674786222)
1(0.06741333911476599, 0.07075998258136829)
1(0.06516680117595408, 0.06849935962723364)
1(0.06725769866877562, 0.07058410336081211)
1(0.05239568277439499, 0.055703565154529455)
1(0.07167081900774375, 0.07497679947809488)
1(0.05486973948647056, 0.05811749745497674)
1(0.0816591316752956, 0.08489014462477396)
1(0.056844172854730646, 0.060048291221406536)
1(0.15813815807334497, 0.16132451891653377)
1(0.06006940354721235, 0.06322410041141113)
1(0.06845208395306657, 0.07160310437656203)
1(0.08129084771792205, 0.08443616627579387)
1(0.06929118070832874, 0.07243077173877355)
1(0.09817358428898149, 0.1012444028780527)
1(0.07603719157513489, 0.0790477209736411)
1(0.09542605136149185, 0.09842804696603524)
1(0.06700700250566327, 0.06995560074866913)
1(0.05017037891328968, 0.05310309232235755)
1(0.0669008410990436, 0.06979451363040146)
1(0.07870888226510775, 0.08158225155867072)
1(0.08150747503946121, 0.08435764317770234)
1(0.05756468453050656, 0.06041348139024316)
1(0.1056949092744861, 0.1085366076997124)
1(0.07640569429112276, 0.07922767289301313)
1(0.03231835114985726, 0.035080417420728205)
1(0.08416999414977677, 0.08691944483321434)
1(0.0777877079779532, 0.08052103481289374)
1(0.09037631382091071, 0.09303318671137661)
1(0.07665663333263839, 0.07928976386266584)
1(0.07689264207992896, 0.07947484196751298)
1(0.07892001482405142, 0.08148383189537844)
1(0.07349091383044881, 0.07599666045137787)
1(0.05203584127826788, 0.054523728879521616)
1(0.060148368216997206, 0.06257040050157237)
1(0.08366092311454498, 0.0860758843652768)
1(0.06596415376959275, 0.06837604625300964)
1(0.07881179119892179, 0.08122336164376931)
1(0.07849030128621459, 0.08090021853968277)
1(0.0686380700561644, 0.07104228125431711)
1(0.07235019615796301, 0.07461452967591287)
1(0.07126609825598695, 0.07352504596434417)
1(0.07176369174959552, 0.07397285574874413)
1(0.020337395150934356, 0.022501357899137098)
1(0.06145596373886375, 0.06361711025656225)
1(0.08505870671772331, 0.08720992087637036)
1(0.06767447697399886, 0.06980984554041336)
1(0.09053479514802476, 0.09265551164961472)
1(0.08454997784662832, 0.08662311239842624)
1(0.08015900187695724, 0.08212450042142361)
1(0.07353241214984296, 0.07547933093801928)
1(0.08377017457292923, 0.08569690612785696)
1(0.05179366171338984, 0.053719733598770136)
1(0.0681881425440769, 0.07008333886357865)
1(0.08645252218912869, 0.08830097498577172)
1(0.08028562764613012, 0.08207441523796644)
1(0.06829658256847426, 0.07001005039181585)
1(0.05973091530765251, 0.061372455811158244)
1(0.08682207851324786, 0.08841578637512637)
1(0.06819345116547393, 0.06977264668944327)
1(0.03241812711177072, 0.03396805940384451)
1(0.07684426951739276, 0.07837450624472386)
1(0.06462258873110516, 0.06614059337245282)
1(0.08522901168452068, 0.0867343957643677)
1(0.05556462677007101, 0.057054143687854664)
1(0.07303737328556636, 0.0745206851370448)
1(0.06224117177870436, 0.06371976905035492)
1(0.08500385216725448, 0.08643905926748263)
1(0.09686525846764504, 0.09829802708003377)
1(0.08546613595403196, 0.0868590127182235)
1(0.06156298554476336, 0.06295210034823362)
1(0.07709772592362774, 0.07842968245366777)
1(0.06945813481496299, 0.07078799364806965)
1(0.0268900607362329, 0.02819904029416842)
1(0.05738485832791218, 0.05863404343164136)
1(0.07339696072057744, 0.07462275138832641)
1(0.06600775871743336, 0.06721680441008848)
1(0.06331019200778787, 0.06448405727444484)
1(0.05564639002182081, 0.05679323032143291)
1(0.14765130962090334, 0.14866801154748632)
1(0.0829976735279867, 0.08397869417454218)
1(0.049694476598794224, 0.05065813800908703)
1(0.08051670147227596, 0.08146798414438516)
1(0.09898564037886481, 0.09993397791118885)
1(0.07683977449826773, 0.07778082898504601)
1(0.0914819461339581, 0.09239666028435123)
1(0.06305365084331604, 0.06388744378850042)
1(0.07347178040824931, 0.07426559376673947)
1(0.07342384303523519, 0.07420893039806287)
1(0.06474321388988313, 0.06551458855958625)
1(0.05877217319322969, 0.05953381119805967)
1(0.05671016104857962, 0.05747069478871336)
1(0.07511904573472172, 0.07586708857305713)
1(0.07964001156623368, 0.08036022101004014)
1(0.06841331758139535, 0.06911898810628214)
1(0.06775244483954845, 0.06842281195952116)
1(0.03567985313128552, 0.036343013102500876)
1(0.05043963936243834, 0.05108631694585175)
1(0.08288291440153639, 0.08351287869378177)
1(0.06654712871083268, 0.06715375783777144)
1(0.07887918917882286, 0.07947484196751298)
1(0.07132642046320004, 0.07190781927168921)
1(0.07502163023305908, 0.07558763925947498)
1(0.05465185359542235, 0.05519848178452802)
1(0.06051752126170096, 0.06101007848744722)
1(0.09819238545422448, 0.09867625451055351)
1(0.08240142031722653, 0.0828611267127135)
1(0.07339121472512733, 0.07384473040633721)
1(0.07336825861469609, 0.07382144976428218)
1(0.08706048593720273, 0.08748637110880875)
1(0.061211994127456704, 0.061632820020790846)
1(0.07863145982764386, 0.0790334459880574)
1(0.0803437390205981, 0.08072077218185703)
1(0.07289776050867947, 0.07326294462110927)
1(0.08961546068297177, 0.0899439324464838)
1(0.0869693038990762, 0.08725444518913028)
1(0.020465855243652742, 0.020749206862970992)
1(0.08557435469383035, 0.08580574775952854)
1(0.07704829971198235, 0.07726924243271871)
1(0.08016924319472607, 0.0803671568259573)
1(0.07105839854224327, 0.07124526589206093)
1(0.07045080742303578, 0.07058410336081211)
1(0.07206624660225991, 0.07219791876362702)
1(0.08038136146500141, 0.08048470723197287)
1(0.05300392545312349, 0.05310309232235755)
1(0.07648802879581029, 0.0765845637048419)
1(0.0754485786311575, 0.0755232261178227)
1(0.06415076099245998, 0.06421184798238389)
1(0.08130125496399898, 0.08136091099822684)
1(0.07174750073478753, 0.0717978513074864)
1(0.06428251477810432, 0.06431109624138076)
1(0.00974087797806722, 0.009766294788445595)
0(0.0, inf)
0(0.0, 0.4896878578740632)
0(0.0, 0.39291115222251394)
0(0.0, 0.2241336008259064)
0(0.0, 0.22358489621594135)
0(0.0, 0.2182764126344635)
0(0.0, 0.21132577167032762)
0(0.0, 0.19614975298634751)
0(0.0, 0.15766628660379656)
0(0.0, 0.1509659103840496)
0(0.0, 0.14097566439886833)
0(0.0, 0.1406245321234183)
0(0.0, 0.13590755290371193)
0(0.0, 0.1331109995757287)
0(0.0, 0.12929439727873793)
0(0.0, 0.12571293741148237)
0(0.0, 0.12537193056976592)
0(0.0, 0.12418143736902942)
0(0.0, 0.11918386882215315)
0(0.0, 0.11829143819268129)
0(0.0, 0.11742644807749458)
0(0.0, 0.11733026529297241)
0(0.0, 0.11276789502121909)
0(0.0, 0.11218147873906292)
0(0.0, 0.1081196835882593)
0(0.0, 0.10661520730872542)
0(0.0, 0.10516466154152737)
0(0.0, 0.10030359958139556)
0(0.0, 0.09689609545216216)
0(0.0, 0.09687518493651992)
0(0.0, 0.09655273733659453)
0(0.0, 0.09627406799810867)
0(0.0, 0.09618133476951929)
0(0.0, 0.09612978750349355)
0(0.0, 0.09409427258351555)
0(0.0, 0.0934530856793544)
0(0.0, 0.09171391011097796)
0(0.0, 0.0913783726214159)
0(0.0, 0.09013238330250095)
0(0.0, 0.089818279920444)
0(0.0, 0.08973975992381622)
0(0.0, 0.08910344812962989)
0(0.0, 0.08863466598958591)
0(0.0, 0.08548311888934057)
0(0.0, 0.08538604159465957)
0(0.0, 0.0842000507947237)
0(0.0, 0.08396181054508522)
0(0.0, 0.08348561853890712)
0(0.0, 0.08303225571010409)
0(0.0, 0.08292569846149755)
0(0.0, 0.0824048584251208)
0(0.0, 0.08221783298515806)
0(0.0, 0.08123840362786394)
0(0.0, 0.08091498731886937)
0(0.0, 0.08068157013187005)
0(0.0, 0.08035671899283203)
0(0.0, 0.08034975773650666)
0(0.0, 0.07978211317544415)
0(0.0, 0.07950492228167882)
0(0.0, 0.07895637542220613)
0(0.0, 0.0788515812191054)
0(0.0, 0.07833613345081503)
0(0.0, 0.07824876404763847)
0(0.0, 0.07756307243631655)
0(0.0, 0.07747071967611818)
0(0.0, 0.0767319083742698)
0(0.0, 0.07641857733322333)
0(0.0, 0.0761331614438483)
0(0.0, 0.07548766034928012)
0(0.0, 0.07524010298398487)
0(0.0, 0.07495285866567403)
0(0.0, 0.07458414835844307)
0(0.0, 0.07440807638946556)
0(0.0, 0.0742638683108039)
0(0.0, 0.07416241009993907)
0(0.0, 0.0737106044849587)
0(0.0, 0.07341381708549888)
0(0.0, 0.07338536361044279)
0(0.0, 0.07327464416340457)
0(0.0, 0.07317362212887091)
0(0.0, 0.07316435177462088)
0(0.0, 0.07303423764510197)
0(0.0, 0.07294012682358464)
0(0.0, 0.0727903143598635)
0(0.0, 0.07251105365210553)
0(0.0, 0.07216783509251234)
0(0.0, 0.07208529558044663)
0(0.0, 0.07156282910617551)
0(0.0, 0.07128273717476563)
0(0.0, 0.07080220420300631)
0(0.0, 0.0707991737320619)
0(0.0, 0.07077641907412147)
0(0.0, 0.07077287477885441)
0(0.0, 0.07075857901598503)
0(0.0, 0.07071350685487743)
0(0.0, 0.07067574738104598)
0(0.0, 0.0700046909616413)
0(0.0, 0.06986322327834127)
0(0.0, 0.0695888032957267)
0(0.0, 0.06922356100524707)
0(0.0, 0.06915103089529595)
0(0.0, 0.06872081947072184)
0(0.0, 0.0685014983044967)
0(0.0, 0.06834641462213786)
0(0.0, 0.06833435480741967)
0(0.0, 0.06828016171487772)
0(0.0, 0.06807045158964409)
0(0.0, 0.06788207668181678)
0(0.0, 0.06765139154725952)
0(0.0, 0.06747213268008789)
0(0.0, 0.06731949661161085)
0(0.0, 0.06714296181605717)
0(0.0, 0.06713492341913696)
0(0.0, 0.06694680533967035)
0(0.0, 0.06669834518680096)
0(0.0, 0.06658869639527887)
0(0.0, 0.06648361369372258)
0(0.0, 0.06642075484371535)
0(0.0, 0.06624672176074842)
0(0.0, 0.06615912071946717)
0(0.0, 0.06614128060033497)
0(0.0, 0.06608520406234264)
0(0.0, 0.065857413766362)
0(0.0, 0.06580314355557415)
0(0.0, 0.06567997990963126)
0(0.0, 0.06560266888724098)
0(0.0, 0.06556468103116808)
0(0.0, 0.06502763531704348)
0(0.0, 0.06480278274241036)
0(0.0, 0.06472213615220423)
0(0.0, 0.06446701985909975)
0(0.0, 0.06417828406891624)
0(0.0, 0.0641218026713185)
0(0.0, 0.06405560093067253)
0(0.0, 0.0639788729836579)
0(0.0, 0.06382385151384007)
0(0.0, 0.06369054589249246)
0(0.0, 0.0631804119528595)
0(0.0, 0.06316894012516017)
0(0.0, 0.0630608994482138)
0(0.0, 0.06300497895901291)
0(0.0, 0.06278660234285638)
0(0.0, 0.06246119522215321)
0(0.0, 0.062417479656886266)
0(0.0, 0.06232589990850623)
0(0.0, 0.06212122635231665)
0(0.0, 0.06211219433664772)
0(0.0, 0.06209591952238258)
0(0.0, 0.06195236143469396)
0(0.0, 0.061932013775064076)
0(0.0, 0.06188303159079356)
0(0.0, 0.06187705594202342)
0(0.0, 0.06179570328684714)
0(0.0, 0.061659145446097186)
0(0.0, 0.0616034137989685)
0(0.0, 0.061221807747211865)
0(0.0, 0.061212797313141665)
0(0.0, 0.06117150280878014)
0(0.0, 0.061024685401448564)
0(0.0, 0.061009610450499574)
0(0.0, 0.06087587184975063)
0(0.0, 0.060663984912200375)
0(0.0, 0.06041078728858573)
0(0.0, 0.06030599762558497)
0(0.0, 0.060278834819273985)
0(0.0, 0.06020676778846379)
0(0.0, 0.0600990166792007)
0(0.0, 0.06003022842626926)
0(0.0, 0.05982061669959782)
0(0.0, 0.05976927880409477)
0(0.0, 0.059683924480762984)
0(0.0, 0.05960598465012257)
0(0.0, 0.05952766165619772)
0(0.0, 0.05936094501713329)
0(0.0, 0.059309311017051836)
0(0.0, 0.05901329740499073)
0(0.0, 0.05896872491855043)
0(0.0, 0.05895337564101022)
0(0.0, 0.058913126201286636)
0(0.0, 0.05890505811460611)
0(0.0, 0.05872997417865666)
0(0.0, 0.05872921472336046)
0(0.0, 0.05867579855877558)
0(0.0, 0.05858834267125135)
0(0.0, 0.05856876206130113)
0(0.0, 0.058531781968294117)
0(0.0, 0.05841274285787379)
0(0.0, 0.05836825358131226)
0(0.0, 0.05814236251874261)
0(0.0, 0.05804630263992738)
0(0.0, 0.05803071051130171)
0(0.0, 0.057975973511789625)
0(0.0, 0.057832450988357764)
0(0.0, 0.05780975470928895)
0(0.0, 0.057722710430186064)
0(0.0, 0.057679060806360316)
0(0.0, 0.05766433295593898)
0(0.0, 0.05766156962758129)
0(0.0, 0.057556349745700675)
0(0.0, 0.05754847328628132)
0(0.0, 0.057327410182858585)
0(0.0, 0.05732658909183097)
0(0.0, 0.057304081590886735)
0(0.0, 0.05714771767262916)
0(0.0, 0.05707452328461837)
0(0.0, 0.056893949861482995)
0(0.0, 0.056844139065954535)
0(0.0, 0.0567865121849922)
0(0.0, 0.05657684086216774)
0(0.0, 0.05651000299221565)
0(0.0, 0.05649143753832464)
0(0.0, 0.05642021787455054)
0(0.0, 0.05624618923973801)
0(0.0, 0.05623610312754668)
0(0.0, 0.05616883920395199)
0(0.0, 0.056145818131456804)
0(0.0, 0.05612273872322304)
0(0.0, 0.05610387777577175)
0(0.0, 0.05607769456789635)
0(0.0, 0.056065744423261066)
0(0.0, 0.055895891953337995)
0(0.0, 0.05582063459319786)
0(0.0, 0.05578369528153748)
0(0.0, 0.05553140164763204)
0(0.0, 0.055357700657179154)
0(0.0, 0.05527518690980193)
0(0.0, 0.05527381223794037)
0(0.0, 0.05525530464896733)
0(0.0, 0.055242446122227284)
0(0.0, 0.05522945377716981)
0(0.0, 0.055196931736475)
0(0.0, 0.05502903797294123)
0(0.0, 0.05502055139789164)
0(0.0, 0.05498726057552328)
0(0.0, 0.05498224345185554)
0(0.0, 0.05479527001168738)
0(0.0, 0.05459386465260874)
0(0.0, 0.05417556049171479)
0(0.0, 0.05415227572680381)
0(0.0, 0.054054231625435656)
0(0.0, 0.05391192190957583)
0(0.0, 0.05386504509269374)
0(0.0, 0.053784196142852236)
0(0.0, 0.053695229341055306)
0(0.0, 0.05347942461428157)
0(0.0, 0.053412440958052865)
0(0.0, 0.05341070962845429)
0(0.0, 0.053215965397891085)
0(0.0, 0.05321084275961829)
0(0.0, 0.05306889400913106)
0(0.0, 0.05302419910495215)
0(0.0, 0.052988632557614435)
0(0.0, 0.05284515808813928)
0(0.0, 0.05281432792104801)
0(0.0, 0.05269474195629398)
0(0.0, 0.052673516907080886)
0(0.0, 0.052511248957117895)
0(0.0, 0.052394291929606984)
0(0.0, 0.05229143345278131)
0(0.0, 0.05227558259358589)
0(0.0, 0.052131779641976905)
0(0.0, 0.05210030794902554)
0(0.0, 0.052040336190930514)
0(0.0, 0.05190673737085738)
0(0.0, 0.051882591442786286)
0(0.0, 0.051714666746634164)
0(0.0, 0.05168715739838903)
0(0.0, 0.051659220556415586)
0(0.0, 0.05144863941654454)
0(0.0, 0.051376100054521756)
0(0.0, 0.05122112445658178)
0(0.0, 0.05115496023281918)
0(0.0, 0.05111708488704003)
0(0.0, 0.05102046528199655)
0(0.0, 0.05082805394368606)
0(0.0, 0.05077197876158679)
0(0.0, 0.050706342495257295)
0(0.0, 0.050698656469964964)
0(0.0, 0.050563081652570285)
0(0.0, 0.05052279883573796)
0(0.0, 0.05028444934338605)
0(0.0, 0.050254661648365895)
0(0.0, 0.050071290781040334)
0(0.0, 0.0499414641148761)
0(0.0, 0.04990830685086711)
0(0.0, 0.04990161839688201)
0(0.0, 0.049744467127681324)
0(0.0, 0.04967201320769021)
0(0.0, 0.04960958211386235)
0(0.0, 0.049585037079483696)
0(0.0, 0.04946682886300724)
0(0.0, 0.04937536626567052)
0(0.0, 0.04930174978956836)
0(0.0, 0.04925793335946782)
0(0.0, 0.049237450302991204)
0(0.0, 0.04920437848099213)
0(0.0, 0.04895242454913562)
0(0.0, 0.04893571991058343)
0(0.0, 0.04878721177796963)
0(0.0, 0.048712076302882434)
0(0.0, 0.04868935204220759)
0(0.0, 0.048591660145920645)
0(0.0, 0.04851032119599563)
0(0.0, 0.0484482095027815)
0(0.0, 0.0482631075273563)
0(0.0, 0.04817965432228155)
0(0.0, 0.047947337285034086)
0(0.0, 0.04760700655244465)
0(0.0, 0.04759587833360579)
0(0.0, 0.04757650035978567)
0(0.0, 0.04751194487015664)
0(0.0, 0.04748634206009317)
0(0.0, 0.047425773345343036)
0(0.0, 0.047398236526671966)
0(0.0, 0.0472648990408423)
0(0.0, 0.0470795308245604)
0(0.0, 0.04692650312434177)
0(0.0, 0.04669856083932755)
0(0.0, 0.04661808001108647)
0(0.0, 0.04646616452904617)
0(0.0, 0.04635253861554667)
0(0.0, 0.04627017244463605)
0(0.0, 0.0460277017130033)
0(0.0, 0.046015040189703926)
0(0.0, 0.045972588896883604)
0(0.0, 0.045760360741788464)
0(0.0, 0.045670012184921394)
0(0.0, 0.045519910392679)
0(0.0, 0.04510471811972361)
0(0.0, 0.04495898978614932)
0(0.0, 0.04484671345357516)
0(0.0, 0.044828561751430906)
0(0.0, 0.04478144741973433)
0(0.0, 0.04478065389642405)
0(0.0, 0.04476383211809942)
0(0.0, 0.04470170010293506)
0(0.0, 0.044617385600648096)
0(0.0, 0.044600729199823164)
0(0.0, 0.044582102084203656)
0(0.0, 0.04447934890873606)
0(0.0, 0.044447638278587887)
0(0.0, 0.04425846137084677)
0(0.0, 0.044150337713939614)
0(0.0, 0.04406106894568185)
0(0.0, 0.04402960049969118)
0(0.0, 0.044012129703422165)
0(0.0, 0.04398328524338124)
0(0.0, 0.04380869655416186)
0(0.0, 0.043379279069964305)
0(0.0, 0.0431298397489307)
0(0.0, 0.04304897067118185)
0(0.0, 0.04303182966423691)
0(0.0, 0.042977117904126394)
0(0.0, 0.04297471896132388)
0(0.0, 0.04260955721179538)
0(0.0, 0.04246201240398795)
0(0.0, 0.042454152715783566)
0(0.0, 0.04239005156933007)
0(0.0, 0.04231925749266752)
0(0.0, 0.04230356525482237)
0(0.0, 0.04223230537226841)
0(0.0, 0.042010466643643274)
0(0.0, 0.04184766308830523)
0(0.0, 0.04161414490659443)
0(0.0, 0.04150179780041052)
0(0.0, 0.04135093410228596)
0(0.0, 0.04113705636047282)
0(0.0, 0.04100225212429531)
0(0.0, 0.04062952706341727)
0(0.0, 0.040572391975985944)
0(0.0, 0.04030785772608447)
0(0.0, 0.040126160638363495)
0(0.0, 0.03998873725511498)
0(0.0, 0.03987891501199048)
0(0.0, 0.039706919541438235)
0(0.0, 0.039390868852654304)
0(0.0, 0.03918777905673909)
0(0.0, 0.03818881362977122)
0(0.0, 0.038051018134345194)
0(0.0, 0.03797589549752356)
0(0.0, 0.03765038725713943)
0(0.0, 0.03720076833795738)
0(0.0, 0.03708063258586081)
0(0.0, 0.03666020065253561)
0(0.0, 0.03662663698925739)
0(0.0, 0.035174106396358096)
0(0.0, 0.0350996651132961)
0(0.0, 0.03495391944008408)
0(0.0, 0.0348945192789889)
0(0.0, 0.03483016364675029)
0(0.0, 0.03482826314793308)
0(0.0, 0.03437350090512248)
0(0.0, 0.03332031942906)
0(0.0, 0.03312905893406948)
0(0.0, 0.03225036881022647)
0(0.0, 0.032084447784216485)
0(0.0, 0.0313811614352435)
0(0.0, 0.030548570588173174)
0(0.0, 0.028891486994904292)
0(0.0, 0.027882737158748783)
0(0.0, 0.024622936207817192)
0(0.0, 0.024063837062293758)
0(0.0, 0.022098364341396337)
0(0.0, 0.02138185678354665)
0(0.0, 0.019800257314229186)
0(0.0, 0.019131885610486177)
0(0.0, 0.018430258424243173)
0(0.0, 0.01669293508501435)
0(0.0, 0.016535938848684317)
0(0.0, 0.015932912436600333)
0(0.0, 0.015061581320233497)
0(0.0, 0.014272881514444391)
0(0.0, 0.013704071417644736)
0(0.0, 0.01341551124867435)
0(0.0, 0.0133324309035735)
0(0.0, 0.013101489862341942)
0(0.0, 0.012900148420344815)
0(0.0, 0.011989044249074099)
0(0.0, 0.011229538386871463)
0(0.0, 0.010840257031546341)
0(0.0, 0.00861547913638594)
0(0.0, 0.006745232164527826)
0(0.0, 0.005837544015849128)
0(0.0, 0.00539914505118011)
0(0.0, 0.00529170111012256)
0(0.0, 0.005254367123495918)
0(0.0, 0.005110957615341527)
0(0.0, 0.005037128245510836)
0(0.0, 0.00401281943309828)
0(0.0, 0.0034049722584302833)
0(0.0, 0.0031103090756247065)
0(0.0, 0.0030297696563005294)
