1(0.7831764245451054, 1.015004460249628)
1(1.3772231933213452, 1.4645433110070032)
1(0.19375533005168943, 0.2411219985732308)
1(0.10830495660009776, 0.13540862485673055)
1(0.11472103165577419, 0.13707416857857457)
1(0.24847564227821672, 0.270243071112386)
1(0.24613291801557036, 0.2662578462397499)
1(0.09759045204709327, 0.11745251041327154)
1(0.06265031338742455, 0.08124911593137818)
1(0.1355898962222567, 0.1540818705702669)
1(0.07891499785659217, 0.09622897811597497)
1(0.06764384039815119, 0.08411923786694675)
1(0.08938181725410599, 0.10558261115969281)
1(0.14437444386799003, 0.160542141474316)
1(0.06701841669456254, 0.08312410712377372)
1(0.06339181519712112, 0.07925420078723555)
1(0.08189262060618108, 0.09673601271070531)
1(0.0761836929248404, 0.090482437117136)
1(0.0746056547863867, 0.08886216251476342)
1(0.08489694520745328, 0.09902620492110303)
1(0.10334820774698794, 0.1174449461418694)
1(0.06259148808623705, 0.07659284404295386)
1(0.08071581389221516, 0.09413420273359696)
1(0.08402631950790773, 0.09739135193981208)
1(0.06555297731169585, 0.07877472220859716)
1(0.08181422786848414, 0.09483898887998932)
1(0.0794330190698147, 0.09243107574714882)
1(0.07044419374248234, 0.08341456589961349)
1(0.10025535551719089, 0.11268960470132361)
1(0.08448035515011731, 0.09620881244202717)
1(0.0946297579421913, 0.10629836726496578)
1(0.06684691449313973, 0.07816201712910864)
1(0.07213660739153704, 0.08341456589961349)
1(0.10744134614346335, 0.11840490306839857)
1(0.06867580899047732, 0.07953598888944957)
1(0.08040757351218375, 0.09065068477518767)
1(0.06491212462742257, 0.07509892089255843)
1(0.06405782576918329, 0.07420603238612089)
1(0.06573432218621611, 0.07581057144101477)
1(0.07097852221546563, 0.08085700212035474)
1(0.07068147804233438, 0.08028779385225737)
1(0.08479943837613013, 0.09415927542929636)
1(0.06776949019801015, 0.07654541101216261)
1(0.06359827955136865, 0.07215235787522412)
1(0.08766849852996139, 0.09620881244202717)
1(0.07770228550350378, 0.08621499416969902)
1(0.059390417865999856, 0.0676719707820651)
1(0.09234610379074548, 0.10032346444237594)
1(0.0970043226578795, 0.10483491400175071)
1(0.09234680143152141, 0.10016395321944227)
1(0.06942436208453251, 0.07696875315949048)
1(0.051528282756258426, 0.059049573840267655)
1(0.05952975584944975, 0.06678555780627604)
1(0.08323263708483564, 0.09027095952360342)
1(0.08277609839792233, 0.08973981286373489)
1(0.06690377243053769, 0.07370456310207463)
1(0.08708222467088511, 0.09367036851369825)
1(0.0857653473987513, 0.09233598830325862)
1(0.08031025191214458, 0.08675418775438848)
1(0.08364078881619363, 0.08973981286373489)
1(0.08396053329890063, 0.08982318686085711)
1(0.07441618508401193, 0.0799999065105842)
1(0.12650705609163093, 0.1318479084761871)
1(0.09491236452942187, 0.10020062901199867)
1(0.05878348401410305, 0.06406473533501034)
1(0.06253643390313368, 0.06781687805844505)
1(0.07041625777225313, 0.0756345770547141)
1(0.06643166272974932, 0.07147762864336338)
1(0.060542648575914404, 0.06556425387638731)
1(0.08631845241811154, 0.09133930238022503)
1(0.08814050678771623, 0.09280606354697363)
1(0.11431169424215493, 0.11886284386418589)
1(0.06548899910575356, 0.07000241896884252)
1(0.05974351248961007, 0.0642409519290762)
1(0.08434489235194231, 0.08878103542349047)
1(0.10217199572464852, 0.10659463340763564)
1(0.08909630027354842, 0.09336804731559112)
1(0.0734709812301475, 0.07771423238114328)
1(0.0644810734518948, 0.06855173661602698)
1(0.07156126408291075, 0.0754875927360682)
1(0.08480807257916301, 0.08870151518595104)
1(0.17089087702370598, 0.17472597321605865)
1(0.08680203018643518, 0.09057171901126915)
1(0.09248545673715203, 0.09620881244202717)
1(0.07059698010751136, 0.07429112444817287)
1(0.06870895007760192, 0.0723923404082244)
1(0.08537256966637718, 0.08902242622665857)
1(0.060765127698036436, 0.06427581495840362)
1(0.061704660969026826, 0.06507731338468226)
1(0.1356915919392665, 0.13889962372374265)
1(0.0774033294117239, 0.08056447985465398)
1(0.08653905158859743, 0.08955845469988089)
1(0.06658088072824042, 0.06955049782904021)
1(0.10711140751077664, 0.11003571462443973)
1(0.08221675419445573, 0.08511574475367989)
1(0.08698367550953512, 0.08982318686085711)
1(0.09932205446743336, 0.10191355271752023)
1(0.06440290286744388, 0.06693648689976939)
1(0.07676338413797101, 0.0791317668307483)
1(0.08418775761592356, 0.08649828467980358)
1(0.09497145967642351, 0.09703435112245407)
1(0.09801349640821766, 0.09997989854458633)
1(0.0878146258463528, 0.08973981286373489)
1(0.09823297288228805, 0.09997989854458633)
1(0.09230075823618611, 0.09386000396877692)
1(0.05764454085794046, 0.059049573840267655)
1(0.08107398583574787, 0.08241015712289645)
1(0.09477624620873148, 0.09609561018742718)
1(0.0817373558072072, 0.08291558510593078)
1(0.06478196044162166, 0.06595378680189645)
1(0.09698645325315902, 0.09812368636634383)
1(0.06583836338030746, 0.06697211383923651)
1(0.07665852114434069, 0.07776586288803744)
1(0.069333159508145, 0.07038819472383762)
1(0.10480654525656385, 0.1057715946284763)
1(0.07885857311226374, 0.07965157887900942)
1(0.0851636758001838, 0.08593865412230317)
1(0.1426290231331112, 0.14326602508793684)
1(0.10188110462424849, 0.1024273489285158)
1(0.09936564453035157, 0.0998073597603163)
1(0.09642683668466767, 0.09677075248850509)
1(0.08784519501573829, 0.08816454009130581)
1(0.06871857822549676, 0.06903623250556579)
1(0.10053037023884837, 0.1008366867014514)
1(0.08815194350804356, 0.08816454009130581)
1(0.10968504465826179, 0.10968654556711444)
0(0.0, inf)
0(0.0, 0.411885288102913)
0(0.0, 0.23004177748019827)
0(0.0, 0.2050505995929861)
0(0.0, 0.16725520216553047)
0(0.0, 0.16661246639658045)
0(0.0, 0.16414835044248888)
0(0.0, 0.1639888721348579)
0(0.0, 0.15417819330831206)
0(0.0, 0.13706456230671982)
0(0.0, 0.13525333298479292)
0(0.0, 0.12962889953846835)
0(0.0, 0.12876480840675386)
0(0.0, 0.12830433370242067)
0(0.0, 0.12171037807102614)
0(0.0, 0.11934964788337199)
0(0.0, 0.11379640207169994)
0(0.0, 0.11133805720916001)
0(0.0, 0.10790213487209255)
0(0.0, 0.1076998170472867)
0(0.0, 0.10664720959711138)
0(0.0, 0.10408085455333449)
0(0.0, 0.10255683777151758)
0(0.0, 0.10248863622718396)
0(0.0, 0.1018629307280764)
0(0.0, 0.10156725042674308)
0(0.0, 0.10136194731598047)
0(0.0, 0.09802772145819327)
0(0.0, 0.09536893852549666)
0(0.0, 0.0949627247763708)
0(0.0, 0.09467228437505726)
0(0.0, 0.09358235530920833)
0(0.0, 0.09237406953867455)
0(0.0, 0.09233439912003183)
0(0.0, 0.09112933150165548)
0(0.0, 0.09084217810981454)
0(0.0, 0.09022303892219985)
0(0.0, 0.08942340266392323)
0(0.0, 0.08941223629783646)
0(0.0, 0.08939971250581935)
0(0.0, 0.08874560884293647)
0(0.0, 0.08762013166514615)
0(0.0, 0.0875144261644436)
0(0.0, 0.08750294881961251)
0(0.0, 0.08471093752790193)
0(0.0, 0.08426877983095371)
0(0.0, 0.08406998960895229)
0(0.0, 0.08391233697148748)
0(0.0, 0.08374553889116576)
0(0.0, 0.08322015307265074)
0(0.0, 0.08223600884479976)
0(0.0, 0.0822166857115173)
0(0.0, 0.08202457455757783)
0(0.0, 0.08166433387633554)
0(0.0, 0.08157461324882231)
0(0.0, 0.0812920659332278)
0(0.0, 0.08121127112924287)
0(0.0, 0.0806905035427482)
0(0.0, 0.08034420023436495)
0(0.0, 0.07988656029819408)
0(0.0, 0.07945710013641194)
0(0.0, 0.07936287458867886)
0(0.0, 0.07895026867572241)
0(0.0, 0.07782735096440252)
0(0.0, 0.07771580809035883)
0(0.0, 0.07748318093121498)
0(0.0, 0.07666798446608969)
0(0.0, 0.07647601255002745)
0(0.0, 0.07619648740958496)
0(0.0, 0.07506765268053261)
0(0.0, 0.07491939090483446)
0(0.0, 0.07486019661531018)
0(0.0, 0.07467923611407001)
0(0.0, 0.07442042047262376)
0(0.0, 0.07437600346873752)
0(0.0, 0.07432165991053608)
0(0.0, 0.07400131710872682)
0(0.0, 0.07357186783877034)
0(0.0, 0.07348549314614383)
0(0.0, 0.07330559436450546)
0(0.0, 0.07305009594563017)
0(0.0, 0.07279609719899771)
0(0.0, 0.0723869934959297)
0(0.0, 0.0722860848634721)
0(0.0, 0.07173748561951498)
0(0.0, 0.07142924400682504)
0(0.0, 0.07130335482230654)
0(0.0, 0.07082827102192668)
0(0.0, 0.07069520668889417)
0(0.0, 0.07068287380369687)
0(0.0, 0.07065701566040783)
0(0.0, 0.07013338544271341)
0(0.0, 0.07009535544121837)
0(0.0, 0.07002525070205046)
0(0.0, 0.06973217867780379)
0(0.0, 0.06950982362459979)
0(0.0, 0.06919049383006959)
0(0.0, 0.06907579527254004)
0(0.0, 0.06896962920836636)
0(0.0, 0.06874335580533386)
0(0.0, 0.06863410898030387)
0(0.0, 0.0679679025956641)
0(0.0, 0.06771107787185648)
0(0.0, 0.06762596461327308)
0(0.0, 0.06753882749367346)
0(0.0, 0.06693189089219909)
0(0.0, 0.06689847722877873)
0(0.0, 0.06681672714705444)
0(0.0, 0.0665407446820625)
0(0.0, 0.06607042876085989)
0(0.0, 0.06591237183827925)
0(0.0, 0.06488465437764457)
0(0.0, 0.06480424857037081)
0(0.0, 0.06458107042688843)
0(0.0, 0.0645413185105379)
0(0.0, 0.06452298320960825)
0(0.0, 0.06448905129947113)
0(0.0, 0.06393878724323565)
0(0.0, 0.0636581874974026)
0(0.0, 0.06319300026989316)
0(0.0, 0.06306563557880762)
0(0.0, 0.06304071995812233)
0(0.0, 0.06303267886213959)
0(0.0, 0.06300303700074183)
0(0.0, 0.0627906854260476)
0(0.0, 0.06263773256711536)
0(0.0, 0.06259803174082423)
0(0.0, 0.06247710786274063)
0(0.0, 0.06238806060013857)
0(0.0, 0.06208311138153899)
0(0.0, 0.06190468131854543)
0(0.0, 0.06180673082784416)
0(0.0, 0.06145784617960348)
0(0.0, 0.061034618170712984)
0(0.0, 0.060842101850148156)
0(0.0, 0.06066680565269178)
0(0.0, 0.06034620567570115)
0(0.0, 0.06022192080816757)
0(0.0, 0.059785081369352344)
0(0.0, 0.0596539056551012)
0(0.0, 0.05956206006628717)
0(0.0, 0.05945793242239106)
0(0.0, 0.059365141100653385)
0(0.0, 0.05932552491949783)
0(0.0, 0.05931474302816675)
0(0.0, 0.05917152466512965)
0(0.0, 0.05902587545720828)
0(0.0, 0.058769357492456265)
0(0.0, 0.058639087725473105)
0(0.0, 0.058009862898118714)
0(0.0, 0.05764212504207977)
0(0.0, 0.05751900648465691)
0(0.0, 0.05698763641708948)
0(0.0, 0.05676937384311398)
0(0.0, 0.056696835474929874)
0(0.0, 0.056588273005964806)
0(0.0, 0.05649947561971713)
0(0.0, 0.05594209722351706)
0(0.0, 0.05588515251364756)
0(0.0, 0.0556445273935694)
0(0.0, 0.055584340341831795)
0(0.0, 0.055456898082937855)
0(0.0, 0.05542583298417736)
0(0.0, 0.05530505620020387)
0(0.0, 0.055270043161685045)
0(0.0, 0.055084578393010175)
0(0.0, 0.0549721807481135)
0(0.0, 0.05482077101107419)
0(0.0, 0.054769008459987)
0(0.0, 0.05409222436483818)
0(0.0, 0.053743891547836875)
0(0.0, 0.05371522739276069)
0(0.0, 0.0536369630733865)
0(0.0, 0.05306919322325232)
0(0.0, 0.05305899236166889)
0(0.0, 0.053052834836613605)
0(0.0, 0.05284142526785096)
0(0.0, 0.0524522517332906)
0(0.0, 0.052337788064657054)
0(0.0, 0.052215275656743776)
0(0.0, 0.05202180055378802)
0(0.0, 0.05179745693199089)
0(0.0, 0.05179388834827059)
0(0.0, 0.0517586446314835)
0(0.0, 0.0516080583467845)
0(0.0, 0.051525410419617446)
0(0.0, 0.050082458631171556)
0(0.0, 0.05003179633400068)
0(0.0, 0.04990651878338215)
0(0.0, 0.04970271153887529)
0(0.0, 0.049671827822982406)
0(0.0, 0.04942661167825202)
0(0.0, 0.04920826921592136)
0(0.0, 0.0492070012585627)
0(0.0, 0.049168242722520294)
0(0.0, 0.04890268288744992)
0(0.0, 0.04869161103610753)
0(0.0, 0.0483832187237615)
0(0.0, 0.04828180927798176)
0(0.0, 0.04814805248599463)
0(0.0, 0.0464577741165606)
0(0.0, 0.04628142225387988)
0(0.0, 0.046078017313919695)
0(0.0, 0.04606778326802552)
0(0.0, 0.045728414251031135)
0(0.0, 0.044578494096762955)
0(0.0, 0.044209516893577216)
0(0.0, 0.04405402992052476)
0(0.0, 0.044027842539098194)
0(0.0, 0.043115693132848354)
0(0.0, 0.04309749614652558)
0(0.0, 0.04176241212580545)
0(0.0, 0.040649199500395694)
0(0.0, 0.040404169560347536)
0(0.0, 0.038298619957348734)
0(0.0, 0.03309784073613731)
