1(0.7314546455705959, 1.0677371533003073)
1(0.9215103410508418, 1.1937864358519379)
1(0.1435525875749799, 0.2000537340769878)
1(1.031615159009607, 1.087852525654846)
1(0.31142566330578136, 0.3664468214137667)
1(0.11363496249959826, 0.16154111123277426)
1(0.11466813864981051, 0.16013504965148007)
1(0.11577386337323115, 0.1532661163290967)
1(0.1279257994105989, 0.16450865407584925)
1(0.15854535253272395, 0.19488407306979583)
1(0.15776371502602993, 0.194082277434252)
1(0.10926714993782194, 0.14503046471297543)
1(0.1545776547149812, 0.18918176020962352)
1(0.12497410703960143, 0.1589191435610876)
1(0.12262890055867282, 0.15418168927847864)
1(0.19718537918590573, 0.22760819137219446)
1(0.13040132364407797, 0.1607147388217166)
1(0.16019785211729698, 0.1904720977426565)
1(0.1185341545139258, 0.14829352935477202)
1(0.14483116535026042, 0.1740208092497355)
1(0.1314356947769295, 0.16055362037252008)
1(0.12382232756403366, 0.1527484989677096)
1(0.1189784580733444, 0.14772424403037432)
1(0.14060070905667266, 0.16932402421862347)
1(0.12998203034703337, 0.15835827430327476)
1(0.1053581057870756, 0.13369567477741584)
1(0.13845619556709443, 0.16642756056989172)
1(0.11692183539934542, 0.14433511250391118)
1(0.12338000572489816, 0.15067013799614049)
1(0.1400050239264642, 0.16662612606881255)
1(0.18117999171035037, 0.20768983890283965)
1(0.1328629774591733, 0.1593342553694964)
1(0.12872536658698275, 0.154817185464994)
1(0.107292451314013, 0.13333211832842928)
1(0.12536237860949973, 0.1513709661502931)
1(0.15307364629841902, 0.1790094447540833)
1(0.1261952035524434, 0.15209574718712038)
1(0.1343118005725622, 0.1601066467953428)
1(0.131664719422952, 0.15730302015811992)
1(0.13172377345860053, 0.15723892531324968)
1(0.11367017649272892, 0.1390485285713623)
1(0.13595837712133574, 0.1612884953206425)
1(0.20245944357356027, 0.22760819137219446)
1(0.13426175654025874, 0.15925664236329395)
1(0.11824642824695042, 0.1432018822425546)
1(0.1474732596382876, 0.17242127110953342)
1(0.15884748557494455, 0.18367312325502172)
1(0.11874343837948054, 0.14333552065596178)
1(0.11273654799460597, 0.1372369443263055)
1(0.12315103569760621, 0.14764346451295285)
1(0.1449064780437258, 0.16938515403063303)
1(0.10413778813077634, 0.12856719564691)
1(0.1390582171416228, 0.16327299314150912)
1(0.13226981139944205, 0.15554883992713697)
1(0.13439862131070224, 0.15764530426628254)
1(0.136057240892403, 0.15925664236329395)
1(0.15528304305697394, 0.17823068446375423)
1(0.1422192720837402, 0.1649275178002444)
1(0.17673445701942314, 0.19934314557699562)
1(0.11443719551071452, 0.13687043259923426)
1(0.12274942235918818, 0.1449286986359356)
1(0.15645094026538142, 0.17823068446375423)
1(0.1429346409016753, 0.16463562357196637)
1(0.1251849957270762, 0.14648707735541378)
1(0.10427271915777525, 0.12554002457384006)
1(0.15746169537691657, 0.17838371297978362)
1(0.12072807476263436, 0.1415729674734264)
1(0.13181600574631547, 0.1526459112213897)
1(0.13235152072446832, 0.15292335169641724)
1(0.14083991834240173, 0.16137939525531786)
1(0.2046237393671616, 0.22482217046986352)
1(0.13662791534398555, 0.15664136665170303)
1(0.15882342122310722, 0.17858989433563854)
1(0.11330124303948719, 0.1328287913588686)
1(0.11307728367612813, 0.1324167739925488)
1(0.1262369838485069, 0.14552024344902037)
1(0.12704865754651506, 0.14626236569386153)
1(0.17967939750113648, 0.1987335413333492)
1(0.1405494919406195, 0.15934153536717854)
1(0.11288785108727095, 0.13165451338119283)
1(0.13730114286596218, 0.1558982696834359)
1(0.12630405617928497, 0.14482693128857094)
1(0.14598781535629335, 0.16450865407584925)
1(0.11250274701258611, 0.1310165156148242)
1(0.1251433525164044, 0.1435244931927533)
1(0.11389817438434668, 0.13225955127310018)
1(0.13485350957976505, 0.15320404705942836)
1(0.1503648798424181, 0.16867979574608105)
1(0.1254017864513045, 0.14358567359902374)
1(0.16366980012275778, 0.18172613587008368)
1(0.1219717516173009, 0.1396843047615921)
1(0.13805276899395458, 0.15575222130936517)
1(0.11131638059827864, 0.1287881248067121)
1(0.14407610986080466, 0.161530990548995)
1(0.18249071320423205, 0.199815478440857)
1(0.1378476476784256, 0.15517188918420433)
1(0.14668286244822837, 0.16399473973148238)
1(0.13404543211014186, 0.15134493214325828)
1(0.11712241031059434, 0.1342735119421482)
1(0.12217055084360273, 0.1392355018432626)
1(0.13500492850545354, 0.15192880613973014)
1(0.1362321984430659, 0.15314434803531385)
1(0.11963993615086455, 0.13643870036754735)
1(0.15772370580300143, 0.17422971495873218)
1(0.12483302401331142, 0.14132836008261562)
1(0.13044150779996522, 0.14690546659174508)
1(0.12760111788657658, 0.14404256832491147)
1(0.10828379755239892, 0.12462177555779319)
1(0.11128243483702638, 0.12746163194270477)
1(0.14577399169324923, 0.16172805030875292)
1(0.10821749065988495, 0.12410376878735208)
1(0.12087716062473697, 0.13613966635394337)
1(0.13932417910591355, 0.15444090834376945)
1(0.1438075270079069, 0.15879754400760926)
1(0.1537222426870415, 0.16861033691523775)
1(0.13157708817112557, 0.1462974594662787)
1(0.15647423140178263, 0.1711772785679606)
1(0.16295783694300747, 0.17764175131068793)
1(0.12264024504660043, 0.1372369443263055)
1(0.14378177088309196, 0.15835827430327476)
1(0.10605268770488885, 0.12036644946281605)
1(0.12764088840914134, 0.14175851284377095)
1(0.12792436355158332, 0.14202955578358933)
1(0.12193888140314191, 0.13597616513282573)
1(0.1549273625632549, 0.16885464869092648)
1(0.14757322645151305, 0.16147312426518745)
1(0.11423638350455656, 0.1281284469283691)
1(0.1584477329425945, 0.17218703237312405)
1(0.15713414496509903, 0.17086402447871962)
1(0.11783250711693427, 0.1313974058755204)
1(0.1563065725011159, 0.16972233302907158)
1(0.12912526623182874, 0.14200142804795546)
1(0.11878135241826193, 0.1316039254460324)
1(0.13707053911143507, 0.14984965458560118)
1(0.11557793280871931, 0.12834240673142217)
1(0.1350659910338734, 0.1477910333020247)
1(0.13897482691803142, 0.15150639134375354)
1(0.17768675538995626, 0.19021025025756844)
1(0.15267957137541321, 0.16508312164540384)
1(0.12656378809196145, 0.1385674359681971)
1(0.1498644003456946, 0.1618570552329236)
1(0.13102966174272734, 0.14292241899426616)
1(0.11608455371167148, 0.12793187972189957)
1(0.11966360793940334, 0.1314140461731329)
1(0.13403116497116863, 0.14560376958789756)
1(0.12546478423318785, 0.13692024846736084)
1(0.12355004399068492, 0.13499866020603546)
1(0.1468890809301634, 0.158291475874055)
1(0.14882256543462602, 0.1600876712946302)
1(0.1604268409678392, 0.17164875341759434)
1(0.14643994429988283, 0.15757004583922296)
1(0.12579412735754625, 0.13690833825627136)
1(0.15544232372642397, 0.1664386468637613)
1(0.15102613985590863, 0.16191289436123468)
1(0.10947481733063691, 0.12028447850760138)
1(0.13215915667075506, 0.14292241899426616)
1(0.12179353200125731, 0.13254738625083207)
1(0.15461608425058015, 0.16527975611850754)
1(0.14799431438519306, 0.15854853905082478)
1(0.14738022317977706, 0.15778884368423496)
1(0.02783204780543358, 0.03820369290097392)
1(0.11667148771532787, 0.12702874589547442)
1(0.123841447464908, 0.1341133746096813)
1(0.3464146012137457, 0.35666583513219996)
1(0.02789696899449845, 0.03811122363091113)
1(0.1470284736411116, 0.15715996883970207)
1(0.16902984581389136, 0.17911698848876523)
1(0.12149371258938257, 0.1314140461731329)
1(0.15180779945728995, 0.16164056976295826)
1(0.15123728639026468, 0.16103877233023545)
1(0.15806956930241545, 0.16782570422902943)
1(0.19593469349046488, 0.20565723000520608)
1(0.12500527877414158, 0.1346279380910963)
1(0.1080643120882453, 0.11765729172206407)
1(0.12190099959211664, 0.1314140461731329)
1(0.14760460058787261, 0.15709532985497932)
1(0.15033681085882844, 0.15972163524200456)
1(0.14781352855434304, 0.1571239316843519)
1(0.1273685205991102, 0.1366540605904718)
1(0.15331215152370925, 0.16257253151635231)
1(0.12556622588091204, 0.13467787550657262)
1(0.14162349215136316, 0.15066882292844874)
1(0.1485913269307485, 0.1575570159740023)
1(0.12769224997983686, 0.13655433928620797)
1(0.14688151326746968, 0.15572608797093224)
1(0.14331633684951506, 0.15210541381638532)
1(0.14195695041392054, 0.15067013799614049)
1(0.1662703393969418, 0.17495357599299344)
1(0.15499617405599353, 0.16364016078843657)
1(0.399301920179882, 0.4079312559754219)
1(0.12287933321298738, 0.1314905041088803)
1(0.1302650771865147, 0.1388425619044491)
1(0.12393184000114188, 0.13247029578703506)
1(0.14894351024486085, 0.15743490961814355)
1(0.14705498885914237, 0.1555304649388527)
1(0.029102087159893708, 0.037577206701550736)
1(0.12224756598178887, 0.13065157319052279)
1(0.11552982898549968, 0.12392968380732483)
1(0.030570081767242407, 0.038946849106021975)
1(0.13684473026042, 0.1451579262404995)
1(0.1478351238771437, 0.15611898218476083)
1(0.20076835329507559, 0.20893933443774182)
1(0.12535429244187957, 0.13331993960890187)
1(0.15698613065073475, 0.16477874851435925)
1(0.33325357539617084, 0.34098629774691347)
1(0.03065529145025736, 0.03823384104914018)
1(0.026301984945416024, 0.033556152483191215)
1(0.02911224741446017, 0.03606852141485184)
1(0.1366485294173515, 0.14358567359902374)
1(0.12561923543389364, 0.1325503925238709)
1(0.10486079454933328, 0.1117175873831927)
1(0.038590899795971634, 0.04542262867170355)
1(0.16076213690584562, 0.16758832967806547)
1(0.12800111275701742, 0.13471552231578665)
1(0.12477755104993415, 0.1313523268318998)
1(0.1327488879197838, 0.1393046101094202)
1(0.1201451216552194, 0.12665534321186156)
1(0.14501293074294885, 0.15150768570185869)
1(0.14774662671007344, 0.15412456751001014)
1(0.11625944015360878, 0.12260551315531665)
1(0.12788272128678357, 0.13420421419947448)
1(0.15233291558291384, 0.15861705217278532)
1(0.15629190239715052, 0.16248161548749496)
1(0.026367096923685995, 0.0324871216876359)
1(0.14205868897484708, 0.14804863940703517)
1(0.026519838652312888, 0.03241339917267794)
1(0.031080910851269516, 0.03689850051048149)
1(0.1046022813896954, 0.11036406333915327)
1(0.14702260228458475, 0.15276625420843282)
1(0.12797285199473207, 0.13366739602345312)
1(0.15457977280788193, 0.16026879277645933)
1(0.11931701103642622, 0.1249203873547996)
1(0.18280549635320265, 0.18837186631321912)
1(0.1161093052855442, 0.1216562528175269)
1(0.036675223492829034, 0.04217887215819338)
1(0.1278608176584225, 0.13333211832842928)
1(0.1529667040149344, 0.15838060022865552)
1(0.13156938297271603, 0.13690833825627136)
1(0.1466586341168381, 0.1519856902006681)
1(0.12134443087124258, 0.12665224879353898)
1(0.028097599625824143, 0.033368825950190084)
1(0.15957104253827614, 0.164809191463135)
1(0.03414627000027837, 0.039295296718949935)
1(0.1725533224198852, 0.1775589067941804)
1(0.19411565848941192, 0.19911205990245107)
1(0.142509626642358, 0.1474875318354033)
1(0.14588471951656878, 0.15083628740715604)
1(0.13901159868313218, 0.14392974388704693)
1(0.11055761656384844, 0.11547299910218978)
1(0.026945555676604505, 0.03168801673860533)
1(0.11783907140655847, 0.12246938602314295)
1(0.17208426868858062, 0.17670187618080602)
1(0.029371797827393076, 0.03396098377304291)
1(0.14594146466989433, 0.1505197126346186)
1(0.14104628139301179, 0.14561100711853991)
1(0.027583465354348635, 0.03214088014204097)
1(0.034765445106275106, 0.03928733255066563)
1(0.14555640259175173, 0.15005054344026358)
1(0.03578746495966445, 0.040268914581712334)
1(0.14432644128217298, 0.14880090047875927)
1(0.11312466070440619, 0.11756644431745866)
1(0.13786318260139407, 0.14226839968042415)
1(0.12433505613543439, 0.1286211471334261)
1(0.13544051167907, 0.13968518796806673)
1(0.12396178457647566, 0.12816970146318651)
1(0.128685081830203, 0.13288561868555337)
1(0.029388166992937337, 0.033556152483191215)
1(0.029517316076105082, 0.03353627657027636)
1(0.15056405761787772, 0.1545293230626439)
1(0.1901506578347707, 0.194082277434252)
1(0.15387738584428223, 0.15779365069809348)
1(0.11372451368710834, 0.11756644431745866)
1(0.17536801213630937, 0.17920537731256436)
1(0.1490166992595705, 0.1527484989677096)
1(0.13282590392523907, 0.13655433928620797)
1(0.12716881707768368, 0.1308946633464536)
1(0.11796665204826562, 0.1216562528175269)
1(0.13351966536285687, 0.13720906352308815)
1(0.03563182474408477, 0.03930794895219114)
1(0.03904558140869885, 0.04270881144287553)
1(0.03506855639452744, 0.03873162192997026)
1(0.03516360115825801, 0.03877599407040033)
1(0.1352567663375972, 0.13876684837151243)
1(0.04632882359718116, 0.04978219405311446)
1(0.03679526454474347, 0.040241651168044346)
1(0.03561574046143379, 0.03903935359335897)
1(0.1464793119013158, 0.14988484295103532)
1(0.12677068393028834, 0.1301079810175223)
1(0.17115153422771723, 0.1744462007161659)
1(0.16649990994819497, 0.16976871115659087)
1(0.11534845392286963, 0.11859323441557024)
1(0.15540137036855928, 0.15861705217278532)
1(0.035292583835052294, 0.0384006709222553)
1(0.06823549318880962, 0.07130897469944897)
1(0.1355994175661337, 0.1386522455575402)
1(0.02977027069590621, 0.032738065157532525)
1(0.2614604736473688, 0.26438950180296794)
1(0.15841065474233185, 0.1612884953206425)
1(0.028812786264398427, 0.03167972086097426)
1(0.1492081054333122, 0.1520522226622255)
1(0.030692552259533823, 0.03353627657027636)
1(0.025707352882522017, 0.028496484525626364)
1(0.16178090311396642, 0.16456099392852297)
1(0.12679076433767011, 0.12955286956091283)
1(0.12029274481320207, 0.12303408965109897)
1(0.15599911504755992, 0.15869191964235463)
1(0.1644145218500751, 0.16710506035140227)
1(0.13883909421162843, 0.1415071958160694)
1(0.03044940203555646, 0.033036639428204895)
1(0.14067849096948193, 0.14319646906515215)
1(0.13145903938947778, 0.1339412459606647)
1(0.15444854599628366, 0.1568962505440915)
1(0.1686609188523177, 0.1710693191705015)
1(0.029749424616463793, 0.03214088014204097)
1(0.03225560839504049, 0.034623021909621965)
1(0.12132702879376678, 0.1236624233539727)
1(0.21032459395187986, 0.21265453361715125)
1(0.030600700988521634, 0.03291477048699598)
1(0.13309939361401113, 0.1353934878677947)
1(0.18231187270024618, 0.1845880852316456)
1(0.0305493408863875, 0.03260780373458183)
1(0.03501297688473615, 0.03704819984045027)
1(0.1521525069889027, 0.15417245463674867)
1(0.15068948476447186, 0.15267270773108077)
1(0.025127936864113853, 0.027096548830925937)
1(0.17236666702497228, 0.1743271315773376)
1(0.03350684164944551, 0.03542593985313003)
1(0.029761146274278394, 0.03167972086097426)
1(0.03737834423774733, 0.039295296718949935)
1(0.174333561565015, 0.17623511077362575)
1(0.13100817560849143, 0.13288561868555337)
1(0.15828887038951933, 0.160102883095529)
1(0.03063919476564081, 0.03241339917267794)
1(0.1512404970250948, 0.15291079805831076)
1(0.03426885457036055, 0.035884746185229965)
1(0.13886620419732387, 0.1404639328608699)
1(0.16625958937830043, 0.1677546044943221)
1(0.16562944323847606, 0.1670300342504586)
1(0.030102013190215438, 0.03147936083373104)
1(0.037856093341960495, 0.03918715035183673)
1(0.11495355688952857, 0.1162751589490223)
1(0.1311829402678627, 0.1324920815771884)
1(0.1696849681739654, 0.17097968941312347)
1(0.13887792558542988, 0.14011751477480638)
1(0.010778412106475233, 0.012012614300099811)
1(0.1440180688020375, 0.14524848883097874)
1(0.11386113336553694, 0.11501366463999829)
1(0.14612992565465321, 0.1472277697820109)
1(0.1141193110597496, 0.1152086111908871)
1(0.1609637527920299, 0.1620498257058609)
1(0.039524476788170726, 0.040576912495076)
1(0.038530043076964726, 0.039568899866745166)
1(0.14255932207091482, 0.1435776752702701)
1(0.03826938238470334, 0.03928733255066563)
1(0.032292937618675466, 0.03330894585001709)
1(0.1432348866209624, 0.14423038568857693)
1(0.11075534902246364, 0.1117175873831927)
1(0.035032806218939117, 0.03599032844597483)
1(0.1199768224634431, 0.12093414867896302)
1(0.027740806521429517, 0.028697528202893063)
1(0.11670171803013807, 0.11765729172206407)
1(0.1469539074912577, 0.1478787935785696)
1(0.032701896913616135, 0.033557749706856876)
1(0.012815535206840312, 0.013628966382951302)
1(0.03952644666982941, 0.040241651168044346)
1(0.16494521156984687, 0.16565828013372574)
1(0.1669967560750939, 0.1676790111107761)
1(0.1157052707131978, 0.1162751589490223)
1(0.1312688987639229, 0.13183446610277094)
1(0.04123609693054464, 0.04179955800007773)
1(0.029016077841048427, 0.02946714101146719)
1(0.007601414961308506, 0.008024927060085507)
1(0.007525831505563629, 0.007934996828450891)
1(0.028269938101966097, 0.028668994502794254)
1(0.20577891544487525, 0.2061645537461766)
1(0.0414139206314752, 0.04179955800007773)
1(0.006489243887631169, 0.006816414465646625)
1(0.15826912651408864, 0.15854853905082478)
1(0.02104671079675502, 0.021310390375259503)
1(0.16092523987634189, 0.1611648015125976)
1(0.1389559470335462, 0.1391951050135105)
1(0.03830793988907666, 0.03850768930958992)
1(0.15609698778178238, 0.15625050642870497)
1(0.03813322245409756, 0.03823384104914018)
1(0.1313056521559801, 0.1313974058755204)
1(0.14978278460085148, 0.14985403852128532)
1(0.03911649944663509, 0.0391762616189969)
1(0.028458047315105928, 0.028496484525626364)
1(0.011894304117493482, 0.011931707795059365)
1(0.03878219077785294, 0.03880949900810404)
1(0.027621123593793317, 0.02764261420786318)
1(0.0031479352530164872, 0.003163715604992734)
1(0.00928708604956685, 0.009295312388251098)
0(0.0, inf)
0(0.0, 0.5027940379593125)
0(0.0, 0.32352937157229333)
0(0.0, 0.31095778340644653)
0(0.0, 0.273607369141311)
0(0.0, 0.26247994616576653)
0(0.0, 0.24691821307104267)
0(0.0, 0.2356567871703884)
0(0.0, 0.20107559811951037)
0(0.0, 0.1945203981485798)
0(0.0, 0.1840642610769232)
0(0.0, 0.18118236629160278)
0(0.0, 0.17926096573033767)
0(0.0, 0.17716940955323646)
0(0.0, 0.17587980464107622)
0(0.0, 0.173592437280648)
0(0.0, 0.17348389702469014)
0(0.0, 0.17231521862870147)
0(0.0, 0.1717108155889716)
0(0.0, 0.1704786931022204)
0(0.0, 0.17011363260996504)
0(0.0, 0.1696374050692262)
0(0.0, 0.1650987311090758)
0(0.0, 0.16508183701604406)
0(0.0, 0.16396822036252778)
0(0.0, 0.16309614835925912)
0(0.0, 0.1627278538457383)
0(0.0, 0.1620223630240929)
0(0.0, 0.16056798994344135)
0(0.0, 0.15781315000291574)
0(0.0, 0.15397741032751056)
0(0.0, 0.1539558657005271)
0(0.0, 0.15286025894209077)
0(0.0, 0.1523099801206933)
0(0.0, 0.1522463677510688)
0(0.0, 0.15099959959215825)
0(0.0, 0.14917834543589126)
0(0.0, 0.14860750985532034)
0(0.0, 0.14802204195165414)
0(0.0, 0.1480176977036226)
0(0.0, 0.1471594768466573)
0(0.0, 0.14700053367223664)
0(0.0, 0.14487880456566682)
0(0.0, 0.14483842820992732)
0(0.0, 0.14407917739965204)
0(0.0, 0.1440604493134614)
0(0.0, 0.14306346576197726)
0(0.0, 0.14299999821555198)
0(0.0, 0.14161900449475529)
0(0.0, 0.14155421480174324)
0(0.0, 0.14078356507181866)
0(0.0, 0.14063437457717465)
0(0.0, 0.1401440911910038)
0(0.0, 0.1396136846455308)
0(0.0, 0.13936292356464652)
0(0.0, 0.13720745960512093)
0(0.0, 0.13717267759115315)
0(0.0, 0.1367223651811379)
0(0.0, 0.1366283810611304)
0(0.0, 0.13635210318142732)
0(0.0, 0.13544182315010878)
0(0.0, 0.13540854615437725)
0(0.0, 0.1353997858882645)
0(0.0, 0.13445266748244222)
0(0.0, 0.13435504637203932)
0(0.0, 0.13430485322704322)
0(0.0, 0.13410115606802975)
0(0.0, 0.13391835167822852)
0(0.0, 0.13371817528984842)
0(0.0, 0.1332336258463449)
0(0.0, 0.13249543058676871)
0(0.0, 0.13223222319262906)
0(0.0, 0.13200740873731365)
0(0.0, 0.1318316787033671)
0(0.0, 0.13141170326261853)
0(0.0, 0.13123118840959547)
0(0.0, 0.13069656068325486)
0(0.0, 0.1306079209696419)
0(0.0, 0.13029945469932358)
0(0.0, 0.1302281475541377)
0(0.0, 0.13013804611586122)
0(0.0, 0.1300511860437179)
0(0.0, 0.12987220432281343)
0(0.0, 0.12869256785590488)
0(0.0, 0.12820193123778945)
0(0.0, 0.1274824658613899)
0(0.0, 0.12737692245629062)
0(0.0, 0.12720414578780026)
0(0.0, 0.1265939338924007)
0(0.0, 0.1265068159328101)
0(0.0, 0.12563959742808162)
0(0.0, 0.12512544790044344)
0(0.0, 0.12489965561111771)
0(0.0, 0.12428177321556588)
0(0.0, 0.12359511694026559)
0(0.0, 0.12342054212376985)
0(0.0, 0.12323012157756796)
0(0.0, 0.12311078866233705)
0(0.0, 0.12299045529669894)
0(0.0, 0.12289694785291039)
0(0.0, 0.1226149990576747)
0(0.0, 0.122308588050687)
0(0.0, 0.12227089105800382)
0(0.0, 0.12184708322375992)
0(0.0, 0.12139032934029814)
0(0.0, 0.12135420814287534)
0(0.0, 0.12126762799578406)
0(0.0, 0.12075657514073024)
0(0.0, 0.12071696227608986)
0(0.0, 0.12065556636615382)
0(0.0, 0.12062392847933201)
0(0.0, 0.12057338881270896)
0(0.0, 0.12043582394716135)
0(0.0, 0.12043002151976434)
0(0.0, 0.120197663759538)
0(0.0, 0.11989117109710745)
0(0.0, 0.11901618388928448)
0(0.0, 0.11808248336544402)
0(0.0, 0.11789028190298945)
0(0.0, 0.11765093180307473)
0(0.0, 0.11746039053678647)
0(0.0, 0.11740794998655824)
0(0.0, 0.11738673431023561)
0(0.0, 0.11736071669078474)
0(0.0, 0.11724928174349503)
0(0.0, 0.11713674371799498)
0(0.0, 0.11660019241780017)
0(0.0, 0.11655321017896525)
0(0.0, 0.11649605230948323)
0(0.0, 0.11627800682370915)
0(0.0, 0.11595090944139375)
0(0.0, 0.11586461557213168)
0(0.0, 0.11520058846367087)
0(0.0, 0.11495376449941686)
0(0.0, 0.11482443774480233)
0(0.0, 0.11481412280932957)
0(0.0, 0.11473050470221491)
0(0.0, 0.11463883773789829)
0(0.0, 0.11436085000810259)
0(0.0, 0.11433742975737415)
0(0.0, 0.11420904713155255)
0(0.0, 0.11396825431445345)
0(0.0, 0.11376885291708383)
0(0.0, 0.11363798464837294)
0(0.0, 0.11353725872855325)
0(0.0, 0.11350301903091065)
0(0.0, 0.11337084206674608)
0(0.0, 0.11312146752524177)
0(0.0, 0.11286617691716927)
0(0.0, 0.11271744422225927)
0(0.0, 0.11252773163527763)
0(0.0, 0.11245868100607981)
0(0.0, 0.11240151889073324)
0(0.0, 0.11223694784111093)
0(0.0, 0.11223559844366371)
0(0.0, 0.11195600412649453)
0(0.0, 0.11157936401678259)
0(0.0, 0.11152835618318768)
0(0.0, 0.11146567768706606)
0(0.0, 0.11124379313115462)
0(0.0, 0.1109504815403427)
0(0.0, 0.11090067845900087)
0(0.0, 0.11074204852313174)
0(0.0, 0.10964766838752593)
0(0.0, 0.10950320323589768)
0(0.0, 0.1092920304456626)
0(0.0, 0.10907304970627518)
0(0.0, 0.10894612704768258)
0(0.0, 0.10893273710892915)
0(0.0, 0.10888349590233082)
0(0.0, 0.10867859731902374)
0(0.0, 0.10849537677925503)
0(0.0, 0.108219223029841)
0(0.0, 0.10811008959491986)
0(0.0, 0.10804918966200716)
0(0.0, 0.1079456845468788)
0(0.0, 0.10790900853159191)
0(0.0, 0.10755046015586411)
0(0.0, 0.10747304224653054)
0(0.0, 0.107192975206164)
0(0.0, 0.10719238113203833)
0(0.0, 0.1070554122469477)
0(0.0, 0.10700339341792209)
0(0.0, 0.10679370770518604)
0(0.0, 0.10661615835724703)
0(0.0, 0.10603683007259612)
0(0.0, 0.10544451198432792)
0(0.0, 0.10523208186882127)
0(0.0, 0.10522677890452292)
0(0.0, 0.10501009242457726)
0(0.0, 0.10496567877475083)
0(0.0, 0.10494980321587022)
0(0.0, 0.10492227706652313)
0(0.0, 0.10486848533339277)
0(0.0, 0.10483419077332434)
0(0.0, 0.10471683444957647)
0(0.0, 0.10465082241297208)
0(0.0, 0.10453908676752466)
0(0.0, 0.10442384526569504)
0(0.0, 0.10428876648920005)
0(0.0, 0.10416727859378538)
0(0.0, 0.10408374809286303)
0(0.0, 0.10380492246674666)
0(0.0, 0.10366984489155096)
0(0.0, 0.1036460997259887)
0(0.0, 0.10364125387027223)
0(0.0, 0.10350166523684834)
0(0.0, 0.10333262076078287)
0(0.0, 0.10322578778630709)
0(0.0, 0.10315172657170668)
0(0.0, 0.10287771511388921)
0(0.0, 0.10270444371901433)
0(0.0, 0.1022524261382518)
0(0.0, 0.10217660141241913)
0(0.0, 0.10215395877676259)
0(0.0, 0.10209747301756933)
0(0.0, 0.10201135624470492)
0(0.0, 0.10188945695933771)
0(0.0, 0.1017210613213625)
0(0.0, 0.10101876592088921)
0(0.0, 0.10048459398844645)
0(0.0, 0.09905213935294566)
0(0.0, 0.09896214536043635)
0(0.0, 0.0985881287407313)
0(0.0, 0.09858484574088522)
0(0.0, 0.09834175738261464)
0(0.0, 0.09811168921729052)
0(0.0, 0.09809000701636794)
0(0.0, 0.09796665612969258)
0(0.0, 0.09786509904440288)
0(0.0, 0.09750259475315048)
0(0.0, 0.09747461467910312)
0(0.0, 0.09743643997150164)
0(0.0, 0.09707394308008055)
0(0.0, 0.0969360277507808)
0(0.0, 0.09634039614433243)
0(0.0, 0.09628147976852797)
0(0.0, 0.09622153551766532)
0(0.0, 0.0959765846530285)
0(0.0, 0.09587455979455783)
0(0.0, 0.09581242946529334)
0(0.0, 0.09568121093243287)
0(0.0, 0.09538375585841719)
0(0.0, 0.09527575372051134)
0(0.0, 0.09521042923139433)
0(0.0, 0.09498523160200123)
0(0.0, 0.09475592352967876)
0(0.0, 0.09434833914821417)
0(0.0, 0.09422667155414621)
0(0.0, 0.0939394849926396)
0(0.0, 0.09388311667939231)
0(0.0, 0.09353811004506407)
0(0.0, 0.0935148176777717)
0(0.0, 0.09351367774997477)
0(0.0, 0.09342534645057088)
0(0.0, 0.0932749966058336)
0(0.0, 0.09294030057002278)
0(0.0, 0.09293782922439076)
0(0.0, 0.09252659687072784)
0(0.0, 0.09220325962788123)
0(0.0, 0.09137843678285429)
0(0.0, 0.09124061435160857)
0(0.0, 0.09107661183725402)
0(0.0, 0.090672609962822)
0(0.0, 0.09056780418506871)
0(0.0, 0.09056136029267015)
0(0.0, 0.09016712129844007)
0(0.0, 0.0901482424616693)
0(0.0, 0.0900879797407671)
0(0.0, 0.08970448015179144)
0(0.0, 0.08884623038247785)
0(0.0, 0.08882623701721648)
0(0.0, 0.08836161066991433)
0(0.0, 0.08727375704145357)
0(0.0, 0.08720328226072682)
0(0.0, 0.08674959553500905)
0(0.0, 0.0867433468204053)
0(0.0, 0.08643562925998416)
0(0.0, 0.08551439415819151)
0(0.0, 0.08551008354169631)
0(0.0, 0.08533167638666206)
0(0.0, 0.085103486822808)
0(0.0, 0.0845066708008183)
0(0.0, 0.08445405564958075)
0(0.0, 0.08366141926495163)
0(0.0, 0.08286409988284327)
0(0.0, 0.08179092437053781)
0(0.0, 0.08064645957950156)
0(0.0, 0.07978371192288314)
0(0.0, 0.07941458686581937)
0(0.0, 0.07632723757737025)
0(0.0, 0.0760923320699668)
0(0.0, 0.07531568472145544)
0(0.0, 0.07442736811139072)
0(0.0, 0.06709877058110991)
0(0.0, 0.06423585377455987)
0(0.0, 0.06101584904308932)
0(0.0, 0.057627860143612875)
0(0.0, 0.05249658508519328)
0(0.0, 0.048941620586724355)
0(0.0, 0.046713153502134896)
0(0.0, 0.03992860885124927)
0(0.0, 0.03940045746864018)
0(0.0, 0.03817604998362378)
0(0.0, 0.038085465988711986)
0(0.0, 0.03675431842235011)
0(0.0, 0.036251526444670445)
0(0.0, 0.03482304069200548)
0(0.0, 0.03391727653268206)
0(0.0, 0.03379482093925801)
0(0.0, 0.03348220274025271)
0(0.0, 0.0331588388665065)
0(0.0, 0.03298994882715445)
0(0.0, 0.032058172642381644)
0(0.0, 0.031927569042208725)
0(0.0, 0.031870947808508854)
0(0.0, 0.031351051482840786)
0(0.0, 0.03108489876817455)
0(0.0, 0.030611710096148825)
0(0.0, 0.030528965249613682)
0(0.0, 0.030515328528794017)
0(0.0, 0.0304618795397662)
0(0.0, 0.030381409349025446)
0(0.0, 0.03020179596053707)
0(0.0, 0.030192629147124284)
0(0.0, 0.030050718304223345)
0(0.0, 0.029384722827509036)
0(0.0, 0.028939822910572066)
0(0.0, 0.028770359627401376)
0(0.0, 0.02850444301691457)
0(0.0, 0.028450837134504137)
0(0.0, 0.028248641894199844)
0(0.0, 0.028118230762968377)
0(0.0, 0.028046155896190528)
0(0.0, 0.027981245816630973)
0(0.0, 0.027706022610558767)
0(0.0, 0.027702073187601317)
0(0.0, 0.027635377606050393)
0(0.0, 0.027529151805661622)
0(0.0, 0.02733580274729197)
0(0.0, 0.02730531396722191)
0(0.0, 0.027257334839438818)
0(0.0, 0.02721292030950606)
0(0.0, 0.026721646987815317)
0(0.0, 0.026641743679403418)
0(0.0, 0.026208823948261295)
0(0.0, 0.02620630389420575)
0(0.0, 0.026189478233252017)
0(0.0, 0.026020219239130227)
0(0.0, 0.025967323269369902)
0(0.0, 0.02575967784167299)
0(0.0, 0.025560786275867775)
0(0.0, 0.025559994140801012)
0(0.0, 0.02552699399268199)
0(0.0, 0.025378162943271665)
0(0.0, 0.025378048477294524)
0(0.0, 0.025098360373818407)
0(0.0, 0.02468106649725621)
0(0.0, 0.02462853881387428)
0(0.0, 0.024575953262985006)
0(0.0, 0.024553497280472736)
0(0.0, 0.024470503941137478)
0(0.0, 0.024248502912430414)
0(0.0, 0.024203377164373374)
0(0.0, 0.024052978437923644)
0(0.0, 0.024026063784680085)
0(0.0, 0.023590352558648053)
0(0.0, 0.02350860932322485)
0(0.0, 0.02347593477031662)
0(0.0, 0.023447918172370574)
0(0.0, 0.02334670452862686)
0(0.0, 0.023331991803335228)
0(0.0, 0.02323303151789069)
0(0.0, 0.02311662693145089)
0(0.0, 0.023116423366624894)
0(0.0, 0.022953224902902747)
0(0.0, 0.022739939568320433)
0(0.0, 0.022661026960347663)
0(0.0, 0.022589182172367828)
0(0.0, 0.02245401976885819)
0(0.0, 0.022279917332614363)
0(0.0, 0.02223125544480975)
0(0.0, 0.02179256579586808)
0(0.0, 0.021782254633034515)
0(0.0, 0.021501813916882884)
0(0.0, 0.021343286577916287)
0(0.0, 0.02084042046089918)
0(0.0, 0.020676289564747097)
0(0.0, 0.020327491890449467)
0(0.0, 0.019949309327729425)
0(0.0, 0.019850860456829822)
0(0.0, 0.019711443379048732)
0(0.0, 0.019461926315403666)
0(0.0, 0.019048852949914652)
0(0.0, 0.018265598705611397)
0(0.0, 0.018115571657604468)
0(0.0, 0.01778570225018794)
0(0.0, 0.016846102443539124)
0(0.0, 0.01615058453492013)
0(0.0, 0.01592943840100669)
0(0.0, 0.015516383722238625)
0(0.0, 0.015098310701786244)
0(0.0, 0.014905562286710694)
0(0.0, 0.014838854482186026)
0(0.0, 0.013567820231258132)
0(0.0, 0.012393117006304744)
0(0.0, 0.01233225069252275)
0(0.0, 0.01203881447013544)
0(0.0, 0.010745974951675508)
0(0.0, 0.010612418199948292)
0(0.0, 0.010295756988137894)
0(0.0, 0.008585882504817066)
0(0.0, 0.008371724169948136)
0(0.0, 0.00826075319984021)
0(0.0, 0.007813807008798412)
0(0.0, 0.0074921632223252654)
0(0.0, 0.007482887234451896)
0(0.0, 0.006960330430344275)
0(0.0, 0.006773347863538115)
0(0.0, 0.006631391317935331)
0(0.0, 0.006130114415378363)
0(0.0, 0.005436931691679026)
0(0.0, 0.0050958576306345815)
0(0.0, 0.00424906912551648)
0(0.0, 0.003988994132892776)
0(0.0, 0.0034389767885554257)
0(0.0, 0.0026483555333096653)
0(0.0, 0.00248116417303057)
0(0.0, 0.0024641806228326013)
0(0.0, 0.0021624679695313453)
0(0.0, 0.002138369316487032)
0(0.0, 0.0017947512379716812)
