1(0.5209002205410014, 0.8534748372823444)
1(0.1376349017608206, 0.1705016633707791)
1(1.3945796138426327, 1.420336388047199)
1(0.15662936527160964, 0.17906463341343481)
1(0.14057773623948444, 0.16300112849232207)
1(0.07688111295689481, 0.0971096471970706)
1(0.06737570080731747, 0.0864056553541045)
1(0.07176191909280816, 0.0899145090236162)
1(0.06627482663915263, 0.08220605137775439)
1(0.23837495652392326, 0.2539590815521293)
1(0.038830744881227286, 0.05360980995692144)
1(0.0439526025617879, 0.05795316829923658)
1(0.05476415043059413, 0.06812888760647351)
1(0.07111262850485611, 0.08396313919262433)
1(0.07713362587109407, 0.08987303856947781)
1(0.14064208680178025, 0.1530195077782972)
1(0.049400673652712945, 0.060146728949794226)
1(0.0353811596471747, 0.046061197174617985)
1(0.02401722780911275, 0.03456895421266504)
1(0.0414655479780075, 0.05189345658213662)
1(0.062116954759855125, 0.07250302184103974)
1(0.09938381618784875, 0.10960292552859385)
1(0.029007956330500462, 0.03899212841487809)
1(0.07923949299711774, 0.08917285970511846)
1(0.056910954489082566, 0.06674847296632236)
1(0.0753713174374191, 0.08518337060626613)
1(0.06897110134606399, 0.07874855637211975)
1(0.048965064826963944, 0.05866631470082306)
1(0.040791417016422304, 0.05034747664544437)
1(0.03917883024132918, 0.048483107016347615)
1(0.03512941701882655, 0.04429998799759849)
1(0.03892306784553978, 0.048006049375478366)
1(0.030487592739110725, 0.039403936950444196)
1(0.029898032740795832, 0.03853088288064299)
1(0.06970869479324782, 0.07832050907504406)
1(0.029219483211716635, 0.03781829828610783)
1(0.03211925929531956, 0.04059082791680069)
1(0.05915463465579385, 0.06760536792553051)
1(0.037298470606798806, 0.045647733524971534)
1(0.038385709114123534, 0.046524290847327454)
1(0.028292073351090186, 0.03627389458339003)
1(0.03136810736713336, 0.039176101766392746)
1(0.024696819640270595, 0.03210208584793184)
1(0.0560855896974054, 0.06335996560223767)
1(0.03373203147310322, 0.040894914253203685)
1(0.022629316078182415, 0.0296191580053472)
1(0.020737253676945344, 0.02768056233097005)
1(0.02937564797857717, 0.03627389458339003)
1(0.0342843022613023, 0.0410171186602748)
1(0.040820725161117455, 0.04708733368679785)
1(0.04267796168849469, 0.04893958141139143)
1(0.029885648681190924, 0.036066339607979)
1(0.06391830911507324, 0.07008752788987116)
1(0.022607550576469126, 0.028608312301117933)
1(0.02271290402505466, 0.028670312644934803)
1(0.03785355784818589, 0.04365541376489013)
1(0.020965929090528745, 0.026743015176987073)
1(0.044617593669791344, 0.050359794437042305)
1(0.037260669498711096, 0.04284758765936669)
1(0.03361764684114554, 0.03913827639750633)
1(0.033887524921416445, 0.039403936950444196)
1(0.08233348754778014, 0.08767686834076638)
1(0.04008828484393501, 0.045429776417762247)
1(0.05994783514243851, 0.06528796892516997)
1(0.03173006253442334, 0.03706789731669968)
1(0.04032613829697673, 0.04557697154515161)
1(0.04166659485225643, 0.04685391939632799)
1(0.05126312765386054, 0.05640117720882798)
1(0.03364786864424962, 0.038767028344078525)
1(0.0407429300924369, 0.04585848692674166)
1(0.028403537734664863, 0.03339751279225345)
1(0.06754048755546527, 0.07250302184103974)
1(0.04770205785064363, 0.05265509199222018)
1(0.06196449003624149, 0.06689844863414651)
1(0.09285306074983246, 0.09773389482224781)
1(0.04202349963324059, 0.04660946588083181)
1(0.035821044948794345, 0.04036159374514481)
1(0.05150572602469772, 0.05598738711515183)
1(0.03110902315382169, 0.03551967040374504)
1(0.031001327175397053, 0.03534164439615217)
1(0.02586816079293275, 0.030113087408553785)
1(0.042443108329406454, 0.0466574022145515)
1(0.03737745009647031, 0.04150295159362449)
1(0.024670944761669977, 0.028760094727276142)
1(0.025468852246017137, 0.029511774336587915)
1(0.052027947562229504, 0.056006016299411265)
1(0.0242355971402054, 0.02821188997986135)
1(0.05444893336370704, 0.05839749638593894)
1(0.025877569623408703, 0.029753022680588215)
1(0.04555184672845569, 0.04938730668787039)
1(0.030419465702099635, 0.034159077916938174)
1(0.04478191661258468, 0.04850215788043977)
1(0.02694735632605416, 0.030664920451245026)
1(0.0365470879420311, 0.04026053273135799)
1(0.021731625386039788, 0.02529932454518613)
1(0.02349433632666187, 0.02704413723481236)
1(0.025190536627415105, 0.028707661960210018)
1(0.034312584912227995, 0.0377894311281638)
1(0.019372694886142017, 0.022782986178544018)
1(0.044750416960040784, 0.048107345425259074)
1(0.05892553920739585, 0.06223101999918246)
1(0.025935661453533876, 0.029223322814731834)
1(0.038867587488868316, 0.04202539097556102)
1(0.024159327135997444, 0.027257292509720088)
1(0.03909888893866109, 0.04218780058587768)
1(0.08253241006112277, 0.08560298528705235)
1(0.021738018823054484, 0.024805056181462448)
1(0.025158640527377596, 0.02820090881454984)
1(0.03424591084528006, 0.03722715806972332)
1(0.030082998394465155, 0.03300969677176291)
1(0.04761714616732404, 0.05052268037377983)
1(0.025013566588418024, 0.027894130538529738)
1(0.03197194141592086, 0.03483211283024834)
1(0.042787328053022655, 0.045636460156658565)
1(0.032505887771187236, 0.03534436882222869)
1(0.06891250980766472, 0.0717507197049152)
1(0.0468847315582821, 0.04969127807301932)
1(0.05759933867144129, 0.06037295962370359)
1(0.02499754695831735, 0.027745634324596313)
1(0.029690660796924506, 0.03241901356838861)
1(0.026224047848558807, 0.02895005319917454)
1(0.027329683001606875, 0.03003169229658209)
1(0.025997892804834555, 0.028635632330406335)
1(0.06010828905512111, 0.0627348345924661)
1(0.032241705292702094, 0.03485279671980668)
1(0.022874703563055876, 0.0254756679726148)
1(0.024322009721249316, 0.026911830583448593)
1(0.020254398511704963, 0.022782986178544018)
1(0.021101276183321915, 0.023551761249447023)
1(0.024462679306934132, 0.02686160304085916)
1(0.05860206515801125, 0.060935676148469065)
1(0.023284845958123745, 0.02561839143495892)
1(0.034639972742639524, 0.03695894197261995)
1(0.10021753891226937, 0.10250725618611367)
1(0.036083861877859835, 0.03832844758907672)
1(0.03025398905621457, 0.032491195704760445)
1(0.02374415743778191, 0.025979844013061526)
1(0.025688863192120492, 0.02789520519592703)
1(0.08454221434478526, 0.08671945931744163)
1(0.026002928198130215, 0.028174108895389627)
1(0.02557351766142768, 0.02772087237748022)
1(0.021323182398146456, 0.023448990726594232)
1(0.0820520251622473, 0.08416297662049488)
1(0.027913544443722516, 0.030013167334252744)
1(0.044853622642151536, 0.0469162309208252)
1(0.03307509733816916, 0.03511376135477784)
1(0.03138750993873152, 0.03340811673520028)
1(0.021607746515728166, 0.02356654754998455)
1(0.033644569208770236, 0.035601547750591434)
1(0.04339724801796241, 0.04534950658139936)
1(0.03432529681925356, 0.03627203020682057)
1(0.02729183388898382, 0.02923097528462948)
1(0.02702510954921067, 0.028959185991872305)
1(0.021523763644772265, 0.023448990726594232)
1(0.0253647828422483, 0.027257152524879147)
1(0.025919414877617952, 0.02777708690907199)
1(0.022600040004706168, 0.024437186664537536)
1(0.045826106495330254, 0.04766147352484951)
1(0.021742999835102417, 0.023551761249447023)
1(0.028596647101967854, 0.030399692973694714)
1(0.044677376884747044, 0.04645110470885816)
1(0.033017535421955624, 0.034765268951587824)
1(0.025546881802939958, 0.027290666087158244)
1(0.03741091680180775, 0.03913854569360309)
1(0.019779657593092526, 0.02148601618466217)
1(0.033901722046497995, 0.035601547750591434)
1(0.036393435143935116, 0.03808659495206379)
1(0.025295921131858856, 0.026959338106952835)
1(0.028472924319884463, 0.03012567251997189)
1(0.02567439559511009, 0.02730283611162132)
1(0.028963937688993635, 0.030578017641615607)
1(0.044612318320154554, 0.04622205538525792)
1(0.028399319459124106, 0.029978551383382457)
1(0.03027988494871625, 0.03184414286336268)
1(0.031901082628402966, 0.0334610336255704)
1(0.0240138410828159, 0.025535872125214243)
1(0.025368177604670472, 0.026882072677669955)
1(0.03751797377893917, 0.03901907504436686)
1(0.02980668934517583, 0.0313045835006186)
1(0.03457942883500775, 0.036065460406528915)
1(0.026609074973356073, 0.02804360952628271)
1(0.02402192999709929, 0.025452637264383737)
1(0.03411583590512279, 0.035545716098293045)
1(0.031905427790390295, 0.03332761865895051)
1(0.04036795022415829, 0.04178309269260505)
1(0.033177138261170636, 0.03458514339050278)
1(0.03685868040049867, 0.038263723982704834)
1(0.030467404442474977, 0.03181906790916256)
1(0.03096040553288082, 0.03230815684507882)
1(0.030745456046399, 0.03208200128255523)
1(0.025501825560328206, 0.02671631040176259)
1(0.026083214826412515, 0.027282806114376612)
1(0.046050655797637674, 0.04719780403429363)
1(0.04251608479175806, 0.04364977069550546)
1(0.02311813239635252, 0.024251153630956757)
1(0.029668448470210884, 0.030792605507741877)
1(0.044619689395443585, 0.04572212354511418)
1(0.029098721081442402, 0.03019435033452844)
1(0.05803780572803774, 0.05911786600261104)
1(0.03134692389534899, 0.03240582570336159)
1(0.030911482068690654, 0.0319684343115878)
1(0.034560973101765646, 0.03557485862511267)
1(0.03440481148839625, 0.03535932425996946)
1(0.03715573524940319, 0.0381091290088752)
1(0.029827374092912584, 0.030758445928746436)
1(0.03606242473907284, 0.036957319625708696)
1(0.04314677247768639, 0.0440390320773979)
1(0.027795511062180145, 0.028670312644934803)
1(0.02853709411709482, 0.029407766938832625)
1(0.039937854516786886, 0.040771472843618706)
1(0.03407068772264432, 0.034879746700173686)
1(0.03244277906350779, 0.033244967019035454)
1(0.03382603205053791, 0.03462335422100393)
1(0.05340923305285683, 0.05420599980875895)
1(0.03803842077176456, 0.03881311681500721)
1(0.0642164959800623, 0.06498750876564807)
1(0.02791281479570773, 0.028645774610393082)
1(0.02460106097323267, 0.025329300965827528)
1(0.031217425098813867, 0.031943363430810945)
1(0.030487882881239603, 0.031194703546976843)
1(0.024654270738798112, 0.025351022045423166)
1(0.0292980112776271, 0.029978551383382457)
1(0.03759526381019285, 0.03827285728993335)
1(0.022118830274852508, 0.0227944361975172)
1(0.02110500483256683, 0.021772755128745436)
1(0.02118951677047287, 0.02184800189579561)
1(0.031991474049100965, 0.03263691523416046)
1(0.03118276458720748, 0.0318213740274359)
1(0.021158908347366223, 0.021772755128745436)
1(0.06415001649022223, 0.06476329339655551)
1(0.024233528427790252, 0.02484453209837789)
1(0.023728079238870214, 0.024320142411644263)
1(0.03212922357266923, 0.032701434037665345)
1(0.023222863911576686, 0.023781231782977974)
1(0.038198488635725725, 0.03874004455062707)
1(0.017108427093418754, 0.01764684967084973)
1(0.04689981168870849, 0.04743482909248098)
1(0.02260983114473003, 0.0231443588674507)
1(0.028487990951614917, 0.02901315481286948)
1(0.02938082582116297, 0.029904976814018602)
1(0.2214888667183298, 0.22199877232551635)
1(0.03170223349404011, 0.03219394601525982)
1(0.026708658101471272, 0.027170376940713115)
1(0.02240204088520914, 0.022857327566796926)
1(0.023819440215627097, 0.024251153630956757)
1(0.037079433982502796, 0.03750797182590515)
1(0.02779557440655034, 0.02821188997986135)
1(0.02271455854193072, 0.023123048560969583)
1(0.01965104022424813, 0.020051954073961875)
1(0.03566569634078198, 0.03606503109167092)
1(0.02322013509368126, 0.02359840700611715)
1(0.02532067429871032, 0.02568606921062011)
1(0.05772182010747051, 0.058057398164074736)
1(0.03293343725696174, 0.033266134146356485)
1(0.0335100902738108, 0.03381626219375167)
1(0.0994724835110452, 0.09977785457531452)
1(0.026302654004366266, 0.026581130310187273)
1(0.024636404299467674, 0.024897388130877385)
1(0.02927812838431243, 0.02951707171701845)
1(0.029701896529858107, 0.02989162378009158)
1(0.02556233667831631, 0.025733673885730668)
1(0.03477894974683715, 0.03495028523690691)
1(0.025187350630962557, 0.025329300965827528)
1(0.03418880589395279, 0.03432878299581077)
1(0.02264959094723662, 0.022782986178544018)
1(0.028878249324250316, 0.028996182372273083)
1(0.04644736027675356, 0.04654273155013733)
1(0.03411469138880996, 0.034195774994805195)
1(0.03582135776041051, 0.03590086658588354)
1(0.028818478689846327, 0.028881661100755296)
1(0.030463604722921644, 0.030506359942395478)
1(0.09055432619185666, 0.0905899844168333)
1(0.02594673905059075, 0.025979844013061526)
1(0.036471169186541474, 0.03648050515854273)
0(0.0, inf)
0(0.0, 0.3532193293804041)
0(0.0, 0.1763237550936776)
0(0.0, 0.17395055087411315)
0(0.0, 0.1585013020227921)
0(0.0, 0.15334909672076247)
0(0.0, 0.138351997546048)
0(0.0, 0.11970763385510919)
0(0.0, 0.11888998068009171)
0(0.0, 0.11592494259520536)
0(0.0, 0.1105322245916649)
0(0.0, 0.1054133520970102)
0(0.0, 0.1047767794779233)
0(0.0, 0.10001128982843)
0(0.0, 0.09719653654184879)
0(0.0, 0.09240884625708745)
0(0.0, 0.091313058522559)
0(0.0, 0.08348399216666913)
0(0.0, 0.08236190141412814)
0(0.0, 0.08031343039008543)
0(0.0, 0.08024491707899217)
0(0.0, 0.0797640261612651)
0(0.0, 0.078791288907056)
0(0.0, 0.07694737318839606)
0(0.0, 0.07649450005493208)
0(0.0, 0.06996343261584403)
0(0.0, 0.0688497820062185)
0(0.0, 0.0674628842648648)
0(0.0, 0.0637506951007476)
0(0.0, 0.06263650763035755)
0(0.0, 0.06247237038218123)
0(0.0, 0.06227883654553101)
0(0.0, 0.06223277767215185)
0(0.0, 0.06210075649044411)
0(0.0, 0.0620753399790831)
0(0.0, 0.062053198880782756)
0(0.0, 0.061496565284368754)
0(0.0, 0.061365865854917434)
0(0.0, 0.061139291968212994)
0(0.0, 0.05978891963527233)
0(0.0, 0.059534082589552506)
0(0.0, 0.05950146188097927)
0(0.0, 0.05931520678051194)
0(0.0, 0.058082674223827624)
0(0.0, 0.05711999455479133)
0(0.0, 0.056832471963670916)
0(0.0, 0.05655630976355197)
0(0.0, 0.05526518011985393)
0(0.0, 0.054488592296975225)
0(0.0, 0.054448797171993024)
0(0.0, 0.054234922343298964)
0(0.0, 0.05414097462971146)
0(0.0, 0.053601924070221685)
0(0.0, 0.05346761223407037)
0(0.0, 0.05343948876873805)
0(0.0, 0.05322182627776706)
0(0.0, 0.05248086985043077)
0(0.0, 0.052185158821460687)
0(0.0, 0.051905523645921936)
0(0.0, 0.05167499629274974)
0(0.0, 0.05144141615671283)
0(0.0, 0.05101734585968165)
0(0.0, 0.05043714176999925)
0(0.0, 0.04953544764592899)
0(0.0, 0.049062012459355375)
0(0.0, 0.04813721311558583)
0(0.0, 0.04810417187531779)
0(0.0, 0.04802901577715468)
0(0.0, 0.04734792607015015)
0(0.0, 0.046898184837724566)
0(0.0, 0.04681551869004974)
0(0.0, 0.046652542674200825)
0(0.0, 0.046266449610975036)
0(0.0, 0.046034632493690664)
0(0.0, 0.04599818255733357)
0(0.0, 0.04598604451300026)
0(0.0, 0.04423152934265251)
0(0.0, 0.04413290963337968)
0(0.0, 0.04379856752694633)
0(0.0, 0.04375508993093968)
0(0.0, 0.043410739346265825)
0(0.0, 0.04276520456727961)
0(0.0, 0.04260672054558845)
0(0.0, 0.042343610406954446)
0(0.0, 0.042096824101581776)
0(0.0, 0.04164611343453262)
0(0.0, 0.04154999123686176)
0(0.0, 0.04113635310648478)
0(0.0, 0.04105684868514503)
0(0.0, 0.04096927206008327)
0(0.0, 0.03919038025558119)
0(0.0, 0.03908593968503338)
0(0.0, 0.03904336295666011)
0(0.0, 0.03885500208137049)
0(0.0, 0.03855788259484749)
0(0.0, 0.03802490624688182)
0(0.0, 0.03773483923049603)
0(0.0, 0.03736489673446419)
0(0.0, 0.037253531403530715)
0(0.0, 0.036706280105050504)
0(0.0, 0.03667944859746297)
0(0.0, 0.03624863238119003)
0(0.0, 0.03622986148274909)
0(0.0, 0.03608502533017477)
0(0.0, 0.03589051008069288)
0(0.0, 0.035860419761090556)
0(0.0, 0.03548104348599679)
0(0.0, 0.03538030250181168)
0(0.0, 0.03527930544301283)
0(0.0, 0.035000273497268974)
0(0.0, 0.034818676965557516)
0(0.0, 0.03460249057586917)
0(0.0, 0.03439232102571843)
0(0.0, 0.03433694142045651)
0(0.0, 0.034218496742933424)
0(0.0, 0.034149918782805155)
0(0.0, 0.03385253611710304)
0(0.0, 0.03374175874687835)
0(0.0, 0.03329082043210685)
0(0.0, 0.0332443885604522)
0(0.0, 0.03316400866139646)
0(0.0, 0.03298923239296303)
0(0.0, 0.032884722267580435)
0(0.0, 0.032835147745351345)
0(0.0, 0.032805044417259954)
0(0.0, 0.03277841514867308)
0(0.0, 0.03262778627625973)
0(0.0, 0.03258344659494006)
0(0.0, 0.032506549952673436)
0(0.0, 0.032008195950479434)
0(0.0, 0.0319508558287499)
0(0.0, 0.031850128343238415)
0(0.0, 0.03163894508934084)
0(0.0, 0.031624052226915)
0(0.0, 0.03160853017693521)
0(0.0, 0.03159478899685653)
0(0.0, 0.03150848332662948)
0(0.0, 0.03145583852373557)
0(0.0, 0.0314097454349912)
0(0.0, 0.031334241640279537)
0(0.0, 0.031318582693599106)
0(0.0, 0.03128973453910078)
0(0.0, 0.031232421570204005)
0(0.0, 0.031040353665265252)
0(0.0, 0.030973269355547117)
0(0.0, 0.030752458168131658)
0(0.0, 0.03063862995585398)
0(0.0, 0.030636358505315875)
0(0.0, 0.03038204180859838)
0(0.0, 0.030357415539595367)
0(0.0, 0.03031729161559238)
0(0.0, 0.030117233258858733)
0(0.0, 0.02987896500594389)
0(0.0, 0.029805306733000525)
0(0.0, 0.029761374030170873)
0(0.0, 0.029754402297445193)
0(0.0, 0.029590509467995796)
0(0.0, 0.029493616161129665)
0(0.0, 0.029485288343811034)
0(0.0, 0.029290253641518604)
0(0.0, 0.029147088211141203)
0(0.0, 0.029132157682632)
0(0.0, 0.029054914042270563)
0(0.0, 0.028837956630495487)
0(0.0, 0.028769294037704563)
0(0.0, 0.02872136582723006)
0(0.0, 0.028690690894172532)
0(0.0, 0.028664756373523503)
0(0.0, 0.02857645079039095)
0(0.0, 0.028576088055146776)
0(0.0, 0.02855630744776161)
0(0.0, 0.028510849278055916)
0(0.0, 0.02850957184462588)
0(0.0, 0.028499221282293652)
0(0.0, 0.028326383484096773)
0(0.0, 0.02822834704838073)
0(0.0, 0.028215938237871274)
0(0.0, 0.027923792082142462)
0(0.0, 0.027919360400852522)
0(0.0, 0.027813105635698276)
0(0.0, 0.027805288474657797)
0(0.0, 0.027661350737841817)
0(0.0, 0.027574434783543378)
0(0.0, 0.027398239810128455)
0(0.0, 0.027383427948844075)
0(0.0, 0.027363130397018764)
0(0.0, 0.027300730618277314)
0(0.0, 0.0272630604298989)
0(0.0, 0.027159644369359137)
0(0.0, 0.02715304861267087)
0(0.0, 0.027113936960024843)
0(0.0, 0.027091965509362992)
0(0.0, 0.027048578516007837)
0(0.0, 0.026935320916347427)
0(0.0, 0.026867066047133847)
0(0.0, 0.02683593021509667)
0(0.0, 0.026797231200867966)
0(0.0, 0.026789682495463762)
0(0.0, 0.026708604324391705)
0(0.0, 0.026484595003860356)
0(0.0, 0.026332708876996458)
0(0.0, 0.026310011715481862)
0(0.0, 0.02613747484604656)
0(0.0, 0.02598386260859953)
0(0.0, 0.025868780337014674)
0(0.0, 0.02579578626404999)
0(0.0, 0.02575918230173202)
0(0.0, 0.02552568277894729)
0(0.0, 0.025430010894016197)
0(0.0, 0.025412689448645942)
0(0.0, 0.025411652547787766)
0(0.0, 0.025368873159778982)
0(0.0, 0.025214868198542906)
0(0.0, 0.02519757608811468)
0(0.0, 0.025119682282432665)
0(0.0, 0.02505928970112281)
0(0.0, 0.02487267971616114)
0(0.0, 0.02486166683362978)
0(0.0, 0.024818076985048232)
0(0.0, 0.02479673743147992)
0(0.0, 0.02467658965941788)
0(0.0, 0.02464809990910599)
0(0.0, 0.024596586028962864)
0(0.0, 0.024529665692134883)
0(0.0, 0.02450197125851017)
0(0.0, 0.024490856849567755)
0(0.0, 0.02448901292029726)
0(0.0, 0.024370413583766792)
0(0.0, 0.02434887562903898)
0(0.0, 0.024317199090499564)
0(0.0, 0.024280660475239357)
0(0.0, 0.024224431327135476)
0(0.0, 0.024166155657709076)
0(0.0, 0.024150940699821266)
0(0.0, 0.02410626640137359)
0(0.0, 0.02410081689102972)
0(0.0, 0.02407527949151611)
0(0.0, 0.02407095374343904)
0(0.0, 0.024040233197858973)
0(0.0, 0.024032192760170545)
0(0.0, 0.023972022041167107)
0(0.0, 0.023959642132287295)
0(0.0, 0.02395957985477193)
0(0.0, 0.023917765890343445)
0(0.0, 0.023869290592514858)
0(0.0, 0.023839462376242904)
0(0.0, 0.02364930887697947)
0(0.0, 0.023635198958803283)
0(0.0, 0.02362189193140607)
0(0.0, 0.02357382577137279)
0(0.0, 0.023555901301975712)
0(0.0, 0.023483450268380723)
0(0.0, 0.023481519518664395)
0(0.0, 0.023403673443731288)
0(0.0, 0.02339640042506097)
0(0.0, 0.023321004114704724)
0(0.0, 0.02329980052368641)
0(0.0, 0.02329223830668592)
0(0.0, 0.02327178790952511)
0(0.0, 0.02325614204601756)
0(0.0, 0.023221544708845077)
0(0.0, 0.02319833580380648)
0(0.0, 0.02316144094696304)
0(0.0, 0.02315854407631579)
0(0.0, 0.023150355051850924)
0(0.0, 0.023135876830718494)
0(0.0, 0.023045780393869397)
0(0.0, 0.02297945753449393)
0(0.0, 0.02288698368728559)
0(0.0, 0.022842768897503807)
0(0.0, 0.02282474072226237)
0(0.0, 0.022822850592835064)
0(0.0, 0.022818189342296624)
0(0.0, 0.02272586727091319)
0(0.0, 0.022574468843881812)
0(0.0, 0.022551933512976574)
0(0.0, 0.02253405163500155)
0(0.0, 0.02240126408857912)
0(0.0, 0.022070730143471606)
0(0.0, 0.022051631846352615)
0(0.0, 0.022004974916834175)
0(0.0, 0.02195227641390185)
0(0.0, 0.02187077713189145)
0(0.0, 0.021718381597010894)
0(0.0, 0.021657161081955145)
0(0.0, 0.02164539138841548)
0(0.0, 0.021584518135082775)
0(0.0, 0.02156536576547785)
0(0.0, 0.021519566486316255)
0(0.0, 0.021516045178091026)
0(0.0, 0.021510629718759278)
0(0.0, 0.02149178271900254)
0(0.0, 0.021466562312307702)
0(0.0, 0.021446980717504727)
0(0.0, 0.021416863548953335)
0(0.0, 0.021375837739290415)
0(0.0, 0.021375627748745463)
0(0.0, 0.02135623316147417)
0(0.0, 0.02127693470645242)
0(0.0, 0.02121615085154893)
0(0.0, 0.02115934479712145)
0(0.0, 0.021157213850259815)
0(0.0, 0.021086037763262677)
0(0.0, 0.020947497306828433)
0(0.0, 0.02089821948607984)
0(0.0, 0.02087089060678704)
0(0.0, 0.020839140732330286)
0(0.0, 0.020822793855202693)
0(0.0, 0.02074737708716523)
0(0.0, 0.020707313545934358)
0(0.0, 0.020702046016037978)
0(0.0, 0.020670082475175433)
0(0.0, 0.020669692432011666)
0(0.0, 0.02065178359812525)
0(0.0, 0.02063045210576331)
0(0.0, 0.02054545102113281)
0(0.0, 0.020532545007638903)
0(0.0, 0.02052931418718995)
0(0.0, 0.020514348001236415)
0(0.0, 0.020479160786207484)
0(0.0, 0.02047314788921395)
0(0.0, 0.02042374616114573)
0(0.0, 0.02041672274541617)
0(0.0, 0.02041320891835463)
0(0.0, 0.02038690029696033)
0(0.0, 0.02037560839953978)
0(0.0, 0.02033718275552221)
0(0.0, 0.020295516632650723)
0(0.0, 0.020289071104724887)
0(0.0, 0.02027563306349167)
0(0.0, 0.02022659070178978)
0(0.0, 0.02022553860234333)
0(0.0, 0.02010488730803428)
0(0.0, 0.020000256719333254)
0(0.0, 0.019973153973738333)
0(0.0, 0.019937568687296015)
0(0.0, 0.019889619915860024)
0(0.0, 0.01983413310179527)
0(0.0, 0.019757920212501445)
0(0.0, 0.019724878854776917)
0(0.0, 0.019697998439246356)
0(0.0, 0.019619973199120455)
0(0.0, 0.019607212874938607)
0(0.0, 0.019562454176106026)
0(0.0, 0.019558882983092718)
0(0.0, 0.019539143832035033)
0(0.0, 0.01950681634588447)
0(0.0, 0.019478319690139245)
0(0.0, 0.019456800787915673)
0(0.0, 0.019444885058091832)
0(0.0, 0.019438939882729933)
0(0.0, 0.019406817345119953)
0(0.0, 0.01938553162561807)
0(0.0, 0.019375243120227092)
0(0.0, 0.019271255845952462)
0(0.0, 0.019240159541075275)
0(0.0, 0.019214961540728548)
0(0.0, 0.018944886563283414)
0(0.0, 0.018800699256476316)
0(0.0, 0.018770745557878388)
0(0.0, 0.01869021607576471)
0(0.0, 0.018648334516449094)
0(0.0, 0.018569561065342022)
0(0.0, 0.01854284034392928)
0(0.0, 0.018454138877783355)
0(0.0, 0.018451424522800575)
0(0.0, 0.01843958256444611)
0(0.0, 0.018308853790998225)
0(0.0, 0.018262351895938056)
0(0.0, 0.01823061647738633)
0(0.0, 0.01821750830263902)
0(0.0, 0.018192612991856816)
0(0.0, 0.01818439131744254)
0(0.0, 0.018157554346002303)
0(0.0, 0.01809222347924)
0(0.0, 0.018070234549572906)
0(0.0, 0.01805129057225141)
0(0.0, 0.01803668859528429)
0(0.0, 0.017748473452975255)
0(0.0, 0.01774202533638869)
0(0.0, 0.01773435158494474)
0(0.0, 0.017699181349837945)
0(0.0, 0.017496310722050157)
0(0.0, 0.017454633709196754)
0(0.0, 0.017453330000967604)
0(0.0, 0.017373088448951468)
0(0.0, 0.017353519732390743)
0(0.0, 0.017344157459608156)
0(0.0, 0.01727009572729643)
0(0.0, 0.017240719634837087)
0(0.0, 0.017218058283789195)
0(0.0, 0.01702193405781738)
0(0.0, 0.01692290257535989)
0(0.0, 0.01662920935675327)
0(0.0, 0.016496786994699697)
0(0.0, 0.01646447177387267)
0(0.0, 0.016337278974714486)
0(0.0, 0.016227406571771352)
0(0.0, 0.016094975278041268)
0(0.0, 0.016026713605006404)
0(0.0, 0.0160144861646887)
0(0.0, 0.015950395944832385)
0(0.0, 0.015912426281413095)
0(0.0, 0.015728658910252213)
0(0.0, 0.015432739545280794)
0(0.0, 0.01543145018044445)
0(0.0, 0.015354973730381527)
0(0.0, 0.015343595046825698)
0(0.0, 0.015286827472546949)
0(0.0, 0.014961668939107331)
0(0.0, 0.014960372605724914)
0(0.0, 0.014689140432760928)
0(0.0, 0.01441102754306589)
0(0.0, 0.01429878346345781)
0(0.0, 0.014269507801440096)
0(0.0, 0.014177048203923293)
0(0.0, 0.014103297259110859)
0(0.0, 0.013918769707933376)
0(0.0, 0.013186555275522927)
0(0.0, 0.012962475686827735)
0(0.0, 0.012672251730777684)
0(0.0, 0.012399960408978838)
0(0.0, 0.01238661294240706)
0(0.0, 0.011911533913657735)
0(0.0, 0.011758020812390302)
0(0.0, 0.011486318713888388)
0(0.0, 0.011457934774881107)
0(0.0, 0.010643770900115146)
0(0.0, 0.01058280549966728)
0(0.0, 0.009255861245701769)
0(0.0, 0.00870477079151144)
0(0.0, 0.005950925884787739)
