1(0.7343233045370798, 0.9172134102275415)
1(0.16994789663805876, 0.27356444797867663)
1(0.2299837075399347, 0.2932223825123095)
1(1.4266544158528829, 1.4782361613207249)
1(0.1342420980594804, 0.1706436080086905)
1(0.15008154474964652, 0.16635539587870996)
1(0.04567913691253367, 0.05995144512144868)
1(0.09228354064980226, 0.10575771156300173)
1(0.0503316942650438, 0.06361035379985613)
1(0.037602598694540634, 0.050145055477197276)
1(0.081062358158567, 0.09287016158027794)
1(0.04829659248058904, 0.05991484424447335)
1(0.04504368840584361, 0.055776281325339294)
1(0.035072687709561956, 0.04567542591971263)
1(0.14762166775943075, 0.15745067082295816)
1(0.03444926989158992, 0.04378036749188685)
1(0.029580547264767443, 0.03890521697708116)
1(0.02592202901449625, 0.03476687810638668)
1(0.06079629841249923, 0.06958621804808529)
1(0.06786277584966782, 0.07612306932174218)
1(0.032866672062584756, 0.041055207714434494)
1(0.05363601693644049, 0.061393837528225026)
1(0.031267074591866284, 0.03888530478080554)
1(0.1571040444461872, 0.16469186901782285)
1(0.035106770462062786, 0.04263463810169488)
1(0.038999960978540194, 0.046474007747817736)
1(0.030292408345316435, 0.03697176357243326)
1(0.09965815001163614, 0.10608142411019472)
1(0.07625209924985299, 0.08266376041662649)
1(0.05748747933446685, 0.06376829676983709)
1(0.04581994690157343, 0.05198881586774018)
1(0.027708927608075973, 0.033617991428906646)
1(0.0234312473259487, 0.02915755745843973)
1(0.03831204744841121, 0.04396841810415664)
1(0.040412537744106136, 0.045847136204049455)
1(0.044859756668139905, 0.05008786427991041)
1(0.03227277006880458, 0.037074483295380656)
1(0.05534946746885683, 0.06000209777650467)
1(0.04606960005126792, 0.05056826473159859)
1(0.04587760771660854, 0.050346758701693806)
1(0.033590926624121, 0.038050906732542744)
1(0.04101997419368808, 0.04536095093882886)
1(0.03629554533261059, 0.040552496386824566)
1(0.027249523684901633, 0.03105254397010271)
1(0.026165815396474446, 0.029883157772959912)
1(0.03831076354426621, 0.041950988950877566)
1(0.03563481412602054, 0.039254747711281235)
1(0.028991906479337692, 0.032470922380272604)
1(0.031039933050667212, 0.034500276474658365)
1(0.058883403894623654, 0.06211445303781771)
1(0.023978339547040206, 0.027026655758088047)
1(0.03356142666215822, 0.03627224380189786)
1(0.03566834219558679, 0.03834500437723953)
1(0.06873804289878072, 0.07137709263068748)
1(0.023967959820239804, 0.02660103133335745)
1(0.03302330403250131, 0.03559379015469799)
1(0.026261259196019737, 0.028764921538012134)
1(0.036835150778435466, 0.039254747711281235)
1(0.03447897181557369, 0.03662785527658763)
1(0.027451941076251596, 0.02957147376205671)
1(0.037160950903761925, 0.03918892822708098)
1(0.021357933614643998, 0.023368000284706647)
1(0.058105822367842785, 0.05995144512144868)
1(0.02801212053405555, 0.029844528536276282)
1(0.03493981868800433, 0.03675510165123874)
1(0.024353983181365058, 0.026168293541182774)
1(0.03013410887936696, 0.03183112251057241)
1(0.02943821578418504, 0.03105254397010271)
1(0.02178899176662774, 0.023368000284706647)
1(0.04346440399319618, 0.04495262301558467)
1(0.037019847067698675, 0.03843113954369326)
1(0.029711025859320728, 0.03110230701432226)
1(0.02354341463362508, 0.02480713172400162)
1(0.09118916662171472, 0.09242615351103411)
1(0.03782516736747421, 0.03904127824514603)
1(0.02815251950298303, 0.029336478538613875)
1(0.04598676339607888, 0.047133812614630566)
1(0.022188791990150336, 0.023333543177729177)
1(0.04031216097868395, 0.04143483276254645)
1(0.046580865222163315, 0.047611524665054805)
1(0.04730860804244108, 0.04831025250960519)
1(0.026384020414391363, 0.027357787590446603)
1(0.024670529225463977, 0.0255759675317917)
1(0.042874235814233996, 0.04376398256159009)
1(0.033642024472038456, 0.0344262065477956)
1(0.028279464982277625, 0.029061677753748683)
1(0.0431288504340831, 0.0437913883630936)
1(0.08995011759469718, 0.0905925993388268)
1(0.03772914623088053, 0.03834500437723953)
1(0.025613759985455564, 0.026143207144592617)
1(0.03242177499383325, 0.03277015737257194)
1(0.041453706900631104, 0.04174941616806194)
1(0.048963157769341126, 0.04923948924725996)
1(0.025359601816749344, 0.02561169317321743)
1(0.049022412347272226, 0.04923948924725996)
1(0.04391748500303139, 0.04409833419244591)
1(0.033832466404318584, 0.03400402825976612)
1(0.033915904684652665, 0.0339905316776401)
0(0.0, inf)
0(0.0, 0.34608329970489615)
0(0.0, 0.2226093593568309)
0(0.0, 0.20094439875563486)
0(0.0, 0.15083270281457828)
0(0.0, 0.13072154488190568)
0(0.0, 0.13011310940283904)
0(0.0, 0.11263317513347726)
0(0.0, 0.10178314056120275)
0(0.0, 0.10052954447898932)
0(0.0, 0.10036143943848819)
0(0.0, 0.09617891849456384)
0(0.0, 0.0887357361579546)
0(0.0, 0.08499124132590052)
0(0.0, 0.08309035916213281)
0(0.0, 0.08261304998607277)
0(0.0, 0.08144312859766945)
0(0.0, 0.07871230369229565)
0(0.0, 0.07681374656958595)
0(0.0, 0.07423177115126434)
0(0.0, 0.07398910214485432)
0(0.0, 0.0705606511996768)
0(0.0, 0.06757284456453505)
0(0.0, 0.06730369392975366)
0(0.0, 0.06393337495394935)
0(0.0, 0.06324953590107885)
0(0.0, 0.06316590657429189)
0(0.0, 0.062460218542623513)
0(0.0, 0.06186617381746573)
0(0.0, 0.06165955384280808)
0(0.0, 0.061410072982359454)
0(0.0, 0.06025607453931814)
0(0.0, 0.05835131500542434)
0(0.0, 0.05689486374850761)
0(0.0, 0.05613008403842379)
0(0.0, 0.05424172146729711)
0(0.0, 0.05366845433638312)
0(0.0, 0.0526826607117985)
0(0.0, 0.05191404438547842)
0(0.0, 0.05085725492910009)
0(0.0, 0.0502411283409564)
0(0.0, 0.04980763173695024)
0(0.0, 0.049076718696020816)
0(0.0, 0.04906640913317417)
0(0.0, 0.047035645255268155)
0(0.0, 0.04621767783796216)
0(0.0, 0.046092470737390534)
0(0.0, 0.04568389738181999)
0(0.0, 0.045248234084729555)
0(0.0, 0.045047862873808686)
0(0.0, 0.04483340756349685)
0(0.0, 0.044725407704047204)
0(0.0, 0.042855252959271506)
0(0.0, 0.0427217487491226)
0(0.0, 0.04249853362850642)
0(0.0, 0.042011813649205365)
0(0.0, 0.041902448726660046)
0(0.0, 0.041867914681295026)
0(0.0, 0.04182574154902308)
0(0.0, 0.04112433719158892)
0(0.0, 0.04078065932077457)
0(0.0, 0.040610590857641515)
0(0.0, 0.039948777788999856)
0(0.0, 0.03987404240393322)
0(0.0, 0.03932143972263846)
0(0.0, 0.039294876813381174)
0(0.0, 0.038959596955985054)
0(0.0, 0.0385714651061706)
0(0.0, 0.03850369169534795)
0(0.0, 0.03827087271945917)
0(0.0, 0.038196356532017806)
0(0.0, 0.03804073232328553)
0(0.0, 0.03796604259410019)
0(0.0, 0.03793248985880615)
0(0.0, 0.03714801759078468)
0(0.0, 0.037108079759246126)
0(0.0, 0.037085275311580235)
0(0.0, 0.03702183928598135)
0(0.0, 0.03689971040957263)
0(0.0, 0.03684720525487084)
0(0.0, 0.03661236562156456)
0(0.0, 0.03657381570014229)
0(0.0, 0.036230712997488146)
0(0.0, 0.03540782872940962)
0(0.0, 0.03499408307755347)
0(0.0, 0.034657680041813466)
0(0.0, 0.034374929281382305)
0(0.0, 0.0332014426055155)
0(0.0, 0.03289850651536008)
0(0.0, 0.03253247668249504)
0(0.0, 0.03237665883951979)
0(0.0, 0.032374726130824705)
0(0.0, 0.03232434967646103)
0(0.0, 0.03206813172716638)
0(0.0, 0.03187602190698968)
0(0.0, 0.03181066364053664)
0(0.0, 0.03152087684634486)
0(0.0, 0.03138924341308069)
0(0.0, 0.031382142278834735)
0(0.0, 0.0310957292495051)
0(0.0, 0.03080558832271607)
0(0.0, 0.030637398499059887)
0(0.0, 0.03058959683925011)
0(0.0, 0.030554797777243237)
0(0.0, 0.030530530666497135)
0(0.0, 0.030426297222467036)
0(0.0, 0.030212588437114385)
0(0.0, 0.02951575632293446)
0(0.0, 0.029473008122861466)
0(0.0, 0.029423754482720277)
0(0.0, 0.029400982475015214)
0(0.0, 0.029342403995743727)
0(0.0, 0.029055678167091648)
0(0.0, 0.029035046537771447)
0(0.0, 0.028999644118324563)
0(0.0, 0.028742769132880985)
0(0.0, 0.028644869100468373)
0(0.0, 0.028582410751523457)
0(0.0, 0.028528467665503432)
0(0.0, 0.028511131981454607)
0(0.0, 0.028447720547626565)
0(0.0, 0.02841803177958968)
0(0.0, 0.028362937811984512)
0(0.0, 0.02831176787888523)
0(0.0, 0.028269926468939777)
0(0.0, 0.028137586931544334)
0(0.0, 0.028038942097611153)
0(0.0, 0.027974807871435248)
0(0.0, 0.027938042922621364)
0(0.0, 0.02760202030395098)
0(0.0, 0.02759692532308533)
0(0.0, 0.02692638430925698)
0(0.0, 0.026863293975670777)
0(0.0, 0.026732196281326948)
0(0.0, 0.02649988554087057)
0(0.0, 0.02645843266900727)
0(0.0, 0.026422963307619396)
0(0.0, 0.026340355476512367)
0(0.0, 0.026322923522086428)
0(0.0, 0.026190404399326073)
0(0.0, 0.02618992479085236)
0(0.0, 0.026018534950756456)
0(0.0, 0.025723451854521406)
0(0.0, 0.025657506476665204)
0(0.0, 0.025602720381255106)
0(0.0, 0.025524240284462985)
0(0.0, 0.025432817435286248)
0(0.0, 0.02510934300754475)
0(0.0, 0.02504883881286557)
0(0.0, 0.024940085418668212)
0(0.0, 0.02493166030831917)
0(0.0, 0.024917768930746376)
0(0.0, 0.024712858825455708)
0(0.0, 0.024360842754615364)
0(0.0, 0.024145683893057823)
0(0.0, 0.0239442246479189)
0(0.0, 0.02385622304786128)
0(0.0, 0.023691843113331612)
0(0.0, 0.023626755854596504)
0(0.0, 0.023499846618402875)
0(0.0, 0.023323627941313596)
0(0.0, 0.023215752762514308)
0(0.0, 0.023214314755936494)
0(0.0, 0.02288194467609317)
0(0.0, 0.022681128240197745)
0(0.0, 0.02261609992469682)
0(0.0, 0.022604717350818593)
0(0.0, 0.022592392046640764)
0(0.0, 0.02252754185244621)
0(0.0, 0.022467630988931675)
0(0.0, 0.02240017537387695)
0(0.0, 0.022291846051273323)
0(0.0, 0.022249960616480546)
0(0.0, 0.021951247898214676)
0(0.0, 0.021950808329600835)
0(0.0, 0.021654230759207693)
0(0.0, 0.021653000338604067)
0(0.0, 0.021606865823161625)
0(0.0, 0.021589853021339422)
0(0.0, 0.021390096327730923)
0(0.0, 0.021282972760786945)
0(0.0, 0.02117632204183295)
0(0.0, 0.021163314904894315)
0(0.0, 0.021023273434097045)
0(0.0, 0.020991112717117733)
0(0.0, 0.02088231417810038)
0(0.0, 0.020786856261331255)
0(0.0, 0.02063874545431943)
0(0.0, 0.020585635520143586)
0(0.0, 0.020425797281122704)
0(0.0, 0.0204221919571016)
0(0.0, 0.020311193843660424)
0(0.0, 0.020177747157585246)
0(0.0, 0.020020123364658637)
0(0.0, 0.019417264014781388)
0(0.0, 0.01927999346917819)
0(0.0, 0.01923266496490139)
0(0.0, 0.019123419711089218)
0(0.0, 0.019113343670931093)
0(0.0, 0.01891699579622541)
0(0.0, 0.018875101980096787)
0(0.0, 0.01885502810353812)
0(0.0, 0.018826525621179035)
0(0.0, 0.018460568931462973)
0(0.0, 0.018444949249648124)
0(0.0, 0.01840775966893682)
0(0.0, 0.0179053761985265)
0(0.0, 0.017780259643695784)
0(0.0, 0.01769853245286046)
0(0.0, 0.01659166833794412)
0(0.0, 0.01647797957237407)
0(0.0, 0.016115094214224412)
0(0.0, 0.015740398564522473)
0(0.0, 0.015670012639968367)
0(0.0, 0.014560368153995085)
0(0.0, 0.014343600137683987)
