1(0.5225176780166643, 0.8806498773997237)
1(0.2812629615048663, 0.40906995650356204)
1(0.09691061899578313, 0.1239605943285198)
1(0.0622357230401982, 0.08924075484221872)
1(0.11556981000396183, 0.1421912405773944)
1(0.2053307467557125, 0.22865611026054034)
1(0.07149576583843864, 0.09445434695667465)
1(0.09162575838136688, 0.11451509807858684)
1(0.07308576940749789, 0.09467181297315874)
1(0.09941825188706244, 0.12025325463153336)
1(0.10225572862681975, 0.12186066258014594)
1(0.07016533993466934, 0.0893979576185161)
1(0.058770525297762166, 0.07776024209869836)
1(0.05911506054374438, 0.07737588470403278)
1(0.08800891148732559, 0.10590347203633188)
1(0.06400978772497357, 0.08169562798239538)
1(0.07504256227926398, 0.09232006940605686)
1(0.05586978944964627, 0.07301678401615741)
1(0.061245264917445086, 0.07835468670095735)
1(0.05908897916058953, 0.07541895433198309)
1(0.06619444679153341, 0.0819431982563752)
1(0.06472935369603328, 0.08044935574720258)
1(0.24690784965390544, 0.2626045831711349)
1(0.09741011820015555, 0.11303163785925252)
1(0.060377454553754206, 0.07565403191427866)
1(0.06344379911174991, 0.0786557275108658)
1(0.057762253921085804, 0.07277128007330036)
1(0.058210488917897485, 0.07265108645059404)
1(0.07487163294682697, 0.0892380425433783)
1(0.07274205391621424, 0.08698168143454377)
1(0.06990135303260159, 0.08406833925699386)
1(0.06592703595738014, 0.08008935293476604)
1(0.06243841462700994, 0.07641347442238622)
1(0.06642209436269386, 0.08001993492838255)
1(0.07126253709884756, 0.08483943750999268)
1(0.06819394002340562, 0.08162462560875405)
1(0.06276245072617304, 0.07615926055342548)
1(0.06590879727391474, 0.07922806160087492)
1(0.06207855716269428, 0.07483679753378913)
1(0.11049655274089454, 0.12297905978364299)
1(0.09118030166414559, 0.10345937524946269)
1(0.06548380009327537, 0.07776024209869836)
1(0.0336787069963691, 0.04586997184037844)
1(0.06144896141748635, 0.07363217421345714)
1(0.0710556206253623, 0.08287976933913799)
1(0.05911926450096461, 0.07070666115173363)
1(0.06695843883405939, 0.07824093447236025)
1(0.049484749598516675, 0.060750666273330034)
1(0.07262317790942219, 0.08388423337681683)
1(0.09398807925160035, 0.10511611959232148)
1(0.060270861590347, 0.07126684535021155)
1(0.06603089019055808, 0.07675609699409347)
1(0.12283017631279036, 0.13351769655786427)
1(0.08205851109537221, 0.09261016897572738)
1(0.07933783334363997, 0.08981046421864158)
1(0.06069703786346059, 0.07115720344254262)
1(0.08640891635409709, 0.09681246835016621)
1(0.058139472096191636, 0.06853304245358272)
1(0.08425218136062307, 0.09437973942458111)
1(0.0718257475100954, 0.08188998607555165)
1(0.109896353736182, 0.11964769172322165)
1(0.07072431509328281, 0.08039632586494072)
1(0.0765572331171891, 0.08601353541697931)
1(0.12135458548281908, 0.13079255364432274)
1(0.06101414875766398, 0.07043098713576579)
1(0.06663409199806136, 0.07568903550344341)
1(0.08289250212190247, 0.0918764766136444)
1(0.06326063665074078, 0.07220567979057013)
1(0.05832678426411242, 0.06712618936057158)
1(0.02841163536733471, 0.03698568954131143)
1(0.06991705139278082, 0.07824315808105642)
1(0.07120566326179012, 0.0793629560960617)
1(0.070550027820241, 0.07870380106179464)
1(0.0663525348279107, 0.07440717586027645)
1(0.07448789319118121, 0.08251783483071684)
1(0.2719431998484929, 0.27993998823574184)
1(0.07953593348236565, 0.08744009325965829)
1(0.23306320739634556, 0.24077676342976817)
1(0.07849407847420575, 0.08618599587221465)
1(0.03768373054288843, 0.04526490749787537)
1(0.07688487895750729, 0.08430280818997293)
1(0.07593630651252814, 0.08330109980054534)
1(0.07899526191079853, 0.08624348257231729)
1(0.060556882922150224, 0.06778142311352897)
1(0.06130036801833594, 0.06849151433302814)
1(0.0904293891892407, 0.09762031149131789)
1(0.07064426299042559, 0.07761811052377143)
1(0.07813285855206764, 0.08502758055081472)
1(0.08200191487472874, 0.08889313855918757)
1(0.07026931222869959, 0.07711506304002336)
1(0.06295055308320907, 0.06977617691757809)
1(0.07057030769602046, 0.07737588470403278)
1(0.06768092932672554, 0.07447042469159315)
1(0.022035628854929712, 0.028816755206196087)
1(0.03779888675352372, 0.04450433252039554)
1(0.06839881805230297, 0.07510302560064241)
1(0.08246649859377553, 0.08909549564960628)
1(0.0743795839915824, 0.08096674848240837)
1(0.0632365944594947, 0.06979276790299083)
1(0.08122422627226356, 0.08767862718539221)
1(0.06898439583516158, 0.07537473122346194)
1(0.05829393173582542, 0.06450387164652649)
1(0.06981317636751949, 0.0759400947318053)
1(0.06607696556816767, 0.07218137790150836)
1(0.06342277361601645, 0.06946693483359101)
1(0.07163750688414416, 0.07765078320233076)
1(0.1301162181288309, 0.1360535853705125)
1(0.11199722049066063, 0.11781316539327136)
1(0.07366428299273164, 0.07942470836876847)
1(0.09666244403372348, 0.1023261241815383)
1(0.11575737927096419, 0.12139189450747101)
1(0.04719701366111906, 0.05279583098925056)
1(0.07611960844612586, 0.08166728758848463)
1(0.09068281325471694, 0.09617619641651531)
1(0.06571643925608284, 0.07117296160381081)
1(0.026620733027520438, 0.03201607217047753)
1(0.06424519912369187, 0.0696103909408946)
1(0.06591031423607407, 0.07117296160381081)
1(0.103763499153402, 0.109018373351224)
1(0.08940119038449135, 0.09461301127224153)
1(0.11239521922113582, 0.1175431362045003)
1(0.0677080605020205, 0.07269438075453816)
1(0.06416028503371196, 0.06913435184499139)
1(0.06483756329243129, 0.06977617691757809)
1(0.07674972392692037, 0.08156868324466682)
1(0.07534560343996399, 0.08016176847736967)
1(0.06961693512356804, 0.07438123216213577)
1(0.08967867689040054, 0.09443131701684593)
1(0.06472666646268455, 0.06946693483359101)
1(0.0635493201860603, 0.06808594988074679)
1(0.06482342709637434, 0.06923445414135598)
1(0.06288948670074801, 0.06723864276849367)
1(0.01402895630655221, 0.01831391711895214)
1(0.0663107541325173, 0.07058071401222854)
1(0.07366161599113163, 0.07792399856203913)
1(0.07425183307054894, 0.07850861905326445)
1(0.06494801516702842, 0.06912224321707539)
1(0.0893978679265206, 0.09353846045153702)
1(0.066248169195123, 0.0703646343389771)
1(0.0714745902621623, 0.07553809739903394)
1(0.06509936436611985, 0.06915388607395445)
1(0.08374819261415489, 0.08779838110909932)
1(0.01570632660436755, 0.019740898097355464)
1(0.05936117178227818, 0.06337307656367575)
1(0.07978838114502262, 0.08379596299312264)
1(0.07217444532767459, 0.07612049985109881)
1(0.0761586553456921, 0.08004387825487025)
1(0.09814967770770533, 0.1020052727536419)
1(0.08589201093551291, 0.08970474209310708)
1(0.07365906756849117, 0.07743560001566752)
1(0.075018783036786, 0.07870380106179464)
1(0.07679105453822699, 0.08039632586494072)
1(0.06440367223052323, 0.06794567869318968)
1(0.08580903440397314, 0.08934286690148796)
1(0.07184067923816762, 0.07533205537380849)
1(0.06014406647787718, 0.06360184467666896)
1(0.1292707105112072, 0.13269780335371917)
1(0.09259692505523398, 0.09601322068754303)
1(0.07873923265513838, 0.08209104471101591)
1(0.032090649718497954, 0.03542016417402594)
1(0.07415107070405691, 0.07747941239929013)
1(0.08849935232741057, 0.09178464209442816)
1(0.08062311395347976, 0.0838833797589601)
1(0.0724841627708872, 0.07572171479567791)
1(0.07463270150482448, 0.07785393074264924)
1(0.12082073957225326, 0.12402032944646524)
1(0.012988653726926813, 0.016156648827124753)
1(0.03171079038298641, 0.03486369255755595)
1(0.06579130008458678, 0.06892912972881693)
1(0.011696638970791873, 0.014810620987373069)
1(0.07378833010709263, 0.07688841923302192)
1(0.13765864139232864, 0.1406856923434403)
1(0.07787084353931928, 0.08086502967703701)
1(0.04973558193000305, 0.05272564719436079)
1(0.07685548045184332, 0.07984493996792541)
1(0.07258430942932037, 0.07552009189962094)
1(0.08447191562319734, 0.08738360739930828)
1(0.08764034219283667, 0.09048434534541161)
1(0.06442658066594431, 0.0672574275186163)
1(0.014060546929962392, 0.016834905863645777)
1(0.10720136658531032, 0.10996554176039852)
1(0.10710432065108988, 0.10981539846776278)
1(0.09103420643377758, 0.09373968824473788)
1(0.014964220190083255, 0.017644823320480896)
1(0.015360030330327623, 0.01799766514510237)
1(0.015450010393214031, 0.01799766514510237)
1(0.0632080398924485, 0.06575270129411759)
1(0.015999258353866952, 0.018525571505124017)
1(0.06785068383865323, 0.0703646343389771)
1(0.013022329261096366, 0.015503552925828501)
1(0.09355657410145657, 0.09600963458120904)
1(0.07181836230935601, 0.07426836475063425)
1(0.08897935700391424, 0.09138216790233378)
1(0.06259064975489825, 0.06499221689681922)
1(0.011442481190219067, 0.013798855721926517)
1(0.01641187704551994, 0.018752221942220815)
1(0.07840717907079675, 0.08071376720754708)
1(0.0649532754347798, 0.0672574275186163)
1(0.0784244474534812, 0.08071506142744489)
1(0.0662943760207576, 0.06858104398130771)
1(0.08768536660972504, 0.08992593153721784)
1(0.08766582086633168, 0.08982121267358656)
1(0.02287690625369343, 0.02502277327388247)
1(0.09292325208120589, 0.09506676266391734)
1(0.0677725671830468, 0.06979276790299083)
1(0.08683367599031422, 0.08885181039025536)
1(0.1001325421107706, 0.10213024100711499)
1(0.013063593282272024, 0.015058980306862146)
1(0.05979757318341028, 0.06178387743361824)
1(0.012026094811253829, 0.014010567568738308)
1(0.08229019735938492, 0.08424548372296126)
1(0.012192252823603478, 0.014138744334557085)
1(0.014767105535658631, 0.016692096500662612)
1(0.014780289660814683, 0.016658858735731807)
1(0.017922687979662566, 0.019777448727717584)
1(0.012181283475492632, 0.014033631259718682)
1(0.015560826567524666, 0.017405103152723145)
1(0.08150813786862998, 0.08329679453625305)
1(0.03713084033846559, 0.03891733163055844)
1(0.10477944997057953, 0.10656525578205334)
1(0.07583399848590255, 0.07747941239929013)
1(0.06710241083959378, 0.06874083010549792)
1(0.06727569695630276, 0.06891128879377051)
1(0.08514386027377263, 0.08676900664558662)
1(0.017053943224665802, 0.01865118829584944)
1(0.06776627243396005, 0.06935571803927543)
1(0.0662806523670707, 0.06778142311352897)
1(0.053484990292279044, 0.05496483340796432)
1(0.10095750765599953, 0.1024320447160626)
1(0.07529829058160398, 0.07676108040811436)
1(0.09537064855538036, 0.09681246835016621)
1(0.013859232964302137, 0.015300748284196919)
1(0.0139144301947417, 0.015256626317374455)
1(0.08596810186801707, 0.08722026034784569)
1(0.013057587338490162, 0.014259117195983606)
1(0.006650399496745063, 0.00783144105088851)
1(0.05230975516321745, 0.05348711109743054)
1(0.07265009743593576, 0.07381146237845115)
1(0.013776985329905678, 0.014935621542044863)
1(0.07452621534165471, 0.07566864931333817)
1(0.07480369278944354, 0.0759400947318053)
1(0.012773052800562401, 0.013858391919322588)
1(0.07406908443814597, 0.07510302560064241)
1(0.08040561045934302, 0.08143255927515314)
1(0.03508626739789189, 0.036096138071464834)
1(0.027451243876483344, 0.028457866766208095)
1(0.06888634968255658, 0.06988214971930817)
1(0.015749543350657813, 0.01669461847299092)
1(0.014908334768187648, 0.015813026632052418)
1(0.08695822944611231, 0.08785280003845719)
1(0.01275322273937951, 0.01364586068343765)
1(0.019264242220558336, 0.020130409374081504)
1(0.011415428247464887, 0.012264822777397266)
1(0.014227387150299031, 0.015058980306862146)
1(0.10934582655873726, 0.11016121065259776)
1(0.05795722269644876, 0.058771535061419966)
1(0.08148775424022203, 0.08227566908845496)
1(0.0759861914451101, 0.07673043960038683)
1(0.014137630820568625, 0.014848635673998856)
1(0.01588330309475361, 0.016583696066531206)
1(0.012221657980864942, 0.012902671010903033)
1(0.011878288604720955, 0.012505052754638646)
1(0.08422488109455695, 0.08484058627787361)
1(0.07699449138510561, 0.07760951988718856)
1(0.008076707311647446, 0.008669679213541004)
1(0.012369356377335383, 0.01293866064277216)
1(0.009748977296833439, 0.010285998947380692)
1(0.013739231919465689, 0.014259117195983606)
1(0.09483405177866344, 0.09534323013746926)
1(0.17740555797951674, 0.1779036236312257)
1(0.05529031665139805, 0.05577070867300382)
1(0.03053215027748435, 0.030993542865912938)
1(0.10299956203890637, 0.103450269624481)
1(0.12711946940743835, 0.1275407758898801)
1(0.08246714159681823, 0.08287976933913799)
1(0.08247071125921246, 0.08281464139737593)
1(0.01453950332315912, 0.01487788452536909)
1(0.06473582921292254, 0.06504611339087274)
1(0.011748001321984725, 0.012038530551087723)
1(0.12075703998113074, 0.12104318915206236)
1(0.06748553897294318, 0.06777002869759996)
1(0.014860925090600663, 0.015141980513433517)
1(0.01637201000196986, 0.016635400660709898)
1(0.014135497209651016, 0.014351039217423756)
1(0.017092409769292716, 0.01730710602851737)
1(0.01673384446520143, 0.016911486365783435)
1(0.019646820852219027, 0.019777448727717584)
1(0.08206518343283498, 0.08215828328362196)
1(0.016651889319552304, 0.016738548755341753)
1(0.06254187611516737, 0.06262342282202171)
1(0.013882243107745884, 0.013963268377234272)
1(0.014823385195850913, 0.014892882979176458)
1(0.013382853987220944, 0.013449360576629377)
1(0.017279273010361473, 0.01733110816887129)
1(0.0825597260732619, 0.08259327554805329)
1(0.07658097874901582, 0.07660785555326455)
0(0.0, inf)
0(0.0, 0.33601784330091855)
0(0.0, 0.22971903985853503)
0(0.0, 0.2008969767879748)
0(0.0, 0.18114465189977735)
0(0.0, 0.15969873019992942)
0(0.0, 0.15097596237095323)
0(0.0, 0.1411707918380697)
0(0.0, 0.13703894561099828)
0(0.0, 0.12982530329648945)
0(0.0, 0.12770175745435786)
0(0.0, 0.12392425040688493)
0(0.0, 0.11977134523224209)
0(0.0, 0.11700696429129598)
0(0.0, 0.1147626610227771)
0(0.0, 0.11279020973053899)
0(0.0, 0.11117056595570962)
0(0.0, 0.10476179883763825)
0(0.0, 0.10122275662402691)
0(0.0, 0.10098558305854288)
0(0.0, 0.09933785670717354)
0(0.0, 0.09790100748306829)
0(0.0, 0.09609439282327359)
0(0.0, 0.09566279199623262)
0(0.0, 0.0948296536387141)
0(0.0, 0.09256995793350009)
0(0.0, 0.09196963381761414)
0(0.0, 0.09162619144616924)
0(0.0, 0.09084193315485756)
0(0.0, 0.09078313939436311)
0(0.0, 0.09013280768056842)
0(0.0, 0.08959302331790686)
0(0.0, 0.08888330629851238)
0(0.0, 0.08856227617230372)
0(0.0, 0.08763449859328398)
0(0.0, 0.08634234970001364)
0(0.0, 0.08613915775992032)
0(0.0, 0.08581285531445226)
0(0.0, 0.08519839655180306)
0(0.0, 0.08498402881475553)
0(0.0, 0.08450481738340199)
0(0.0, 0.08386456364247485)
0(0.0, 0.0814617198973927)
0(0.0, 0.08136689196898983)
0(0.0, 0.08120897989724718)
0(0.0, 0.08116799654919693)
0(0.0, 0.08093154461648366)
0(0.0, 0.08066600282088443)
0(0.0, 0.08010962635589791)
0(0.0, 0.07992290258848445)
0(0.0, 0.0787533647525176)
0(0.0, 0.0785433599268166)
0(0.0, 0.07762829675128102)
0(0.0, 0.07748185803234553)
0(0.0, 0.07732925698202686)
0(0.0, 0.07710629210946263)
0(0.0, 0.07654636482287824)
0(0.0, 0.07646289916939941)
0(0.0, 0.07610835322859655)
0(0.0, 0.07464752143181008)
0(0.0, 0.07394923263269682)
0(0.0, 0.07363788420368811)
0(0.0, 0.07363560909681699)
0(0.0, 0.07345429362620692)
0(0.0, 0.07341662792959369)
0(0.0, 0.07275764637707005)
0(0.0, 0.07223010121552553)
0(0.0, 0.07189580049348598)
0(0.0, 0.07143782057251258)
0(0.0, 0.07092850775630954)
0(0.0, 0.07045578278815678)
0(0.0, 0.07040180463294732)
0(0.0, 0.07009913455815997)
0(0.0, 0.06972219832398097)
0(0.0, 0.06964677736140445)
0(0.0, 0.06925182711168631)
0(0.0, 0.06920756035564346)
0(0.0, 0.06892259190855055)
0(0.0, 0.0687912282143085)
0(0.0, 0.06873178850862993)
0(0.0, 0.06858400614763216)
0(0.0, 0.067832586437225)
0(0.0, 0.06763298808195495)
0(0.0, 0.06757860046025299)
0(0.0, 0.06756367360459115)
0(0.0, 0.06753870554040742)
0(0.0, 0.06742382884330944)
0(0.0, 0.06735277332198841)
0(0.0, 0.06726057029294463)
0(0.0, 0.06724688503451504)
0(0.0, 0.067117103786692)
0(0.0, 0.06689070874667746)
0(0.0, 0.06630097144069647)
0(0.0, 0.06607807302776436)
0(0.0, 0.06600758617972502)
0(0.0, 0.0660066078199315)
0(0.0, 0.06586532642991783)
0(0.0, 0.06580501971553443)
0(0.0, 0.06578143194223862)
0(0.0, 0.06521364003817964)
0(0.0, 0.065137397915624)
0(0.0, 0.0648954988736633)
0(0.0, 0.0648307544251272)
0(0.0, 0.06468425318132975)
0(0.0, 0.06455974000683828)
0(0.0, 0.06437973463792601)
0(0.0, 0.06431518361564115)
0(0.0, 0.06427220236067632)
0(0.0, 0.0641805715197813)
0(0.0, 0.06396675427613385)
0(0.0, 0.0632841568960858)
0(0.0, 0.06322314617405389)
0(0.0, 0.06296620932838226)
0(0.0, 0.06281400905327383)
0(0.0, 0.06267764589033553)
0(0.0, 0.06264394948833096)
0(0.0, 0.06228820295421367)
0(0.0, 0.06222501072961617)
0(0.0, 0.06217898897278473)
0(0.0, 0.06213590533862867)
0(0.0, 0.062122782795606346)
0(0.0, 0.06208542352392954)
0(0.0, 0.06164633947540765)
0(0.0, 0.061456636172205314)
0(0.0, 0.061404407346801415)
0(0.0, 0.06140328407641671)
0(0.0, 0.06130448547195877)
0(0.0, 0.0612522256586473)
0(0.0, 0.06107098502682995)
0(0.0, 0.06086813742569719)
0(0.0, 0.06080609392426106)
0(0.0, 0.06051841980871908)
0(0.0, 0.06039228620868298)
0(0.0, 0.06027535047191124)
0(0.0, 0.060121581171363014)
0(0.0, 0.060071977686722344)
0(0.0, 0.059994614653143596)
0(0.0, 0.05944574781806522)
0(0.0, 0.05944218199855178)
0(0.0, 0.05931121425394825)
0(0.0, 0.05925933787903692)
0(0.0, 0.05920068589358318)
0(0.0, 0.058871767213381276)
0(0.0, 0.05879459340803206)
0(0.0, 0.05878303932817308)
0(0.0, 0.05854687777643053)
0(0.0, 0.05853063758118593)
0(0.0, 0.058524444577983004)
0(0.0, 0.05844774535399555)
0(0.0, 0.058414010893467094)
0(0.0, 0.05809212902182448)
0(0.0, 0.05805925963341463)
0(0.0, 0.05788579341058597)
0(0.0, 0.05787178549961691)
0(0.0, 0.057786895675657646)
0(0.0, 0.05760236348415326)
0(0.0, 0.057577744365897465)
0(0.0, 0.05754788460445959)
0(0.0, 0.057496029497852486)
0(0.0, 0.05746839817826077)
0(0.0, 0.05746521720279596)
0(0.0, 0.057180066900544224)
0(0.0, 0.05713961565903236)
0(0.0, 0.05710850666151035)
0(0.0, 0.057093152085772814)
0(0.0, 0.05700639704792432)
0(0.0, 0.05696442216134279)
0(0.0, 0.0569433770836395)
0(0.0, 0.05669410979158329)
0(0.0, 0.05653089237713593)
0(0.0, 0.056472033040900205)
0(0.0, 0.05619927934044655)
0(0.0, 0.05618801222168779)
0(0.0, 0.05582773819467157)
0(0.0, 0.05565431008325916)
0(0.0, 0.05529154016094018)
0(0.0, 0.055252865882218116)
0(0.0, 0.055219808584735186)
0(0.0, 0.05517453242430448)
0(0.0, 0.05511789331235484)
0(0.0, 0.05499102173041526)
0(0.0, 0.054942082422970606)
0(0.0, 0.05491293778193518)
0(0.0, 0.05488529121676167)
0(0.0, 0.054687431947041065)
0(0.0, 0.05443991408092308)
0(0.0, 0.05426514246455516)
0(0.0, 0.05392897521876183)
0(0.0, 0.05363012137864087)
0(0.0, 0.05361315117396381)
0(0.0, 0.05359604686821173)
0(0.0, 0.05350508327831016)
0(0.0, 0.053501761599435316)
0(0.0, 0.05346487528418542)
0(0.0, 0.053409009568677224)
0(0.0, 0.05335245510396813)
0(0.0, 0.053201130785793804)
0(0.0, 0.053181930143025746)
0(0.0, 0.05300997577930666)
0(0.0, 0.05293975267158291)
0(0.0, 0.052765219920153594)
0(0.0, 0.05263524014166476)
0(0.0, 0.05249745092102176)
0(0.0, 0.052454801144573904)
0(0.0, 0.05239923006553793)
0(0.0, 0.05235127094039371)
0(0.0, 0.05222302912078558)
0(0.0, 0.052192572860208064)
0(0.0, 0.0521485206157688)
0(0.0, 0.05212434551693923)
0(0.0, 0.05211065897855305)
0(0.0, 0.05198273225492911)
0(0.0, 0.05195806172540629)
0(0.0, 0.05192887794610246)
0(0.0, 0.05185437460000619)
0(0.0, 0.051705887590862254)
0(0.0, 0.051669888780061735)
0(0.0, 0.05130061638073158)
0(0.0, 0.051281089515864964)
0(0.0, 0.051235536436657236)
0(0.0, 0.05106927201845446)
0(0.0, 0.05104490571752196)
0(0.0, 0.05097691407605254)
0(0.0, 0.05073998513601674)
0(0.0, 0.05053102954285649)
0(0.0, 0.05043273579195573)
0(0.0, 0.05016636837710997)
0(0.0, 0.05005128312542362)
0(0.0, 0.05003333490396822)
0(0.0, 0.05002876619486807)
0(0.0, 0.050008262467353126)
0(0.0, 0.04988358974788443)
0(0.0, 0.049709476763951876)
0(0.0, 0.049514260408231814)
0(0.0, 0.04940467014544503)
0(0.0, 0.04935684473671598)
0(0.0, 0.049271950190148184)
0(0.0, 0.04924834744330486)
0(0.0, 0.04911308466843567)
0(0.0, 0.04904916001438053)
0(0.0, 0.04901106076981698)
0(0.0, 0.048980557661095436)
0(0.0, 0.04884236978470913)
0(0.0, 0.04879643743138551)
0(0.0, 0.04870526648331608)
0(0.0, 0.04856893514736749)
0(0.0, 0.048443220108729035)
0(0.0, 0.04821874338443177)
0(0.0, 0.0480812102979874)
0(0.0, 0.0478892783518039)
0(0.0, 0.047802137860791793)
0(0.0, 0.04772891565382853)
0(0.0, 0.04770537763596894)
0(0.0, 0.047645512589897465)
0(0.0, 0.04754187628125006)
0(0.0, 0.04749922632037018)
0(0.0, 0.04737901211202644)
0(0.0, 0.04708791784882138)
0(0.0, 0.04695359909053176)
0(0.0, 0.0468385868317126)
0(0.0, 0.04672252372089358)
0(0.0, 0.046660198283915655)
0(0.0, 0.046629908864915914)
0(0.0, 0.04657928695913238)
0(0.0, 0.04655462781680364)
0(0.0, 0.0465440699124261)
0(0.0, 0.046390530233671234)
0(0.0, 0.04579378291260161)
0(0.0, 0.04575813895481318)
0(0.0, 0.045712094034229156)
0(0.0, 0.04558202901607733)
0(0.0, 0.04546682350803477)
0(0.0, 0.0453865946522537)
0(0.0, 0.044942505836571445)
0(0.0, 0.04485112494629517)
0(0.0, 0.04477614206074387)
0(0.0, 0.04465502053592718)
0(0.0, 0.04461418131132744)
0(0.0, 0.04438838600410289)
0(0.0, 0.04409906179952816)
0(0.0, 0.04406513969942716)
0(0.0, 0.04351084143902473)
0(0.0, 0.04311074712833196)
0(0.0, 0.042270269515146563)
0(0.0, 0.04222016106228277)
0(0.0, 0.04037525756950833)
0(0.0, 0.03988861947075628)
0(0.0, 0.03977741977234173)
0(0.0, 0.03942053092289144)
0(0.0, 0.03905158863841396)
0(0.0, 0.039009112358622255)
0(0.0, 0.03897534650814305)
0(0.0, 0.038841262807221444)
0(0.0, 0.03859719730428168)
0(0.0, 0.03844280046678017)
0(0.0, 0.03769315810423102)
0(0.0, 0.03761157218876543)
0(0.0, 0.0374025476956924)
0(0.0, 0.03717246771972915)
0(0.0, 0.036968591897139635)
0(0.0, 0.03694590819867383)
0(0.0, 0.03688674479291343)
0(0.0, 0.03683092725448367)
0(0.0, 0.03645554639216286)
0(0.0, 0.036305907355190126)
0(0.0, 0.03627671525893239)
0(0.0, 0.035944918179755536)
0(0.0, 0.03572267585666633)
0(0.0, 0.035722341876451846)
0(0.0, 0.034774590215429835)
0(0.0, 0.03426913213194316)
0(0.0, 0.03296399142418793)
0(0.0, 0.031806256683184486)
0(0.0, 0.03109936483381648)
0(0.0, 0.030939137714250164)
0(0.0, 0.030886356098778767)
0(0.0, 0.030457889769897162)
0(0.0, 0.029961492341912366)
0(0.0, 0.029743198888166567)
0(0.0, 0.029243848268625805)
0(0.0, 0.029204443266915514)
0(0.0, 0.028121269306788266)
0(0.0, 0.02759624977763997)
0(0.0, 0.0270182036005302)
0(0.0, 0.026034234081927288)
0(0.0, 0.02556527002129072)
0(0.0, 0.02533490449264353)
0(0.0, 0.023516509122598395)
0(0.0, 0.023079018038379195)
0(0.0, 0.022639737250203296)
0(0.0, 0.022467146716936393)
0(0.0, 0.022218072111478526)
0(0.0, 0.021428327864590924)
0(0.0, 0.021344195980221303)
0(0.0, 0.020153797114234484)
0(0.0, 0.019412154851738528)
0(0.0, 0.018952030322747726)
0(0.0, 0.01888253736509249)
0(0.0, 0.018502332873944205)
0(0.0, 0.018488515324293076)
0(0.0, 0.01815593016711503)
0(0.0, 0.01812550024521542)
0(0.0, 0.017875665277140018)
0(0.0, 0.016610143764463348)
0(0.0, 0.016555705616128402)
0(0.0, 0.01621858079922045)
0(0.0, 0.016149841519372155)
0(0.0, 0.015644796352532575)
0(0.0, 0.01543314950888719)
0(0.0, 0.014968572645690847)
0(0.0, 0.01490445324437406)
0(0.0, 0.01486660617557678)
0(0.0, 0.01480052855646985)
0(0.0, 0.014764985997805735)
0(0.0, 0.01476296328806781)
0(0.0, 0.014716623327548195)
0(0.0, 0.014643543739940701)
0(0.0, 0.014585064572289141)
0(0.0, 0.014237183422624478)
0(0.0, 0.014014161224140897)
0(0.0, 0.013996218604516941)
0(0.0, 0.013946214085640785)
0(0.0, 0.013854114600964529)
0(0.0, 0.013815640030425125)
0(0.0, 0.013498895454337578)
0(0.0, 0.013364557594144899)
0(0.0, 0.013329345698387285)
0(0.0, 0.012842448129478878)
0(0.0, 0.012483993287267126)
0(0.0, 0.012419868438908188)
0(0.0, 0.012111416849185264)
0(0.0, 0.012093633613816435)
0(0.0, 0.012033881531166024)
0(0.0, 0.01202563541324364)
0(0.0, 0.012004124066915978)
0(0.0, 0.01193346945727003)
0(0.0, 0.011825903996487974)
0(0.0, 0.011797338654996437)
0(0.0, 0.011762157000128393)
0(0.0, 0.011653556675164878)
0(0.0, 0.011620174874717337)
0(0.0, 0.011472013197446063)
0(0.0, 0.011412168507414444)
0(0.0, 0.011359283851598567)
0(0.0, 0.011300427972418592)
0(0.0, 0.011249603875227887)
0(0.0, 0.011213717444254478)
0(0.0, 0.011187236700084036)
0(0.0, 0.01095064230595122)
0(0.0, 0.01092302078563101)
0(0.0, 0.010909504451189656)
0(0.0, 0.010832010165821582)
0(0.0, 0.010777692909469505)
0(0.0, 0.010697034270999994)
0(0.0, 0.010653627473503513)
0(0.0, 0.010471358013893317)
0(0.0, 0.010426340749030372)
0(0.0, 0.010397803309834752)
0(0.0, 0.010221475809367386)
0(0.0, 0.010208251560509418)
0(0.0, 0.010125628724754199)
0(0.0, 0.010007587912722493)
0(0.0, 0.009962942872584923)
0(0.0, 0.009855302114823217)
0(0.0, 0.009824637404452607)
0(0.0, 0.009817521477741953)
0(0.0, 0.009797064011200174)
0(0.0, 0.009786431329624312)
0(0.0, 0.009188356891058236)
0(0.0, 0.008981154926419599)
0(0.0, 0.008678846340633761)
0(0.0, 0.008649817233157941)
0(0.0, 0.00860295517225973)
0(0.0, 0.008513584700082344)
0(0.0, 0.00822613301267694)
0(0.0, 0.008030555973196019)
0(0.0, 0.007561606997752324)
0(0.0, 0.007443660403143926)
0(0.0, 0.007134479491714085)
0(0.0, 0.007115706221550777)
0(0.0, 0.007109060828811575)
0(0.0, 0.006974211021633203)
0(0.0, 0.006864530361869292)
0(0.0, 0.006848843801827487)
0(0.0, 0.0066125792992255406)
0(0.0, 0.006338141472548298)
0(0.0, 0.006181646607801405)
0(0.0, 0.004908844176312099)
0(0.0, 0.004787289723236388)
0(0.0, 0.00426698116685198)
0(0.0, 0.00274283653671481)
0(0.0, 0.002287130007208704)
