1(0.12469268088078467, 0.15840895387181397)
1(0.13300527548986307, 0.16596385952499282)
1(0.12741153308867126, 0.15920219437315242)
1(0.12025315432084138, 0.15189738575130818)
1(0.11653829355708445, 0.14690727132712045)
1(0.13044816718376573, 0.16018180388829473)
1(0.12012487390553195, 0.149365376567689)
1(0.1106584877234763, 0.1383282296924344)
1(0.10340746554832692, 0.13068783743216883)
1(0.11977325608625866, 0.1461485079135616)
1(0.10281290465194803, 0.12833954058905173)
1(0.09964271582843176, 0.12474010044683814)
1(0.11264178228785149, 0.13760502995773793)
1(0.1450238821414369, 0.16987527383372203)
1(0.1424742533676875, 0.16672905410681982)
1(0.10378462932891941, 0.12795637204729293)
1(0.10780183453776482, 0.13102838905014003)
1(0.11759090410199446, 0.14073950198885288)
1(0.11288484688126799, 0.1358808717342591)
1(0.10040312503608062, 0.12326207212263951)
1(0.11734574970275413, 0.1398419935491323)
1(0.13268095045564354, 0.15510544486839262)
1(0.1155336851633536, 0.13790887575026844)
1(0.1315867790027505, 0.15383779831194444)
1(0.10593278381849947, 0.1280212769402046)
1(0.1202279747695052, 0.14160897225109859)
1(0.08102072789319581, 0.10233355508806152)
1(0.12132692484659602, 0.14234352388819071)
1(0.12805514149123198, 0.14891747346107087)
1(0.12774107972380333, 0.1485908160101026)
1(0.11435808382123769, 0.13497335780800224)
1(0.10560886686354398, 0.1258204271376776)
1(0.12408302784552105, 0.1438711309462244)
1(0.1081900811669334, 0.12795637204729293)
1(0.1289530971431735, 0.14836976194633333)
1(0.10853590529985646, 0.12789061052091233)
1(0.10889917480567435, 0.1280212769402046)
1(0.09957627985928985, 0.1186217059778577)
1(0.14378160350370417, 0.16262161899986094)
1(0.13409086195391606, 0.15279238556090124)
1(0.07382391471152827, 0.09244551060963158)
1(0.12346176251889207, 0.14206050636874912)
1(0.1294272433665753, 0.14779525193281073)
1(0.11427660945844254, 0.1325584184096259)
1(0.12765673255292687, 0.1457696692718451)
1(0.10717410903411118, 0.1252518898761178)
1(0.11825135683093058, 0.13629566278739602)
1(0.13641616864442496, 0.15428463018115346)
1(0.11389031827559615, 0.13167909167855152)
1(0.12956510718405245, 0.14719785403079078)
1(0.14351613579652078, 0.1611467007863645)
1(0.1045427393208389, 0.12211075091483292)
1(0.12727235961078676, 0.14478556253178365)
1(0.12038632897565094, 0.13758221271783355)
1(0.11391765743642635, 0.13104154522609157)
1(0.20373961668268337, 0.22077656186173222)
1(0.11857141621846112, 0.13553140802644736)
1(0.05981537642139734, 0.07672078632585366)
1(0.11470151439663756, 0.13150128081888102)
1(0.13061298143338707, 0.14734769166812278)
1(0.10396880250029494, 0.12058758957246707)
1(0.10371894118673208, 0.12021580431584789)
1(0.12287426494232989, 0.139200677383843)
1(0.11072436295739341, 0.12700894034137944)
1(0.1130046527637314, 0.12919195343216106)
1(0.13770360790939074, 0.1536660901198118)
1(0.13964805390482282, 0.15559982631260383)
1(0.10799376670214467, 0.12385226940675553)
1(0.06940907471565116, 0.08497927527323768)
1(0.11741901305485225, 0.13294602285174317)
1(0.11727267484339365, 0.13274310058411432)
1(0.12087896104773033, 0.13634879580576853)
1(0.06548550717387158, 0.08065796696332128)
1(0.11096319083854778, 0.12605570516785958)
1(0.09374924077112423, 0.10877651790824383)
1(0.12640824010101026, 0.141424279762291)
1(0.1315968503437227, 0.14660205849601904)
1(0.1296031452074463, 0.1444870204448867)
1(0.1066942524685005, 0.12157595290679213)
1(0.12000260981251032, 0.1348387548391009)
1(0.13055039419084613, 0.1453751938690261)
1(0.1115917851553695, 0.12625441223664102)
1(0.11550976464566509, 0.1300813064544205)
1(0.10701787283589226, 0.12157595290679213)
1(0.14242408077010593, 0.15694988477746585)
1(0.1233048920503591, 0.1374737392427131)
1(0.12737193445879214, 0.14126351517487012)
1(0.12272694332343437, 0.13660669319422736)
1(0.10773586191788653, 0.12153399240288221)
1(0.11285339185222742, 0.12660505286069346)
1(0.14394824615851431, 0.15758378907333814)
1(0.07079877808989321, 0.08430433696847961)
1(0.11130381528049194, 0.1247949496703854)
1(0.1158472639652115, 0.12920687801913022)
1(0.13888242279524055, 0.1521221168528808)
1(0.08139223298209841, 0.09454742237926783)
1(0.1114333948850561, 0.12457891264063836)
1(0.07730187273440436, 0.09037642529919676)
1(0.1291790116998992, 0.1422336251297157)
1(0.10883669422548792, 0.12157595290679213)
1(0.1378476725888218, 0.1505609174637318)
1(0.13218341453779658, 0.14488425419817896)
1(0.15011117255405326, 0.16280946952373876)
1(0.0792191715277838, 0.09186590734790778)
1(0.11543799071069683, 0.12805951879601474)
1(0.1348140121983974, 0.1473071108390409)
1(0.06069326148280252, 0.07315174897927335)
1(0.10719650722813034, 0.1195221325364032)
1(0.06401609178304268, 0.07629162428828928)
1(0.12501898976035208, 0.13725976404306373)
1(0.16151497373512314, 0.17362688200062437)
1(0.12376287458470492, 0.13560568912586557)
1(0.08056502786852127, 0.09238065075960566)
1(0.11090069745315312, 0.12271593130587821)
1(0.08842392187128112, 0.10014924397007252)
1(0.12206990496679371, 0.1337431325278623)
1(0.07479730864360645, 0.08639987957896711)
1(0.06987231203905186, 0.08146394505597232)
1(0.13043241964983754, 0.14198779119722793)
1(0.11483722240221494, 0.1263629920026127)
1(0.12680150133877022, 0.13827230410032898)
1(0.06728445589067089, 0.07873035318306953)
1(0.1226255602509112, 0.13397793492557786)
1(0.08055299979433805, 0.09189290732173949)
1(0.07161967473927389, 0.08295333615240519)
1(0.07103234347964216, 0.08234698653722194)
1(0.13302390982115553, 0.1442658577746837)
1(0.11205088049142298, 0.12324893786038615)
1(0.11594941915381995, 0.12700828756773763)
1(0.1328838088288129, 0.14367482450571856)
1(0.11415474032056694, 0.12488918882154443)
1(0.12811735881008346, 0.13884452194035024)
1(0.07694486254760102, 0.08763670961015568)
1(0.07762593279915997, 0.08830074333412541)
1(0.13601481310567298, 0.1466096303647484)
1(0.14179930352685954, 0.15235364439634058)
1(0.1476110740811426, 0.15813204775064826)
1(0.12890670900376833, 0.13940748841304162)
1(0.11509487222608172, 0.12558362221536623)
1(0.07386290388487138, 0.08434041792343994)
1(0.06445918196592715, 0.07482605203153114)
1(0.14557172876913826, 0.15585176046464888)
1(0.06376857100551869, 0.07402597112190745)
1(0.07600907884582686, 0.08617009604598447)
1(0.058800684466532194, 0.06895169586131611)
1(0.1224643021194064, 0.13259544776196353)
1(0.1296896221864059, 0.13979065815796754)
1(0.08736641226303987, 0.09734560000636072)
1(0.07498914296159642, 0.08492407469657215)
1(0.15945797621066116, 0.16938684252660474)
1(0.12440855744066659, 0.13430738947573395)
1(0.06931530489715854, 0.07908043943628196)
1(0.10799184457896571, 0.117743707237147)
1(0.13913251882934785, 0.1488770612799286)
1(0.13392710242528527, 0.1436435288502137)
1(0.08173103738714049, 0.0913332745591473)
1(0.06352935605843113, 0.07310825519003483)
1(0.12452981695299481, 0.13409770991859038)
1(0.07288145776576982, 0.08244214323912191)
1(0.12071438869600737, 0.13024601760990062)
1(0.1299207124640448, 0.13942788909326365)
1(0.06362004941397148, 0.07310825519003483)
1(0.09484188506408864, 0.10431921207045969)
1(0.07700793997749611, 0.08643975099311818)
1(0.1255455724769703, 0.13496763381460353)
1(0.12503284357571753, 0.1343364433306432)
1(0.06544201705113395, 0.07474070285596257)
1(0.12140595434858936, 0.13068783743216883)
1(0.1107327495567807, 0.1200054128808552)
1(0.08406607550536072, 0.09332830012567395)
1(0.14638789917740813, 0.1556233784382277)
1(0.11266525010768291, 0.12189707429853225)
1(0.07582842025880432, 0.08500411776617689)
1(0.17737626232476145, 0.18648762039434574)
1(0.060150855628283484, 0.06924303096630946)
1(0.06791883459366344, 0.07695954693403761)
1(0.06507039235312517, 0.07402597112190745)
1(0.12515563588021228, 0.13409770991859038)
1(0.06409147735967757, 0.0730118543259547)
1(0.1279147217454102, 0.1368282832088814)
1(0.11673926434097259, 0.12562272687915277)
1(0.06724733454748122, 0.07607867143595681)
1(0.06722522339154546, 0.07605153458393987)
1(0.19728482450285667, 0.20609178080888768)
1(0.12861251815650576, 0.13739848972986957)
1(0.08302549120623448, 0.09167391084536836)
1(0.1328017452385638, 0.14144112282134558)
1(0.11631714641972712, 0.12494020926170579)
1(0.0644882977515453, 0.07310825519003483)
1(0.07617154245504942, 0.08475272661745359)
1(0.07761956901133227, 0.08617996445977283)
1(0.13929922992699717, 0.14781231427058616)
1(0.0699237312580121, 0.07842292740404255)
1(0.1110840063234656, 0.1195221325364032)
1(0.07850211131355689, 0.08693998544281145)
1(0.11328348026597801, 0.12167771972689378)
1(0.12341562451431642, 0.13176529770021872)
1(0.13458426731840345, 0.14291300200893708)
1(0.07818163475780393, 0.08643975099311818)
1(0.06346993879890939, 0.0717143427754543)
1(0.13604137103607028, 0.14424987699941116)
1(0.06669013227576204, 0.0748886404075203)
1(0.06804743703904215, 0.07619553630483034)
1(0.13228088894458323, 0.1403985445990943)
1(0.089561307848809, 0.09760032403916774)
1(0.08128119175711424, 0.08928574011076762)
1(0.0880194534823715, 0.09600531373784438)
1(0.07274720120330935, 0.08070159293044465)
1(0.13263104458961827, 0.14057818714902537)
1(0.08918698732600139, 0.09707742091867155)
1(0.13642186193063222, 0.14429038650887283)
1(0.10891471476628933, 0.11674151853117454)
1(0.1203034580122333, 0.1280970826316713)
1(0.13764970009423205, 0.14542583619526006)
1(0.12728594760411216, 0.13497335780800224)
1(0.1195387309508179, 0.12719385637077596)
1(0.1463967669138012, 0.15399041825951132)
1(0.11952429813110488, 0.1270991605081031)
1(0.12960458825307564, 0.13717834819817665)
1(0.1270915978540178, 0.134565938727501)
1(0.0675602359939208, 0.07497799692435536)
1(0.09125457857372454, 0.09861929868583941)
1(0.09700845896074739, 0.10426077347788298)
1(0.08033966772911671, 0.08756953989252814)
1(0.08038113696534288, 0.08756953989252814)
1(0.12377096549655109, 0.13094193636175622)
1(0.0711874854407446, 0.07825639905973003)
1(0.15035785928302858, 0.15739124675210847)
1(0.12402171050309962, 0.13102838905014003)
1(0.12512804269268418, 0.13213107575835092)
1(0.09050943386322485, 0.09745476636026862)
1(0.06462350449148002, 0.07155866485657325)
1(0.07373678736219458, 0.0806701518427696)
1(0.07681938045537529, 0.08374974149707426)
1(0.1305949053404214, 0.13746298892331932)
1(0.0639832637773482, 0.07084399361174498)
1(0.13568296426917292, 0.14253293725910499)
1(0.14941912199655938, 0.15625495917262677)
1(0.13266474791996175, 0.139452049736993)
1(0.16203692285242843, 0.16882091382561715)
1(0.09620384341734278, 0.10290245147564858)
1(0.10090489493562338, 0.10756653138253269)
1(0.07217141151966078, 0.0787933720300561)
1(0.11804076730362323, 0.12464987815425521)
1(0.11637509971282523, 0.12297580751258774)
1(0.11292973549997176, 0.1195221325364032)
1(0.11804183617157593, 0.12462897387749006)
1(0.12416186911635196, 0.1306704806249549)
1(0.06957053302270766, 0.07607867143595681)
1(0.14047453851902525, 0.14698005285998061)
1(0.12024346556061782, 0.12670554965739866)
1(0.11739751963282596, 0.12385226940675553)
1(0.08495067881253093, 0.09121811166697347)
1(0.13041638010969425, 0.13666041431483844)
1(0.07155286349495094, 0.07776683729853862)
1(0.09774808141170943, 0.10395327493574269)
1(0.07406113038118767, 0.08025087062017933)
1(0.11890160105926051, 0.12507331271328537)
1(0.08455879357417095, 0.09069363079208681)
1(0.12797691789446286, 0.134056943942491)
1(0.07605175980465884, 0.0821192097789959)
1(0.12499077685312276, 0.13104550052175168)
1(0.12019565650766639, 0.12623923984321272)
1(0.06418429216052102, 0.07020739119722552)
1(0.13022132796850716, 0.1362298310315342)
1(0.06226565961777397, 0.06826848174449951)
1(0.12162810745457442, 0.12761738588464044)
1(0.14428296916316719, 0.15027030442317957)
1(0.06516073784339649, 0.0711357620962243)
1(0.10553016968109774, 0.11150073607129818)
1(0.07812304447667928, 0.08406100252928683)
1(0.07621458161475725, 0.08208454332877446)
1(0.08036881629812487, 0.08621825506787117)
1(0.07155351222318129, 0.07738006158686894)
1(0.08694868025472391, 0.09274298559300331)
1(0.10806600942593492, 0.11384970856068)
1(0.10568673371617421, 0.11146959687182567)
1(0.07631973193944352, 0.08208454332877446)
1(0.10969206604511084, 0.11544470289259356)
1(0.1382852754845888, 0.14401111606046157)
1(0.06586917163873951, 0.07159491108017046)
1(0.09032296046188548, 0.09600531373784438)
1(0.07472447593958409, 0.08040060468088783)
1(0.12036992405507041, 0.12603239168322622)
1(0.06600859029714001, 0.07161255991698645)
1(0.09118183691483683, 0.09672365360404389)
1(0.09956907769605094, 0.10509103756044647)
1(0.15625273063062883, 0.16170212347447155)
1(0.08564537450333165, 0.09108127287113177)
1(0.12066412868701437, 0.12605570516785958)
1(0.12357309315416576, 0.12888093741589735)
1(0.06467455837524272, 0.06997936998211951)
1(0.06978475663410644, 0.07508519232885902)
1(0.08801637781297633, 0.09328370396275187)
1(0.07573072402824421, 0.08093759067933781)
1(0.13170663219387369, 0.13690488435824855)
1(0.13313242243146584, 0.1383161693451802)
1(0.13924102046870324, 0.14441425811686648)
1(0.13259095904514595, 0.13775105965483214)
1(0.09158962654888547, 0.09673150825067767)
1(0.121484670363189, 0.12662573753411066)
1(0.11077986997303779, 0.11591734445589341)
1(0.07985133092491081, 0.08497927527323768)
1(0.12837850649834504, 0.13349427652442158)
1(0.19016549030923036, 0.19524559749741488)
1(0.08536700694766153, 0.09041314016508695)
1(0.13080742849689386, 0.13583368040319466)
1(0.07423030898418925, 0.07916501114395502)
1(0.06498575738185641, 0.06990329999503375)
1(0.12016675957251777, 0.12504036295146048)
1(0.07132366582401095, 0.07619553630483034)
1(0.09082594476433314, 0.09567566954275819)
1(0.1237933294578969, 0.12860252952624318)
1(0.1690712888002477, 0.1738792651505071)
1(0.07127316229213365, 0.07607867143595681)
1(0.06148082349256845, 0.06628205238056473)
1(0.07015146856748233, 0.0749368496147349)
1(0.08287179815839985, 0.08756953989252814)
1(0.11425299609887907, 0.11887095074842935)
1(0.1070494288573629, 0.11163550687968626)
1(0.13675775786589128, 0.14131678657736646)
1(0.13967215250186948, 0.14422640338349857)
1(0.11264784910402603, 0.11718560867320915)
1(0.12823588607300118, 0.13269130825351327)
1(0.11484401333549787, 0.11926449543316031)
1(0.06447145408564314, 0.0688788778897631)
1(0.1517104250132807, 0.15611499862792544)
1(0.06290984793753773, 0.06728200578465315)
1(0.14688338601917472, 0.15125350589624265)
1(0.14318005612445772, 0.14742467417326832)
1(0.11904766325501692, 0.12325711803488393)
1(0.06776426598679042, 0.07195339761155839)
1(0.12143616667512558, 0.12562272687915277)
1(0.11289110574863814, 0.1170432416511289)
1(0.07834877981313115, 0.08248841317669153)
1(0.09521242331525803, 0.09932275110148514)
1(0.06365947451711962, 0.06776367902633351)
1(0.06578494499308185, 0.0698578032250613)
1(0.13731060069006673, 0.14137645089677975)
1(0.06928007071301201, 0.07333144037365746)
1(0.07503522586321199, 0.07907639120860321)
1(0.07505457804066462, 0.07907677579618988)
1(0.09018944883709212, 0.09420186095960403)
1(0.121424624031792, 0.1254085767494334)
1(0.0649864068888385, 0.06895169586131611)
1(0.13241711714670634, 0.13634879580576853)
1(0.0803667273782398, 0.08421249470525938)
1(0.125577915702774, 0.12941671686361145)
1(0.12107458759694523, 0.1247949496703854)
1(0.15142910377011498, 0.15512930435720074)
1(0.15761582988094958, 0.1612488187669947)
1(0.06958724777264114, 0.07321386390371354)
1(0.08125810333621242, 0.08487619315835515)
1(0.08048981383555087, 0.0840496117260443)
1(0.07244888923421988, 0.07597065392317348)
1(0.07560435960332768, 0.07907639120860321)
1(0.13792962871148018, 0.14137645089677975)
1(0.05897380643703076, 0.062356427335919506)
1(0.07948692243542987, 0.0827888330810671)
1(0.09019325200216055, 0.09345314902234336)
1(0.15149294072055308, 0.1547389977795096)
1(0.06568989110576517, 0.0688788778897631)
1(0.12233236679557258, 0.1255078727463479)
1(0.07396070857526804, 0.07711322030517653)
1(0.06573993810210055, 0.0688788778897631)
1(0.09027353829592688, 0.09335922896658899)
1(0.09509182544467576, 0.0981767860794669)
1(0.09047676533248217, 0.09354731555754936)
1(0.13477705133099815, 0.13782949981323744)
1(0.11866401215866529, 0.12167771972689378)
1(0.08402776447014915, 0.08701321347946311)
1(0.10181746669811664, 0.10476379269555913)
1(0.07298704027509828, 0.07593081817560976)
1(0.14299935554856114, 0.14593807327000707)
1(0.13667205945251015, 0.13959909387565972)
1(0.12280503986941871, 0.12562272687915277)
1(0.10415563810013351, 0.10696674384790061)
1(0.09371175988187597, 0.09648383375405634)
1(0.08722423040775751, 0.08992572838488655)
1(0.10740270354086079, 0.11009897242862798)
1(0.07842447336896397, 0.08111856793518579)
1(0.0802538325938742, 0.08294163419277722)
1(0.12309664021613376, 0.12562272687915277)
1(0.1130260489070567, 0.11554594769465454)
1(0.1393546910371507, 0.14185336133706983)
1(0.15198872360743032, 0.15448155817403897)
1(0.1216517586109509, 0.12410247931336371)
1(0.08594277441820619, 0.08835188482415557)
1(0.14629351363966203, 0.14865364225191158)
1(0.06465763254825663, 0.06701350852975863)
1(0.12799010794423749, 0.13034226618805378)
1(0.13339963932416155, 0.13572982789279442)
1(0.07064024445881989, 0.07296212267544044)
1(0.11731204261519024, 0.11962901934606451)
1(0.0794327190847185, 0.08171900653890163)
1(0.0752903397608965, 0.07754489655554908)
1(0.12887552825024484, 0.13112944064265541)
1(0.1534225945642117, 0.15565199442704092)
1(0.09811203587791073, 0.10030180775108655)
1(0.11611249785053679, 0.11828360641947033)
1(0.06901529301195819, 0.07117229763379607)
1(0.08964257289038613, 0.0917781531930344)
1(0.12756677278005502, 0.1296757449673056)
1(0.08678202466530371, 0.08885944616672226)
1(0.0796915346567475, 0.08176003575539648)
1(0.08400555087944017, 0.08598761823040091)
1(0.14137498760168743, 0.14333819260296266)
1(0.14340640158735984, 0.14533958453956808)
1(0.1487703891714347, 0.15068808021940727)
1(0.12248463942675814, 0.12439279363220945)
1(0.1483703807151504, 0.15027030442317957)
1(0.12190308621020696, 0.1237796596179459)
1(0.1341085138861744, 0.13596218406598826)
1(0.15383062312957974, 0.15568295543445354)
1(0.1334199853170991, 0.13525071128888655)
1(0.07919072647563008, 0.0810142151339478)
1(0.12884151703683677, 0.1306604867717509)
1(0.16928917008227895, 0.17106638116324213)
1(0.11718552139255645, 0.11895047607205134)
1(0.11111042442346242, 0.11284032608990102)
1(0.1068935767153063, 0.10861841782331605)
1(0.0838845408479374, 0.08556756418427702)
1(0.11056857593405511, 0.11223212746676448)
1(0.09006912389105393, 0.09172143868521754)
1(0.06992576931378536, 0.07155866485657325)
1(0.16129998802617962, 0.1628718202955347)
1(0.13513798797102994, 0.1366985277619046)
1(0.12448789044467279, 0.12603239168322622)
1(0.07336331432425713, 0.0748886404075203)
1(0.1348111393116841, 0.13633347326803258)
1(0.12767993754507467, 0.12918848683577355)
1(0.10245379856906811, 0.10392972064892958)
1(0.09098351864539511, 0.09239377934120996)
1(0.11828647296894157, 0.11962901934606451)
1(0.15511169479654952, 0.156444362684364)
1(0.077164679544795, 0.0784440635157625)
1(0.12839513162977578, 0.12958804414450664)
1(0.11237294089381555, 0.1135391382888572)
1(0.12294096767127638, 0.12410247931336371)
1(0.08805779381870193, 0.08920243745907142)
1(0.07294195204395248, 0.07406330989032417)
1(0.1363873421159052, 0.13750734870825498)
1(0.07805272849982614, 0.07916501114395502)
1(0.1175216822792875, 0.11858813355704212)
1(0.11420045422126879, 0.1152548665645956)
1(0.07218623275011049, 0.07320933097033144)
1(0.11956204909463297, 0.12055163386698864)
1(0.08117935425392497, 0.08210080576791434)
1(0.07481322439235472, 0.07573032106560396)
1(0.14324886536975112, 0.14412051374532608)
1(0.11411494843762171, 0.11494679934612007)
1(0.09618077902437205, 0.09699719464100232)
1(0.12865992049016284, 0.12945465595444228)
1(0.11922125062829314, 0.1200054128808552)
1(0.11874472713464068, 0.1195221325364032)
1(0.14955502036273827, 0.15030446336136016)
1(0.0927417998893888, 0.09345343785920757)
1(0.1266045837094092, 0.1273085528383563)
1(0.1668387708466883, 0.16753660866096298)
1(0.09282185037964841, 0.09351488397354712)
1(0.09607886241107333, 0.09676937203713676)
1(0.13871843596987188, 0.13940515295089495)
1(0.12356256848608571, 0.1242253392659739)
1(0.13739834900619963, 0.13806040902966943)
1(0.09267819629649765, 0.09332830012567395)
1(0.12940037667445126, 0.13004453175606656)
1(0.08182916663089768, 0.08244979948604969)
1(0.08179765747470369, 0.08241767466189376)
1(0.06914459636723214, 0.0697633301135342)
1(0.08445481305656999, 0.08505661633937067)
1(0.08621495940253043, 0.08681129064248838)
1(0.13095044741474815, 0.13150128081888102)
1(0.08285802045296042, 0.08338410360487736)
1(0.06733522460747654, 0.06784613425246322)
1(0.07317125656218038, 0.07364264124613173)
1(0.0667444840326995, 0.06720720215211062)
1(0.08786581229672807, 0.08827214682807594)
1(0.07579884053477859, 0.07613225135644486)
1(0.13114667946853475, 0.13145433798069528)
1(0.07902297730036256, 0.07932583221384926)
1(0.07581094063491955, 0.07607867143595681)
1(0.12900973847020525, 0.12927225634436235)
1(0.07293681651685324, 0.07319293497537438)
1(0.1218840199202561, 0.12213535478944693)
1(0.0754379829692472, 0.07566661277050146)
1(0.06891557641055779, 0.06910363348389137)
1(0.09150312106532277, 0.0916748575337023)
1(0.15882615288300184, 0.15895749172363427)
1(0.1348153155979509, 0.1349310356175969)
1(0.08961287062165568, 0.0897262337445971)
1(0.12754864188357196, 0.12766054658583215)
1(0.12431296673588288, 0.12439279363220945)
1(0.08974418880045676, 0.08981706479295393)
1(0.13088353039567213, 0.13094193636175622)
1(0.15041823790717013, 0.15047374789407653)
1(0.0772560813178712, 0.07728010959101006)
1(0.11870355937801935, 0.11872034932217757)
1(0.12511673872894946, 0.12511817684617843)
0(0.0, inf)
0(0.0, 0.8538700995507058)
0(0.0, 0.6269402605393728)
0(0.0, 0.3585278986854884)
0(0.0, 0.1876749141929136)
0(0.0, 0.1808605220217514)
0(0.0, 0.1662901665581792)
0(0.0, 0.1616166482802709)
0(0.0, 0.15518962904408495)
0(0.0, 0.15420016648590196)
0(0.0, 0.1503721190998657)
0(0.0, 0.14783579185032136)
0(0.0, 0.14491754702410642)
0(0.0, 0.14230351023706467)
0(0.0, 0.14193144496954857)
0(0.0, 0.14085328781324524)
0(0.0, 0.1405205584384801)
0(0.0, 0.13981877963398903)
0(0.0, 0.1372058643926518)
0(0.0, 0.1371884739885021)
0(0.0, 0.13270064519580826)
0(0.0, 0.132488409828169)
0(0.0, 0.13153396203341639)
0(0.0, 0.1311872455101475)
0(0.0, 0.1309865233889861)
0(0.0, 0.1308715202639068)
0(0.0, 0.13013863016174942)
0(0.0, 0.1292769128744411)
0(0.0, 0.12914135710239882)
0(0.0, 0.1287287614568211)
0(0.0, 0.1267931649742685)
0(0.0, 0.12652379353162357)
0(0.0, 0.1264516240906085)
0(0.0, 0.1257882149731815)
0(0.0, 0.1256113469248613)
0(0.0, 0.12491309704355902)
0(0.0, 0.1247024112018228)
0(0.0, 0.1245806352885982)
0(0.0, 0.1243334380974932)
0(0.0, 0.12357443830305626)
0(0.0, 0.12315244568090267)
0(0.0, 0.12288829717774519)
0(0.0, 0.12274068255730397)
0(0.0, 0.12242698327821144)
0(0.0, 0.12197927269687736)
0(0.0, 0.12176814542574033)
0(0.0, 0.12155784984431117)
0(0.0, 0.12136890793378441)
0(0.0, 0.12114626360756486)
0(0.0, 0.12104278156319526)
0(0.0, 0.12067718271234029)
0(0.0, 0.12040591106978393)
0(0.0, 0.12021710040113276)
0(0.0, 0.12020074509109879)
0(0.0, 0.12013948445883416)
0(0.0, 0.11987248306082932)
0(0.0, 0.11980330541882855)
0(0.0, 0.11944945432543164)
0(0.0, 0.11944545311560706)
0(0.0, 0.11929090814966314)
0(0.0, 0.11847202447663774)
0(0.0, 0.11818652525960605)
0(0.0, 0.11817914236937499)
0(0.0, 0.11741554813233568)
0(0.0, 0.1173760310868257)
0(0.0, 0.1172758558078274)
0(0.0, 0.1172097578013711)
0(0.0, 0.1169545177795257)
0(0.0, 0.11681194893170199)
0(0.0, 0.11651836107610203)
0(0.0, 0.1164860910951574)
0(0.0, 0.11647512019480188)
0(0.0, 0.11627972581674395)
0(0.0, 0.1161705589597265)
0(0.0, 0.11547420331696034)
0(0.0, 0.11500833122879683)
0(0.0, 0.11489986922256434)
0(0.0, 0.11486244471356633)
0(0.0, 0.11478639281846625)
0(0.0, 0.11428568905336689)
0(0.0, 0.11413988701960098)
0(0.0, 0.11394627541658042)
0(0.0, 0.11382460146120987)
0(0.0, 0.11365240926636466)
0(0.0, 0.11361958168479114)
0(0.0, 0.11270136451610746)
0(0.0, 0.11230782314350596)
0(0.0, 0.11215457027982967)
0(0.0, 0.11180629656430752)
0(0.0, 0.11164062417317755)
0(0.0, 0.11150056266837294)
0(0.0, 0.11102242087967784)
0(0.0, 0.11101847317571412)
0(0.0, 0.1108909520794571)
0(0.0, 0.11070267060280936)
0(0.0, 0.11053426276957623)
0(0.0, 0.11050287752459187)
0(0.0, 0.11031495884018094)
0(0.0, 0.10993111992906135)
0(0.0, 0.10990502514877476)
0(0.0, 0.10985005157972383)
0(0.0, 0.10955629401823508)
0(0.0, 0.1094737755292825)
0(0.0, 0.10943740975335714)
0(0.0, 0.10929647001720566)
0(0.0, 0.10849304433591234)
0(0.0, 0.10846879512564434)
0(0.0, 0.10842637313521963)
0(0.0, 0.10827120069783835)
0(0.0, 0.10806122085375647)
0(0.0, 0.10789449630838577)
0(0.0, 0.10768169418442308)
0(0.0, 0.10766738429389522)
0(0.0, 0.10708748020637227)
0(0.0, 0.10676033904826054)
0(0.0, 0.10673944446868278)
0(0.0, 0.10671780318501689)
0(0.0, 0.1061638058827502)
0(0.0, 0.10611632991072129)
0(0.0, 0.1060837146735284)
0(0.0, 0.10587213694364961)
0(0.0, 0.1055908882642701)
0(0.0, 0.10556468168179955)
0(0.0, 0.10522292102559516)
0(0.0, 0.10509525077120263)
0(0.0, 0.1049016203274985)
0(0.0, 0.10445695668508925)
0(0.0, 0.10439116878554477)
0(0.0, 0.10438268406745899)
0(0.0, 0.10434047505138644)
0(0.0, 0.10414720747969008)
0(0.0, 0.10414592473552997)
0(0.0, 0.1034806529799247)
0(0.0, 0.10304642024794908)
0(0.0, 0.10302506820964141)
0(0.0, 0.10298187464139341)
0(0.0, 0.10269045841550395)
0(0.0, 0.10238113065940757)
0(0.0, 0.10208307500546332)
0(0.0, 0.10207296066235538)
0(0.0, 0.1020335647099555)
0(0.0, 0.10199591833161026)
0(0.0, 0.10197419193181911)
0(0.0, 0.1017788833815193)
0(0.0, 0.10175666885575607)
0(0.0, 0.10132866381741479)
0(0.0, 0.1011973110033415)
0(0.0, 0.10116484754751898)
0(0.0, 0.10107569091774626)
0(0.0, 0.10086531132831333)
0(0.0, 0.1006833476722172)
0(0.0, 0.10066483377486468)
0(0.0, 0.10065900786129434)
0(0.0, 0.10013878030981771)
0(0.0, 0.10011281331023214)
0(0.0, 0.09952777561944082)
0(0.0, 0.09951664430582274)
0(0.0, 0.09929603019988642)
0(0.0, 0.09926173321303366)
0(0.0, 0.09907627277230424)
0(0.0, 0.09897241972522253)
0(0.0, 0.09887711832992951)
0(0.0, 0.09859306642689802)
0(0.0, 0.0985616795849027)
0(0.0, 0.09837069345323202)
0(0.0, 0.09834398035827152)
0(0.0, 0.09810049217129513)
0(0.0, 0.0980253787669293)
0(0.0, 0.09779006660716794)
0(0.0, 0.09762643150819694)
0(0.0, 0.09762275435475365)
0(0.0, 0.09748239943963255)
0(0.0, 0.09741586173183747)
0(0.0, 0.09724522742710884)
0(0.0, 0.0972159720939354)
0(0.0, 0.09704200557945097)
0(0.0, 0.09680393011103883)
0(0.0, 0.0968014415774795)
0(0.0, 0.09612980517345882)
0(0.0, 0.09605295567185701)
0(0.0, 0.09596345435454212)
0(0.0, 0.09593746866818975)
0(0.0, 0.09538038413217687)
0(0.0, 0.09508601114526993)
0(0.0, 0.09493564341544647)
0(0.0, 0.09460281405392246)
0(0.0, 0.09452807633765403)
0(0.0, 0.09442411382900928)
0(0.0, 0.09435168093094559)
0(0.0, 0.09423939006097026)
0(0.0, 0.0941800999394744)
0(0.0, 0.09410851005889531)
0(0.0, 0.09386436472109727)
0(0.0, 0.0937724200579172)
0(0.0, 0.09362763618567893)
0(0.0, 0.09349082537475428)
0(0.0, 0.0934738394490332)
0(0.0, 0.09340043550104948)
0(0.0, 0.09319858490439337)
0(0.0, 0.09291715496499742)
0(0.0, 0.09291149106480212)
0(0.0, 0.0927895559807641)
0(0.0, 0.09230495245780523)
0(0.0, 0.09207930762272709)
0(0.0, 0.09181353716498641)
0(0.0, 0.09160804274806356)
0(0.0, 0.09160094677897801)
0(0.0, 0.09110367407137876)
0(0.0, 0.09092060455922124)
0(0.0, 0.0905930527046025)
0(0.0, 0.09051257689966663)
0(0.0, 0.09045760227971344)
0(0.0, 0.09044629121017111)
0(0.0, 0.09029515595604254)
0(0.0, 0.0902819896076742)
0(0.0, 0.09026716223885278)
0(0.0, 0.08942195550358834)
0(0.0, 0.0885085339976931)
0(0.0, 0.08823774723973576)
0(0.0, 0.08793981328938671)
0(0.0, 0.0877850348110446)
0(0.0, 0.08742809498303183)
0(0.0, 0.0870637926821406)
0(0.0, 0.08699408855526747)
0(0.0, 0.08696378389624315)
0(0.0, 0.0868125989486982)
0(0.0, 0.08664676503732771)
0(0.0, 0.08648706159243702)
0(0.0, 0.08642839782955547)
0(0.0, 0.08629007069731198)
0(0.0, 0.08598596353949628)
0(0.0, 0.08594041028787669)
0(0.0, 0.0859178043079355)
0(0.0, 0.08574532486056152)
0(0.0, 0.08574247585563255)
0(0.0, 0.0857054916510247)
0(0.0, 0.08548282257958617)
0(0.0, 0.08534838388866517)
0(0.0, 0.08509151555554262)
0(0.0, 0.08489469833431129)
0(0.0, 0.0848574359330192)
0(0.0, 0.08463216961308517)
0(0.0, 0.08445713733224336)
0(0.0, 0.08443922435813322)
0(0.0, 0.08436945938293372)
0(0.0, 0.0843519239146433)
0(0.0, 0.08414911376128287)
0(0.0, 0.08357644963195232)
0(0.0, 0.08353235433520867)
0(0.0, 0.08350234383549471)
0(0.0, 0.08348750764644197)
0(0.0, 0.08319338344700011)
0(0.0, 0.08315618895676047)
0(0.0, 0.08283285696712817)
0(0.0, 0.08265058853252238)
0(0.0, 0.08192577380074628)
0(0.0, 0.0817245676361873)
0(0.0, 0.08155050523255902)
0(0.0, 0.08147263424004636)
0(0.0, 0.0809891160063747)
0(0.0, 0.08041762315596956)
0(0.0, 0.08033654141330449)
0(0.0, 0.08027292952583898)
0(0.0, 0.08012271281157934)
0(0.0, 0.0800405467796933)
0(0.0, 0.07986909458732427)
0(0.0, 0.07963562682746961)
0(0.0, 0.07941624228401245)
0(0.0, 0.07938276320586068)
0(0.0, 0.07927877459531696)
0(0.0, 0.07923981151074999)
0(0.0, 0.07888777668553959)
0(0.0, 0.07849104741028656)
0(0.0, 0.07843325190536088)
0(0.0, 0.07830506124716807)
0(0.0, 0.07801030022352917)
0(0.0, 0.07795096546709024)
0(0.0, 0.07769358029603612)
0(0.0, 0.07654709120154624)
0(0.0, 0.07625440408380924)
0(0.0, 0.0761018721777521)
0(0.0, 0.07608380128587744)
0(0.0, 0.07601420754466759)
0(0.0, 0.07573407753245232)
0(0.0, 0.0753914679033727)
0(0.0, 0.07531852560026986)
0(0.0, 0.07525251043291248)
0(0.0, 0.07516506892197583)
0(0.0, 0.07465002718451808)
0(0.0, 0.07453794686072657)
0(0.0, 0.07445376550164351)
0(0.0, 0.07426809116189892)
0(0.0, 0.07367845707205234)
0(0.0, 0.07326458470334918)
0(0.0, 0.07301241441013517)
0(0.0, 0.07268330734790562)
0(0.0, 0.07246742612540402)
0(0.0, 0.07217851410672649)
0(0.0, 0.07206206911287649)
0(0.0, 0.07191183469486528)
0(0.0, 0.07164756137605732)
0(0.0, 0.07141632838931455)
0(0.0, 0.07104692565086967)
0(0.0, 0.0710078988304268)
0(0.0, 0.07091284587969315)
0(0.0, 0.07075399585199149)
0(0.0, 0.07053655933058767)
0(0.0, 0.07027315472784479)
0(0.0, 0.07008656400122237)
0(0.0, 0.07006686801054784)
0(0.0, 0.07000656775513148)
0(0.0, 0.07000176816842452)
0(0.0, 0.06998643957098383)
0(0.0, 0.06976087621576421)
0(0.0, 0.06935246734367961)
0(0.0, 0.06934132960635997)
0(0.0, 0.0692714237629708)
0(0.0, 0.06913245759125708)
0(0.0, 0.06907805631275843)
0(0.0, 0.06902357548247251)
0(0.0, 0.06891346623872774)
0(0.0, 0.06875717983250862)
0(0.0, 0.06866213022246126)
0(0.0, 0.06783885744041585)
0(0.0, 0.06748432144947691)
0(0.0, 0.0671854606035227)
0(0.0, 0.06712859545226835)
0(0.0, 0.0670465512180356)
0(0.0, 0.06680149862786489)
0(0.0, 0.06668907125740331)
0(0.0, 0.0663581464185119)
0(0.0, 0.06618837601258543)
0(0.0, 0.06614293293721152)
0(0.0, 0.066137767308037)
0(0.0, 0.06606021887751734)
0(0.0, 0.06598464697664486)
0(0.0, 0.06587204395839474)
0(0.0, 0.06503222729323488)
0(0.0, 0.0647023543888342)
0(0.0, 0.06449180562254953)
0(0.0, 0.06436421311380869)
0(0.0, 0.0643613528204765)
0(0.0, 0.06418176349473625)
0(0.0, 0.06398574193434425)
0(0.0, 0.06389667436892243)
0(0.0, 0.06384063831032594)
0(0.0, 0.06382727857024528)
0(0.0, 0.0638142858811489)
0(0.0, 0.0627446225943814)
0(0.0, 0.06265792983703944)
0(0.0, 0.06236565460937127)
0(0.0, 0.0622724207671288)
0(0.0, 0.06227083132055189)
0(0.0, 0.06216285412462563)
0(0.0, 0.06192995965555892)
0(0.0, 0.06171000933112525)
0(0.0, 0.06168125284369064)
0(0.0, 0.06165238248916116)
0(0.0, 0.06162047042144436)
0(0.0, 0.06146684736964181)
0(0.0, 0.06058349429049259)
0(0.0, 0.060410675128669156)
0(0.0, 0.06040541125931498)
0(0.0, 0.06009346323101428)
0(0.0, 0.0600545328458606)
0(0.0, 0.0599848635525535)
0(0.0, 0.05992611250067925)
0(0.0, 0.059642136006978874)
0(0.0, 0.059328778820217365)
0(0.0, 0.05927317248971964)
0(0.0, 0.05912868092126422)
0(0.0, 0.058753203577758484)
0(0.0, 0.05870936837959628)
0(0.0, 0.058544939880068925)
0(0.0, 0.058460685141991875)
0(0.0, 0.05844986033645816)
0(0.0, 0.058227052273420066)
0(0.0, 0.0580553571738841)
0(0.0, 0.058041631454701426)
0(0.0, 0.057825538228110096)
0(0.0, 0.05756111278844167)
0(0.0, 0.05742708490142534)
0(0.0, 0.05711766371303628)
0(0.0, 0.057103864099944945)
0(0.0, 0.056922015085168365)
0(0.0, 0.05614578096363565)
0(0.0, 0.05612830199690344)
0(0.0, 0.05587458185005023)
0(0.0, 0.05586496450366896)
0(0.0, 0.055849536699461466)
0(0.0, 0.05575623897260451)
0(0.0, 0.055706806648125995)
0(0.0, 0.055690482001003794)
0(0.0, 0.05566164472910995)
0(0.0, 0.05545897311201431)
0(0.0, 0.05501941164872848)
0(0.0, 0.054795068245540035)
0(0.0, 0.05470407259756571)
0(0.0, 0.054513880898615086)
0(0.0, 0.05444650339019996)
0(0.0, 0.054433650083894336)
0(0.0, 0.054023160993331376)
0(0.0, 0.05387805585283734)
0(0.0, 0.05375605036932951)
0(0.0, 0.053524740557261086)
0(0.0, 0.05352164199138454)
0(0.0, 0.053150741604823915)
0(0.0, 0.052964240890227776)
0(0.0, 0.05258883409773785)
0(0.0, 0.052153807594460755)
0(0.0, 0.05194315297334884)
0(0.0, 0.0518923595197166)
0(0.0, 0.05168054244167308)
0(0.0, 0.0514898609662886)
0(0.0, 0.05106274120282439)
0(0.0, 0.05102145933852287)
0(0.0, 0.04961890981729289)
0(0.0, 0.04951332091092575)
0(0.0, 0.04934522457503843)
0(0.0, 0.048390533681225034)
0(0.0, 0.04811958787850246)
0(0.0, 0.04765242942072023)
0(0.0, 0.045961795353990476)
0(0.0, 0.04294857273707953)
0(0.0, 0.04257506574457581)
0(0.0, 0.04121029759348649)
0(0.0, 0.0400657927194733)
0(0.0, 0.032727115979185206)
0(0.0, 0.02810249247228569)
0(0.0, 0.01881783076276844)
0(0.0, 0.003869772316000608)
0(0.0, 0.0012007210708944172)
