1(0.2898734893710906, 0.39814561163482687)
1(0.3796387159198197, 0.4758051129412917)
1(0.27951887391141994, 0.3689491112859752)
1(0.29404912791234483, 0.37559545089891977)
1(0.21083668581147696, 0.2866606361902637)
1(0.2732846910428497, 0.34902449764504206)
1(0.270102460421888, 0.3448480253336662)
1(1.098156532551783, 1.1663851045905367)
1(0.3646689635714302, 0.4289798940546322)
1(0.32286470718129634, 0.38635343627802177)
1(0.20819365062107542, 0.27152327784798813)
1(0.26091925059387944, 0.3227917937950384)
1(0.2676780843288117, 0.3289611259945665)
1(0.2672268694555582, 0.3283844185271656)
1(0.2847090042340197, 0.34578202115477863)
1(0.27790815807799696, 0.33795282148193695)
1(0.26425097398014186, 0.3234260976332787)
1(0.2985142867813302, 0.35685328869023447)
1(0.3520726957600333, 0.41023344201747625)
1(0.2753761020625515, 0.33320630829403897)
1(0.2458942663869349, 0.3036987054511908)
1(0.27955141042829224, 0.3367767479274575)
1(0.2573671043584774, 0.31372100428643357)
1(0.3077146077052264, 0.3633474640431701)
1(0.22709165648743568, 0.2801470559581004)
1(0.2532074023685019, 0.3054217533655106)
1(0.2115860480750439, 0.26292024002972036)
1(0.2900608766149918, 0.3413637643348103)
1(0.28342130556738876, 0.3344019604638989)
1(0.2757317638824309, 0.32645565288495715)
1(0.24005566323826255, 0.29014746136851677)
1(0.27734548719605123, 0.327288704573126)
1(0.2298743819752197, 0.27959446317076464)
1(0.29640670093929344, 0.34598268484353223)
1(0.2971311572812756, 0.3466262875735452)
1(0.2510567460488836, 0.29995636654536406)
1(0.26832939789815957, 0.31721931701177175)
1(0.30919484147503296, 0.3575532602346121)
1(0.2789628027645127, 0.3270982682392647)
1(0.25364323648802833, 0.3017192788515495)
1(0.22789573184706702, 0.2750060568127587)
1(0.2853092766172085, 0.33215008637039933)
1(0.35560958385513297, 0.40203065522500114)
1(0.37326451407746, 0.4193380489222607)
1(0.2728126673394855, 0.3187782249955925)
1(0.29344502385693594, 0.33925252386548777)
1(0.3383177070344833, 0.38386268630066656)
1(0.2544692454226001, 0.2996926900946564)
1(0.273463174807532, 0.31812791493550485)
1(0.25850372383511544, 0.30306092214027625)
1(0.34733883229845386, 0.3915655384297172)
1(0.3194363999953532, 0.3633474640431701)
1(0.2295569376262837, 0.27319213993068436)
1(0.28217817143787316, 0.32579712760808455)
1(0.22844757479490918, 0.27204451323314405)
1(0.29442531289244034, 0.33760730947150686)
1(0.30037328447446476, 0.34345559326763153)
1(0.30121944862496375, 0.3440578495901291)
1(0.2363528405648826, 0.27902804798227343)
1(0.26273749790479706, 0.3051966300977893)
1(0.33527308850343795, 0.3774935631685822)
1(0.37654494857207055, 0.41854326067023384)
1(0.3160128147967486, 0.35770077366154107)
1(1.1121390832202134, 1.1538201126701662)
1(0.28308339359930346, 0.3246676085633723)
1(0.24256997914489942, 0.2839181050929761)
1(0.24187372344581903, 0.28311461029073803)
1(0.3310509769687411, 0.3722804292958416)
1(0.2743057417792557, 0.31497682755382317)
1(0.2704555249711452, 0.3110751313543746)
1(0.3873258877125303, 0.4278377547354929)
1(0.2670123556063442, 0.3074492959222649)
1(0.28496946333304474, 0.3252625160841949)
1(0.34578386386078475, 0.38591862203965577)
1(0.2696885706562483, 0.30961003339854043)
1(0.22528535954208728, 0.2647716099528624)
1(0.4194387623934739, 0.45885856681383175)
1(0.48544734462683814, 0.5247478257552702)
1(0.36011508816468996, 0.3993328192390476)
1(0.3427041501339495, 0.3817415148313058)
1(0.2566445614202024, 0.29561181137838044)
1(0.2822532033473928, 0.32120414610877257)
1(0.28757084849874415, 0.32638582411351635)
1(0.29564140185398846, 0.33438510146162936)
1(0.27781123539675534, 0.31643324221516167)
1(0.22306106103762835, 0.26164661053343496)
1(0.27440369246682694, 0.3129573457167303)
1(0.22038519667602008, 0.25892765301415155)
1(0.2785005725358696, 0.31699922883713383)
1(0.2545576404373461, 0.2929924053315902)
1(0.25015226942601243, 0.28849091239642277)
1(0.2337085789857497, 0.2717666003967357)
1(0.3679219848787272, 0.40580151482003246)
1(0.39210790814632424, 0.42996292134821046)
1(0.2686356976014689, 0.30640058601974085)
1(0.26336484638543267, 0.30109959906308714)
1(0.26133290757896444, 0.2988071694393689)
1(0.42508885992329215, 0.4619838700167711)
1(0.2557214634681456, 0.29255252718883873)
1(0.3125601690891502, 0.3491969200957499)
1(0.2923725615219699, 0.329002299068645)
1(0.2697023954575778, 0.30619617738412075)
1(0.28081417508683437, 0.31702896746971776)
1(0.37459038670717737, 0.41074037332151503)
1(0.32802275140447457, 0.36416309688939086)
1(0.145913479794318, 0.1820386052621773)
1(0.2866292820667181, 0.3226407314544766)
1(0.3032711930287977, 0.33925252386548777)
1(0.26237242600007193, 0.2983327087194223)
1(0.2624930562215525, 0.2983786466203284)
1(0.24132824228659644, 0.2763173748573935)
1(0.25271450666967943, 0.2876545638888165)
1(0.34090088584783895, 0.3757922435861042)
1(0.28910408083092765, 0.32398690878352376)
1(0.26479514095349665, 0.29943643915872786)
1(0.3742869693885794, 0.4088696396689575)
1(0.2899807705116759, 0.32450958005618813)
1(0.2866666137540529, 0.3210871143289197)
1(0.30050384042162037, 0.3349162113018812)
1(0.29645205602460434, 0.33026540440063334)
1(0.364418088988111, 0.39814561163482687)
1(0.3071843261694067, 0.34073355047140363)
1(0.26825631126052396, 0.3017192788515495)
1(0.2812419895832132, 0.3145978379141887)
1(0.2843404747921263, 0.3175723062928073)
1(0.27234889946955376, 0.3055272511331877)
1(0.37853025526247464, 0.41163327415077033)
1(0.2724299923038592, 0.30545289124319586)
1(0.23104408100376095, 0.263880615228567)
1(0.21731426558394984, 0.24972097643593272)
1(0.32830249992596927, 0.3603209596943119)
1(0.2001368722193524, 0.23204371323553474)
1(0.2633409647285294, 0.295044366299948)
1(0.3215329159721627, 0.35280676195477767)
1(0.31685570323392787, 0.3481023545311279)
1(0.31457721255205306, 0.34576387221822324)
1(0.30894432097785096, 0.34011737102666306)
1(0.3160794035463489, 0.3470686943273025)
1(0.30936599948612076, 0.34029978954511575)
1(0.32561224991104554, 0.35649010697846817)
1(0.29973075365029755, 0.3303439031609575)
1(0.2878636961450367, 0.3184333699632822)
1(0.2410144258061364, 0.2714787897579273)
1(0.33230981528922876, 0.3626903660262035)
1(0.27198773592040104, 0.30234174348250387)
1(0.28564970768229936, 0.3159192217588256)
1(0.2770642714437943, 0.30714170405583496)
1(0.23909507199284674, 0.26907417011363366)
1(0.29128480402060963, 0.32117900003552124)
1(0.2772715726754945, 0.3071403236926017)
1(0.2688058989626867, 0.29864430874530057)
1(0.24675129362402937, 0.2765669566615033)
1(0.3227767813675928, 0.3522999154804659)
1(0.33524789611284933, 0.3647483650016454)
1(0.2555324730862629, 0.28499747218911553)
1(0.24458245214079255, 0.2738219972053897)
1(0.3787488794981193, 0.4079291464564141)
1(0.2810788157687897, 0.3101976643761992)
1(0.25250458386946373, 0.28150384517865557)
1(0.3243545697456849, 0.3533521597985555)
1(0.2908234425780294, 0.31970063329603926)
1(0.2641402423336021, 0.29296483359484116)
1(0.30137449135847105, 0.3299151720225627)
1(0.29099928106625617, 0.3193656010459821)
1(0.2692289075948022, 0.29748821639342304)
1(0.3371373406015946, 0.36527248620164143)
1(0.3419520436006248, 0.37001829235592065)
1(0.2743740519934079, 0.30234174348250387)
1(0.4690622055023542, 0.4970172582109501)
1(0.299519332734156, 0.3274475019031955)
1(0.2804861119412305, 0.308403223535166)
1(0.27840205912013893, 0.3060754436620524)
1(0.2937521382399435, 0.3214109389344578)
1(0.34395027994386895, 0.3714929686213979)
1(0.276606401571895, 0.3041328484326261)
1(0.2550546924698377, 0.28214474337071604)
1(0.33241915715973425, 0.3594971251285983)
1(0.37181564276154067, 0.39886333544693386)
1(0.29875239508014206, 0.32577530054121806)
1(0.2756167603435211, 0.30260775189148525)
1(0.23018925753246866, 0.25705906592032235)
1(0.36348139266729473, 0.39014342825405124)
1(0.2341331705744284, 0.26067738570615606)
1(0.2361126591838597, 0.2625457620392364)
1(1.1377284601717554, 1.1640725292908702)
1(0.27120006823522047, 0.29748821639342304)
1(0.2566855319909539, 0.2828391351089996)
1(0.22194766955013934, 0.2479527854337913)
1(0.2456704473874013, 0.2716682098145974)
1(0.36086499428364216, 0.3865187090351232)
1(0.3688451868938917, 0.39446032708695367)
1(0.2392606062240088, 0.2644869166332334)
1(0.22219355734433843, 0.24733492131578394)
1(0.29629446026468365, 0.32141360164090704)
1(0.2601631946954128, 0.28499747218911553)
1(0.24222427952871728, 0.26700842286184656)
1(0.28928565593466227, 0.31371989802993017)
1(0.3195983828800758, 0.34400455754702286)
1(0.26092511967039744, 0.28499747218911553)
1(0.36366839507542625, 0.38768425842347853)
1(0.227988278531706, 0.2518182908972364)
1(0.23838657570871968, 0.26216052439114235)
1(0.2660618152417955, 0.28982505063442954)
1(0.27258120131964203, 0.29632386995503646)
1(0.2837731934796739, 0.3074337790568503)
1(0.2574566250056437, 0.28094115524701535)
1(0.3725985921352182, 0.39594637052931847)
1(0.3207897466663905, 0.34389920884738634)
1(0.31243042008891564, 0.3355328965087504)
1(0.3191634518958658, 0.3421928512583077)
1(0.30021964258743583, 0.3229920716543907)
1(0.34151664141010085, 0.36415553932004296)
1(0.2920970417130244, 0.3145180040244623)
1(0.3273736971666402, 0.3497153398891123)
1(0.2540510499068681, 0.27606812369256317)
1(0.23758016442864915, 0.2595550875310946)
1(0.2885287341748506, 0.3103633746548078)
1(0.3513558356760844, 0.37315925987417)
1(0.2712041479244729, 0.2929573822428364)
1(0.30304117686759424, 0.32475120242608047)
1(0.2899916159658037, 0.31158447388994925)
1(0.28576271517142304, 0.30721295604587795)
1(0.2741829352939238, 0.2954584053548982)
1(0.3004785368805999, 0.3216785786539881)
1(0.32165209698328445, 0.3427744132744045)
1(0.2655636268668403, 0.28662052569664087)
1(0.3625673830093904, 0.38361727376405397)
1(0.27540078814931956, 0.29632386995503646)
1(0.2974847208966087, 0.31828775061560455)
1(0.2715681003293299, 0.2923690358166041)
1(0.25700856026968677, 0.2776959718954347)
1(0.25940144334626436, 0.2799352223189485)
1(0.408578544266438, 0.42885990647094774)
1(0.33716403195157707, 0.3568981071047478)
1(0.2776098859101368, 0.29724448821648397)
1(0.27945628096841546, 0.2987138170481638)
1(0.2702547817150902, 0.2894405838680939)
1(0.2805392577591772, 0.29943643915872786)
1(0.3109524227737329, 0.3298006917438734)
1(0.3246053076876053, 0.3434372220642564)
1(0.27787135303798216, 0.2966570189153027)
1(0.3064914150496244, 0.3252625160841949)
1(0.1994708863639153, 0.21809721093628687)
1(0.24523104759674696, 0.2637981105014391)
1(0.27768878608157455, 0.2961880684393414)
1(0.2572937803549038, 0.2757424950419932)
1(0.3279533512627989, 0.34631960367944303)
1(0.2636204237235066, 0.2819558079304495)
1(0.37435439887263333, 0.39264125875312506)
1(0.3303211092350593, 0.3484295984758844)
1(0.27532614937787225, 0.29337154609886695)
1(0.38681423874020016, 0.4047697126373868)
1(0.3093586287276502, 0.32719190403690024)
1(0.3166284202605827, 0.3344256658940925)
1(0.47422051752669825, 0.49194371570861595)
1(0.31077279324759766, 0.32848826684545107)
1(0.31740851243552926, 0.33511380494443177)
1(0.2933406046637397, 0.310987542999167)
1(0.22614678254059695, 0.24356200056199384)
1(0.2998369752461293, 0.31721931701177175)
1(0.4617021816233726, 0.4790403977641451)
1(0.36161749438254076, 0.37887109815768694)
1(0.32779257639227366, 0.34504215855956477)
1(0.31523882497691613, 0.33235175797735916)
1(0.3445926010817467, 0.36169612284592634)
1(0.2608219390212476, 0.2778743590202476)
1(0.244648040098278, 0.26164661053343496)
1(0.2407616934899376, 0.2576378013102566)
1(0.3329621673732097, 0.3497153398891123)
1(0.2904518576144445, 0.30714170405583496)
1(0.32945544082896905, 0.3461323009094932)
1(0.24005067917967193, 0.2566574796900466)
1(0.3227677154237697, 0.339245086480609)
1(0.37523739768379405, 0.3915209792828481)
1(0.3125275213297972, 0.32880193585003126)
1(0.285799284633966, 0.3019520509889164)
1(0.2905534515277506, 0.3065188634632625)
1(0.3327039108661327, 0.34821529382078664)
1(0.44908746897649177, 0.4645689922923907)
1(0.4020474219790203, 0.41751148734371635)
1(0.2695192645318435, 0.2849800129996599)
1(0.397433231812262, 0.4128366228617175)
1(0.31869171511279604, 0.3339608766167651)
1(0.3416888261682257, 0.356679329877732)
1(0.2509248860304195, 0.26585225443874705)
1(0.33411121582385106, 0.34899966617247236)
1(0.32003336248417724, 0.33480565083167235)
1(0.331106366300711, 0.34578202115477863)
1(0.22337887449287686, 0.23775305710652594)
1(0.3700085348328752, 0.38429937825418403)
1(0.27098516545990303, 0.28527379542225617)
1(0.274346797583105, 0.28861950890726007)
1(0.2296570775537904, 0.2437472260699315)
1(0.2725852016233886, 0.2864401330414241)
1(0.41089564394735467, 0.42472082932517463)
1(0.2591846633081779, 0.27282012389844845)
1(0.2674565023047112, 0.28107507490452055)
1(0.25255855106248093, 0.2661680905291155)
1(0.3324110527761601, 0.34601784388577284)
1(0.2894978347801648, 0.30310104679305994)
1(0.33440795283211977, 0.3478601766643653)
1(0.27055931083914175, 0.28397253235571795)
1(0.35891827019320055, 0.37231781254519025)
1(0.21615448334652776, 0.2295524066740674)
1(0.2958383735115182, 0.30922344876899455)
1(0.3315625390473037, 0.3449182553806752)
1(0.23555198643424835, 0.24886849734572325)
1(0.26697523188208827, 0.28017605558813674)
1(0.24283262414375428, 0.2560329242279533)
1(0.2676154250130741, 0.28061146442275997)
1(0.38770488956232596, 0.40065681093015104)
1(0.45703563877869857, 0.46997395455026747)
1(0.3031366572597417, 0.316064950243648)
1(0.16137084270896096, 0.174281998433496)
1(0.2587713832401001, 0.2716427308935042)
1(0.20202092233656, 0.21489083875070314)
1(1.1474848790794745, 1.1602954686768006)
1(0.2637194275064907, 0.27647014759879884)
1(0.27707040507458913, 0.289801814641802)
1(0.3164538047643448, 0.3290358877764663)
1(0.26248614044678364, 0.2749611265288744)
1(0.2734990372356275, 0.2858031856443154)
1(0.2656268002446195, 0.2778743590202476)
1(0.058185888209680514, 0.07038404885295546)
1(0.33072175632487366, 0.3428901734368852)
1(0.24813530921507176, 0.2602273227894679)
1(0.32095327276760965, 0.33297394186472107)
1(0.30732184297452203, 0.3192790643409884)
1(0.33315203733937615, 0.34509282591793355)
1(0.3010540370606447, 0.3129573457167303)
1(0.32845529074864777, 0.3403575687314425)
1(0.04639149858774283, 0.058030325309453956)
1(0.2504658222989805, 0.2619815378538495)
1(0.3296746323697701, 0.3411051216829235)
1(0.26140782836660326, 0.2727815257455891)
1(0.22740549586035386, 0.23874383458835102)
1(0.41128882004953804, 0.4225208144342679)
1(0.29801772033873664, 0.309249351046457)
1(0.3286284799837479, 0.33984611903018647)
1(0.3094858764500904, 0.3206150526587349)
1(0.2953657599547692, 0.30640058601974085)
1(0.30252981466158024, 0.31350814471520183)
1(0.35663189519445415, 0.3675750160435106)
1(0.05947702810933153, 0.07038404885295546)
1(0.23776495152154453, 0.24863786321029524)
1(0.32386642902338425, 0.33472562357896496)
1(0.3214689639700443, 0.332304007948369)
1(0.28439908262445956, 0.2951988842935077)
1(0.23717862661096734, 0.2479527854337913)
1(0.23868234604779848, 0.24941692786404468)
1(0.34427158493813703, 0.3549235376335005)
1(0.300131922494281, 0.31076745799946737)
1(0.3249780561416069, 0.3355328965087504)
1(0.04425366313499002, 0.054756358417211826)
1(0.2636950706817418, 0.2741915665204996)
1(0.3267815017891862, 0.33719428410194585)
1(0.3878226012736412, 0.39814561163482687)
1(0.04975047431777435, 0.060023735497327646)
1(0.367708173581646, 0.3779404613482408)
1(0.2636113440399144, 0.2738219972053897)
1(0.2923317597440619, 0.3024769123130091)
1(0.35718584071041315, 0.367322864368545)
1(0.271064439126649, 0.28118400701317514)
1(0.29509536932644487, 0.3051807323513368)
1(0.28988360505963917, 0.29992595888549467)
1(0.36945029909715843, 0.3793892875534387)
1(0.23581707921934958, 0.24558288715504106)
1(0.2239894867481783, 0.23369786259009873)
1(0.04451855184624853, 0.05415210088178046)
1(0.04455161475798286, 0.05415210088178046)
1(0.2968513852396748, 0.3064372310610307)
1(0.26706601895307824, 0.2766210211263114)
1(0.294487477695086, 0.30386604900948555)
1(0.2708370277139359, 0.28017605558813674)
1(0.24661395787751172, 0.25590469870225996)
1(0.29377742725115596, 0.30306092214027625)
1(0.2364347845879763, 0.24563584701401553)
1(0.3355149339674618, 0.3446923965129257)
1(0.25633496525640176, 0.2654837916448739)
1(0.28486508524503773, 0.29399473014652966)
1(0.3073120927583919, 0.31643324221516167)
1(0.23668887524655746, 0.24578649786968343)
1(0.3515087196391298, 0.3605805601126817)
1(0.05383016009107455, 0.06289717810553852)
1(0.34998794945878675, 0.35897651794550356)
1(0.250581904188112, 0.259412848793924)
1(0.051573998490223705, 0.06031777614373013)
1(0.28051866080771704, 0.28922788148374745)
1(0.23692150429665393, 0.24558288715504106)
1(0.3395609927442862, 0.34818401559895773)
1(0.2730695345630171, 0.2815275317496051)
1(0.28253079828567906, 0.29098698176642335)
1(0.289147060210597, 0.2975759794113051)
1(0.2518345862047062, 0.26020188984850723)
1(0.3054946141170658, 0.31374399883144943)
1(0.40934597147370866, 0.4175222319635742)
1(0.2766055247154503, 0.2847648058562029)
1(0.27488512224322337, 0.2830387771101952)
1(0.04573493962250674, 0.053682818413849365)
1(0.2948416289767979, 0.30276186549621975)
1(0.3376385474196735, 0.34552027886083925)
1(0.25376939107661556, 0.26164661053343496)
1(0.3309513738516583, 0.33875724290317255)
1(0.27730541960800614, 0.28508615533704196)
1(0.22194158073001768, 0.22959641936303388)
1(0.3659105758335093, 0.37355229548808033)
1(0.07567276534379785, 0.0831788452398019)
1(0.3048359985150073, 0.3123161549465413)
1(0.06689170425299729, 0.07429893558978296)
1(0.29115162618115664, 0.29853818855318837)
1(0.050646794489494606, 0.058001007635459456)
1(0.34792709797474686, 0.35526335684141297)
1(0.28531718264695705, 0.29249857860250106)
1(0.36495966353236875, 0.372134329929544)
1(0.35223838661259366, 0.3593312748923174)
1(0.2457549200463386, 0.2528387264454167)
1(0.260473181759744, 0.2675213077887162)
1(0.2890881551602822, 0.29608781227996117)
1(0.34812634864385605, 0.3550063122085386)
1(0.2766873724069251, 0.28353113171032895)
1(0.04450143168959686, 0.05134004750792909)
1(0.26645060438131674, 0.2732731926986931)
1(0.05286153081572231, 0.05967386116817297)
1(0.061108451522974394, 0.06791935757221523)
1(0.31172136066770695, 0.31847361246613026)
1(0.24200671996643708, 0.24871124033931535)
1(0.04503476107363624, 0.051704858315310576)
1(0.27991681573659366, 0.2865415684570255)
1(0.05511115888313134, 0.061626459498971387)
1(0.3393226187587749, 0.3457796019828492)
1(0.053190299095975724, 0.0596278786752783)
1(0.062311950061619936, 0.06847320676041002)
1(0.05178175743697966, 0.05788448906595289)
1(0.35577693618337214, 0.36184460255868733)
1(0.3648767157219944, 0.3709224866961033)
1(0.3890290862919632, 0.3950350124454173)
1(0.26357693883759004, 0.2695435255048202)
1(0.35630812492118846, 0.36214438381374014)
1(0.30390400485693003, 0.3096568014641389)
1(0.2643862356074782, 0.27012168352537935)
1(0.058312072501133794, 0.06401703915673584)
1(0.3198331034090781, 0.32548231393419413)
1(0.05489605937545505, 0.060469623927431826)
1(0.05488627697303816, 0.060414901215532946)
1(0.34157461988994764, 0.34709042213084185)
1(0.33827645048674326, 0.34356547402544635)
1(0.38653690285249265, 0.3918127346366389)
1(0.28723080725740635, 0.29249857860250106)
1(0.25937293143938633, 0.2644869166332334)
1(0.4550388724818816, 0.4601071473813936)
1(0.053290479912392774, 0.058324577280568835)
1(0.3073509222612275, 0.3122391014665341)
1(0.0454605739430568, 0.05034758567147879)
1(0.28494536267227855, 0.28982962540886736)
1(0.35663643528030364, 0.3615122871173214)
1(0.336777731841005, 0.34163360118677555)
1(0.3471694975958145, 0.3519981365005246)
1(0.04905241642438174, 0.053880951624896145)
1(0.3651904209936676, 0.36995577963784376)
1(0.24436218309333224, 0.24907049713352747)
1(0.23888156341216382, 0.2435681389257811)
1(0.27612185855576155, 0.2807687999043459)
1(0.36767706820290635, 0.37231781254519025)
1(0.048569542528717924, 0.0531909537165447)
1(0.06578815899844404, 0.07037533873821489)
1(0.051480498020607945, 0.05601570316596527)
1(0.2826860901231607, 0.28721971602465424)
1(0.04399597602509464, 0.048483844692276956)
1(0.0551896964418539, 0.05967386116817297)
1(0.262420653274292, 0.2668820952645088)
1(0.04473877749111754, 0.04918629320631518)
1(0.3259183368788311, 0.33030685445707586)
1(0.2713266068553204, 0.27570161402443005)
1(0.055160368500497214, 0.05952695668301966)
1(0.054410818740475264, 0.05877127085317346)
1(0.0448283072791551, 0.04907838614653104)
1(0.2617161966563193, 0.26587104030974074)
1(0.27761596586260695, 0.28168411920412384)
1(0.3645929747996852, 0.3686475364322348)
1(0.3230276613727696, 0.3270489594681105)
1(0.2792847683702555, 0.283219961767309)
1(0.2195740475199346, 0.22350290447394572)
1(0.05757168174375282, 0.06147568304270512)
1(0.0535048855259177, 0.05730547479040071)
1(0.30141053116869, 0.3051807323513368)
1(0.39250374742882554, 0.3962538143077552)
1(0.29993935102644975, 0.3035750629813492)
1(0.25323294253054873, 0.2568400895780343)
1(0.28467816280775293, 0.28823166524982435)
1(0.3217341805686027, 0.32523890720562076)
1(0.31484679374371094, 0.31834025824961787)
1(0.3052312620677954, 0.3086343879295238)
1(0.2931083735017791, 0.296459861182213)
1(0.16522513045819853, 0.16856225019535942)
1(0.05421445695008942, 0.0575380191511341)
1(0.2891010881523465, 0.2923690358166041)
1(0.2949972056359973, 0.2982644050694033)
1(0.3942487843451936, 0.3975074798710212)
1(0.2990867955418075, 0.30234174348250387)
1(0.34938971117968964, 0.35263809436374405)
1(0.05700587641471688, 0.06023443920185845)
1(0.2877666429648926, 0.29098698176642335)
1(0.04960540014335579, 0.05281125130021691)
1(0.2536442788161143, 0.2568402582361401)
1(0.30377441397809724, 0.3068917192583611)
1(0.24115922867910788, 0.2442746479864002)
1(0.3689181121858487, 0.37192918342019643)
1(0.3575763858468485, 0.3605805601126817)
1(0.046625563393243086, 0.04960736147253564)
1(0.056818397770746154, 0.05967386116817297)
1(0.35941612009719903, 0.3622706666362996)
1(0.061216481676842904, 0.06405253337390082)
1(0.05005304945813893, 0.052868877009989323)
1(0.41351361476121595, 0.4162546191980008)
1(0.29555603823944077, 0.2982644050694033)
1(0.33282069423105043, 0.33552152662316104)
1(0.2633148621332728, 0.2659330723434088)
1(0.2803034326299312, 0.2828391351089996)
1(0.2583737273722805, 0.2608559586847008)
1(0.3323982254299638, 0.33480565083167235)
1(0.052766808124915854, 0.05514614733622536)
1(0.26118699740058415, 0.26343829759502724)
1(0.27662083887238254, 0.2788436979639529)
1(0.3386957792596482, 0.3408492992396862)
1(0.2576935122638465, 0.259825649871226)
1(0.06861088980146002, 0.07072154534351949)
1(0.271669251143419, 0.27376974033293766)
1(0.31087255642150624, 0.3128446014149776)
1(0.2834050397342618, 0.2853183213890389)
1(0.2833801724577527, 0.2852791210697766)
1(0.05611920571314133, 0.05799498306793405)
1(0.36448106690315263, 0.3663558488102441)
1(0.3397570142823062, 0.34159762583788755)
1(0.3041797043023019, 0.3059664559872797)
1(0.05190242078684759, 0.053682818413849365)
1(0.2878254774450023, 0.28956181421731053)
1(0.23925541406422246, 0.24099037969859793)
1(0.2897981071628022, 0.2915240478278758)
1(0.267394899809244, 0.26907417011363366)
1(0.046914737911416204, 0.048535178066603346)
1(0.05281402021204762, 0.0543905174262449)
1(0.28083377334281545, 0.2823682687444312)
1(0.06991002683450431, 0.07143009661150934)
1(0.049587843835682044, 0.051106065771530096)
1(0.05931034351995368, 0.06077498342636167)
1(0.07319742039276889, 0.07463671562877738)
1(0.04930172318125914, 0.05071307795866775)
1(0.06294810562776876, 0.0643566576858643)
1(0.30920281384780657, 0.31060533101040466)
1(0.2825283073785647, 0.2839181050929761)
1(0.3031522398086438, 0.3045332877740964)
1(0.30261562556887356, 0.3039964745474353)
1(0.28971705263509395, 0.2910696632212928)
1(0.052244910820156476, 0.05341774984458603)
1(0.3318811110766857, 0.3330496177783926)
1(0.06763791477312708, 0.06874059886312534)
1(0.2582836116964341, 0.2593850502519054)
1(0.07592844794330333, 0.07697734596942574)
1(0.04609167834168959, 0.04708306670746942)
1(0.065742258239051, 0.0666987378918209)
1(0.3271541641362359, 0.32807862092045537)
1(0.05238898514747181, 0.05324421015980907)
1(0.05598172286083258, 0.05681892901744645)
1(0.3016382032068794, 0.3024370638833581)
1(0.27928681247836384, 0.2800638111461009)
1(0.0560487389260278, 0.05681892901744645)
1(0.05059342684071022, 0.05134004750792909)
1(0.059428301196838285, 0.06015462126285187)
1(0.34239281275347666, 0.34311636320417294)
1(0.271409076963554, 0.272119636443372)
1(0.06417600087071118, 0.06487353547318064)
1(0.2912448883243378, 0.2919148999192457)
1(0.30222674875505984, 0.30282987233738434)
1(0.051511349181750044, 0.05211085261619397)
1(0.10858915285159176, 0.10918143740441233)
1(0.24755494117457966, 0.24808477305246368)
1(0.05336270429134593, 0.053880951624896145)
1(0.055294880079865605, 0.055786807820294326)
1(0.4671224719157444, 0.46751712202316287)
1(0.3573797208297843, 0.35770077366154107)
1(0.18327079687529713, 0.18356077889071754)
1(0.05066891920284, 0.05092234941685381)
1(0.3135192144951461, 0.31374399883144943)
1(0.33865880675721216, 0.3388673579506418)
1(0.3543268746719027, 0.3544866931830579)
0(0.0, inf)
0(0.0, 1.066876172659191)
0(0.0, 0.4481389013415582)
0(0.0, 0.39395654270497193)
0(0.0, 0.3834473677825754)
0(0.0, 0.37118819317173624)
0(0.0, 0.3679452760903291)
0(0.0, 0.3655002612225313)
0(0.0, 0.3611206427858382)
0(0.0, 0.3610527962645276)
0(0.0, 0.3603174562159429)
0(0.0, 0.35513958739029294)
0(0.0, 0.35445608334440104)
0(0.0, 0.35241241563568915)
0(0.0, 0.3506021182688164)
0(0.0, 0.34827086759271975)
0(0.0, 0.3422362098513846)
0(0.0, 0.3415352767054881)
0(0.0, 0.3407192115010602)
0(0.0, 0.3347562991752)
0(0.0, 0.33368088252589634)
0(0.0, 0.3311139587624353)
0(0.0, 0.33017333298717166)
0(0.0, 0.3266527304650849)
0(0.0, 0.3249236094991229)
0(0.0, 0.3220822360920067)
0(0.0, 0.32001959705614813)
0(0.0, 0.31978315106916055)
0(0.0, 0.3181657566554523)
0(0.0, 0.3178749984590047)
0(0.0, 0.3144235181152192)
0(0.0, 0.314029692559175)
0(0.0, 0.31109003514233624)
0(0.0, 0.3105344685912208)
0(0.0, 0.3064903840112072)
0(0.0, 0.3062589990377348)
0(0.0, 0.3025105527949282)
0(0.0, 0.30228783793931313)
0(0.0, 0.3019072308216343)
0(0.0, 0.2979759293486465)
0(0.0, 0.29708997838693196)
0(0.0, 0.2968080914529039)
0(0.0, 0.2966472847576793)
0(0.0, 0.29613615336273114)
0(0.0, 0.29552605550393407)
0(0.0, 0.2950034543595853)
0(0.0, 0.29453970668160456)
0(0.0, 0.29164530022331847)
0(0.0, 0.2905458974031331)
0(0.0, 0.29034819786467003)
0(0.0, 0.2883053728770103)
0(0.0, 0.28814016209377824)
0(0.0, 0.286868080992436)
0(0.0, 0.2865856662923587)
0(0.0, 0.28480196942729197)
0(0.0, 0.2846071790764454)
0(0.0, 0.28450805873388973)
0(0.0, 0.28420404496455054)
0(0.0, 0.2840545637710711)
0(0.0, 0.28354488802646904)
0(0.0, 0.2830309065216917)
0(0.0, 0.28225330819885697)
0(0.0, 0.28056323369089065)
0(0.0, 0.2805394582661562)
0(0.0, 0.2797750804269753)
0(0.0, 0.2782574234235843)
0(0.0, 0.27811057980222087)
0(0.0, 0.27504647693659934)
0(0.0, 0.27469853186061344)
0(0.0, 0.273807191519159)
0(0.0, 0.2736949568216823)
0(0.0, 0.27319524272771933)
0(0.0, 0.27193683378676736)
0(0.0, 0.27186476157726736)
0(0.0, 0.2713568847578246)
0(0.0, 0.27129561882856124)
0(0.0, 0.2710211749373942)
0(0.0, 0.2701734608223251)
0(0.0, 0.26976290229047595)
0(0.0, 0.2695808876948409)
0(0.0, 0.2691177283201278)
0(0.0, 0.26809667471878185)
0(0.0, 0.2678184486185434)
0(0.0, 0.2664350539442587)
0(0.0, 0.2662969673820498)
0(0.0, 0.2662555995038788)
0(0.0, 0.266196351646814)
0(0.0, 0.2661324184933954)
0(0.0, 0.2659174041548743)
0(0.0, 0.2658302664847627)
0(0.0, 0.2653500576440695)
0(0.0, 0.2647302892604131)
0(0.0, 0.26361633739730495)
0(0.0, 0.26316113112055706)
0(0.0, 0.26199221000348694)
0(0.0, 0.26192687221248157)
0(0.0, 0.26166547264323925)
0(0.0, 0.2612846971598264)
0(0.0, 0.2612540626040474)
0(0.0, 0.26062267791273075)
0(0.0, 0.25929427122646964)
0(0.0, 0.2592843754355072)
0(0.0, 0.25926441766808594)
0(0.0, 0.2590413157105659)
0(0.0, 0.2589449634325216)
0(0.0, 0.25874392341288566)
0(0.0, 0.2585928288143716)
0(0.0, 0.25836017632652986)
0(0.0, 0.25811812406163115)
0(0.0, 0.2580416880090325)
0(0.0, 0.25789247991446174)
0(0.0, 0.2577046527047916)
0(0.0, 0.25696798738309845)
0(0.0, 0.256919867549675)
0(0.0, 0.25668325644348655)
0(0.0, 0.2562269139140707)
0(0.0, 0.2561638719271273)
0(0.0, 0.255072793734586)
0(0.0, 0.2550398052486642)
0(0.0, 0.25482387845273835)
0(0.0, 0.25477086069193167)
0(0.0, 0.2543211133879856)
0(0.0, 0.25415872681235085)
0(0.0, 0.2537999272486827)
0(0.0, 0.25359940356752786)
0(0.0, 0.2533696527409969)
0(0.0, 0.25258242664753916)
0(0.0, 0.25220410244343094)
0(0.0, 0.2521992614076721)
0(0.0, 0.2520384341803673)
0(0.0, 0.25188614905908535)
0(0.0, 0.25163132279981903)
0(0.0, 0.25128639321706026)
0(0.0, 0.2500333139690438)
0(0.0, 0.24911594129034198)
0(0.0, 0.24851626582585917)
0(0.0, 0.24848068428773606)
0(0.0, 0.2484771582846832)
0(0.0, 0.24833734132031526)
0(0.0, 0.2479537838906588)
0(0.0, 0.24795307384076837)
0(0.0, 0.24777156385299315)
0(0.0, 0.24759469590926542)
0(0.0, 0.24603264772039557)
0(0.0, 0.24584085776520326)
0(0.0, 0.24501780301363074)
0(0.0, 0.2446437665905885)
0(0.0, 0.24340723777604578)
0(0.0, 0.24330179508125693)
0(0.0, 0.24324507316006982)
0(0.0, 0.24323318421453843)
0(0.0, 0.24235756774432848)
0(0.0, 0.24188756329039973)
0(0.0, 0.24096546641492933)
0(0.0, 0.2402468214292831)
0(0.0, 0.2402123420950949)
0(0.0, 0.2401096144091206)
0(0.0, 0.2391733347421322)
0(0.0, 0.23882452495002704)
0(0.0, 0.23841633295046494)
0(0.0, 0.23813959539080798)
0(0.0, 0.23781432510941836)
0(0.0, 0.2372877061893377)
0(0.0, 0.23625028962010797)
0(0.0, 0.23563983180647063)
0(0.0, 0.23562878402157905)
0(0.0, 0.23552593495002971)
0(0.0, 0.2349233845220513)
0(0.0, 0.23465229240337193)
0(0.0, 0.23455069731419131)
0(0.0, 0.23448485405840314)
0(0.0, 0.23435999536067675)
0(0.0, 0.23393378923396457)
0(0.0, 0.23309781254835737)
0(0.0, 0.23276266946326474)
0(0.0, 0.23159039116115165)
0(0.0, 0.23144574117368033)
0(0.0, 0.23009415595863925)
0(0.0, 0.23008675795998945)
0(0.0, 0.22966960014428806)
0(0.0, 0.22966348821235893)
0(0.0, 0.22954552265821093)
0(0.0, 0.2291187185084712)
0(0.0, 0.228998448106994)
0(0.0, 0.2285382977129855)
0(0.0, 0.22785248329911367)
0(0.0, 0.2272482826814538)
0(0.0, 0.22723005112946648)
0(0.0, 0.22686039285040183)
0(0.0, 0.22668550175545576)
0(0.0, 0.22662006985055538)
0(0.0, 0.22604002694674874)
0(0.0, 0.22543353038521086)
0(0.0, 0.225232946642537)
0(0.0, 0.22516266954664899)
0(0.0, 0.22515390971507498)
0(0.0, 0.22489271138517186)
0(0.0, 0.224878822288461)
0(0.0, 0.22450527423730682)
0(0.0, 0.22450044638571232)
0(0.0, 0.22424710587710395)
0(0.0, 0.22385517822966028)
0(0.0, 0.2236138981476069)
0(0.0, 0.22241508418802425)
0(0.0, 0.22235440844927457)
0(0.0, 0.221990398026519)
0(0.0, 0.2209948460342397)
0(0.0, 0.22012065177011186)
0(0.0, 0.21968631397672655)
0(0.0, 0.21958878247921776)
0(0.0, 0.21843198457612067)
0(0.0, 0.217589389020854)
0(0.0, 0.2169537049468515)
0(0.0, 0.21663920179587115)
0(0.0, 0.21647253972912917)
0(0.0, 0.21634987591023713)
0(0.0, 0.21612923443459742)
0(0.0, 0.21548501854224555)
0(0.0, 0.21530643756581136)
0(0.0, 0.21472967660949271)
0(0.0, 0.21468674268818644)
0(0.0, 0.21460090076399785)
0(0.0, 0.21441355778019722)
0(0.0, 0.21389173328070998)
0(0.0, 0.2134008559345002)
0(0.0, 0.21255918440787447)
0(0.0, 0.2123057184107614)
0(0.0, 0.2122137612145878)
0(0.0, 0.2121159089027329)
0(0.0, 0.21150506958911108)
0(0.0, 0.2110578861047706)
0(0.0, 0.21068875442720159)
0(0.0, 0.21041731944467246)
0(0.0, 0.21024297802051428)
0(0.0, 0.2098661000793166)
0(0.0, 0.209252538327113)
0(0.0, 0.20819286723448527)
0(0.0, 0.20786186038371457)
0(0.0, 0.2071550046847398)
0(0.0, 0.2043723696211346)
0(0.0, 0.2039440844793563)
0(0.0, 0.20357823806603526)
0(0.0, 0.20313542415874697)
0(0.0, 0.20276564408245534)
0(0.0, 0.20272496541257612)
0(0.0, 0.2025292124022252)
0(0.0, 0.20189602390862338)
0(0.0, 0.20139728928647938)
0(0.0, 0.2013379966765647)
0(0.0, 0.20132185214839704)
0(0.0, 0.20049030534642143)
0(0.0, 0.19932046963065542)
0(0.0, 0.1991571914476028)
0(0.0, 0.19759059873237128)
0(0.0, 0.1971874289373966)
0(0.0, 0.19701046138440892)
0(0.0, 0.1967619277362359)
0(0.0, 0.19671607615571307)
0(0.0, 0.1963791290047352)
0(0.0, 0.19545352202169763)
0(0.0, 0.1941246172707769)
0(0.0, 0.19394675619284163)
0(0.0, 0.19349737771528508)
0(0.0, 0.1929779980799996)
0(0.0, 0.1913836923486214)
0(0.0, 0.19117064766439318)
0(0.0, 0.19021591041770913)
0(0.0, 0.19010875088479484)
0(0.0, 0.1889159261164628)
0(0.0, 0.1866300198500529)
0(0.0, 0.18605043803545196)
0(0.0, 0.18273858034008805)
0(0.0, 0.1819422091002162)
0(0.0, 0.18187391665987274)
0(0.0, 0.18163421638317245)
0(0.0, 0.18018168880048469)
0(0.0, 0.17996454892210323)
0(0.0, 0.17927314512417714)
0(0.0, 0.1774047735991775)
0(0.0, 0.1773027794925499)
0(0.0, 0.17672574673554098)
0(0.0, 0.17672041165338914)
0(0.0, 0.1740322357007008)
0(0.0, 0.1736215400511253)
0(0.0, 0.17266414834016985)
0(0.0, 0.16762014333687136)
0(0.0, 0.16665327213365633)
0(0.0, 0.16475307011574714)
0(0.0, 0.1642437312491395)
0(0.0, 0.16214155660831198)
0(0.0, 0.15878272121099657)
0(0.0, 0.1552542629429049)
0(0.0, 0.15481299684372463)
0(0.0, 0.15419370673764787)
0(0.0, 0.15310195829278217)
0(0.0, 0.1511471720324411)
0(0.0, 0.15111502293100665)
0(0.0, 0.15034223735311159)
0(0.0, 0.14363473684172368)
0(0.0, 0.14308522436741467)
0(0.0, 0.14071410869566503)
0(0.0, 0.13879798761193607)
0(0.0, 0.1376616340097827)
0(0.0, 0.13574912190452282)
0(0.0, 0.13099238579808237)
0(0.0, 0.12500346877545343)
0(0.0, 0.12271010383578851)
0(0.0, 0.12115433532643438)
0(0.0, 0.11944061037545306)
0(0.0, 0.11696609733077268)
0(0.0, 0.11537972101209593)
0(0.0, 0.1120438632140176)
0(0.0, 0.10149750915853095)
0(0.0, 0.09452373628204236)
0(0.0, 0.08961587084051703)
0(0.0, 0.08858256972985545)
0(0.0, 0.08409399464089862)
0(0.0, 0.08196653100448215)
0(0.0, 0.0787422626630262)
0(0.0, 0.07816341993015985)
0(0.0, 0.07282148128655963)
0(0.0, 0.07264103426856827)
0(0.0, 0.06958265130759456)
0(0.0, 0.06567798704163996)
0(0.0, 0.0653819438341352)
0(0.0, 0.06456326176868743)
0(0.0, 0.0642595930774662)
0(0.0, 0.06203770095608008)
0(0.0, 0.060983268794751244)
0(0.0, 0.05901914990342494)
0(0.0, 0.05897183321146271)
0(0.0, 0.05760593571833783)
0(0.0, 0.05565245374223504)
0(0.0, 0.05559766625302287)
0(0.0, 0.05513031292586679)
0(0.0, 0.0549548774037526)
0(0.0, 0.05485541382466319)
0(0.0, 0.05462816774455803)
0(0.0, 0.05458042526114526)
0(0.0, 0.05429659747260185)
0(0.0, 0.05409566018262568)
0(0.0, 0.053992210577805566)
0(0.0, 0.05349563586388262)
0(0.0, 0.053353566518563156)
0(0.0, 0.05332981202486542)
0(0.0, 0.05322268671655028)
0(0.0, 0.05273809214916403)
0(0.0, 0.05238432127888415)
0(0.0, 0.05221247454389022)
0(0.0, 0.05204014352265218)
0(0.0, 0.051257596558865526)
0(0.0, 0.05124664333341766)
0(0.0, 0.05117736565173403)
0(0.0, 0.05084934005716302)
0(0.0, 0.050718464379898576)
0(0.0, 0.05070263929430818)
0(0.0, 0.05056831721239374)
0(0.0, 0.05038845178735418)
0(0.0, 0.050286457164519294)
0(0.0, 0.049891027917222996)
0(0.0, 0.049786561876073)
0(0.0, 0.049741783455329425)
0(0.0, 0.049177388361506424)
0(0.0, 0.04896478594782572)
0(0.0, 0.04892495363425364)
0(0.0, 0.048813005958281974)
0(0.0, 0.04873765636814387)
0(0.0, 0.04842833932741253)
0(0.0, 0.04809065635275067)
0(0.0, 0.04767077195839309)
0(0.0, 0.04758604526600607)
0(0.0, 0.047465251747353054)
0(0.0, 0.046634004969298926)
0(0.0, 0.046581144651170026)
0(0.0, 0.0464506539496653)
0(0.0, 0.04631098956673407)
0(0.0, 0.04612356011394658)
0(0.0, 0.046081876075960815)
0(0.0, 0.045943454676758644)
0(0.0, 0.044625951484230986)
0(0.0, 0.04461682714754833)
0(0.0, 0.04442056403194239)
0(0.0, 0.044320207553688706)
0(0.0, 0.04426208585607694)
0(0.0, 0.04424140812322275)
0(0.0, 0.04419056358119977)
0(0.0, 0.0438655721400425)
0(0.0, 0.0437906522109931)
0(0.0, 0.043725522240960935)
0(0.0, 0.043692343096352726)
0(0.0, 0.04368448788923085)
0(0.0, 0.043675475304012834)
0(0.0, 0.04349823186631652)
0(0.0, 0.04349029520192016)
0(0.0, 0.0434177491073694)
0(0.0, 0.04325221680410185)
0(0.0, 0.042976865187531854)
0(0.0, 0.04271641104597146)
0(0.0, 0.04265540047991412)
0(0.0, 0.04245043865125664)
0(0.0, 0.042359872710898916)
0(0.0, 0.04229412195073168)
0(0.0, 0.04195624410293619)
0(0.0, 0.04190746625113351)
0(0.0, 0.041855773144047426)
0(0.0, 0.04148459459120746)
0(0.0, 0.04124477741313182)
0(0.0, 0.04123943758089599)
0(0.0, 0.04106579876837435)
0(0.0, 0.040854664131070084)
0(0.0, 0.04053839020346839)
0(0.0, 0.04028607047286992)
0(0.0, 0.04020420983879891)
0(0.0, 0.03998176981831347)
0(0.0, 0.03936565318055385)
0(0.0, 0.039193764571040735)
0(0.0, 0.03707939064483756)
0(0.0, 0.036948143079176154)
0(0.0, 0.0357321150602129)
0(0.0, 0.03408006637479111)
0(0.0, 0.03392468883064037)
0(0.0, 0.033168877024659205)
0(0.0, 0.032815325752416635)
0(0.0, 0.03260466974211973)
0(0.0, 0.03092825387130238)
0(0.0, 0.029144167884720074)
0(0.0, 0.02679185039917642)
0(0.0, 0.018137282416632705)
0(0.0, 0.012138244930207875)
0(0.0, 0.010313282220778763)
0(0.0, 0.005915202354940807)
0(0.0, 0.0024874721423074897)
