1(0.21110432943786772, 0.3271645138909526)
1(1.1948282584040495, 1.2923293601217374)
1(0.16796715742184742, 0.23049206000810052)
1(0.1550708746344911, 0.21272563844634818)
1(0.28808064062082017, 0.34265188675301694)
1(0.14132736040885163, 0.1957272890278745)
1(0.14974224664445746, 0.20195147598351948)
1(0.25296275253033607, 0.30438604824467874)
1(0.21057465718734159, 0.26079557910698103)
1(0.12073184349987287, 0.17079368092083214)
1(0.1260742509661159, 0.17345993525470438)
1(0.12690674330042928, 0.17045959544732592)
1(0.15356057188153127, 0.1946525705554787)
1(0.15921020525085916, 0.199560104136842)
1(0.14992766823983716, 0.18907777762290245)
1(0.1348265370632078, 0.17074285592900929)
1(0.1758750961266835, 0.2115938161571086)
1(0.12405868732841852, 0.15961501936000277)
1(0.11644718334551019, 0.1517315236340483)
1(0.12158079562770763, 0.1554699734522902)
1(0.15524677034600676, 0.1886832792519908)
1(0.12135121872636245, 0.15448525993668372)
1(0.14092464650100112, 0.17325532806244048)
1(0.1387361631928199, 0.17027439527088517)
1(0.12897832928174735, 0.1603001103590076)
1(0.1470560534813936, 0.1782423915993936)
1(0.12165818491762437, 0.15204306495860143)
1(0.13541246483984604, 0.16559568121671542)
1(0.111363582712801, 0.14121713515746126)
1(0.12123962471487004, 0.15084318412942588)
1(0.12755953147812193, 0.156769999114041)
1(0.11504068852402016, 0.14398611423570362)
1(0.16905848070777463, 0.19779066970835402)
1(0.14256114538658105, 0.17116374193316053)
1(0.10942727332756574, 0.1375052415955973)
1(0.150577494610317, 0.1784721331239827)
1(0.26158459666759437, 0.28946795735620523)
1(0.1258552883573807, 0.1531623655242581)
1(0.12681920892203202, 0.15407857940849212)
1(0.10022491648592413, 0.12716566183132993)
1(0.1155937753076881, 0.14251982887854042)
1(0.1474607925600241, 0.1739227998303351)
1(0.12129290761414191, 0.1470758074135734)
1(0.13224268276394235, 0.15784181351174342)
1(0.15952258837247868, 0.18478469933190222)
1(0.13787894134013756, 0.16274498518096203)
1(0.14448935942669816, 0.16896187460366796)
1(0.13711590233505533, 0.1614735027975458)
1(0.11265190719848239, 0.13694925624949317)
1(0.1112103518931884, 0.13526162312133738)
1(0.07698186805426932, 0.09975480678426618)
1(0.11251580271061534, 0.13501899423164032)
1(0.132403354321319, 0.15469389040679848)
1(0.14408737419186213, 0.16581213818419727)
1(0.13229520622588398, 0.15376707306787596)
1(0.1311253281385586, 0.15236555232050786)
1(0.10959461445622187, 0.13078890802953702)
1(0.09655264562995103, 0.11748121898555908)
1(0.1373492421113498, 0.15802730758065642)
1(0.12294385256467721, 0.14353270237714733)
1(0.2042399629611905, 0.22456921124697227)
1(0.1745207828190205, 0.1946631365287823)
1(0.14547564450963635, 0.16554811038492012)
1(0.19431298127220442, 0.21431651249149986)
1(0.1114192523129105, 0.1313417816601311)
1(0.12572238737070118, 0.14547959489841444)
1(0.11648195658663985, 0.13622255918311377)
1(0.08698937727530309, 0.1066354238101378)
1(0.09543157599228147, 0.1148616554152696)
1(0.11323499445616314, 0.13266115364714226)
1(0.1204271525518753, 0.13973997909921532)
1(0.23756409325393535, 0.25685485519143536)
1(0.24183422153559264, 0.26079557910698103)
1(0.09005771499865767, 0.10901036968496514)
1(0.10951691664319951, 0.12837918144989813)
1(0.22027803561734305, 0.23913980350912867)
1(0.1279057889572961, 0.1465816042309489)
1(0.2521979980228648, 0.27069031322519543)
1(0.1822881748497599, 0.20075814730417318)
1(0.1574885037696676, 0.1759284520828872)
1(0.13550154970551753, 0.1539394102894699)
1(0.16584777448897636, 0.18420542171365906)
1(0.1531722874958208, 0.1714261636547837)
1(0.13612399578319456, 0.15433888420204567)
1(0.06912410923129797, 0.08712911328744632)
1(0.08278343951980838, 0.10073194835213439)
1(0.12263436983285114, 0.13972487488972796)
1(0.12517163082063543, 0.14215761061458654)
1(0.0839859464241206, 0.10080957796270795)
1(0.13820506098588226, 0.15500354311919418)
1(0.1487119880672001, 0.16547684905461768)
1(0.10991105580779237, 0.126673992281635)
1(0.1290039287268565, 0.1457060406226286)
1(0.2074170547323263, 0.22406080164778652)
1(0.1800594459292606, 0.19650688490753776)
1(0.17189248384625244, 0.1881611196961036)
1(0.18245356668035273, 0.19863808775154668)
1(0.13224305271995607, 0.14836942901143757)
1(0.17946552289126516, 0.19558510807609686)
1(0.1869325111306468, 0.20300461078142373)
1(0.11453012839443488, 0.13055322889012622)
1(0.08543492255654206, 0.10144380923176499)
1(0.13230469128124223, 0.14824212837915962)
1(0.12285498381004889, 0.13863320219392283)
1(0.1674115678302711, 0.18310394016221854)
1(0.1561200456139591, 0.17122519038365047)
1(0.15960297778622012, 0.1744542254531225)
1(0.17123381801493553, 0.18570956208749445)
1(0.16492075681036678, 0.17933770050988584)
1(0.14789896334072106, 0.16132361257901662)
1(0.13010490146102383, 0.1433641758243327)
1(0.19059292419065565, 0.2038255257848569)
1(0.16016294021039212, 0.17312668340788018)
1(0.11952858278573086, 0.1324149769535422)
1(0.11705146294785584, 0.12991516016008575)
1(0.06064927065314529, 0.0734513621482199)
1(0.1972125493660798, 0.20986911064382363)
1(0.07703634207722976, 0.08952491539842977)
1(0.05656936136412105, 0.06885646615564944)
1(0.1290699936451375, 0.1412409286912939)
1(0.06344426546148352, 0.07549312485547488)
1(0.16754342347715045, 0.17954529363908522)
1(0.12747608185496917, 0.13925377263332384)
1(0.16276917713798023, 0.17441177011351305)
1(0.24102382524786348, 0.2524783705964634)
1(0.1325001781020677, 0.14393242160429554)
1(0.20059484778157, 0.21200019912696755)
1(0.2957515291245706, 0.30710118353785754)
1(0.287443987561, 0.2986906023357879)
1(0.11175104939548286, 0.12252459825341977)
1(0.1518887506840838, 0.16254149823664554)
1(0.06748425516558842, 0.07780317833923589)
1(0.08117764407129469, 0.09146123098696712)
1(0.10777644732086289, 0.11804104271554539)
1(0.21451892420113705, 0.2247591598199924)
1(0.12400041798234163, 0.1342400084469627)
1(0.2629217007621756, 0.2731245048390226)
1(0.10081117539427742, 0.1109811873517107)
1(0.12061795526252994, 0.13069019882271882)
1(0.1716083995314196, 0.18167679191868658)
1(0.13656519116966825, 0.1465816042309489)
1(0.14787904581180966, 0.15784181351174342)
1(0.15240091786355014, 0.16225932746977734)
1(0.06839962371634967, 0.07795797700873852)
1(0.11538799944214073, 0.12494524848043786)
1(0.18462532255686748, 0.19406456729225208)
1(0.1688415230110345, 0.17824599893926252)
1(0.13154260603460377, 0.14080441080178396)
1(0.1347877204263711, 0.144029040828614)
1(0.13551357615116577, 0.1447010936138926)
1(0.28419081759555387, 0.2933586833719699)
1(0.14733136882435494, 0.1564237092570605)
1(0.09457055964160854, 0.10354933695137325)
1(0.1267684599973269, 0.13561562119282555)
1(0.09858419137002439, 0.10732366288210426)
1(0.08936233962580031, 0.09799810448971547)
1(0.2509289111348827, 0.2595422995244804)
1(0.15941288475285076, 0.16800078644829397)
1(0.12143190928686753, 0.12981982869998876)
1(0.0649337755253494, 0.07322635321932147)
1(0.13197153966682718, 0.14014591823611688)
1(0.093827158926299, 0.10190274567780166)
1(0.17875325503988249, 0.18677730520986546)
1(0.13053750862195534, 0.13854850205044744)
1(0.1340021643344319, 0.14166805582095643)
1(0.13292522026550868, 0.14041022689471439)
1(0.16448805797804178, 0.17185513029656985)
1(0.16338579471603154, 0.17069450153633559)
1(0.14911961259639417, 0.15642645041067493)
1(0.07008269049968652, 0.07737205796768853)
1(0.237505434575508, 0.2447759717925776)
1(0.16815731435755854, 0.175419643511893)
1(0.15833597425910018, 0.16550248936411793)
1(0.08151816228257003, 0.08867299422864183)
1(0.06403710529553452, 0.07112978847370677)
1(0.12424925095956274, 0.13130692815088385)
1(0.11934376845153127, 0.1263039047847495)
1(0.17219116323743877, 0.1791334974571731)
1(0.1231815949570384, 0.13008380463992442)
1(0.15503343744011544, 0.16192332587560077)
1(0.0649821443534393, 0.07182397207409641)
1(0.15171182087095936, 0.1583877352288079)
1(0.06885658454060084, 0.07547233785571872)
1(0.02519035650125334, 0.03172082868062276)
1(0.12564855218851412, 0.13211737479183627)
1(0.12779236122076165, 0.1342400084469627)
1(0.12969863765841738, 0.13609740645143553)
1(0.1778349520911664, 0.18420542171365906)
1(0.12107570800438627, 0.12742697194719843)
1(0.1590992678942813, 0.16543813055690926)
1(0.08473107417153158, 0.09095010460362518)
1(0.14580060849220378, 0.15199527969558835)
1(0.15288862372830925, 0.15906472009671258)
1(0.1722731352902882, 0.17843847785931466)
1(0.06143263548447764, 0.06755166662472767)
1(0.16917422473884425, 0.1752839701065958)
1(0.1207065054992108, 0.12672359429639302)
1(0.16231901023336626, 0.16826258999475063)
1(0.12817320382198394, 0.1341162431863716)
1(0.09102110329303015, 0.09693725160076128)
1(0.0757236512669146, 0.08159561459471187)
1(0.018830928797722413, 0.02465511742666282)
1(0.15083337118785844, 0.15661436818216157)
1(0.1420995317772269, 0.14785588981854525)
1(0.15957954797592744, 0.16522797117702315)
1(0.09908649536967606, 0.10454736174548485)
1(0.13587540219398875, 0.1413082165780415)
1(0.09154253225300846, 0.09694264287482979)
1(0.020103145731751426, 0.025413661578489677)
1(0.13261198576412214, 0.13778802665526912)
1(0.1576066809290506, 0.16278091260945737)
1(0.11738409121134208, 0.12254782475324444)
1(0.12919596924808008, 0.13432263645546205)
1(0.06441734520652698, 0.0695263810557546)
1(0.1307589574538296, 0.13585939617835197)
1(0.1965921825573702, 0.20157407537355598)
1(0.13864383327715069, 0.14353270237714733)
1(0.06499330873763565, 0.06980998875980204)
1(0.06413536354363292, 0.06894446680393818)
1(0.14186139813879373, 0.14653071492440872)
1(0.07075321172465154, 0.07530993621600468)
1(0.1216865581469293, 0.1262198014310647)
1(0.19960556327614976, 0.20413122808945994)
1(0.160993001841359, 0.16550248936411793)
1(0.14098650537690527, 0.14548159671460514)
1(0.02158385421561959, 0.02603617472693165)
1(0.1615622913611302, 0.16598090756541228)
1(0.28225078905347567, 0.28666694205631316)
1(0.12097408841426138, 0.12538439466632278)
1(0.14971353090738937, 0.1540980864219701)
1(0.13042410779025781, 0.13478436954456108)
1(0.1195995272683692, 0.12395706310280985)
1(0.21635671791692812, 0.2207022356388737)
1(0.16522834428577016, 0.16953866623588143)
1(0.15149549952752184, 0.1557945083915646)
1(0.07123318389321742, 0.07549312485547488)
1(0.09222255678043279, 0.09647820486575698)
1(0.12383935022237202, 0.12808089703734737)
1(0.021158686774927715, 0.025399728486612427)
1(0.017233143463053935, 0.021466675828482495)
1(0.02498202090605872, 0.029149013013548775)
1(0.036458260743139514, 0.0405540437701718)
1(0.06225677131233631, 0.06631742490922043)
1(0.025970798081813795, 0.02993436690075113)
1(0.165644009313897, 0.16960510430312326)
1(0.13512815008960932, 0.13908126570849377)
1(0.1301340972505607, 0.13400382897664187)
1(0.10067607426106118, 0.10454164293476376)
1(0.19372728756471447, 0.197589048871328)
1(0.11301456067098559, 0.11684925371043753)
1(0.16040739446567198, 0.1640651620960618)
1(0.2319399749916189, 0.23553791228594412)
1(0.12097602267532204, 0.12451304737657387)
1(0.1388913723462809, 0.14239803148465835)
1(0.026237080759014986, 0.029720966269179305)
1(0.1232936911004574, 0.1267634461184045)
1(0.15123817384804394, 0.1546990360362286)
1(0.12081657164824244, 0.12426908652903035)
1(0.13231227003924906, 0.13563353613977303)
1(0.19827363101231188, 0.20157407537355598)
1(0.1338714406453062, 0.13694925624949317)
1(0.0188777405037015, 0.021865990442502703)
1(0.1406239687794434, 0.14353270237714733)
1(0.021901242013763755, 0.024764760904798733)
1(0.13148097079515297, 0.13426342971483907)
1(0.10142418775742401, 0.10419638520707142)
1(0.13036871481316903, 0.13313916486158528)
1(0.02097117199791343, 0.02361504180017371)
1(0.0170143843273457, 0.019649297330741722)
1(0.02500069565990981, 0.02762754349296992)
1(0.1661007584226908, 0.16872415052655299)
1(0.26095086817732893, 0.26356315577729306)
1(0.14523753759320268, 0.14776386276699804)
1(0.0987656462153107, 0.10123199582610143)
1(0.01885044876189712, 0.021239244519783984)
1(0.1350295718637572, 0.1373577755592046)
1(0.19141956603846988, 0.19370189346395617)
1(0.19067364362791084, 0.19293446272041515)
1(0.035669559653884075, 0.03791247304380241)
1(0.10875573474816502, 0.11098988060081205)
1(0.025527514281331376, 0.027706707243694062)
1(0.018895889796582854, 0.021065138953611284)
1(0.13755606319470015, 0.13972487488972796)
1(0.022824135316181993, 0.02498555311773487)
1(0.1569195799495834, 0.15906472009671258)
1(0.15236470738196428, 0.15447952734789627)
1(0.0248494627631064, 0.02691800003586664)
1(0.02045595845609416, 0.02251514550273226)
1(0.019880818451218474, 0.02192658473793685)
1(0.11356276482021521, 0.11555810911894626)
1(0.03172026492255531, 0.0337051537388231)
1(0.08441572819998289, 0.08637394363881723)
1(0.12201332771034168, 0.1239690814492429)
1(0.01313846810388597, 0.01505776089281774)
1(0.18314118560373804, 0.18503933675204542)
1(0.13301499027569919, 0.13489448409251192)
1(0.023087866359163156, 0.024948907825879885)
1(0.020669879443966144, 0.02251514550273226)
1(0.13774532558123442, 0.13953001869405457)
1(0.09142406604883968, 0.09317488695595388)
1(0.13832224819315742, 0.14006521879875344)
1(0.21529706077169697, 0.2170270653308698)
1(0.1552746556584732, 0.1569683499764576)
1(0.03372914322226095, 0.035357885071181205)
1(0.17462434658774217, 0.17622917865778454)
1(0.07673385287159251, 0.07833596068541948)
1(0.11849566165875935, 0.12002843645343775)
1(0.14122251479109993, 0.1427180760253559)
1(0.017247298826762125, 0.018716961320090708)
1(0.024458711284579104, 0.02591565593251688)
1(0.04101548280422396, 0.042471305026004935)
1(0.027443749969490172, 0.028883592078453924)
1(0.024483674446188708, 0.02591600502865843)
1(0.021951551612360287, 0.023371260069670607)
1(0.1469544576731655, 0.14836942901143757)
1(0.02228536465438402, 0.023696714828643772)
1(0.1691755173953533, 0.1705706584689627)
1(0.15060104846087963, 0.15199527969558835)
1(0.06999214897277417, 0.07138230835039772)
1(0.021602254679919386, 0.022934916388449467)
1(0.13860812930666055, 0.13989868309403175)
1(0.16785509257429454, 0.16912918434702684)
1(0.1834384622262356, 0.18469248799247573)
1(0.15731572735572896, 0.15855983356658643)
1(0.03525330905003632, 0.036497008581757084)
1(0.027660409907159234, 0.028883592078453924)
1(0.06875781313692342, 0.06994385206507236)
1(0.144626905149831, 0.14579873685716127)
1(0.018788108061864595, 0.019953733860704204)
1(0.024061521401930963, 0.02519735353530539)
1(0.13641673689302902, 0.13753982013597754)
1(0.12351921465243088, 0.12454762795128682)
1(0.0791566627381245, 0.08017790688019033)
1(0.12081813479652148, 0.12183457248221152)
1(0.026318344761380952, 0.027292989630719022)
1(0.16708997147190463, 0.16800078644829397)
1(0.032701777943309196, 0.03359551603294597)
1(0.13992234343262888, 0.14080441080178396)
1(0.06831241308881875, 0.06914732184056849)
1(0.02266670380706115, 0.023491479468211507)
1(0.19669190422692395, 0.19751194383405468)
1(0.028482836232875286, 0.029280996775499224)
1(0.19353072215385247, 0.1942787529480794)
1(0.024109250835282703, 0.02481269737751901)
1(0.018849096329360715, 0.019550048503205852)
1(0.13266681248009193, 0.13336364721110772)
1(0.025225486970193, 0.02591565593251688)
1(0.020404354240603495, 0.021077491607903398)
1(0.025290183978719627, 0.02590982768647654)
1(0.08553814619538602, 0.08613778059277222)
1(0.019428668880636213, 0.020027389916351668)
1(0.029202449528475616, 0.02977950529824358)
1(0.15423159126188413, 0.15479401581287988)
1(0.02924165235683207, 0.02977950529824358)
1(0.024880141234570163, 0.025413661578489677)
1(0.1653898418939208, 0.16592004944116112)
1(0.020953039826860365, 0.021455076521577632)
1(0.021569630701491982, 0.022065884831710902)
1(0.11948020921543778, 0.11996008365520672)
1(0.02450562453553562, 0.024948907825879885)
1(0.02472353037842767, 0.0251390487258365)
1(0.02026278687673644, 0.020644928500089477)
1(0.021247878159786238, 0.02161967456383851)
1(0.04211667439871658, 0.042471305026004935)
1(0.0226793287055288, 0.023031118865577516)
1(0.158401228000852, 0.15871246879327805)
1(0.13538983675719507, 0.13563683464857157)
1(0.020821615344440936, 0.021057348974606316)
1(0.017837089871838963, 0.018045189590265687)
1(0.1999195335039914, 0.20011694114696876)
1(0.02198535148013392, 0.022178019548255712)
1(0.015607445049139912, 0.015765545219714183)
1(0.02025637992948004, 0.020371716092461245)
1(0.01931725351396174, 0.019402373747553714)
1(0.15650185817601991, 0.15658003032277223)
1(0.025217131339063892, 0.025226829863705613)
0(0.0, inf)
0(0.0, 1.068352526596131)
0(0.0, 0.3504394671992671)
0(0.0, 0.24468987723297975)
0(0.0, 0.24325363072946737)
0(0.0, 0.2414614753447396)
0(0.0, 0.19914363365689935)
0(0.0, 0.19578443241089416)
0(0.0, 0.19487390748859312)
0(0.0, 0.18670384496913284)
0(0.0, 0.18661589687623514)
0(0.0, 0.18571509014088405)
0(0.0, 0.18523135521777312)
0(0.0, 0.17918462850832828)
0(0.0, 0.1788955782252849)
0(0.0, 0.1771783326136469)
0(0.0, 0.17634826249329194)
0(0.0, 0.17600122641820248)
0(0.0, 0.17558838701690993)
0(0.0, 0.17246322287522176)
0(0.0, 0.16949128912505385)
0(0.0, 0.16833888236309447)
0(0.0, 0.16827463123812014)
0(0.0, 0.16590862374525062)
0(0.0, 0.16533202688364124)
0(0.0, 0.1636102435291512)
0(0.0, 0.1619105738192118)
0(0.0, 0.16036774031064116)
0(0.0, 0.1589711010797703)
0(0.0, 0.15820360710771542)
0(0.0, 0.1571094579073734)
0(0.0, 0.1547533487547007)
0(0.0, 0.15422408806161525)
0(0.0, 0.15264607313069822)
0(0.0, 0.15258438878738523)
0(0.0, 0.15172209590170993)
0(0.0, 0.15165276685696627)
0(0.0, 0.15028133773589147)
0(0.0, 0.15009184065188175)
0(0.0, 0.1488251084790443)
0(0.0, 0.14877153632432338)
0(0.0, 0.1486634914298829)
0(0.0, 0.14822180930511697)
0(0.0, 0.1475300771000687)
0(0.0, 0.14739567703686107)
0(0.0, 0.14736901268574032)
0(0.0, 0.1471677413142629)
0(0.0, 0.14614335179197735)
0(0.0, 0.14397175384879246)
0(0.0, 0.14384071655837816)
0(0.0, 0.143070669113459)
0(0.0, 0.14246282818886147)
0(0.0, 0.14188710715393416)
0(0.0, 0.14154921283515853)
0(0.0, 0.1408245553175974)
0(0.0, 0.1395572216113795)
0(0.0, 0.13940769672634468)
0(0.0, 0.13823639355422657)
0(0.0, 0.13810358137898193)
0(0.0, 0.13768975162051056)
0(0.0, 0.13752013988960454)
0(0.0, 0.13722358113265387)
0(0.0, 0.13697874441857727)
0(0.0, 0.13668379589076063)
0(0.0, 0.13612883861074732)
0(0.0, 0.1359987646804941)
0(0.0, 0.13590220370441897)
0(0.0, 0.13578540865284328)
0(0.0, 0.13531356349409795)
0(0.0, 0.13519317576202106)
0(0.0, 0.13494050429197746)
0(0.0, 0.13477706101692544)
0(0.0, 0.13438628287350063)
0(0.0, 0.13349085639663838)
0(0.0, 0.13340709439040033)
0(0.0, 0.13338683275468766)
0(0.0, 0.13290175462329068)
0(0.0, 0.13186693116679815)
0(0.0, 0.1317548841882792)
0(0.0, 0.1309432065632068)
0(0.0, 0.13064140847745165)
0(0.0, 0.13028633785274968)
0(0.0, 0.12997722568798553)
0(0.0, 0.1290196858755266)
0(0.0, 0.1288605310463502)
0(0.0, 0.12869475145701126)
0(0.0, 0.1284204098499776)
0(0.0, 0.1283708926908379)
0(0.0, 0.12818564131852805)
0(0.0, 0.12692493570110686)
0(0.0, 0.12684015143866245)
0(0.0, 0.12683320061991976)
0(0.0, 0.12668884483309228)
0(0.0, 0.12648899890829068)
0(0.0, 0.1255282088092261)
0(0.0, 0.1252212384360616)
0(0.0, 0.12492022909927292)
0(0.0, 0.12459477366072147)
0(0.0, 0.12426412372761642)
0(0.0, 0.124222116626027)
0(0.0, 0.12378988659711998)
0(0.0, 0.12333091201846524)
0(0.0, 0.12321310207641001)
0(0.0, 0.12316925688470814)
0(0.0, 0.12310239151876023)
0(0.0, 0.1229895083655339)
0(0.0, 0.12289263067981882)
0(0.0, 0.12241421384540341)
0(0.0, 0.12193332556625125)
0(0.0, 0.12184728407312007)
0(0.0, 0.12139673458262135)
0(0.0, 0.12100889565954831)
0(0.0, 0.12076812424262895)
0(0.0, 0.12062308204962335)
0(0.0, 0.11967048819754356)
0(0.0, 0.11964016731001326)
0(0.0, 0.11945783641996766)
0(0.0, 0.11933002066239196)
0(0.0, 0.11920171876226637)
0(0.0, 0.11917586391564639)
0(0.0, 0.11859641809130717)
0(0.0, 0.11842696358861049)
0(0.0, 0.11741305030566807)
0(0.0, 0.11655863325100879)
0(0.0, 0.11644194693062992)
0(0.0, 0.11640536643349153)
0(0.0, 0.11596061678420833)
0(0.0, 0.11567589258812461)
0(0.0, 0.11552823610370322)
0(0.0, 0.11478537642197306)
0(0.0, 0.1145695072677253)
0(0.0, 0.11453714831244455)
0(0.0, 0.11453582049242306)
0(0.0, 0.11402261406927261)
0(0.0, 0.11317666775417745)
0(0.0, 0.11308095230736415)
0(0.0, 0.11303150980486565)
0(0.0, 0.11294892287501312)
0(0.0, 0.11209645984180794)
0(0.0, 0.11169104769562699)
0(0.0, 0.11157322751573095)
0(0.0, 0.11151458313636464)
0(0.0, 0.11118972968774066)
0(0.0, 0.11105763481109343)
0(0.0, 0.11102425762552481)
0(0.0, 0.1109528956546516)
0(0.0, 0.1109364681494639)
0(0.0, 0.11087025779557547)
0(0.0, 0.11086824839703402)
0(0.0, 0.11063830566112232)
0(0.0, 0.1105661866276435)
0(0.0, 0.11055094327470183)
0(0.0, 0.10986876361813702)
0(0.0, 0.10970567159249356)
0(0.0, 0.10943909497116278)
0(0.0, 0.10933214174622918)
0(0.0, 0.1091899438252274)
0(0.0, 0.10918792707241287)
0(0.0, 0.10907518375681657)
0(0.0, 0.10905078743315533)
0(0.0, 0.10863058207867726)
0(0.0, 0.10845886516074998)
0(0.0, 0.1078494413690343)
0(0.0, 0.10728398651980064)
0(0.0, 0.10714991181649025)
0(0.0, 0.10687257664322791)
0(0.0, 0.10650854134364918)
0(0.0, 0.10620249250664282)
0(0.0, 0.10613571987251813)
0(0.0, 0.10606522384161232)
0(0.0, 0.10592245428492186)
0(0.0, 0.10489076992941271)
0(0.0, 0.10463704380181427)
0(0.0, 0.10332288256128941)
0(0.0, 0.10225760086870961)
0(0.0, 0.10196506426639107)
0(0.0, 0.10144700085798641)
0(0.0, 0.10132250866212067)
0(0.0, 0.10130133983440603)
0(0.0, 0.10102841154025821)
0(0.0, 0.10098214543190753)
0(0.0, 0.10063014365148137)
0(0.0, 0.10056095321056513)
0(0.0, 0.10003844938121098)
0(0.0, 0.09997196001198838)
0(0.0, 0.09973845184035246)
0(0.0, 0.09966304248986202)
0(0.0, 0.09870285798632716)
0(0.0, 0.09862721280573816)
0(0.0, 0.09792867833442631)
0(0.0, 0.09727061317856411)
0(0.0, 0.09725396439518152)
0(0.0, 0.0971868869063427)
0(0.0, 0.09709074974214438)
0(0.0, 0.09707121916632377)
0(0.0, 0.09665576877322235)
0(0.0, 0.09657146880744338)
0(0.0, 0.09651292279891044)
0(0.0, 0.09647413602622235)
0(0.0, 0.09646772723375041)
0(0.0, 0.09625545566414662)
0(0.0, 0.09620467645797204)
0(0.0, 0.09594117506920019)
0(0.0, 0.0949412045646334)
0(0.0, 0.09490651826510077)
0(0.0, 0.09397069384644974)
0(0.0, 0.09383359626503462)
0(0.0, 0.09374055933550307)
0(0.0, 0.09331651439512245)
0(0.0, 0.09321394553308715)
0(0.0, 0.09320344676912429)
0(0.0, 0.09299537277374148)
0(0.0, 0.09286345907215887)
0(0.0, 0.0927955044905584)
0(0.0, 0.09268427074490371)
0(0.0, 0.09260582754716318)
0(0.0, 0.09241581288045642)
0(0.0, 0.09158435904548234)
0(0.0, 0.09137811828093612)
0(0.0, 0.09069638635002086)
0(0.0, 0.09065290746791366)
0(0.0, 0.09054988361114746)
0(0.0, 0.09004585472527338)
0(0.0, 0.0899220779318608)
0(0.0, 0.0897964671250715)
0(0.0, 0.08960934292675748)
0(0.0, 0.08956371631432014)
0(0.0, 0.08926535488372356)
0(0.0, 0.08908498744278215)
0(0.0, 0.08907834428868766)
0(0.0, 0.08906506022535376)
0(0.0, 0.08809696687192314)
0(0.0, 0.08790089237665188)
0(0.0, 0.08780018584648785)
0(0.0, 0.08731729101075458)
0(0.0, 0.08637585063900399)
0(0.0, 0.08629862497076457)
0(0.0, 0.08618999628493507)
0(0.0, 0.0861707733726953)
0(0.0, 0.08610363723144498)
0(0.0, 0.08606958155940636)
0(0.0, 0.08560023137615613)
0(0.0, 0.08543641758675502)
0(0.0, 0.08521402343672213)
0(0.0, 0.08483467688010526)
0(0.0, 0.08448585396078334)
0(0.0, 0.08367605925915111)
0(0.0, 0.08339724350921751)
0(0.0, 0.08248430395883277)
0(0.0, 0.08167470978021096)
0(0.0, 0.08158384106610383)
0(0.0, 0.08141405746714359)
0(0.0, 0.08004182953740857)
0(0.0, 0.08002756391103483)
0(0.0, 0.07971069909759865)
0(0.0, 0.07953918282318428)
0(0.0, 0.07895469143848877)
0(0.0, 0.07747862170903508)
0(0.0, 0.07740302912057073)
0(0.0, 0.07722192172252074)
0(0.0, 0.07703352603257319)
0(0.0, 0.07525056746122849)
0(0.0, 0.07472057768169516)
0(0.0, 0.0746562271588539)
0(0.0, 0.07402954825366614)
0(0.0, 0.07387937744979278)
0(0.0, 0.07206362943432731)
0(0.0, 0.0716603470699958)
0(0.0, 0.07121193025099515)
0(0.0, 0.07093006536830182)
0(0.0, 0.07014191565427941)
0(0.0, 0.07001916561020993)
0(0.0, 0.06992367988408044)
0(0.0, 0.0698534575062606)
0(0.0, 0.0692789706348188)
0(0.0, 0.0685435155598324)
0(0.0, 0.06838798430650361)
0(0.0, 0.06736107015017678)
0(0.0, 0.06699172907950313)
0(0.0, 0.06629689110650527)
0(0.0, 0.06543106391046671)
0(0.0, 0.06362336245452371)
0(0.0, 0.06322588343263225)
0(0.0, 0.06318097597317518)
0(0.0, 0.0630298294213456)
0(0.0, 0.06287149198763098)
0(0.0, 0.061949085242768986)
0(0.0, 0.06175872503089763)
0(0.0, 0.061576295741564424)
0(0.0, 0.061452380716555455)
0(0.0, 0.06131376226571539)
0(0.0, 0.0610657010124106)
0(0.0, 0.06079805579175257)
0(0.0, 0.06054168907378221)
0(0.0, 0.060280439223742155)
0(0.0, 0.05983765285696907)
0(0.0, 0.059307809813838874)
0(0.0, 0.059059083915015576)
0(0.0, 0.05877444484206684)
0(0.0, 0.05784079824246202)
0(0.0, 0.057822345710055734)
0(0.0, 0.056681418760958335)
0(0.0, 0.056568464809768515)
0(0.0, 0.05643696977991297)
0(0.0, 0.055942306906564765)
0(0.0, 0.05586383477960377)
0(0.0, 0.05563851406100839)
0(0.0, 0.054869657509701186)
0(0.0, 0.0547894149047099)
0(0.0, 0.05460800093735019)
0(0.0, 0.0543017159305903)
0(0.0, 0.053865692789769715)
0(0.0, 0.05257738423562297)
0(0.0, 0.05205649875873697)
0(0.0, 0.05200864259997495)
0(0.0, 0.05043336969903056)
0(0.0, 0.04870600787244994)
0(0.0, 0.04764557440995998)
0(0.0, 0.04715908207570607)
0(0.0, 0.044917676041183574)
0(0.0, 0.044370616989648615)
0(0.0, 0.04392213835653669)
0(0.0, 0.04342382435022962)
0(0.0, 0.04326332505942332)
0(0.0, 0.03791849555015914)
0(0.0, 0.03702442319010424)
0(0.0, 0.0365685204108499)
0(0.0, 0.036533063391649745)
0(0.0, 0.036140691915529155)
0(0.0, 0.035246511955169146)
0(0.0, 0.03403839135430431)
0(0.0, 0.032809826829450994)
0(0.0, 0.03109647473352206)
0(0.0, 0.03070339184623294)
0(0.0, 0.028858520877516614)
0(0.0, 0.028559515803953328)
0(0.0, 0.028293622906935934)
0(0.0, 0.028015873270937464)
0(0.0, 0.027280939072846122)
0(0.0, 0.02573005419869767)
0(0.0, 0.025059535209712047)
0(0.0, 0.02494574038010089)
0(0.0, 0.02478442767685385)
0(0.0, 0.024672665033499963)
0(0.0, 0.024634990729019757)
0(0.0, 0.02437765124869229)
0(0.0, 0.024360249980023396)
0(0.0, 0.023899669735837237)
0(0.0, 0.02361527404676922)
0(0.0, 0.023474940950686363)
0(0.0, 0.023027901135176054)
0(0.0, 0.022819577639091704)
0(0.0, 0.022575145846409628)
0(0.0, 0.0225158102597105)
0(0.0, 0.02238329422829488)
0(0.0, 0.022176332652506625)
0(0.0, 0.022027695168277073)
0(0.0, 0.021875527217465884)
0(0.0, 0.021855325581901508)
0(0.0, 0.021714020610106854)
0(0.0, 0.02163710486692927)
0(0.0, 0.02149176086541793)
0(0.0, 0.021463253828140627)
0(0.0, 0.02134884610187804)
0(0.0, 0.02120260615892966)
0(0.0, 0.020993970866443945)
0(0.0, 0.020846225407551655)
0(0.0, 0.020755241739075947)
0(0.0, 0.020429033043623757)
0(0.0, 0.020405542969358037)
0(0.0, 0.020264079317084294)
0(0.0, 0.020163125220031608)
0(0.0, 0.020081186661098926)
0(0.0, 0.01998847887780486)
0(0.0, 0.01992073091926072)
0(0.0, 0.019661518451543514)
0(0.0, 0.019632988277703323)
0(0.0, 0.019514067491898435)
0(0.0, 0.019203139966427862)
0(0.0, 0.019128005732124587)
0(0.0, 0.019057935740215082)
0(0.0, 0.01881818058303386)
0(0.0, 0.01875285884876854)
0(0.0, 0.01870673319745242)
0(0.0, 0.018592173305988613)
0(0.0, 0.01854270347798248)
0(0.0, 0.01824603739892172)
0(0.0, 0.018144252295758)
0(0.0, 0.018106208338154794)
0(0.0, 0.018062843913241866)
0(0.0, 0.018060478336096364)
0(0.0, 0.018005126831187268)
0(0.0, 0.017873015813269166)
0(0.0, 0.017844934818182945)
0(0.0, 0.01780312800709849)
0(0.0, 0.017734701061287605)
0(0.0, 0.017648528778150263)
0(0.0, 0.017648345389460363)
0(0.0, 0.01758881309299265)
0(0.0, 0.01742151785292423)
0(0.0, 0.017334541855115515)
0(0.0, 0.017133858913024658)
0(0.0, 0.0170696273922466)
0(0.0, 0.01687601046834708)
0(0.0, 0.01675141456123319)
0(0.0, 0.016717331880454767)
0(0.0, 0.016673882922373373)
0(0.0, 0.016534256965139327)
0(0.0, 0.016427714133700366)
0(0.0, 0.016145668515520795)
0(0.0, 0.01585632091444822)
0(0.0, 0.015411043866800367)
0(0.0, 0.01534805536092565)
0(0.0, 0.01516981754294111)
0(0.0, 0.014960064750772162)
0(0.0, 0.014944009544117787)
0(0.0, 0.014129472557950162)
0(0.0, 0.013914913653420125)
0(0.0, 0.013885536586337732)
0(0.0, 0.01385052219877736)
0(0.0, 0.013788090217198845)
0(0.0, 0.013436460392877492)
0(0.0, 0.012744102211685204)
0(0.0, 0.012738726551022816)
0(0.0, 0.012566399790174376)
0(0.0, 0.012450985015093341)
0(0.0, 0.012400332205342979)
0(0.0, 0.012037987188580956)
0(0.0, 0.011659527925405366)
0(0.0, 0.011598942782922728)
0(0.0, 0.011394660267731838)
0(0.0, 0.010960220530547349)
