1(1.082127650258918, 1.1737081860969734)
1(0.3652659660673532, 0.4443303764698522)
1(0.15546922630785998, 0.21309453813504053)
1(0.09957292347118918, 0.14700964384749116)
1(0.1683777109633554, 0.21527902632740048)
1(0.14742271204728674, 0.19260781118436487)
1(0.09961439120142968, 0.14232065695590257)
1(0.15749115267871716, 0.1971686913215316)
1(0.23005854404132953, 0.26931645709717533)
1(0.24841195724646714, 0.2866725816903981)
1(0.12053690169824038, 0.15788522972992114)
1(0.24823618585078666, 0.2831267928581138)
1(0.10778568013775214, 0.1422272829917124)
1(0.10170386686477162, 0.13323774560375268)
1(0.10664271487916543, 0.13772179310759136)
1(0.1307819330259039, 0.16177516095484645)
1(0.2579540742561365, 0.28673427842823795)
1(0.24502753137338673, 0.2737646301286891)
1(0.08491532787974676, 0.11245448439182149)
1(0.14321485307762416, 0.1705756026788785)
1(0.13017946845738337, 0.1567947639860835)
1(0.10626153468002553, 0.13243890107311584)
1(0.08224567785831549, 0.10841378787975242)
1(0.10369100466216086, 0.12932404804526465)
1(0.10748187047303326, 0.13308059696716068)
1(0.1224765308482616, 0.14793296271009926)
1(0.08725137488817647, 0.1116650839449933)
1(0.10381087216215057, 0.12767048012111026)
1(0.09657293519292365, 0.11996410091080101)
1(0.10945294146265816, 0.13238262820819036)
1(0.10848508858688444, 0.13053137297642747)
1(0.09571334788678532, 0.11768386761803973)
1(0.0965820073756094, 0.1185497648117615)
1(0.10082119085134278, 0.12263091247650382)
1(0.1053535026278749, 0.12683576623387316)
1(0.08402734964065706, 0.10533024823780734)
1(0.07996112653620757, 0.10087250794518055)
1(0.12731666561584543, 0.14818733322956423)
1(0.08292650552055802, 0.1032781021566419)
1(0.5057871549193007, 0.5256979052386884)
1(0.05293960877170978, 0.07211836472691846)
1(0.11766029630690389, 0.13665305432840413)
1(0.06545898556127838, 0.0836791596501949)
1(0.09729035557980381, 0.11534794586565744)
1(0.11616174031964721, 0.13407597804562466)
1(0.08002792549175886, 0.09775038722138696)
1(0.08929146775631447, 0.10700343346104979)
1(0.05982785478273034, 0.07722421381302169)
1(0.07564178606906447, 0.0929058360756263)
1(0.08314127217407086, 0.0999702061667248)
1(0.07742359740607085, 0.09370953130583504)
1(0.10503994928387095, 0.12088252324264726)
1(0.07989017958447009, 0.09567231076552674)
1(0.05707818293381539, 0.07276662327825878)
1(0.11222165992578481, 0.12775776234692648)
1(0.09777458323541832, 0.11318404407748561)
1(0.1181335609593166, 0.1335007988251491)
1(0.10257165327917517, 0.1172589252282793)
1(0.08349319230601127, 0.09775815102449448)
1(0.055647815077821794, 0.06983431104114102)
1(0.17054261021372097, 0.1847117600463436)
1(0.10576104123754726, 0.11989249368316734)
1(0.11900549144760064, 0.13308059696716068)
1(0.0951433243886044, 0.10905753783917771)
1(0.0769118891723195, 0.09068356915897036)
1(0.1054992239926954, 0.11915433383141683)
1(0.08191486179456497, 0.09546029492799579)
1(0.07615172229394518, 0.08953903162468757)
1(0.05342896841125222, 0.0664840840602482)
1(0.07969805399959684, 0.09242561605683852)
1(0.12884949427222814, 0.1414958168994691)
1(0.09308579389827487, 0.10568955967778937)
1(0.15007326650402197, 0.16260577590309422)
1(0.08747614373402979, 0.0999702061667248)
1(0.07347874015416567, 0.08594754499182455)
1(0.1286334555570765, 0.14105290209355625)
1(0.09187532879359617, 0.10420562697625635)
1(0.08009021158224783, 0.09241100289755055)
1(0.14623816648740173, 0.15854215453022436)
1(0.07672886928899059, 0.0887458352696342)
1(0.07652057068559637, 0.08848997690764426)
1(0.13478646019122487, 0.14675074037116875)
1(0.09315967319119078, 0.10503739907469734)
1(0.10058432998438227, 0.11229338226813301)
1(0.13578805340621047, 0.14746564455195166)
1(0.08885406125225714, 0.10018172898976274)
1(0.04384383040622564, 0.054963094521557676)
1(0.1218027698497326, 0.13268243815692338)
1(0.08980935209369201, 0.10065713199149207)
1(0.08120538525913534, 0.09204287173869052)
1(0.10142995306560265, 0.11211759999466764)
1(0.06405921297062123, 0.07471348056530358)
1(0.04696432026658415, 0.05757583034423186)
1(0.09494000343375808, 0.1054790300239209)
1(0.051624091021548746, 0.061917057032643164)
1(0.0892993315216275, 0.0995550357357744)
1(0.1273628834725522, 0.13737870142992337)
1(0.09101125632021712, 0.10101015801886404)
1(0.09859757158412452, 0.10857025819453181)
1(0.11510468733737278, 0.12475502531762228)
1(0.1291315918049072, 0.13868727621765609)
1(0.10277742081203933, 0.11211759999466764)
1(0.10990734721805895, 0.1191478224875906)
1(0.12515874509014835, 0.13434678166646552)
1(0.08535536894944762, 0.09454068990984676)
1(0.08152560103996087, 0.09059497898123914)
1(0.08154912529913771, 0.09061717101088451)
1(0.09359240719440653, 0.1025213169210818)
1(0.06211603677341593, 0.07101389952936199)
1(0.04869826130593535, 0.057542170606542875)
1(0.07908599383665837, 0.08790638114285554)
1(0.08522153793738374, 0.09399466393329026)
1(0.08017326470836783, 0.08870620773265969)
1(0.13397473191546128, 0.14243647258033487)
1(0.09892256658647425, 0.1073729633970989)
1(0.06631553327137008, 0.07463077623952574)
1(0.03640579376918418, 0.04461558166519519)
1(0.11132077282319819, 0.11939203442545032)
1(0.0885347077912374, 0.09659968340663139)
1(0.11288253283428207, 0.1209084542294595)
1(0.08814731103297979, 0.0958906125575325)
1(0.09843033897796705, 0.10614432335090396)
1(0.047573008476123335, 0.05522755510940902)
1(0.1098979334038841, 0.11740377009976577)
1(0.09511888211193242, 0.10250750513947715)
1(0.09604321051229459, 0.1032993107737239)
1(0.08061901246159309, 0.08773899843637267)
1(0.09762111602247014, 0.10472896712734903)
1(0.06109773198061008, 0.06815523100417242)
1(0.08335988087917223, 0.09038732128534066)
1(0.11019350176285292, 0.11719879246359133)
1(0.08123541753253283, 0.08820076322783144)
1(0.11301523599769392, 0.11996410091080101)
1(0.11730692416340982, 0.12420690288181102)
1(0.07870838517876078, 0.0854695633336422)
1(0.10316608083133638, 0.10992089937315841)
1(0.10468716425527913, 0.11141715614071779)
1(0.09368477672925535, 0.10037845194870898)
1(0.03760676874800972, 0.044251091811851384)
1(0.10004146121686663, 0.106631668018487)
1(0.08332490486125288, 0.08981042582462584)
1(0.05258183941736261, 0.05902170592599987)
1(0.04311581876704618, 0.049096416676566945)
1(0.08641992004647103, 0.09234573533955714)
1(0.04830199807844493, 0.05422283505940084)
1(0.04393303765842671, 0.049804493815679196)
1(0.10034359451410779, 0.10611471605467315)
1(0.12352191304167048, 0.1292270578774367)
1(0.0538948028508589, 0.05955486723100645)
1(0.05798622547536836, 0.06361164272579678)
1(0.09544140787605426, 0.10099042247158352)
1(0.06995986528746345, 0.07549413692738816)
1(0.11535518677890921, 0.12085207869619352)
1(0.09974328223582651, 0.10523710468864966)
1(0.049456620917198935, 0.054945253089888735)
1(0.07586569658310593, 0.0811928585819397)
1(0.09950822231193235, 0.10476834028356574)
1(0.10771912885261758, 0.11275393313871207)
1(0.09434645167719402, 0.099365219835725)
1(0.11780366553678656, 0.12281702938201622)
1(0.0404161575362999, 0.045398403544378185)
1(0.04480927609292373, 0.04957555867849117)
1(0.07726159214661632, 0.08193122922958385)
1(0.06639420467742774, 0.07105856529383259)
1(0.04940400606256601, 0.05391985553414702)
1(0.08104301812987802, 0.08537555829418042)
1(0.1252826541744273, 0.12945611683579328)
1(0.1020104117499574, 0.10614133050836438)
1(0.0436933242780746, 0.04779761484191669)
1(0.0894233018621845, 0.093510972898183)
1(0.14563813186945218, 0.14967673479510113)
1(0.1077600290837939, 0.11178515578146397)
1(0.04426742587351151, 0.048200072177376874)
1(0.07362018805450055, 0.0774388121931392)
1(0.11925767886738647, 0.12299102457481148)
1(0.08631319253569103, 0.09001373441800209)
1(0.08669866307370921, 0.09032505305697569)
1(0.22503125314413397, 0.22860678135583656)
1(0.07767281072674537, 0.0811945872577361)
1(0.07017175924761554, 0.07354676804479898)
1(0.010498701147822254, 0.013787399157141222)
1(0.08230064902538303, 0.08552316270318583)
1(0.10150803663769992, 0.10468132444471878)
1(0.051640914694402684, 0.05480434373430498)
1(0.04110566959428119, 0.044251091811851384)
1(0.035249524912769004, 0.03838319752550967)
1(0.0782361756487926, 0.08131544549120284)
1(0.08020887791891596, 0.08328716009490578)
1(0.07253848749742409, 0.07549828988781893)
1(0.1017817416789647, 0.10470446111588327)
1(0.07776685619762225, 0.08068729382144335)
1(0.0607014515490687, 0.06361164272579678)
1(0.04550622870810239, 0.04838885383905178)
1(0.10097911424675066, 0.10384894532940625)
1(0.10176982556410585, 0.10462925764444009)
1(0.0124704286722912, 0.015289342733549982)
1(0.05172145977486675, 0.05453264862652274)
1(0.11496359642053278, 0.11770989668967524)
1(0.08785129935660374, 0.09057729822384086)
1(0.09560773754863905, 0.09830427646234663)
1(0.08394357168216005, 0.08663747237895858)
1(0.11731384095084463, 0.11996410091080101)
1(0.06999221966836788, 0.07256584271130939)
1(0.047558828876761994, 0.05011941826557509)
1(0.010559773117702287, 0.013104532380464162)
1(0.009378093265027365, 0.011850406381576861)
1(0.04321172041975463, 0.045659934474049146)
1(0.05541857150425766, 0.05775815447155064)
1(0.04562588523393274, 0.04792491148547351)
1(0.06129681944023613, 0.0635018731119914)
1(0.09469369225578517, 0.09689746855602288)
1(0.03277698397580153, 0.03495983290293947)
1(0.052626686023332314, 0.05480434373430498)
1(0.011497495404043545, 0.01362073874271763)
1(0.0764165835939119, 0.0785248335231169)
1(0.05290596044585816, 0.05501337118967731)
1(0.05179564587417562, 0.053878879603733165)
1(0.08053187276165374, 0.08261007620478733)
1(0.009796566501428683, 0.011862834807027434)
1(0.03716173836414738, 0.039198582053034614)
1(0.09166749207557967, 0.09359577557741372)
1(0.05255153718557504, 0.054436363042151825)
1(0.09670294317898354, 0.0985789038093764)
1(0.044267221159667636, 0.04614167441982697)
1(0.08651687035671884, 0.08838406911978136)
1(0.08786176262351264, 0.08967829696357699)
1(0.01184566823989397, 0.013653716826787177)
1(0.11158071819825077, 0.11337407786383824)
1(0.017606098567537143, 0.019392184298267834)
1(0.011092095468882568, 0.012799849413380304)
1(0.011830354435517276, 0.013519461861272286)
1(0.06604610639936681, 0.06771560863126191)
1(0.1109912744922924, 0.11263084141125412)
1(0.10574588854091549, 0.10730951645130993)
1(0.011033414318719181, 0.012590166302895556)
1(0.014571685201810958, 0.016112943664350343)
1(0.07655192536439914, 0.07808324842586256)
1(0.03377198432141015, 0.03527783630305059)
1(0.009951362656623441, 0.011445158207704975)
1(0.014516646090603325, 0.016007604118054797)
1(0.011574560072529771, 0.013028581414972096)
1(0.010928992960638872, 0.012346832666111585)
1(0.10403150255572269, 0.10544501477222779)
1(0.0839119653026229, 0.08531789103560294)
1(0.00940492154141459, 0.010786519841623377)
1(0.06457767533893066, 0.06595818741626391)
1(0.07935131001146689, 0.08071296652896909)
1(0.09873350459836794, 0.10006497924914026)
1(0.05605822830898055, 0.05738095874048721)
1(0.012064910971594345, 0.013380358402293457)
1(0.07939920849388937, 0.08071296652896909)
1(0.011042912591447851, 0.012318797517339886)
1(0.11900222011488759, 0.1202763217052416)
1(0.08068692206600803, 0.08193122922958385)
1(0.010201060268223316, 0.011425889244653264)
1(0.00926466115257174, 0.01046922639528669)
1(0.013566302663329588, 0.014756152832262948)
1(0.013887425330126102, 0.015066279740038824)
1(0.009885337845978781, 0.011036186547149218)
1(0.012227090281094366, 0.013320111775415033)
1(0.0999599659736562, 0.1010334116687257)
1(0.10312436437148642, 0.10417458946475688)
1(0.010867181551221794, 0.011917284046159105)
1(0.01128180594639927, 0.012331484395671)
1(0.14455467367865948, 0.14559211198854072)
1(0.16653808026239858, 0.16755787707331882)
1(0.07676777434327742, 0.07777018657829682)
1(0.09861230199051085, 0.09960543672755451)
1(0.06982490840581357, 0.07078940282154722)
1(0.019027893550531583, 0.019947497739077003)
1(0.010302516788699978, 0.011216148453865649)
1(0.012797048023141633, 0.013626654589666498)
1(0.01062567320023211, 0.011445158207704975)
1(0.013859553179371265, 0.014638970114024041)
1(0.011273530370785712, 0.012048694844551955)
1(0.010928616589717222, 0.011693187653535109)
1(0.011680296014778935, 0.012444290795026625)
1(0.01119407188258803, 0.011921480816013519)
1(0.10429209362941672, 0.10500557880963535)
1(0.060194838596308364, 0.06088820074706258)
1(0.07932416858992264, 0.07999951550340023)
1(0.10053457727201265, 0.10120856654591881)
1(0.010430264927232313, 0.011103706150888182)
1(0.012409531263420148, 0.013028581414972096)
1(0.09444586364753127, 0.09506356717751419)
1(0.012697141617188823, 0.013313097131211427)
1(0.06071013557404481, 0.061300989989980126)
1(0.054790864398985395, 0.05536878955266589)
1(0.06694536319736155, 0.06752004125223743)
1(0.012241726033627387, 0.012799849413380304)
1(0.11799337969446133, 0.11854850301570796)
1(0.15849132593389403, 0.15904025011066247)
1(0.01136346574290703, 0.011901152837554774)
1(0.09303389525451133, 0.09355104029829864)
1(0.048581475565609766, 0.049096416676566945)
1(0.012464760933446617, 0.012971779840223241)
1(0.010245388359285568, 0.010737932456208021)
1(0.06043050457855326, 0.06091194249325682)
1(0.08029887120658274, 0.08075746830093455)
1(0.1383532222134356, 0.1387971410370541)
1(0.011311974892829757, 0.011721953868127022)
1(0.01111412796739153, 0.011518946899898186)
1(0.11060498319148737, 0.11099391648248269)
1(0.01460268190121694, 0.014969327177085434)
1(0.014036263680986316, 0.014366797306933465)
1(0.014953118486370043, 0.015256168080692967)
1(0.009410166995953428, 0.009686049137022423)
1(0.06023612634582565, 0.06050769706507475)
1(0.017105571660952945, 0.017346730010410094)
1(0.10584113942200879, 0.1060676383669723)
1(0.041023715647910075, 0.04123965921966066)
1(0.06772062200043028, 0.0679361475200807)
1(0.01258361909790573, 0.01278876968365672)
1(0.012248215713712596, 0.012444290795026625)
1(0.010229292073792196, 0.010419902303101747)
1(0.05217910652021862, 0.05235919769985897)
1(0.011786926819725041, 0.011946993276690243)
1(0.01705949418820718, 0.01720384783781692)
1(0.010693631680034899, 0.010836763423311968)
1(0.05648044995860435, 0.05661512156787729)
1(0.06336746020690143, 0.0635018731119914)
1(0.011794668577608247, 0.011928429795069695)
1(0.023885419144854536, 0.024009602717583012)
1(0.08627278860952292, 0.0863823931920279)
1(0.04612067372941209, 0.04622353537395418)
1(0.04201283591229865, 0.04210893190430964)
1(0.012681972844397094, 0.012770426670498769)
1(0.011421084226352685, 0.011484932309036133)
1(0.01582954537412351, 0.01588577100888644)
1(0.011020339837906845, 0.011074856222517138)
1(0.039854543939564224, 0.03988601876870912)
1(0.08849865522059375, 0.08852696061285814)
1(0.045952419418644364, 0.04597455370068981)
1(0.010034050070337086, 0.01004727770077496)
1(0.014353026590706475, 0.014365881699909155)
1(0.011127876818679883, 0.011135759312470905)
0(0.0, inf)
0(0.0, 0.5238297606824835)
0(0.0, 0.31205975149041465)
0(0.0, 0.2401749244471706)
0(0.0, 0.23454967675823157)
0(0.0, 0.22428810002846777)
0(0.0, 0.21131627638880957)
0(0.0, 0.17663876789402633)
0(0.0, 0.17539451439437015)
0(0.0, 0.16094063286982885)
0(0.0, 0.15402946591374478)
0(0.0, 0.14698230970131443)
0(0.0, 0.14234756750431976)
0(0.0, 0.1400982929545932)
0(0.0, 0.13743651401231805)
0(0.0, 0.1342386871813207)
0(0.0, 0.13173277794771054)
0(0.0, 0.13074649077067735)
0(0.0, 0.13036268338501766)
0(0.0, 0.12695090949537824)
0(0.0, 0.12676810851091425)
0(0.0, 0.12435754719126768)
0(0.0, 0.12397790064660541)
0(0.0, 0.12366315261787741)
0(0.0, 0.11732673679688566)
0(0.0, 0.11305773479939418)
0(0.0, 0.11245473576251419)
0(0.0, 0.1111964356283287)
0(0.0, 0.11015580477390374)
0(0.0, 0.109982765489827)
0(0.0, 0.10882633737800296)
0(0.0, 0.10730486528168048)
0(0.0, 0.1066405284225137)
0(0.0, 0.1044217107644475)
0(0.0, 0.10418685861968213)
0(0.0, 0.10390152773002392)
0(0.0, 0.10387604742066314)
0(0.0, 0.10378595008631175)
0(0.0, 0.10378470726553746)
0(0.0, 0.10252414518872188)
0(0.0, 0.10227292505032315)
0(0.0, 0.10183379217996902)
0(0.0, 0.1017918714963717)
0(0.0, 0.1009536900640936)
0(0.0, 0.10063550343296246)
0(0.0, 0.09912426490986204)
0(0.0, 0.09901589183634174)
0(0.0, 0.09891286675039324)
0(0.0, 0.09881013908274305)
0(0.0, 0.09834021922837921)
0(0.0, 0.0980915987338945)
0(0.0, 0.09746844429071089)
0(0.0, 0.09695836504598998)
0(0.0, 0.09685745115969602)
0(0.0, 0.09655619161761553)
0(0.0, 0.09649684952628501)
0(0.0, 0.09620981385166916)
0(0.0, 0.09538876068666802)
0(0.0, 0.09528837063739226)
0(0.0, 0.09527417535503269)
0(0.0, 0.09466251150731786)
0(0.0, 0.09443877574237791)
0(0.0, 0.09426794325392207)
0(0.0, 0.09424679161653049)
0(0.0, 0.09420033961591279)
0(0.0, 0.09390570445628155)
0(0.0, 0.09377579306984307)
0(0.0, 0.09274729808748483)
0(0.0, 0.09213127872859617)
0(0.0, 0.09201850929510125)
0(0.0, 0.09133209413210874)
0(0.0, 0.090795812709626)
0(0.0, 0.09040339944688314)
0(0.0, 0.08976208249131623)
0(0.0, 0.08964199169708442)
0(0.0, 0.08843844606413132)
0(0.0, 0.08840649662474265)
0(0.0, 0.08828797449107861)
0(0.0, 0.08810735290513805)
0(0.0, 0.08786459538895686)
0(0.0, 0.08769603991560604)
0(0.0, 0.0876238236110054)
0(0.0, 0.0875356387528553)
0(0.0, 0.08714210096072006)
0(0.0, 0.08700724875435517)
0(0.0, 0.08647758513340964)
0(0.0, 0.0864632539474871)
0(0.0, 0.08633859179683512)
0(0.0, 0.08621632943851387)
0(0.0, 0.08616856000537909)
0(0.0, 0.08612460761617746)
0(0.0, 0.08595860319253534)
0(0.0, 0.08595074584930218)
0(0.0, 0.0859501181381993)
0(0.0, 0.08479505858687808)
0(0.0, 0.08455307279637747)
0(0.0, 0.08453804512165464)
0(0.0, 0.08360933221336653)
0(0.0, 0.08286637816330722)
0(0.0, 0.08284404952179614)
0(0.0, 0.08235783890119441)
0(0.0, 0.08234887743901631)
0(0.0, 0.08146638587817201)
0(0.0, 0.081458020795099)
0(0.0, 0.08126633413515238)
0(0.0, 0.08045926182960339)
0(0.0, 0.079960011068552)
0(0.0, 0.07979496017343413)
0(0.0, 0.07967724621405359)
0(0.0, 0.07952434863961544)
0(0.0, 0.07882951591315956)
0(0.0, 0.07874089096188153)
0(0.0, 0.07873763695188296)
0(0.0, 0.07786662701056701)
0(0.0, 0.07786216855170058)
0(0.0, 0.07769061907188934)
0(0.0, 0.0775552007808592)
0(0.0, 0.07754150274576488)
0(0.0, 0.0775170892611381)
0(0.0, 0.07735585615026108)
0(0.0, 0.07729411509646311)
0(0.0, 0.0771979916346377)
0(0.0, 0.07715280510198719)
0(0.0, 0.07706698010639867)
0(0.0, 0.07696808891496754)
0(0.0, 0.07677522042643148)
0(0.0, 0.07673959773879102)
0(0.0, 0.07654307670790172)
0(0.0, 0.07646905698514073)
0(0.0, 0.07638087280252082)
0(0.0, 0.07635596270440426)
0(0.0, 0.07601758365489997)
0(0.0, 0.07593067609954451)
0(0.0, 0.07585423558011373)
0(0.0, 0.07570967149905472)
0(0.0, 0.07565224440014195)
0(0.0, 0.0755663907709806)
0(0.0, 0.07540281502268864)
0(0.0, 0.0751064661272659)
0(0.0, 0.07489941681642931)
0(0.0, 0.0748798291945737)
0(0.0, 0.07483095958989316)
0(0.0, 0.07444241614273306)
0(0.0, 0.07425371720595486)
0(0.0, 0.07402587966957741)
0(0.0, 0.07389448818196587)
0(0.0, 0.07338585286746424)
0(0.0, 0.07332529349184425)
0(0.0, 0.07305941910022651)
0(0.0, 0.07267144094006228)
0(0.0, 0.07240207547343591)
0(0.0, 0.07196122561376916)
0(0.0, 0.07177949936533778)
0(0.0, 0.07176596784896616)
0(0.0, 0.07167637932302173)
0(0.0, 0.0712274023372449)
0(0.0, 0.07114856242997003)
0(0.0, 0.07094228223248078)
0(0.0, 0.07090235136923762)
0(0.0, 0.07083080959418353)
0(0.0, 0.07050477166802593)
0(0.0, 0.07044151396772902)
0(0.0, 0.07042555798671457)
0(0.0, 0.0701941651655138)
0(0.0, 0.07008385207456547)
0(0.0, 0.06978496411880564)
0(0.0, 0.06963947711088436)
0(0.0, 0.069375613431648)
0(0.0, 0.06928975204637844)
0(0.0, 0.06914786932801975)
0(0.0, 0.06846070027743056)
0(0.0, 0.06837789750784884)
0(0.0, 0.0681208198322456)
0(0.0, 0.06712335939756564)
0(0.0, 0.06670079083704061)
0(0.0, 0.06654486461064668)
0(0.0, 0.06652624284795317)
0(0.0, 0.06648775709720989)
0(0.0, 0.06632367896777369)
0(0.0, 0.06628742956449618)
0(0.0, 0.06613110097123498)
0(0.0, 0.06612692542401011)
0(0.0, 0.06566173324248237)
0(0.0, 0.06489738344394125)
0(0.0, 0.06435495670871272)
0(0.0, 0.06427243316352127)
0(0.0, 0.06398128618028776)
0(0.0, 0.06355570048909476)
0(0.0, 0.06249634920135083)
0(0.0, 0.062395017189524005)
0(0.0, 0.062382953556911924)
0(0.0, 0.062354197567703995)
0(0.0, 0.06220447706615451)
0(0.0, 0.062151247100320606)
0(0.0, 0.06210591399257748)
0(0.0, 0.061497849810805194)
0(0.0, 0.060002183886056715)
0(0.0, 0.05988787923196981)
0(0.0, 0.05979794907190161)
0(0.0, 0.05976435931889268)
0(0.0, 0.05976249176885873)
0(0.0, 0.05973958474775731)
0(0.0, 0.059573703916877996)
0(0.0, 0.05889714614043995)
0(0.0, 0.05857302482425819)
0(0.0, 0.05852736314818863)
0(0.0, 0.058514296193437176)
0(0.0, 0.05833926673660095)
0(0.0, 0.058113818817883356)
0(0.0, 0.0580460174727786)
0(0.0, 0.05743562733837748)
0(0.0, 0.05741121808340499)
0(0.0, 0.05737051123871939)
0(0.0, 0.05736031997251512)
0(0.0, 0.056970128287241795)
0(0.0, 0.05690923684229321)
0(0.0, 0.056804686730390075)
0(0.0, 0.05675460348029859)
0(0.0, 0.05673939364172553)
0(0.0, 0.05534724620539755)
0(0.0, 0.055160580410165805)
0(0.0, 0.05515316113659663)
0(0.0, 0.05503719991243328)
0(0.0, 0.054825159528186784)
0(0.0, 0.0540482564929613)
0(0.0, 0.05375164093409468)
0(0.0, 0.05318998030327016)
0(0.0, 0.05318743539114379)
0(0.0, 0.0531125324480447)
0(0.0, 0.052522543520451825)
0(0.0, 0.05247435718500326)
0(0.0, 0.052347991929988624)
0(0.0, 0.05210780782768354)
0(0.0, 0.05202470012865379)
0(0.0, 0.05170203187062394)
0(0.0, 0.051622400782892486)
0(0.0, 0.0515782045119666)
0(0.0, 0.05152053088452413)
0(0.0, 0.05145221343462014)
0(0.0, 0.05136104677940467)
0(0.0, 0.05129718135904249)
0(0.0, 0.05109674280511656)
0(0.0, 0.05059942213214208)
0(0.0, 0.049994244444055425)
0(0.0, 0.049903608288467405)
0(0.0, 0.0498912325919737)
0(0.0, 0.04961611572851554)
0(0.0, 0.04842043746053215)
0(0.0, 0.04832594222948816)
0(0.0, 0.04825891331958465)
0(0.0, 0.04822869867677082)
0(0.0, 0.048027048597989674)
0(0.0, 0.04793267207542529)
0(0.0, 0.047404318754209473)
0(0.0, 0.047309154190650404)
0(0.0, 0.04709636539749784)
0(0.0, 0.046947470107708944)
0(0.0, 0.046423559956320415)
0(0.0, 0.04609977618247796)
0(0.0, 0.04600636223116883)
0(0.0, 0.045713721869036106)
0(0.0, 0.045698141505182366)
0(0.0, 0.04546696481537049)
0(0.0, 0.0453621656774299)
0(0.0, 0.044521180936027305)
0(0.0, 0.04450589811804262)
0(0.0, 0.044410870014564785)
0(0.0, 0.04404242549231174)
0(0.0, 0.04399090956430207)
0(0.0, 0.04387024131230255)
0(0.0, 0.04368964249586116)
0(0.0, 0.04346501876088982)
0(0.0, 0.04279089068181152)
0(0.0, 0.0423871164246542)
0(0.0, 0.04227018029448226)
0(0.0, 0.04218669228609229)
0(0.0, 0.042163066956968254)
0(0.0, 0.0420273722376433)
0(0.0, 0.0419604777855358)
0(0.0, 0.04179496008638195)
0(0.0, 0.04175634272693052)
0(0.0, 0.04157086020525791)
0(0.0, 0.04104596125986404)
0(0.0, 0.04089971728895181)
0(0.0, 0.040851364627376485)
0(0.0, 0.03957821997770905)
0(0.0, 0.03938652719269098)
0(0.0, 0.039335044461020985)
0(0.0, 0.0391836739092688)
0(0.0, 0.03862925225336833)
0(0.0, 0.03839108380973344)
0(0.0, 0.03802422613612111)
0(0.0, 0.037750308820351464)
0(0.0, 0.03694761424376758)
0(0.0, 0.03680210605352141)
0(0.0, 0.036744977605893236)
0(0.0, 0.03658032587220672)
0(0.0, 0.03628385161386305)
0(0.0, 0.03536052730810335)
0(0.0, 0.03450910482091318)
0(0.0, 0.0339405659172356)
0(0.0, 0.03392916504535071)
0(0.0, 0.033318626562223064)
0(0.0, 0.03324739005525035)
0(0.0, 0.032253608004469525)
0(0.0, 0.03166998120536657)
0(0.0, 0.0314248552580606)
0(0.0, 0.03138008593648445)
0(0.0, 0.03112908364724143)
0(0.0, 0.030555349243784447)
0(0.0, 0.030537713072597783)
0(0.0, 0.030490151635657048)
0(0.0, 0.03018598441377307)
0(0.0, 0.02976650279999138)
0(0.0, 0.029289648918639832)
0(0.0, 0.029284502287489023)
0(0.0, 0.028927029844345253)
0(0.0, 0.02873963057633444)
0(0.0, 0.028208859805545883)
0(0.0, 0.028186137828760782)
0(0.0, 0.02779595016362235)
0(0.0, 0.02644924751744826)
0(0.0, 0.02635594893719828)
0(0.0, 0.026193782478889815)
0(0.0, 0.0258683173155555)
0(0.0, 0.02572761738287721)
0(0.0, 0.023788404854767964)
0(0.0, 0.023642526641157846)
0(0.0, 0.02329646489901005)
0(0.0, 0.022998008811133897)
0(0.0, 0.02149181954027457)
0(0.0, 0.021354361149149237)
0(0.0, 0.020348655087457534)
0(0.0, 0.01881032660728643)
0(0.0, 0.01706669428504648)
0(0.0, 0.016979113453823635)
0(0.0, 0.01593128081616002)
0(0.0, 0.015540338459757552)
0(0.0, 0.015492488844131458)
0(0.0, 0.015484747502384821)
0(0.0, 0.014256150387178423)
0(0.0, 0.013614558055502823)
0(0.0, 0.01360440827173226)
0(0.0, 0.013559637077173337)
0(0.0, 0.013332591264789806)
0(0.0, 0.013316269117274349)
0(0.0, 0.013288190952062018)
0(0.0, 0.013135947200511255)
0(0.0, 0.01278320179285708)
0(0.0, 0.012699222333234728)
0(0.0, 0.012519832707715839)
0(0.0, 0.012451571706613485)
0(0.0, 0.012329347719365447)
0(0.0, 0.012197577988405706)
0(0.0, 0.011541554568415435)
0(0.0, 0.01145228706044188)
0(0.0, 0.011278875842155478)
0(0.0, 0.011233714666044947)
0(0.0, 0.01105343711072837)
0(0.0, 0.010976474220616428)
0(0.0, 0.010953826700519365)
0(0.0, 0.01089803359411301)
0(0.0, 0.010875862362872524)
0(0.0, 0.010853580566825283)
0(0.0, 0.010554027282065781)
0(0.0, 0.010517331390381468)
0(0.0, 0.010503578023574711)
0(0.0, 0.010353097294645508)
0(0.0, 0.010349395589007604)
0(0.0, 0.010336161581960601)
0(0.0, 0.01031644000881693)
0(0.0, 0.01028908184129873)
0(0.0, 0.010277357718899816)
0(0.0, 0.010191670924539653)
0(0.0, 0.01018050529128589)
0(0.0, 0.010149184328095417)
0(0.0, 0.01009571959338229)
0(0.0, 0.01003021939234039)
0(0.0, 0.009973000207149973)
0(0.0, 0.009946584759924382)
0(0.0, 0.009916119036090465)
0(0.0, 0.009840458298829513)
0(0.0, 0.00973155915653734)
0(0.0, 0.00969376852850179)
0(0.0, 0.009663488808423826)
0(0.0, 0.00960058879802883)
0(0.0, 0.009530485651234932)
0(0.0, 0.009448764592996928)
0(0.0, 0.009378566732170746)
0(0.0, 0.009223591642552709)
0(0.0, 0.00914066564567484)
0(0.0, 0.009136148815232836)
0(0.0, 0.009119320540454279)
0(0.0, 0.009101815564009241)
0(0.0, 0.009097158920147286)
0(0.0, 0.009093939808334173)
0(0.0, 0.009025673624097008)
0(0.0, 0.008980520649853885)
0(0.0, 0.008947878610830795)
0(0.0, 0.008944819965116313)
0(0.0, 0.00882832100463704)
0(0.0, 0.008794319038974652)
0(0.0, 0.008666599737473968)
0(0.0, 0.008662211020843968)
0(0.0, 0.00860898750268857)
0(0.0, 0.008523353210419526)
0(0.0, 0.008518743192976075)
0(0.0, 0.00847639315706361)
0(0.0, 0.008473003106048815)
0(0.0, 0.008363239506137488)
0(0.0, 0.008302572051009482)
0(0.0, 0.008244124034128664)
0(0.0, 0.008062213979600719)
0(0.0, 0.007864421553468448)
0(0.0, 0.007847014558839183)
0(0.0, 0.007836676469046844)
0(0.0, 0.007772739994275524)
0(0.0, 0.007753207742659418)
0(0.0, 0.007702411719758606)
0(0.0, 0.007633386367885353)
0(0.0, 0.007401672955558269)
0(0.0, 0.0073577489290554965)
0(0.0, 0.007300055363146929)
0(0.0, 0.0071808389778982296)
0(0.0, 0.006945520600340038)
0(0.0, 0.0069379853588044105)
0(0.0, 0.006751608077840476)
0(0.0, 0.006607562687065305)
0(0.0, 0.006301202099368131)
0(0.0, 0.006207785673224109)
0(0.0, 0.0060624961294474256)
0(0.0, 0.00482350950778121)
