1(0.21770522314551344, 0.4051657123965826)
1(0.1904672684991806, 0.30282891935439127)
1(0.23324977807730218, 0.2826980611490225)
1(0.10950064480336519, 0.1583107899934042)
1(1.0125711082463118, 1.0573503490148575)
1(0.13966885327704415, 0.17928189180338938)
1(0.1874256285468925, 0.22439989836435448)
1(0.07627865195195072, 0.10849420075292382)
1(0.15482431751797732, 0.1856420888934477)
1(0.19088372261814046, 0.21729606543975155)
1(0.09730397501710775, 0.12206327203306522)
1(0.16915692460534637, 0.1932842937765935)
1(0.06942625355249832, 0.09187781082701107)
1(0.10937486219917247, 0.1308966904616824)
1(0.12185610513990408, 0.14320284790227078)
1(0.09318487136200759, 0.11412781300093211)
1(0.07758778766822527, 0.09812624850791019)
1(0.07060686739058586, 0.09082294531482227)
1(0.1300819752664536, 0.1493884748649651)
1(0.06807149605976448, 0.0864007157153791)
1(0.13510008337693513, 0.15330879285274246)
1(0.09298724144855053, 0.11076134756164091)
1(0.10373437416120934, 0.12085492836443112)
1(0.05649423119517927, 0.07313586563103314)
1(0.11392354642888125, 0.13054921121821572)
1(0.081112514300679, 0.09754644760825426)
1(0.06408301926660243, 0.08028728784639327)
1(0.07448650095694764, 0.0902085275970188)
1(0.1253521656835873, 0.14081911542303993)
1(0.07128765728819186, 0.08653290278593262)
1(0.07109613959925287, 0.0851554749357385)
1(0.08791256580939133, 0.10182238449825154)
1(0.08461315381562762, 0.098426003942649)
1(0.118247137991218, 0.13195120857586173)
1(0.10639552842791711, 0.12004146950917705)
1(0.23758446225517094, 0.25094028176029626)
1(0.07470241134789224, 0.08767327879191)
1(0.05257050885246739, 0.06529842903660077)
1(0.10972902926179706, 0.12240869323775894)
1(0.11518513063625924, 0.12778168239084164)
1(0.07693881960755578, 0.0893857966850895)
1(0.06334845178341386, 0.07569000903831802)
1(0.05213219841949801, 0.06427382246197344)
1(0.07921259884820109, 0.09115946726640622)
1(0.07453116169836993, 0.08634605182685351)
1(0.11874417478011356, 0.13053933964398157)
1(0.07206626123510518, 0.08365288611051902)
1(0.0784808768127262, 0.08981564722680913)
1(0.07817878792412436, 0.08949445308327841)
1(0.17427696619332278, 0.1853932213398075)
1(0.09424476711155838, 0.10509302547760324)
1(0.05281999824463057, 0.06305617213122505)
1(0.11673203375180385, 0.12692989381337383)
1(0.07430856113437112, 0.08433842178840123)
1(0.0637620593293321, 0.07371500962677746)
1(0.050257181911663285, 0.060202991217793156)
1(0.0675589327958005, 0.07737238549410874)
1(0.09229987795264316, 0.10191333694961913)
1(0.061283335565284536, 0.07068877617661495)
1(0.06475976415352691, 0.07414812180413755)
1(0.12947266172639804, 0.138805342011327)
1(0.07497316273864707, 0.08412489170681303)
1(0.04202557531288398, 0.05111677556157579)
1(0.07549030162958681, 0.0842633938658689)
1(0.03918225103648454, 0.04794482082987994)
1(0.092661455166266, 0.10123116874593663)
1(0.1238283611156279, 0.1323219981998982)
1(0.0617963649541059, 0.06996268347106516)
1(0.05491723026543138, 0.06305617213122505)
1(0.0749356483108723, 0.08295411666055708)
1(0.04976843851360302, 0.05756707901163005)
1(0.054877704726372434, 0.06260690802795144)
1(0.06583206552744925, 0.07332544377160155)
1(0.059350412837674726, 0.06651614330881872)
1(0.08134790883604437, 0.08832953381100173)
1(0.06888040467603773, 0.07569000903831802)
1(1.0200199847523927, 1.026812103679436)
1(0.08296380925790181, 0.08963523268829332)
1(0.061752419636140754, 0.06834726543998293)
1(0.07843848246571072, 0.08500957796519526)
1(0.09598356858411816, 0.10243368020959798)
1(0.07715079242311396, 0.08352999310782983)
1(0.05473310851501567, 0.06093436940594055)
1(0.04605134897572272, 0.05223485221106783)
1(0.07581504472579381, 0.08183982614463381)
1(0.09329357205346789, 0.09926653892576542)
1(0.07224953909468945, 0.07796969086600436)
1(0.15116150407327877, 0.15684676059307257)
1(0.04720600627216476, 0.05274354877519105)
1(0.07767271579273483, 0.08320179767482405)
1(0.0648741820716553, 0.07029007299716317)
1(0.07653289765772908, 0.08178756682588506)
1(0.055103689628252406, 0.06021951678769255)
1(0.035601037320972084, 0.04062506199743354)
1(0.06269910477471663, 0.06755593171269947)
1(0.07599482504373223, 0.08079813172317996)
1(0.05460948594222803, 0.0593424785535821)
1(0.22929857213594662, 0.23392161149896618)
1(0.06338560027597073, 0.06798912035705562)
1(0.07714639375522914, 0.08151215854726723)
1(0.05257951947740647, 0.05691584276668371)
1(0.08946349902892559, 0.093756989244559)
1(0.17898469525520966, 0.18320651993589043)
1(0.06138447736323993, 0.06547401346427761)
1(0.1068999941656491, 0.11094149214746796)
1(0.03782352502336117, 0.04182056476059626)
1(0.05301710479418298, 0.05698946791693438)
1(0.0859053694857117, 0.0898333805555197)
1(0.04563930256433568, 0.049500465313777275)
1(0.037548869608899804, 0.04120257027008045)
1(0.05706769001680323, 0.06066308668919651)
1(0.1342393636992698, 0.1378085928011743)
1(0.08950419829268441, 0.0929604468717129)
1(0.07809947672371653, 0.0814898899916584)
1(0.05708574079283868, 0.06041332878884775)
1(0.1502648754457434, 0.1535529046938443)
1(0.0359418712618208, 0.03920715417827558)
1(0.17874296047172156, 0.18172915158687797)
1(0.08197835820315003, 0.08492137550726575)
1(0.21803461330923357, 0.22095183066069934)
1(0.17371556201267946, 0.17659196060042426)
1(0.008591088448578477, 0.01145342547495054)
1(0.07399468958849598, 0.07683987378414281)
1(0.280305279240016, 0.2830775210303976)
1(0.056436100489558605, 0.059174091722290045)
1(0.08712616920174343, 0.0898330725849047)
1(0.05870307211378911, 0.061407166316794104)
1(0.008998370443056958, 0.01159374630240384)
1(0.06295714616151771, 0.06546730782364507)
1(0.008734626236189369, 0.011153467305001441)
1(0.03634115727235643, 0.03875201259907013)
1(0.06299092381291038, 0.06538068318481127)
1(0.06528206214173515, 0.06763409068814918)
1(0.06504050389797167, 0.0673443024504723)
1(0.00768125590977109, 0.009976770245561761)
1(0.05621532467969825, 0.058504393124139686)
1(0.09896028218562392, 0.10122524822752332)
1(0.05550586370179145, 0.05776745057331523)
1(0.06103301026260444, 0.06321551502688938)
1(0.04084640758577207, 0.04300362054505125)
1(0.06086173211000079, 0.06298726152657852)
1(0.044950562747151035, 0.04704417844365294)
1(0.10694315503193852, 0.10898804421607733)
1(0.009003322674775327, 0.011033521704819305)
1(0.009436755325080481, 0.011441882584142915)
1(0.06215136385712505, 0.06397062230870687)
1(0.046645138751297055, 0.04844988354195534)
1(0.04329294087327362, 0.0450645700896134)
1(0.06558056804970513, 0.06733993433092877)
1(0.011747081305706897, 0.013452199216843042)
1(0.05989764081503601, 0.06152709425412495)
1(0.06857112317315683, 0.07018587134522558)
1(0.009817832157865913, 0.0113903449527476)
1(0.008852597813996277, 0.010392594084614681)
1(0.009544495311574086, 0.011076354781302866)
1(0.04995792543898092, 0.05145393739786486)
1(0.012550970474828671, 0.014043567573354565)
1(0.02744462905447964, 0.02891886128789911)
1(0.00877790829586833, 0.010141272874975682)
1(0.054302313531177315, 0.055590457726399034)
1(0.0076197667334562125, 0.008846782450907753)
1(0.08768763062361717, 0.08888479418521444)
1(0.013649527641785508, 0.01480984159244203)
1(0.006320333229905217, 0.007479982873062507)
1(0.00810229371458826, 0.009255320516449728)
1(0.009115914358580612, 0.010250372434462585)
1(0.07203528971549422, 0.07313586563103314)
1(0.007609134965512743, 0.008695481234219926)
1(0.07692691941553775, 0.07800845880485996)
1(0.0112192318811275, 0.012289496734902094)
1(0.03839669069968854, 0.0393996109740391)
1(0.05178047068917502, 0.052770174518197654)
1(0.017977914884574897, 0.018912643035814636)
1(0.08669567979321835, 0.0876300898839959)
1(0.08259743893904115, 0.08351836064331697)
1(0.011381393509441451, 0.012297449103915503)
1(0.010706402226876799, 0.011598096917272094)
1(0.011403831459400715, 0.012289496734902094)
1(0.033726478996438325, 0.034599996894299156)
1(0.007833093972403726, 0.008641801785545189)
1(0.03777522540348044, 0.0385618120753034)
1(0.042358202844711146, 0.04313896744630097)
1(0.01091994634363902, 0.011689477753708877)
1(0.059904336189192664, 0.06066308668919651)
1(0.011014269934534693, 0.011764559330681434)
1(0.010510560608859132, 0.011253969719620893)
1(0.01104612297156149, 0.011789296855043485)
1(0.041773822625504775, 0.04249258103729858)
1(0.011405150732435754, 0.01206343435819024)
1(0.01182333060255747, 0.012481421179678542)
1(0.009471784821563523, 0.010110552661602101)
1(0.01060619391863915, 0.011225766442369944)
1(0.007494032224123037, 0.008112154160136886)
1(0.08328635016798513, 0.08390264768013445)
1(0.007278619304688316, 0.007886075618719346)
1(0.01075916260551435, 0.011334556907627413)
1(0.008474276018907823, 0.009034593971458671)
1(0.010828383199390945, 0.011334556907627413)
1(0.011191548609556512, 0.011689477753708877)
1(0.009251587365966207, 0.009747915842464261)
1(0.010391421671201995, 0.010876522364185681)
1(0.0698382016990714, 0.07030959505840284)
1(0.05909149947093961, 0.059552465396012666)
1(0.006947986992564492, 0.007398138990424741)
1(0.010536833057966488, 0.010974916108090316)
1(0.006799111698656879, 0.007229676372528249)
1(0.06358495611752024, 0.06400782129200733)
1(0.05022561746987664, 0.050578787050711616)
1(0.007384034337154621, 0.007693602614479489)
1(0.0058371201835524245, 0.006134175175167789)
1(0.0136040121245804, 0.013889884224343452)
1(0.007778153649144581, 0.008035759358461347)
1(0.007659667280123794, 0.007911745360740574)
1(0.01136289188679851, 0.01160910681926075)
1(0.03157679401024249, 0.03180090305979155)
1(0.008665536218446679, 0.008868793331848424)
1(0.11109660265609644, 0.11127194077677327)
1(0.036378171827839645, 0.036529993650850634)
1(0.07624292794214749, 0.07638268815205895)
1(0.006306349013401102, 0.0063673391656769995)
1(0.115402181972168, 0.1154250696058764)
1(0.009084286242644568, 0.00910387110928923)
1(0.011593888591068913, 0.01160910681926075)
0(0.0, inf)
0(0.0, 0.8579979679055892)
0(0.0, 0.2884577141231719)
0(0.0, 0.2657455511259068)
0(0.0, 0.18305527025355373)
0(0.0, 0.15859517405031154)
0(0.0, 0.15108092202255807)
0(0.0, 0.14317258956787937)
0(0.0, 0.1420188380061157)
0(0.0, 0.14154936387703887)
0(0.0, 0.1388061021862388)
0(0.0, 0.13318511798983912)
0(0.0, 0.1312185570527128)
0(0.0, 0.12890699499249714)
0(0.0, 0.12837879340576497)
0(0.0, 0.1261816584277341)
0(0.0, 0.11838161335243069)
0(0.0, 0.11679995233644269)
0(0.0, 0.1119977075126688)
0(0.0, 0.11073397218866854)
0(0.0, 0.10997393696550062)
0(0.0, 0.10989990550828954)
0(0.0, 0.10960587123413801)
0(0.0, 0.10915734360722296)
0(0.0, 0.1090803938245355)
0(0.0, 0.1080715362525303)
0(0.0, 0.10791195751191895)
0(0.0, 0.10569243432479236)
0(0.0, 0.10554032466627083)
0(0.0, 0.10548707501166255)
0(0.0, 0.10534546218462193)
0(0.0, 0.10329729717638048)
0(0.0, 0.10250301716133148)
0(0.0, 0.10105628192985938)
0(0.0, 0.10086000460537414)
0(0.0, 0.10074905129905176)
0(0.0, 0.10063807708741968)
0(0.0, 0.09715567885563314)
0(0.0, 0.09712738986213298)
0(0.0, 0.09699411901080268)
0(0.0, 0.09693758194816937)
0(0.0, 0.0966219255648193)
0(0.0, 0.09480342465151104)
0(0.0, 0.09465683978398864)
0(0.0, 0.09418589448036363)
0(0.0, 0.09209052751970948)
0(0.0, 0.09194263180165096)
0(0.0, 0.09009042707239234)
0(0.0, 0.08859703123441831)
0(0.0, 0.08855603311633176)
0(0.0, 0.08792187903293391)
0(0.0, 0.08753066196660997)
0(0.0, 0.08716544752417099)
0(0.0, 0.08715944089391903)
0(0.0, 0.08600532310340137)
0(0.0, 0.08599715912201289)
0(0.0, 0.08427600882728936)
0(0.0, 0.08335838929855088)
0(0.0, 0.08331978130366091)
0(0.0, 0.08310995024502554)
0(0.0, 0.08201394748000057)
0(0.0, 0.08171992000506878)
0(0.0, 0.08058807894793008)
0(0.0, 0.0804279781271543)
0(0.0, 0.07998149340349803)
0(0.0, 0.07934834660710333)
0(0.0, 0.07905214906126934)
0(0.0, 0.0782023690581285)
0(0.0, 0.07741432114655644)
0(0.0, 0.07706597159237161)
0(0.0, 0.0764368616225577)
0(0.0, 0.07611815051578497)
0(0.0, 0.07488373146906102)
0(0.0, 0.07447983921914991)
0(0.0, 0.0744700914773676)
0(0.0, 0.07437533982267097)
0(0.0, 0.07436568166691271)
0(0.0, 0.07352665479313103)
0(0.0, 0.07347288838158406)
0(0.0, 0.07315647778098655)
0(0.0, 0.07286892203716622)
0(0.0, 0.0727071504693595)
0(0.0, 0.07263038136362221)
0(0.0, 0.07222863876706109)
0(0.0, 0.07194721452766428)
0(0.0, 0.07183360999480426)
0(0.0, 0.07147250611229039)
0(0.0, 0.07100339286327595)
0(0.0, 0.07084278932557175)
0(0.0, 0.0703188301110581)
0(0.0, 0.06998732146954101)
0(0.0, 0.0696828380726422)
0(0.0, 0.06895452498579513)
0(0.0, 0.06888322117639434)
0(0.0, 0.06837699687820309)
0(0.0, 0.06835682449514324)
0(0.0, 0.06816722496413186)
0(0.0, 0.06768766344104116)
0(0.0, 0.0675380834619781)
0(0.0, 0.06705529683654277)
0(0.0, 0.0665969543147471)
0(0.0, 0.06649293661798805)
0(0.0, 0.06613290388649884)
0(0.0, 0.0656178405382215)
0(0.0, 0.0653221452473618)
0(0.0, 0.06499392686565175)
0(0.0, 0.06473996702348617)
0(0.0, 0.06375775290541186)
0(0.0, 0.06372914476707259)
0(0.0, 0.06350400126285527)
0(0.0, 0.06321386462784606)
0(0.0, 0.06317746921924894)
0(0.0, 0.06300609385717804)
0(0.0, 0.06291999425415684)
0(0.0, 0.06289626563305906)
0(0.0, 0.06289240689649211)
0(0.0, 0.0627710925314916)
0(0.0, 0.062325302025820206)
0(0.0, 0.06217634909592318)
0(0.0, 0.0620146466668664)
0(0.0, 0.06142120026719822)
0(0.0, 0.06116283496175723)
0(0.0, 0.061066389014305056)
0(0.0, 0.06101196194503211)
0(0.0, 0.06070954680596452)
0(0.0, 0.06070791960091049)
0(0.0, 0.06061704201010343)
0(0.0, 0.06041880186465676)
0(0.0, 0.06036961075222402)
0(0.0, 0.060179199400437144)
0(0.0, 0.059934970189954195)
0(0.0, 0.059891587131667756)
0(0.0, 0.059885392471744625)
0(0.0, 0.05986124379798219)
0(0.0, 0.059812065495047695)
0(0.0, 0.059641740079626526)
0(0.0, 0.05954193413928388)
0(0.0, 0.05949769378648018)
0(0.0, 0.05938456575529738)
0(0.0, 0.05936752653835331)
0(0.0, 0.05876636242044797)
0(0.0, 0.05869559960763926)
0(0.0, 0.058553115300937986)
0(0.0, 0.058409768415828234)
0(0.0, 0.058078019429333216)
0(0.0, 0.05744042563027629)
0(0.0, 0.0573367720113056)
0(0.0, 0.05709140458773798)
0(0.0, 0.05690747667149565)
0(0.0, 0.056834692559688205)
0(0.0, 0.05650803133007676)
0(0.0, 0.05645719300228924)
0(0.0, 0.056272535823186365)
0(0.0, 0.05602465194325024)
0(0.0, 0.05570677817754177)
0(0.0, 0.05568763682105471)
0(0.0, 0.0554159928768404)
0(0.0, 0.05530430783845952)
0(0.0, 0.05519805210311568)
0(0.0, 0.055189277280133564)
0(0.0, 0.054768503811981395)
0(0.0, 0.054307447687330646)
0(0.0, 0.05407835134979222)
0(0.0, 0.053876753642611575)
0(0.0, 0.053451557877401634)
0(0.0, 0.05335405539266724)
0(0.0, 0.05323492204277114)
0(0.0, 0.05308533988930464)
0(0.0, 0.05296016897860634)
0(0.0, 0.05288844107421398)
0(0.0, 0.052709520204258564)
0(0.0, 0.052526500536790977)
0(0.0, 0.052515316058042605)
0(0.0, 0.05249179134844595)
0(0.0, 0.052473833515374824)
0(0.0, 0.052209320337626375)
0(0.0, 0.0521001775060832)
0(0.0, 0.052047316567319646)
0(0.0, 0.05154595047739596)
0(0.0, 0.05148782603735602)
0(0.0, 0.051451815803579604)
0(0.0, 0.05136571191702721)
0(0.0, 0.051326611264753685)
0(0.0, 0.051055201673325445)
0(0.0, 0.05091957773705236)
0(0.0, 0.05061093416935536)
0(0.0, 0.05057767977800032)
0(0.0, 0.05045079408897224)
0(0.0, 0.050235858035947545)
0(0.0, 0.05010495044263297)
0(0.0, 0.049484679319705016)
0(0.0, 0.04909646484843344)
0(0.0, 0.04872288435301575)
0(0.0, 0.04869868855797577)
0(0.0, 0.048538414087612725)
0(0.0, 0.0483587956292737)
0(0.0, 0.04817782599347464)
0(0.0, 0.04793567083869743)
0(0.0, 0.047906485147603095)
0(0.0, 0.0477965863752845)
0(0.0, 0.047725895303305066)
0(0.0, 0.04756427583583711)
0(0.0, 0.04752900526186654)
0(0.0, 0.0474466804430933)
0(0.0, 0.04735453304383719)
0(0.0, 0.04733102995598115)
0(0.0, 0.04730182895995727)
0(0.0, 0.04702645491864377)
0(0.0, 0.04685967125436552)
0(0.0, 0.04623691047537226)
0(0.0, 0.045738664835712095)
0(0.0, 0.04567009640092079)
0(0.0, 0.045665232687480795)
0(0.0, 0.04525076051967314)
0(0.0, 0.04502698390252735)
0(0.0, 0.044975421683400296)
0(0.0, 0.04446975106593576)
0(0.0, 0.044157971326195145)
0(0.0, 0.043680626845986836)
0(0.0, 0.04367063202834287)
0(0.0, 0.043665374614856534)
0(0.0, 0.043310381640330964)
0(0.0, 0.04316215613579888)
0(0.0, 0.04289615753285625)
0(0.0, 0.042868627259093905)
0(0.0, 0.04281381147967367)
0(0.0, 0.042645508918263464)
0(0.0, 0.04264373277978706)
0(0.0, 0.04249328375908312)
0(0.0, 0.04243580348593867)
0(0.0, 0.042408009169107475)
0(0.0, 0.042062104581480186)
0(0.0, 0.04191952304639257)
0(0.0, 0.041839328259762)
0(0.0, 0.04183044034857952)
0(0.0, 0.04154853135829384)
0(0.0, 0.04144418696609853)
0(0.0, 0.041293092657647024)
0(0.0, 0.040976026969911095)
0(0.0, 0.040649750246630645)
0(0.0, 0.040412663305008145)
0(0.0, 0.04038643725175162)
0(0.0, 0.040381652086455055)
0(0.0, 0.040375175608193814)
0(0.0, 0.04033634524113516)
0(0.0, 0.04024605162186945)
0(0.0, 0.04024320549230331)
0(0.0, 0.0402053621293843)
0(0.0, 0.03995523180785532)
0(0.0, 0.03985732201288372)
0(0.0, 0.03981184705016794)
0(0.0, 0.039744235282821005)
0(0.0, 0.03966239613168432)
0(0.0, 0.039012425093417624)
0(0.0, 0.038768646645320204)
0(0.0, 0.03870091931162967)
0(0.0, 0.03853247377064373)
0(0.0, 0.03833789742876559)
0(0.0, 0.03762122046796823)
0(0.0, 0.037614168224141875)
0(0.0, 0.03758823085670027)
0(0.0, 0.03725039608326863)
0(0.0, 0.0372499676630037)
0(0.0, 0.037206916608663265)
0(0.0, 0.037172282310022675)
0(0.0, 0.03712790818505329)
0(0.0, 0.03700403889570525)
0(0.0, 0.037003236078072876)
0(0.0, 0.03680221765009983)
0(0.0, 0.036754770556619354)
0(0.0, 0.036552118673024325)
0(0.0, 0.036512188472742735)
0(0.0, 0.03636096723513904)
0(0.0, 0.03622526842428986)
0(0.0, 0.03610972628130349)
0(0.0, 0.03595066374984124)
0(0.0, 0.03588492107228014)
0(0.0, 0.03561191715737566)
0(0.0, 0.035333034940974395)
0(0.0, 0.035278388952088346)
0(0.0, 0.034839492012814444)
0(0.0, 0.03453051572705401)
0(0.0, 0.034461400424162236)
0(0.0, 0.03427386186873693)
0(0.0, 0.03398404646676201)
0(0.0, 0.033712127608451437)
0(0.0, 0.03290619210308643)
0(0.0, 0.03275617257271113)
0(0.0, 0.03249071389047842)
0(0.0, 0.032204997863150786)
0(0.0, 0.03215839079783256)
0(0.0, 0.03208939695834678)
0(0.0, 0.03204130981381059)
0(0.0, 0.032024688072661234)
0(0.0, 0.031964035990070694)
0(0.0, 0.03163907874342031)
0(0.0, 0.03152128976471402)
0(0.0, 0.0314981352878253)
0(0.0, 0.030971471579579912)
0(0.0, 0.030788114886385443)
0(0.0, 0.030651176385507628)
0(0.0, 0.030641010230763488)
0(0.0, 0.029961321791659334)
0(0.0, 0.029264478198303467)
0(0.0, 0.029215231725191804)
0(0.0, 0.028948999545601595)
0(0.0, 0.02857873120238774)
0(0.0, 0.028436001469340444)
0(0.0, 0.028362076233325095)
0(0.0, 0.02835963231131511)
0(0.0, 0.028116595752587292)
0(0.0, 0.027855534430242246)
0(0.0, 0.027669587370824922)
0(0.0, 0.02761473742191367)
0(0.0, 0.027439331559409585)
0(0.0, 0.027346580801536624)
0(0.0, 0.02654791833405923)
0(0.0, 0.026304375964889992)
0(0.0, 0.02559599366335752)
0(0.0, 0.025268013650075694)
0(0.0, 0.024473875294618752)
0(0.0, 0.024359512837890618)
0(0.0, 0.02435400181690328)
0(0.0, 0.02348850756821752)
0(0.0, 0.023294442472592936)
0(0.0, 0.02279794578547245)
0(0.0, 0.022224517444745517)
0(0.0, 0.02215943340617854)
0(0.0, 0.021492003280333627)
0(0.0, 0.021421953563067087)
0(0.0, 0.02114149999769721)
0(0.0, 0.021112646225130094)
0(0.0, 0.01871010678560403)
0(0.0, 0.016426582241710896)
0(0.0, 0.015135476157095873)
0(0.0, 0.014672246266323796)
0(0.0, 0.012414877989134099)
0(0.0, 0.012285338920442812)
0(0.0, 0.011999128721945085)
0(0.0, 0.011573223717511016)
0(0.0, 0.01131517967941198)
0(0.0, 0.011304143099097441)
0(0.0, 0.010977045255570306)
0(0.0, 0.010920157998214886)
0(0.0, 0.010499514300915891)
0(0.0, 0.010462082853463173)
0(0.0, 0.010411692255016702)
0(0.0, 0.01040688839653614)
0(0.0, 0.010389980491641304)
0(0.0, 0.01037926402484135)
0(0.0, 0.01013441733277598)
0(0.0, 0.010002853194415628)
0(0.0, 0.009880597783452294)
0(0.0, 0.009615391425229491)
0(0.0, 0.009467238644125797)
0(0.0, 0.009359015110883995)
0(0.0, 0.009304636298072433)
0(0.0, 0.008922153133786193)
0(0.0, 0.008823394381215266)
0(0.0, 0.008813148674849836)
0(0.0, 0.008704704809108121)
0(0.0, 0.008665347006020618)
0(0.0, 0.008538293244974793)
0(0.0, 0.008492813257135912)
0(0.0, 0.008489449263358706)
0(0.0, 0.00845034375841247)
0(0.0, 0.008408583944943704)
0(0.0, 0.008361416254249243)
0(0.0, 0.008273390303627504)
0(0.0, 0.007966004889626288)
0(0.0, 0.007920964919871931)
0(0.0, 0.007883588714421075)
0(0.0, 0.007836018210157225)
0(0.0, 0.0077763055087922694)
0(0.0, 0.007692922843464345)
0(0.0, 0.007657160890671144)
0(0.0, 0.0076510416674665516)
0(0.0, 0.00762868750154555)
0(0.0, 0.0075633390210162466)
0(0.0, 0.007524267420702668)
0(0.0, 0.007521975066392628)
0(0.0, 0.007468679137565992)
0(0.0, 0.007410953803835385)
0(0.0, 0.007392444374849427)
0(0.0, 0.007379923850191927)
0(0.0, 0.0073572981566382145)
0(0.0, 0.0073067286760954975)
0(0.0, 0.007201531338770217)
0(0.0, 0.007180152771665282)
0(0.0, 0.007053921915276096)
0(0.0, 0.0070323533482319345)
0(0.0, 0.006903186307849141)
0(0.0, 0.0068852361908564585)
0(0.0, 0.00683341954498895)
0(0.0, 0.006658662652135994)
0(0.0, 0.0066439198099395025)
0(0.0, 0.006520308366799066)
0(0.0, 0.00642700521212114)
0(0.0, 0.006343352309071015)
0(0.0, 0.006316520952876381)
0(0.0, 0.006266853730468647)
0(0.0, 0.00619847571481924)
0(0.0, 0.006156949762027519)
0(0.0, 0.006131707110346052)
0(0.0, 0.006058132737138511)
0(0.0, 0.005982342972596255)
0(0.0, 0.0059346359932513915)
0(0.0, 0.005901645071421324)
0(0.0, 0.005870590951306709)
0(0.0, 0.005800360510428759)
0(0.0, 0.005791679124580673)
0(0.0, 0.0057591171887283465)
0(0.0, 0.005565671512364423)
0(0.0, 0.005491970073702168)
0(0.0, 0.005456952099523682)
0(0.0, 0.005411602758212286)
0(0.0, 0.005386863304986611)
0(0.0, 0.00533704490780984)
0(0.0, 0.005322736136266104)
0(0.0, 0.004993339867345514)
0(0.0, 0.004633079945712049)
0(0.0, 0.004613393957888956)
0(0.0, 0.004598625809445922)
0(0.0, 0.004584311445848033)
0(0.0, 0.0044681231257549525)
0(0.0, 0.004410050614865768)
0(0.0, 0.004310167427476697)
0(0.0, 0.004217152225876708)
0(0.0, 0.004136578226895171)
0(0.0, 0.004095661466676059)
0(0.0, 0.003643200299764393)
0(0.0, 0.0025780524995235865)
