1(0.15395451970475746, 0.17028392095246125)
1(0.14644305350908524, 0.16112276232242811)
1(0.11374254906599947, 0.12806995304727342)
1(0.13563006556860452, 0.14872151143420614)
1(0.13377115135128206, 0.14619658731600105)
1(0.11335516937724648, 0.12574616647023976)
1(0.1212966631568646, 0.13312045058387145)
1(0.10760699556341784, 0.11912388352184494)
1(0.13262928992874357, 0.14403849576088468)
1(0.13129888276996354, 0.14237408266520094)
1(0.1600804779649173, 0.17087101071080418)
1(0.1061817658493618, 0.11694036672495772)
1(0.10963615576954634, 0.12020803310840608)
1(0.11185896726061687, 0.12227634068404411)
1(0.15829593287676305, 0.16837691361134074)
1(0.10811990185122675, 0.11740610867097705)
1(0.14353617392816634, 0.15281361376780264)
1(0.11108628581157144, 0.12035584940027111)
1(0.18127046936785482, 0.19038863276729134)
1(0.156704161082377, 0.16575565369522316)
1(0.11468640854609012, 0.12368013979271396)
1(0.14005409837237012, 0.14881872362799384)
1(0.13735333114692413, 0.14586175895782072)
1(0.1502945290448455, 0.1585599330152418)
1(0.11993114162998308, 0.12812119351806256)
1(0.132217814080134, 0.14033559361253467)
1(0.15736444332409646, 0.16535967539257984)
1(0.11677298924302507, 0.12472075138427594)
1(0.15469939760397355, 0.16261096237767056)
1(0.13288523257878798, 0.14077129720902726)
1(0.1073785596122798, 0.11508038618825131)
1(0.11526363993227043, 0.12254670837502608)
1(0.10751250556762065, 0.11469233285999544)
1(0.11666157440343436, 0.12377430257350423)
1(0.11238656749314752, 0.11947388537103136)
1(0.11133808880216887, 0.11839896225350112)
1(0.2202537583917949, 0.22731132197030302)
1(0.17742934277207234, 0.18440515042110656)
1(0.10818835701316298, 0.11504254711329279)
1(0.11561546475676364, 0.12205548218519882)
1(0.13117937345485836, 0.13757242162061487)
1(0.1715176928030293, 0.17786876908101348)
1(0.10771502470625165, 0.11396656951301204)
1(0.11471087160452274, 0.12085313874649269)
1(0.11147960172389978, 0.1175885943493877)
1(0.11437011677481435, 0.12039657452534917)
1(0.13506820744757966, 0.1410238395324071)
1(0.10908624411409289, 0.114965022247194)
1(0.14337329309569322, 0.1490264478794074)
1(0.12033664003115391, 0.12577686022038434)
1(0.10855529590261914, 0.11395748568620498)
1(0.11513786839855573, 0.12046119639860883)
1(0.13684459237046673, 0.14215943456083663)
1(0.10978602710703314, 0.11508038618825131)
1(0.11568525517808631, 0.12097129898590527)
1(0.14012703915188138, 0.14539478538774342)
1(0.11170552833026756, 0.11688050882923427)
1(0.11825871513405654, 0.12342817494171784)
1(0.10406664317387779, 0.10917593023487435)
1(0.12133095070151169, 0.1263123243147207)
1(0.15254767007904, 0.1574667829021212)
1(0.11810229940755881, 0.12288786924379795)
1(0.12826522354576042, 0.13300768681517305)
1(0.10550762786925559, 0.11024587741903433)
1(0.17041734345301301, 0.17513648756315384)
1(0.11152217424255927, 0.11619677766475053)
1(0.13232328929193385, 0.13690487103225274)
1(0.1104176160683919, 0.11485453937068675)
1(0.16255937020982225, 0.16695277068003989)
1(0.11060450385892326, 0.11494287718717754)
1(0.13112295189331533, 0.13533221560593167)
1(0.1471946072380425, 0.151348899254893)
1(0.11402262362706463, 0.1181433198702639)
1(0.12009769602906589, 0.12416753134805063)
1(0.12031554201614998, 0.12432993814900666)
1(0.13900539936062614, 0.143004609010809)
1(0.11364073726418741, 0.1175885943493877)
1(0.11183280766447025, 0.11572317244944286)
1(0.1726166093715643, 0.1763392360927364)
1(0.11917300431179367, 0.12280312985588016)
1(0.11276674318915225, 0.11619677766475053)
1(0.11066266982182174, 0.11407574789059453)
1(0.12377831032658894, 0.12716438456913137)
1(0.11031345177934081, 0.11365322177269709)
1(0.15870347780969474, 0.16200593199916385)
1(0.11460349006077174, 0.11787848097432538)
1(0.10510286826374654, 0.10837315647845175)
1(0.12969387137182803, 0.13296194053161953)
1(0.026611121134266447, 0.029779928129089778)
1(0.12059142466995616, 0.12375716182510392)
1(0.1132829040274077, 0.11639216650080249)
1(0.10862702592179425, 0.11173116690657726)
1(0.1452438376896905, 0.14834366987471928)
1(0.11708144524984351, 0.12010592648784217)
1(0.11196843334934747, 0.114965022247194)
1(0.03431052513607572, 0.037306870704190566)
1(0.12213672725799231, 0.1250924534933531)
1(0.11063841400761638, 0.11348924586384661)
1(0.13800052837622423, 0.14081008750425744)
1(0.12598340433929334, 0.12877429919331287)
1(0.13467599494370613, 0.13745069605782673)
1(0.14991842880793443, 0.15262993057876353)
1(0.10892764626502502, 0.11158016270846503)
1(0.14185483863490772, 0.14450115443505107)
1(0.025768666967222385, 0.028395205720186834)
1(0.15407606648535083, 0.15669786491724264)
1(0.038642603688023275, 0.04124270760604002)
1(0.11718119389155035, 0.11974254181799698)
1(0.11017554890173122, 0.11269344225703264)
1(0.11298586714729755, 0.11550006582133149)
1(0.11625639315561856, 0.11876611684946785)
1(0.033050668427430256, 0.035522237503455116)
1(0.02966575080791205, 0.032119922619047274)
1(0.11612103378793649, 0.11857430186161316)
1(0.13064989211458866, 0.13306262613141517)
1(0.11791789619990675, 0.12032534306331234)
1(0.026863870359286755, 0.02925848171376959)
1(0.03326439494923839, 0.03564925478985215)
1(0.04177190322509045, 0.04414506246399665)
1(0.11450866679288409, 0.1168425750284154)
1(0.12082836969842073, 0.12315746617317853)
1(0.02614572594888455, 0.028417458050125213)
1(0.12376620525129677, 0.1260142173448735)
1(0.1259961881405947, 0.1281809991171979)
1(0.10828083350038539, 0.11042873250745468)
1(0.29468251173464516, 0.2968262308588922)
1(0.032993315310515116, 0.03513537329503835)
1(0.11902712520310714, 0.12116576923498354)
1(0.11152294725743864, 0.11359960227433852)
1(0.13639460428799105, 0.13846311455571791)
1(0.16481521426610599, 0.16686741921824808)
1(0.03820539869509561, 0.04024148362077526)
1(0.1615253485073176, 0.16348680247717529)
1(0.15475781874652308, 0.15669786491724264)
1(0.03014490235005991, 0.0320228127696376)
1(0.026481891747534812, 0.02828385334826309)
1(0.028465732637031622, 0.03024425044677868)
1(0.034463893503076, 0.03622984333676026)
1(0.027545013366415228, 0.02928117363972191)
1(0.030237135326518276, 0.03194555359886952)
1(0.025687665340061137, 0.027396005833260587)
1(0.027658544710539402, 0.029356187399935424)
1(0.02626670261630841, 0.027961357649530495)
1(0.0323568226178774, 0.03404929160014508)
1(0.03422385140974139, 0.035910628195794936)
1(0.027696122013604236, 0.029307931616171057)
1(0.16468967992565972, 0.16626033188948325)
1(0.02679428204183463, 0.028361238562971285)
1(0.024003989737844615, 0.02556235470550808)
1(0.13488481553035542, 0.13639230527570026)
1(0.14381694577062173, 0.14530271476884238)
1(0.027830763533678148, 0.029297267742482452)
1(0.03089778794713537, 0.03232421036894287)
1(0.14490948097718795, 0.1463213326142577)
1(0.024198309727816027, 0.02556235470550808)
1(0.027970471400777276, 0.029311215120035983)
1(0.03207564515932429, 0.033392284667384295)
1(0.14318303898329235, 0.14449528843558343)
1(0.027904995342587523, 0.029188430284885124)
1(0.02682495852198208, 0.028090079976057607)
1(0.03346775018873382, 0.034732112803366945)
1(0.03230274224809678, 0.033556923858347854)
1(0.02877812958173626, 0.030001786927223145)
1(0.027292378175537646, 0.028509704076405566)
1(0.1204623241411001, 0.12165131190325892)
1(0.03565806185958542, 0.036845454894811065)
1(0.02743656955265936, 0.028616995779423365)
1(0.030982074375457507, 0.03216014631109758)
1(0.1427389084057606, 0.14389078547862122)
1(0.03147924963201963, 0.032623342192151975)
1(0.11368384146958468, 0.11481037370396929)
1(0.10518562947421448, 0.10630570763648464)
1(0.13058060895358214, 0.13167100527611295)
1(0.14681269378421077, 0.14790226969073555)
1(0.028701773765079378, 0.02978977410966646)
1(0.12556174682406412, 0.12660155103177687)
1(0.12887809233582306, 0.12991712621092644)
1(0.02829763414034022, 0.029331327062295933)
1(0.030829930435742944, 0.03186040272022829)
1(0.1124056351839978, 0.11342033955102834)
1(0.10692880322840434, 0.1079265412861033)
1(0.11892066753823251, 0.11991430083093599)
1(0.03276248153489177, 0.033724944471172344)
1(0.18384367689597145, 0.18477980257411072)
1(0.03387507948854063, 0.03480920463951714)
1(0.024783333828013177, 0.025708950650826387)
1(0.030262726583759055, 0.031185775601606753)
1(0.04038480547033316, 0.04130603327771459)
1(0.031073897968607208, 0.031989743250600305)
1(0.11766148357061543, 0.11857430186161316)
1(0.11822263029598302, 0.11912189580822581)
1(0.11070551560063958, 0.11160312525897809)
1(0.033657216799044744, 0.03453439997213471)
1(0.133142390989949, 0.1340193143451926)
1(0.029670827019991457, 0.03054092345660562)
1(0.032212366344829275, 0.033071273362454155)
1(0.12705151328973643, 0.12790405427564744)
1(0.136096512703362, 0.13694609731439353)
1(0.03493136031441436, 0.03576532659138832)
1(0.11850845429846212, 0.11930749015709577)
1(0.02833696411491798, 0.029133900948994436)
1(0.024039974063631522, 0.024829656849088)
1(0.028011188325659766, 0.028760091241913636)
1(0.12395075685611019, 0.12468621412395801)
1(0.04246960740239185, 0.043201824255491204)
1(0.12275663067286631, 0.12348207841063484)
1(0.03199070898406881, 0.0327017435413492)
1(0.1186478393342595, 0.11935605255839898)
1(0.16736896571599508, 0.16805237413329197)
1(0.10983538928279668, 0.11051236897624434)
1(0.029516234115615343, 0.03018549601626267)
1(0.03152380122774841, 0.032192509437263594)
1(0.02241990331095692, 0.02304946349571457)
1(0.026321357176320084, 0.02694692928264658)
1(0.03359409058158707, 0.03420347556454585)
1(0.14138884572195368, 0.14199637734401982)
1(0.11479104822536751, 0.11539808378040839)
1(0.02971515595311553, 0.030314857461848338)
1(0.02836216472978875, 0.028954535327031305)
1(0.028043335389396944, 0.028634777135276596)
1(0.028079653073596136, 0.02866156680465884)
1(0.03281850129212761, 0.03339867921854899)
1(0.026778473479011737, 0.02734821151954996)
1(0.02764221607830674, 0.02821118214028375)
1(0.027453771260160464, 0.028014250661476135)
1(0.030187039416599382, 0.030745156336560758)
1(0.02811063352038951, 0.02866156680465884)
1(0.02864926103592769, 0.02919799103504021)
1(0.034089528000759144, 0.03462401273337433)
1(0.03531065042573552, 0.0358432467634872)
1(0.04499980262828406, 0.045529007048599995)
1(0.026863564384490682, 0.02738567411206405)
1(0.029074914797683225, 0.029574690400216746)
1(0.03402879046763476, 0.034524063460085165)
1(0.024337506553332715, 0.024829656849088)
1(0.13501184770007796, 0.13549762285644928)
1(0.02932721355519202, 0.029811511430720347)
1(0.030973915078191906, 0.03144787512947405)
1(0.11737152659484548, 0.11784324718569746)
1(0.12483510512625928, 0.12529113539408052)
1(0.03442314990374991, 0.03487882689224855)
1(0.029672583305005468, 0.030127353267902942)
1(0.15715927099306848, 0.15760515276866507)
1(0.02492158159363617, 0.02536591209637715)
1(0.029254749086731032, 0.029697339823806276)
1(0.03392190226117794, 0.0343593147455016)
1(0.12201332086881729, 0.12244897620079455)
1(0.023484863635650336, 0.023915592607182203)
1(0.02732670444625847, 0.02775741439999514)
1(0.028475341543699306, 0.02890409448918741)
1(0.17616408748547385, 0.17659254729340307)
1(0.033647299486512044, 0.03406850879389579)
1(0.03140218754945416, 0.031821735531163825)
1(0.03351456081586577, 0.03391355402114208)
1(0.03738188697707422, 0.03776746244914319)
1(0.03433479993330965, 0.03471498799067729)
1(0.036441010402649944, 0.03681902260816058)
1(0.16279621637815217, 0.163173243572002)
1(0.034221179171803236, 0.03459662476716389)
1(0.027499242574285064, 0.02785586302422736)
1(0.022054699486121047, 0.022391727907215782)
1(0.03792418913343966, 0.03825919054414075)
1(0.02960753234109826, 0.02993364288717427)
1(0.11238825384922464, 0.11270065434589267)
1(0.02755205145823194, 0.02785304219195101)
1(0.031401817086034525, 0.03169411269885373)
1(0.14761381338025784, 0.14790226969073555)
1(0.02443281933191019, 0.02471812275931146)
1(0.025277711493377784, 0.02556235470550808)
1(0.02490316926757253, 0.025177377109015412)
1(0.14451181775868283, 0.14478230442517942)
1(0.11478391769862657, 0.11504254711329279)
1(0.02710891961935264, 0.02734821151954996)
1(0.11401657363973039, 0.11425398174640329)
1(0.029074530356501562, 0.029298568846993712)
1(0.11745172792535316, 0.11764360882850307)
1(0.11388855958208335, 0.11407574789059453)
1(0.028902123701673308, 0.029083660855252973)
1(0.026614115551893216, 0.026773531323460255)
1(0.12001459525701492, 0.12015077190654039)
1(0.02543263656343443, 0.02556235470550808)
1(0.026063348495075977, 0.026183908852989192)
1(0.026613825674536285, 0.0267188394084029)
1(0.030187496322481577, 0.030275665852813674)
1(0.0254774092508287, 0.02556235470550808)
1(0.033148140648356146, 0.033229482483160135)
1(0.025822574741415468, 0.025897010868764565)
1(0.02729731436574149, 0.02734821151954996)
1(0.02791396107812469, 0.027961357649530495)
1(0.02848691056847765, 0.028529555444434366)
1(0.029209532189708384, 0.029238175793852073)
1(0.02482017610192297, 0.02484636811336675)
1(0.03810349856649532, 0.0381085149439581)
0(0.0, inf)
0(0.0, 7.410458062392133)
0(0.0, 0.7786396729125303)
0(0.0, 0.6603751536826269)
0(0.0, 0.29295875965911217)
0(0.0, 0.2695952990272567)
0(0.0, 0.23662826327746952)
0(0.0, 0.23191122847050402)
0(0.0, 0.2316048096485315)
0(0.0, 0.22095119191278614)
0(0.0, 0.21906033950408374)
0(0.0, 0.2142895420907911)
0(0.0, 0.21212116469497758)
0(0.0, 0.2007892975685714)
0(0.0, 0.18673709016114773)
0(0.0, 0.1866445884286401)
0(0.0, 0.18039699732627706)
0(0.0, 0.17553531942470893)
0(0.0, 0.1688675787692563)
0(0.0, 0.16879365276690453)
0(0.0, 0.16780978675795027)
0(0.0, 0.16540812369668242)
0(0.0, 0.1651134383939003)
0(0.0, 0.16414924140504955)
0(0.0, 0.1638389878011899)
0(0.0, 0.1631467679951934)
0(0.0, 0.16155736448232855)
0(0.0, 0.1611596764312927)
0(0.0, 0.1596732722354749)
0(0.0, 0.15762097279837123)
0(0.0, 0.1537535435367254)
0(0.0, 0.15288040648775983)
0(0.0, 0.15179170981349835)
0(0.0, 0.1515346207014572)
0(0.0, 0.15041219143593418)
0(0.0, 0.14962465172794456)
0(0.0, 0.14882250210025083)
0(0.0, 0.1472670730477752)
0(0.0, 0.14629444411927756)
0(0.0, 0.14607961410771533)
0(0.0, 0.1447730659423555)
0(0.0, 0.14438163707178553)
0(0.0, 0.14416118800713626)
0(0.0, 0.1441122590084191)
0(0.0, 0.14271701310226872)
0(0.0, 0.14263736494891416)
0(0.0, 0.1417087290293889)
0(0.0, 0.1411706936272873)
0(0.0, 0.14101732768235523)
0(0.0, 0.14044400265769638)
0(0.0, 0.1377690311462159)
0(0.0, 0.13775281993622351)
0(0.0, 0.13771136775530404)
0(0.0, 0.13750042139028137)
0(0.0, 0.1363773224792703)
0(0.0, 0.13586003688749007)
0(0.0, 0.13580794090641105)
0(0.0, 0.13575139521297594)
0(0.0, 0.13549796535015252)
0(0.0, 0.13531903949891166)
0(0.0, 0.13499697990569243)
0(0.0, 0.13486100600144782)
0(0.0, 0.1347274347355405)
0(0.0, 0.13451887038543905)
0(0.0, 0.13360207508010966)
0(0.0, 0.13338448680612108)
0(0.0, 0.13326392771355428)
0(0.0, 0.13308946190394416)
0(0.0, 0.13297842652652606)
0(0.0, 0.13275406665017478)
0(0.0, 0.13174602085244172)
0(0.0, 0.13126556434614534)
0(0.0, 0.13105587352015768)
0(0.0, 0.1307461021021481)
0(0.0, 0.12967392995122423)
0(0.0, 0.12959695487836131)
0(0.0, 0.1295157616318035)
0(0.0, 0.12950783018006456)
0(0.0, 0.12913707558350163)
0(0.0, 0.12836468996587366)
0(0.0, 0.12802037737174304)
0(0.0, 0.1277081509330876)
0(0.0, 0.12767922032926116)
0(0.0, 0.12762320595322638)
0(0.0, 0.12709034900908495)
0(0.0, 0.12655569809944897)
0(0.0, 0.12611727626846272)
0(0.0, 0.1248896669244081)
0(0.0, 0.12449022116187675)
0(0.0, 0.1240863578116974)
0(0.0, 0.12402659440322303)
0(0.0, 0.12377880377363151)
0(0.0, 0.12353736253474952)
0(0.0, 0.12313184567433672)
0(0.0, 0.12296644549487327)
0(0.0, 0.12278628546364306)
0(0.0, 0.12224732082599847)
0(0.0, 0.12127323666990993)
0(0.0, 0.1210184113794369)
0(0.0, 0.12064620217716025)
0(0.0, 0.12047677464640076)
0(0.0, 0.12028362636091852)
0(0.0, 0.12025886865042379)
0(0.0, 0.11996292624703705)
0(0.0, 0.11961922607135211)
0(0.0, 0.1192404186363428)
0(0.0, 0.11832785881891006)
0(0.0, 0.11775549573098454)
0(0.0, 0.11754456381967557)
0(0.0, 0.1174784025459413)
0(0.0, 0.11729141300107959)
0(0.0, 0.11714380281299833)
0(0.0, 0.11700816914990632)
0(0.0, 0.1168743823095834)
0(0.0, 0.11655378022002603)
0(0.0, 0.11640075410692967)
0(0.0, 0.11637901876478349)
0(0.0, 0.11636829704219877)
0(0.0, 0.11632949166439659)
0(0.0, 0.11612261191072329)
0(0.0, 0.115793359074285)
0(0.0, 0.11577015726567812)
0(0.0, 0.1154041658166726)
0(0.0, 0.11523982614431738)
0(0.0, 0.1152275410144591)
0(0.0, 0.1151547860214492)
0(0.0, 0.11494326156547503)
0(0.0, 0.11463197505427168)
0(0.0, 0.11442190507853878)
0(0.0, 0.11440786777230015)
0(0.0, 0.1143077170100352)
0(0.0, 0.11378394057160438)
0(0.0, 0.11364055426866711)
0(0.0, 0.11363231360023628)
0(0.0, 0.11299700793877956)
0(0.0, 0.11228283953444274)
0(0.0, 0.11225583067648043)
0(0.0, 0.11191910232786909)
0(0.0, 0.11117418922535649)
0(0.0, 0.11064647787215845)
0(0.0, 0.11057261416041694)
0(0.0, 0.11038337976254245)
0(0.0, 0.11003620634620918)
0(0.0, 0.10959414879797742)
0(0.0, 0.10945390769780117)
0(0.0, 0.10933621031620071)
0(0.0, 0.1086770155904427)
0(0.0, 0.10852398232414392)
0(0.0, 0.10829849313351719)
0(0.0, 0.10805993366580662)
0(0.0, 0.10797180148471516)
0(0.0, 0.10776308390212586)
0(0.0, 0.10760724737647767)
0(0.0, 0.10749060211218169)
0(0.0, 0.10715912300037132)
0(0.0, 0.10693008369578431)
0(0.0, 0.10682980432407078)
0(0.0, 0.1067238931096601)
0(0.0, 0.10648790052245635)
0(0.0, 0.10644246821608618)
0(0.0, 0.10625663111461514)
0(0.0, 0.10621122936848844)
0(0.0, 0.10602981634349597)
0(0.0, 0.10580188175780034)
0(0.0, 0.10569756011671566)
0(0.0, 0.10566909508054323)
0(0.0, 0.1056354571719563)
0(0.0, 0.10544193990882635)
0(0.0, 0.10535019638987238)
0(0.0, 0.10519418597613163)
0(0.0, 0.10518891366702143)
0(0.0, 0.10503950029518916)
0(0.0, 0.10500000561817087)
0(0.0, 0.1048743489523465)
0(0.0, 0.10478439082991338)
0(0.0, 0.10464532317075888)
0(0.0, 0.10457985124335895)
0(0.0, 0.10454644201883317)
0(0.0, 0.10425050890042611)
0(0.0, 0.10421387985940402)
0(0.0, 0.10400851719318968)
0(0.0, 0.10389803837146867)
0(0.0, 0.10377434641978425)
0(0.0, 0.10359008180466635)
0(0.0, 0.10358190200423173)
0(0.0, 0.10340652496655309)
0(0.0, 0.1033476232341799)
0(0.0, 0.10311822285877946)
0(0.0, 0.10283711195223809)
0(0.0, 0.10239830998055942)
0(0.0, 0.10236495099193557)
0(0.0, 0.10225246951800712)
0(0.0, 0.10192051122700391)
0(0.0, 0.10172176470305049)
0(0.0, 0.10159943286946183)
0(0.0, 0.1014745181876406)
0(0.0, 0.1011434528252914)
0(0.0, 0.10075698095238265)
0(0.0, 0.10017917520251103)
0(0.0, 0.09999357486871277)
0(0.0, 0.09991584357048505)
0(0.0, 0.09984488857037034)
0(0.0, 0.09965647168623823)
0(0.0, 0.09942541833306967)
0(0.0, 0.09929684096473845)
0(0.0, 0.09886206478197024)
0(0.0, 0.09839531662506369)
0(0.0, 0.09827313968315808)
0(0.0, 0.09821727427358765)
0(0.0, 0.0979911687097254)
0(0.0, 0.09780274565465896)
0(0.0, 0.09769243866091)
0(0.0, 0.09734452727895741)
0(0.0, 0.0970766458122399)
0(0.0, 0.09701624725621806)
0(0.0, 0.09692122847323424)
0(0.0, 0.09677557371501232)
0(0.0, 0.09630153305523922)
0(0.0, 0.0962952449385063)
0(0.0, 0.09626263155885124)
0(0.0, 0.09501405294818215)
0(0.0, 0.0946850207551443)
0(0.0, 0.09459343133702783)
0(0.0, 0.09392240525163177)
0(0.0, 0.09257698030426059)
0(0.0, 0.09076232498347704)
0(0.0, 0.09075742802266097)
0(0.0, 0.09048087327667123)
0(0.0, 0.08822559859141477)
0(0.0, 0.08800918577159625)
0(0.0, 0.08792544199313415)
0(0.0, 0.0868584340417128)
0(0.0, 0.08560610384036901)
0(0.0, 0.08334123229041807)
0(0.0, 0.08255611058548759)
0(0.0, 0.08109016331593087)
0(0.0, 0.07614594515210835)
0(0.0, 0.06649923480407957)
0(0.0, 0.06448896093578661)
0(0.0, 0.06052361918914735)
0(0.0, 0.05913661513690445)
0(0.0, 0.058451244253668655)
0(0.0, 0.043690430119280664)
0(0.0, 0.043310910086679894)
0(0.0, 0.04245057345335897)
0(0.0, 0.041399827235104686)
0(0.0, 0.04132440721238256)
0(0.0, 0.04046171192132508)
0(0.0, 0.040000755014904334)
0(0.0, 0.03943031396546717)
0(0.0, 0.039348491927158794)
0(0.0, 0.03920533741100754)
0(0.0, 0.03888518255743448)
0(0.0, 0.038362538472119304)
0(0.0, 0.037851941291146156)
0(0.0, 0.037794579812444835)
0(0.0, 0.03768104116766886)
0(0.0, 0.037341431887191946)
0(0.0, 0.03680388811892858)
0(0.0, 0.036582743425873636)
0(0.0, 0.03643977066961121)
0(0.0, 0.03641298192310755)
0(0.0, 0.036249013975618034)
0(0.0, 0.036138375395179965)
0(0.0, 0.03605144549886734)
0(0.0, 0.035839372226540635)
0(0.0, 0.03566994771363832)
0(0.0, 0.03538465644105863)
0(0.0, 0.03499326987341398)
0(0.0, 0.03493169680182771)
0(0.0, 0.034740241641073186)
0(0.0, 0.03418566887752088)
0(0.0, 0.03395183419774608)
0(0.0, 0.033786070648919364)
0(0.0, 0.03375801687616831)
0(0.0, 0.033704540671373934)
0(0.0, 0.03347186108175721)
0(0.0, 0.033365183838905875)
0(0.0, 0.03336195516454954)
0(0.0, 0.03305300460364374)
0(0.0, 0.03299089488992064)
0(0.0, 0.032968713413449154)
0(0.0, 0.032734068873644696)
0(0.0, 0.0326769584155985)
0(0.0, 0.03255860983831629)
0(0.0, 0.0324020041344243)
0(0.0, 0.032401957169767064)
0(0.0, 0.03238928131616265)
0(0.0, 0.03232613917383524)
0(0.0, 0.032193500549079684)
0(0.0, 0.03218893719523176)
0(0.0, 0.03177822527275781)
0(0.0, 0.03174915194717914)
0(0.0, 0.03161747263366661)
0(0.0, 0.03132130189248827)
0(0.0, 0.03125492952237839)
0(0.0, 0.03118351751815561)
0(0.0, 0.031138434828105094)
0(0.0, 0.031123753951312175)
0(0.0, 0.031088685051653252)
0(0.0, 0.03102098116170975)
0(0.0, 0.03083848406168768)
0(0.0, 0.030798071755318106)
0(0.0, 0.030760049691190706)
0(0.0, 0.030755546576470675)
0(0.0, 0.03070675765607872)
0(0.0, 0.030564351768898053)
0(0.0, 0.030516658161451094)
0(0.0, 0.030494280057125414)
0(0.0, 0.03031718643986059)
0(0.0, 0.030266339767595036)
0(0.0, 0.030064813879486087)
0(0.0, 0.03006319495441061)
0(0.0, 0.029974753371692548)
0(0.0, 0.029922006080414707)
0(0.0, 0.029804236780287097)
0(0.0, 0.02955776205282941)
0(0.0, 0.029461626093426604)
0(0.0, 0.02945984913779904)
0(0.0, 0.02931238557263823)
0(0.0, 0.02925538313215561)
0(0.0, 0.02920759283446668)
0(0.0, 0.029129865394663876)
0(0.0, 0.028906323261495982)
0(0.0, 0.028897747118923022)
0(0.0, 0.02883808198975588)
0(0.0, 0.02881646382222721)
0(0.0, 0.02878981447354761)
0(0.0, 0.02865973175324797)
0(0.0, 0.02862542888274125)
0(0.0, 0.028618566014639475)
0(0.0, 0.028572354445724032)
0(0.0, 0.028222378762318794)
0(0.0, 0.028161775347024964)
0(0.0, 0.028085713968443785)
0(0.0, 0.028050593395541248)
0(0.0, 0.027978028261046565)
0(0.0, 0.02789662355605117)
0(0.0, 0.02764051468894423)
0(0.0, 0.027636795626632536)
0(0.0, 0.027610876082254664)
0(0.0, 0.02760497244196151)
0(0.0, 0.02749259932659848)
0(0.0, 0.027470341926031257)
0(0.0, 0.027436664002556652)
0(0.0, 0.027331985100785834)
0(0.0, 0.027284207574718486)
0(0.0, 0.027270777773059574)
0(0.0, 0.027222675629379602)
0(0.0, 0.027180238805997018)
0(0.0, 0.02716051316241408)
0(0.0, 0.027034419716429912)
0(0.0, 0.027007963734902857)
0(0.0, 0.02698450275574773)
0(0.0, 0.026952011006237918)
0(0.0, 0.02688524620436204)
0(0.0, 0.026861416403095334)
0(0.0, 0.02682167730043624)
0(0.0, 0.026800504086680353)
0(0.0, 0.02672242949024284)
0(0.0, 0.02659061951340538)
0(0.0, 0.026523641810749014)
0(0.0, 0.02649560939395872)
0(0.0, 0.026453647352507843)
0(0.0, 0.026441155805407252)
0(0.0, 0.02625547115155886)
0(0.0, 0.0261089147977123)
0(0.0, 0.02609598904397512)
0(0.0, 0.026026210458061236)
0(0.0, 0.025966139057997904)
0(0.0, 0.02595089033501561)
0(0.0, 0.02583245052120559)
0(0.0, 0.025807799865361025)
0(0.0, 0.025799848475794716)
0(0.0, 0.025778801144745275)
0(0.0, 0.02576268467715277)
0(0.0, 0.025707758543757616)
0(0.0, 0.025674966546738676)
0(0.0, 0.025588102353052363)
0(0.0, 0.025587283278782277)
0(0.0, 0.02553953625173465)
0(0.0, 0.025486873254191356)
0(0.0, 0.02543575468727605)
0(0.0, 0.025433010052903503)
0(0.0, 0.02534949419751578)
0(0.0, 0.025330993570048418)
0(0.0, 0.025306430197486414)
0(0.0, 0.025305910276916223)
0(0.0, 0.025299615198105047)
0(0.0, 0.025269989493084972)
0(0.0, 0.025151087059923433)
0(0.0, 0.025069161890788484)
0(0.0, 0.025047336653683264)
0(0.0, 0.025006459281041536)
0(0.0, 0.024865227513379294)
0(0.0, 0.024630375873356352)
0(0.0, 0.02460790349535932)
0(0.0, 0.02459971753104062)
0(0.0, 0.024510521652139287)
0(0.0, 0.02433493676055344)
0(0.0, 0.02417425904163624)
0(0.0, 0.024079877505244537)
0(0.0, 0.023998617332571706)
0(0.0, 0.02382763175961643)
0(0.0, 0.023805437157920373)
0(0.0, 0.02372848686884123)
0(0.0, 0.023673137436210086)
0(0.0, 0.023667403142645798)
0(0.0, 0.023584938907685232)
0(0.0, 0.023553586756973006)
0(0.0, 0.023525515224569724)
0(0.0, 0.023507851332858255)
0(0.0, 0.023492203265770124)
0(0.0, 0.023405296710505133)
0(0.0, 0.023376388635158615)
0(0.0, 0.023370649895178324)
0(0.0, 0.022959830690269432)
0(0.0, 0.022881861305250568)
0(0.0, 0.022557569461711707)
0(0.0, 0.02238652538877409)
0(0.0, 0.022334350323837675)
0(0.0, 0.02223908259595283)
0(0.0, 0.021889771719948343)
0(0.0, 0.021878577359879543)
0(0.0, 0.021805514329978112)
0(0.0, 0.021763625326018124)
0(0.0, 0.021618759868572108)
0(0.0, 0.021489085730267192)
0(0.0, 0.02087468497866653)
0(0.0, 0.020435773720348303)
0(0.0, 0.020079158728968642)
0(0.0, 0.019699684326939883)
