1(11.006486411132656, 11.411643893165532)
1(9.03854315971791, 9.316603168699801)
1(2.2122848794140686, 2.3130148435821094)
1(8.454663410047038, 8.534822378798049)
1(2.2082654755270226, 2.2877420100969648)
1(2.726205206919125, 2.8042634060775797)
1(9.592480102735548, 9.668858075554297)
1(2.674021421983238, 2.733940280225933)
1(2.1478782097198295, 2.2027873836509735)
1(9.920060244845498, 9.974737832805452)
1(8.082215565070888, 8.134902265878392)
1(2.381995693169038, 2.43467097173036)
1(2.174678950689968, 2.226796029965049)
1(2.25423003114067, 2.297182785167487)
1(2.4075045524954173, 2.4474079642658126)
1(2.334930005784266, 2.3721675982204853)
1(2.174046613464163, 2.209940441660442)
1(2.1834689737095196, 2.2190803230339675)
1(2.1783206223167744, 2.209940441660442)
1(11.343230266003191, 11.372685694613013)
1(2.4203023697782164, 2.449149441128684)
1(2.519192620405704, 2.547449648598777)
1(2.1173346297620177, 2.1451368677051357)
1(9.546503950464519, 9.573651041646738)
1(2.650307003980503, 2.677152378187711)
1(2.285110835036008, 2.311708413979744)
1(2.2383654284643635, 2.2633001546665925)
1(2.3962641864216043, 2.4207798491096986)
1(2.279054817108272, 2.3032475019777405)
1(2.12378904797969, 2.147836642206352)
1(2.1181578272559336, 2.141394449731381)
1(2.279404428538739, 2.3017380063202695)
1(2.5030673355708903, 2.525370850788244)
1(10.713501508220704, 10.735260677677)
1(2.2910842881373643, 2.311603146600341)
1(2.4103574590313075, 2.4303986652519556)
1(2.3165837777405978, 2.335327741792841)
1(2.008470100520995, 2.0269951467363763)
1(2.3929990986154523, 2.409974813449895)
1(2.1527703972370706, 2.168390120291643)
1(2.1603057923831908, 2.17527767738816)
1(9.939943736397582, 9.954659633816973)
1(2.2788099395743697, 2.293127511828711)
1(2.329160360124964, 2.3434350118021716)
1(2.2875924741347227, 2.3015942001851233)
1(8.109218824442557, 8.123200376347226)
1(2.4074619892786426, 2.4207798491096986)
1(2.255301079611847, 2.2684056010755835)
1(2.3780605852661356, 2.390306605074104)
1(2.5075058996538706, 2.518026704580207)
1(9.372546015468565, 9.382416209905175)
1(2.2532690974958673, 2.2630261308965642)
1(8.27350589849454, 8.282550213349719)
1(2.2147416676125142, 2.223470294310549)
1(2.4013087493730585, 2.4090778683845513)
1(2.385575873846488, 2.3928785369812524)
1(2.14565884230813, 2.152588494676957)
1(2.513196765356234, 2.518026704580207)
1(2.7401554122920744, 2.7445396871792904)
1(2.3871267325253527, 2.390306605074104)
1(2.2448558832181944, 2.2470199681755503)
1(2.074103679935807, 2.0759591439842717)
1(2.409089592603822, 2.4107126740185727)
1(2.308418997144569, 2.3091535098001463)
1(2.296275687459166, 2.296487089993011)
0(0.0, inf)
0(0.0, 15.083170881453192)
0(0.0, 13.929830624689902)
0(0.0, 13.699144300736434)
0(0.0, 13.266417887795509)
0(0.0, 13.253767109078286)
0(0.0, 13.132176500297104)
0(0.0, 12.87564389935112)
0(0.0, 12.757219456815708)
0(0.0, 12.664043106968684)
0(0.0, 12.638258449008564)
0(0.0, 12.417813665436972)
0(0.0, 12.389745637460345)
0(0.0, 12.338425626095221)
0(0.0, 12.334443818522205)
0(0.0, 12.316413155443131)
0(0.0, 12.31466727844172)
0(0.0, 12.227858668544078)
0(0.0, 12.221486146941903)
0(0.0, 12.218584063677396)
0(0.0, 12.168512542756046)
0(0.0, 12.157172054609203)
0(0.0, 12.15045370481645)
0(0.0, 12.123594717274926)
0(0.0, 12.09887887989117)
0(0.0, 12.01329702617967)
0(0.0, 11.975029432635928)
0(0.0, 11.945178000930156)
0(0.0, 11.919404783436358)
0(0.0, 11.88249260460087)
0(0.0, 11.829017737779704)
0(0.0, 11.770518216871327)
0(0.0, 11.706147299177381)
0(0.0, 11.645013315933063)
0(0.0, 11.639120938878026)
0(0.0, 11.61138781841652)
0(0.0, 11.597854005067497)
0(0.0, 11.581898777544641)
0(0.0, 11.49989632028358)
0(0.0, 11.480695593340208)
0(0.0, 11.448133002836666)
0(0.0, 11.44706371602536)
0(0.0, 11.441695445950629)
0(0.0, 11.385294868490462)
0(0.0, 11.3716482566901)
0(0.0, 11.370350888671902)
0(0.0, 11.36121252462591)
0(0.0, 11.358498467531678)
0(0.0, 11.355380071893325)
0(0.0, 11.353475297367593)
0(0.0, 11.322875134379162)
0(0.0, 11.264908465414118)
0(0.0, 11.214207493184903)
0(0.0, 11.14688100046304)
0(0.0, 11.058239007430137)
0(0.0, 11.000066515691083)
0(0.0, 10.966004384993301)
0(0.0, 10.916312561859565)
0(0.0, 10.899697514082844)
0(0.0, 10.89356306344334)
0(0.0, 10.886749617133605)
0(0.0, 10.809393181644856)
0(0.0, 10.79656111269224)
0(0.0, 10.796424419279273)
0(0.0, 10.735204223178249)
0(0.0, 10.727182381481212)
0(0.0, 10.684153747421682)
0(0.0, 10.67146671142426)
0(0.0, 10.66794994681636)
0(0.0, 10.666202254792587)
0(0.0, 10.66477372096224)
0(0.0, 10.641675750171222)
0(0.0, 10.62377276893495)
0(0.0, 10.623099213536339)
0(0.0, 10.623030970359471)
0(0.0, 10.608907672767739)
0(0.0, 10.600129273408484)
0(0.0, 10.595293715475792)
0(0.0, 10.580143684066428)
0(0.0, 10.561050797275257)
0(0.0, 10.514298916996989)
0(0.0, 10.50909566260271)
0(0.0, 10.502432468445992)
0(0.0, 10.500891881100966)
0(0.0, 10.489022751973257)
0(0.0, 10.477706901821417)
0(0.0, 10.474333590480342)
0(0.0, 10.463302778655866)
0(0.0, 10.358788122894259)
0(0.0, 10.331447521424655)
0(0.0, 10.291066201309265)
0(0.0, 10.287035795510821)
0(0.0, 10.286250808584654)
0(0.0, 10.23138481786358)
0(0.0, 10.225663893010621)
0(0.0, 10.22197547659838)
0(0.0, 10.16140811801127)
0(0.0, 10.157464375117954)
0(0.0, 10.146935299320218)
0(0.0, 10.114978440310052)
0(0.0, 10.06907181584438)
0(0.0, 10.067151874284564)
0(0.0, 10.043040760224038)
0(0.0, 10.032768746410337)
0(0.0, 10.003218294286008)
0(0.0, 9.965938956574396)
0(0.0, 9.96251331034578)
0(0.0, 9.962011532866338)
0(0.0, 9.958202757689486)
0(0.0, 9.950058470492527)
0(0.0, 9.943267896394067)
0(0.0, 9.933997865255071)
0(0.0, 9.925652210016693)
0(0.0, 9.909812047787897)
0(0.0, 9.90674451156242)
0(0.0, 9.864695449398827)
0(0.0, 9.858759634457792)
0(0.0, 9.81561569698699)
0(0.0, 9.802999351565358)
0(0.0, 9.747693031085237)
0(0.0, 9.729929710091694)
0(0.0, 9.727339102869124)
0(0.0, 9.705016269983767)
0(0.0, 9.702905464758555)
0(0.0, 9.67232763155379)
0(0.0, 9.65262028096002)
0(0.0, 9.623167984650152)
0(0.0, 9.602423956463438)
0(0.0, 9.59220452055847)
0(0.0, 9.587093891471707)
0(0.0, 9.57518209526976)
0(0.0, 9.567944323404449)
0(0.0, 9.547901507478784)
0(0.0, 9.543680872543014)
0(0.0, 9.532877620318683)
0(0.0, 9.522242000107084)
0(0.0, 9.515585597238449)
0(0.0, 9.514843893438714)
0(0.0, 9.508654531871697)
0(0.0, 9.500378940169755)
0(0.0, 9.499987188112678)
0(0.0, 9.496495142277455)
0(0.0, 9.484275856999327)
0(0.0, 9.48383475596636)
0(0.0, 9.423340108573976)
0(0.0, 9.413445569176002)
0(0.0, 9.404002656514415)
0(0.0, 9.331839919710916)
0(0.0, 9.299409714295173)
0(0.0, 9.29640429187091)
0(0.0, 9.291716278818825)
0(0.0, 9.28333666352845)
0(0.0, 9.270254068015877)
0(0.0, 9.246644646778218)
0(0.0, 9.243364705415738)
0(0.0, 9.239072917140614)
0(0.0, 9.235767730083268)
0(0.0, 9.228039282025478)
0(0.0, 9.22109491694733)
0(0.0, 9.2191107581241)
0(0.0, 9.212988978350214)
0(0.0, 9.210698634086928)
0(0.0, 9.193867590622926)
0(0.0, 9.16960813515489)
0(0.0, 9.167663019038645)
0(0.0, 9.159868781826594)
0(0.0, 9.158515644758443)
0(0.0, 9.140370027477765)
0(0.0, 9.130991298076921)
0(0.0, 9.119991787348958)
0(0.0, 9.119122332390997)
0(0.0, 9.113683468442689)
0(0.0, 9.089277448545882)
0(0.0, 9.078551692012915)
0(0.0, 9.072818008044369)
0(0.0, 9.060220982284681)
0(0.0, 9.025989509002121)
0(0.0, 9.012395207670808)
0(0.0, 9.00282515171404)
0(0.0, 8.981567357101975)
0(0.0, 8.913187789356876)
0(0.0, 8.888053644891636)
0(0.0, 8.869133110833275)
0(0.0, 8.85482839890695)
0(0.0, 8.849224625564949)
0(0.0, 8.845401600304346)
0(0.0, 8.795571138323655)
0(0.0, 8.78974479158834)
0(0.0, 8.775168122513476)
0(0.0, 8.773911305738231)
0(0.0, 8.771114435473521)
0(0.0, 8.770574013630142)
0(0.0, 8.770117595764953)
0(0.0, 8.756946021147998)
0(0.0, 8.748293071099845)
0(0.0, 8.698453322595915)
0(0.0, 8.606158957865526)
0(0.0, 8.604817069476002)
0(0.0, 8.599716980423747)
0(0.0, 8.53377689384467)
0(0.0, 8.514635831771763)
0(0.0, 8.485837057771626)
0(0.0, 8.480130279245765)
0(0.0, 8.459260340386457)
0(0.0, 8.453993204076033)
0(0.0, 8.377497381187395)
0(0.0, 8.336539891997305)
0(0.0, 8.321215301011142)
0(0.0, 8.285413051188101)
0(0.0, 8.2169482154433)
0(0.0, 8.172808343468283)
0(0.0, 8.111485144593875)
0(0.0, 8.068862428743406)
0(0.0, 8.055515570234812)
0(0.0, 7.986160825741593)
0(0.0, 7.974559943463607)
0(0.0, 7.954226975880991)
0(0.0, 7.705696180838805)
0(0.0, 5.5118014929829915)
0(0.0, 5.169986405350854)
0(0.0, 3.5895378699901204)
0(0.0, 3.5417033833203884)
0(0.0, 3.207484207929707)
0(0.0, 3.20144510843535)
0(0.0, 3.178728323110203)
0(0.0, 3.07730231322845)
0(0.0, 3.077220467880333)
0(0.0, 2.9759605334001273)
0(0.0, 2.975842806363548)
0(0.0, 2.971385338684062)
0(0.0, 2.9706533961771253)
0(0.0, 2.94317133014593)
0(0.0, 2.910279152062071)
0(0.0, 2.9030949953127916)
0(0.0, 2.869173084165823)
0(0.0, 2.840862004596639)
0(0.0, 2.8388688605818526)
0(0.0, 2.822282783053365)
0(0.0, 2.809193733387367)
0(0.0, 2.7810925137623883)
0(0.0, 2.746478968330818)
0(0.0, 2.7453269277568975)
0(0.0, 2.733724902137162)
0(0.0, 2.7315856143247847)
0(0.0, 2.716959237131527)
0(0.0, 2.7167384883300283)
0(0.0, 2.6807419308099667)
0(0.0, 2.6716478846236327)
0(0.0, 2.6670146769612844)
0(0.0, 2.6665105405085274)
0(0.0, 2.660396377456863)
0(0.0, 2.658152036672523)
0(0.0, 2.654763276664871)
0(0.0, 2.652481259187162)
0(0.0, 2.6371856383678787)
0(0.0, 2.62832095438951)
0(0.0, 2.6235899018580837)
0(0.0, 2.620315299972075)
0(0.0, 2.618991614880341)
0(0.0, 2.5992615424605052)
0(0.0, 2.5813725826460954)
0(0.0, 2.5711190887896587)
0(0.0, 2.5562634852697683)
0(0.0, 2.552641941248388)
0(0.0, 2.5502094436578244)
0(0.0, 2.5455375769182695)
0(0.0, 2.521857133996639)
0(0.0, 2.5213245490385674)
0(0.0, 2.5133575812298337)
0(0.0, 2.511531296776945)
0(0.0, 2.510194065392192)
0(0.0, 2.501796449430409)
0(0.0, 2.498984904375871)
0(0.0, 2.4885837748849364)
0(0.0, 2.4878678984730347)
0(0.0, 2.4874794742581154)
0(0.0, 2.485890078246675)
0(0.0, 2.4841885495931533)
0(0.0, 2.4813332213684505)
0(0.0, 2.4738128275353577)
0(0.0, 2.468672288687408)
0(0.0, 2.459849567396433)
0(0.0, 2.45340776847684)
0(0.0, 2.4437518456858687)
0(0.0, 2.4410674997501927)
0(0.0, 2.440555994245103)
0(0.0, 2.4370456170123838)
0(0.0, 2.4367649889345)
0(0.0, 2.4326896255322734)
0(0.0, 2.4324995733508974)
0(0.0, 2.4218718457689756)
0(0.0, 2.4191774517295537)
0(0.0, 2.4141044164516146)
0(0.0, 2.4127800078113872)
0(0.0, 2.4111377700422207)
0(0.0, 2.4018084414317005)
0(0.0, 2.401657810564395)
0(0.0, 2.3975693929998023)
0(0.0, 2.3974696820975887)
0(0.0, 2.3965437651942203)
0(0.0, 2.394272379892411)
0(0.0, 2.393330317637879)
0(0.0, 2.3922795502428476)
0(0.0, 2.3886037551830244)
0(0.0, 2.383103267593256)
0(0.0, 2.378967332724215)
0(0.0, 2.374034495848073)
0(0.0, 2.3685615959636124)
0(0.0, 2.3683924979256274)
0(0.0, 2.3670901506688327)
0(0.0, 2.3661144508521703)
0(0.0, 2.363745846500679)
0(0.0, 2.363558398460685)
0(0.0, 2.3634212216538)
0(0.0, 2.362229788093208)
0(0.0, 2.3619236141112734)
0(0.0, 2.3613211131981595)
0(0.0, 2.353462385091911)
0(0.0, 2.3523986775465007)
0(0.0, 2.3474983271380085)
0(0.0, 2.341667759301654)
0(0.0, 2.341128111326042)
0(0.0, 2.334573466557254)
0(0.0, 2.3344320834532537)
0(0.0, 2.3344047028240515)
0(0.0, 2.333658746361096)
0(0.0, 2.3320318243248432)
0(0.0, 2.328066418332384)
0(0.0, 2.322358639697208)
0(0.0, 2.321666369584233)
0(0.0, 2.3199817629520023)
0(0.0, 2.3193027667321435)
0(0.0, 2.3187591484345584)
0(0.0, 2.315591439372385)
0(0.0, 2.3154580764389032)
0(0.0, 2.3138161935150565)
0(0.0, 2.312399559583515)
0(0.0, 2.310904340610773)
0(0.0, 2.310703178530538)
0(0.0, 2.305813192592196)
0(0.0, 2.301452816718988)
0(0.0, 2.2977611153613613)
0(0.0, 2.295353526535724)
0(0.0, 2.2899419328875212)
0(0.0, 2.287659169620913)
0(0.0, 2.2858082708042566)
0(0.0, 2.2840908127320483)
0(0.0, 2.2839867882705205)
0(0.0, 2.280904511827628)
0(0.0, 2.2676754157374224)
0(0.0, 2.2629815166483427)
0(0.0, 2.2598051545583036)
0(0.0, 2.2596959443400464)
0(0.0, 2.259597740145175)
0(0.0, 2.2524288249592477)
0(0.0, 2.249308443854061)
0(0.0, 2.2487892883640677)
0(0.0, 2.2448797368096858)
0(0.0, 2.2340933213801533)
0(0.0, 2.2292878450319114)
0(0.0, 2.228431345503835)
0(0.0, 2.226570671514526)
0(0.0, 2.2249158128470197)
0(0.0, 2.217509312988554)
0(0.0, 2.2121218268919147)
0(0.0, 2.209770150102325)
0(0.0, 2.2095621576429325)
0(0.0, 2.207602805839935)
0(0.0, 2.203051956689781)
0(0.0, 2.2025629935711706)
0(0.0, 2.202002871241465)
0(0.0, 2.2011200087078264)
0(0.0, 2.200338580121765)
0(0.0, 2.1991416659104046)
0(0.0, 2.1967493166127583)
0(0.0, 2.193870936961386)
0(0.0, 2.190303508213859)
0(0.0, 2.183179513655846)
0(0.0, 2.1821554438121082)
0(0.0, 2.17994161024426)
0(0.0, 2.179052662940047)
0(0.0, 2.176317548539163)
0(0.0, 2.1758441543079043)
0(0.0, 2.1753222174348608)
0(0.0, 2.174586820737938)
0(0.0, 2.174385899464747)
0(0.0, 2.1739731451792252)
0(0.0, 2.167474737732463)
0(0.0, 2.167442217862052)
0(0.0, 2.164961633076138)
0(0.0, 2.164163450378182)
0(0.0, 2.1633730266466973)
0(0.0, 2.1597833447293335)
0(0.0, 2.1590605063547996)
0(0.0, 2.15580748802021)
0(0.0, 2.155026530839539)
0(0.0, 2.145470903794902)
0(0.0, 2.144497763419388)
0(0.0, 2.1436278739342844)
0(0.0, 2.1396123977921264)
0(0.0, 2.139345106346383)
0(0.0, 2.1384593783792436)
0(0.0, 2.136692518893306)
0(0.0, 2.1360370899463854)
0(0.0, 2.132949471581616)
0(0.0, 2.132013074613014)
0(0.0, 2.1298968071712654)
0(0.0, 2.12670378450073)
0(0.0, 2.1234374461139023)
0(0.0, 2.116118295315963)
0(0.0, 2.114679007860007)
0(0.0, 2.109282227976448)
0(0.0, 2.1078961235311957)
0(0.0, 2.091118484565361)
0(0.0, 2.0903562679769)
0(0.0, 2.0887097322355763)
0(0.0, 2.0797524285666187)
0(0.0, 2.070746263501987)
0(0.0, 2.0679329058969205)
0(0.0, 2.060798702199763)
0(0.0, 2.0568400869576524)
0(0.0, 2.04771045843073)
0(0.0, 2.0425506852510753)
0(0.0, 2.042522117899224)
0(0.0, 2.0414027967115724)
0(0.0, 2.0364738520334713)
0(0.0, 2.03016616797835)
0(0.0, 2.0236470994944002)
0(0.0, 1.9911176685522989)
0(0.0, 1.990612791067098)
0(0.0, 1.9761482931484888)
0(0.0, 1.9684384229980578)
