1(55.35017707442717, 57.629972067050204)
1(58.614997673970485, 60.8736124097274)
1(54.07105560341902, 55.959435740140215)
1(59.89042515488715, 60.94410330593663)
1(48.7926365199915, 49.76820873280073)
1(52.82314191812157, 53.74220159558834)
1(45.781779222645525, 46.512143344581204)
1(47.85506309720856, 48.38728114546462)
1(46.26690931579856, 46.78413038113471)
1(56.35534168196739, 56.74072828586511)
1(50.90958873751127, 51.25468772592861)
1(56.16381217349772, 56.48848974221822)
1(45.63960043769887, 45.86147359486977)
1(62.47092565466293, 62.68352698964045)
1(45.700160134432544, 45.86147359486977)
1(47.799228986935056, 47.95215366115967)
1(55.516428112955495, 55.56362419964429)
1(60.09757364147665, 60.14401177702995)
1(12.851858931498867, 12.894241291454216)
1(53.96607871573357, 53.995651259935144)
1(12.705174736966976, 12.719139720719728)
1(62.29585963342064, 62.299588687733106)
0(0.0, inf)
0(0.0, 713.750235715147)
0(0.0, 317.0326593788763)
0(0.0, 137.67828743105972)
0(0.0, 137.40376632141525)
0(0.0, 136.12550291856132)
0(0.0, 134.7256194739488)
0(0.0, 112.90416674674643)
0(0.0, 80.9185621045444)
0(0.0, 79.4787458683467)
0(0.0, 78.27498949589699)
0(0.0, 78.18489818218924)
0(0.0, 73.97198854191485)
0(0.0, 72.86609856892396)
0(0.0, 71.9767113197857)
0(0.0, 71.71206018526732)
0(0.0, 71.63946873050078)
0(0.0, 69.80758808544184)
0(0.0, 68.99568787642028)
0(0.0, 68.52502288887385)
0(0.0, 68.4052268643735)
0(0.0, 67.84373015731698)
0(0.0, 67.82392622940517)
0(0.0, 66.61606634992832)
0(0.0, 66.59516732986684)
0(0.0, 66.47345163608198)
0(0.0, 66.09654963347135)
0(0.0, 65.94554876883564)
0(0.0, 65.89324229291843)
0(0.0, 65.85533525051258)
0(0.0, 65.80036249329433)
0(0.0, 65.78206320432766)
0(0.0, 65.2134557154226)
0(0.0, 64.91343072566953)
0(0.0, 64.61769532493281)
0(0.0, 64.37938638507785)
0(0.0, 64.00321996285064)
0(0.0, 63.3462396495869)
0(0.0, 62.95784490926471)
0(0.0, 62.81903219726855)
0(0.0, 62.70118433195787)
0(0.0, 62.55334595288665)
0(0.0, 62.52856081307065)
0(0.0, 62.13856295657058)
0(0.0, 62.03732345064177)
0(0.0, 62.020915540128584)
0(0.0, 61.84273921200161)
0(0.0, 61.738858073886504)
0(0.0, 61.39653514599929)
0(0.0, 61.25785911908982)
0(0.0, 61.23897464393559)
0(0.0, 61.075813912037376)
0(0.0, 60.94997688634476)
0(0.0, 60.84882441924696)
0(0.0, 60.77341974253116)
0(0.0, 60.57650421735845)
0(0.0, 60.39616877780296)
0(0.0, 60.38171497874794)
0(0.0, 60.37979803324796)
0(0.0, 60.3536231883237)
0(0.0, 60.320744844018975)
0(0.0, 60.234196650627304)
0(0.0, 59.9529495891687)
0(0.0, 59.91763982760048)
0(0.0, 59.77620886010187)
0(0.0, 59.64309166921437)
0(0.0, 59.552715487643994)
0(0.0, 59.3646924995034)
0(0.0, 59.274120950761656)
0(0.0, 59.24479494626685)
0(0.0, 58.93319556753013)
0(0.0, 58.85132619862453)
0(0.0, 58.83773411998667)
0(0.0, 58.535192937511034)
0(0.0, 58.39711873575284)
0(0.0, 58.34827564518215)
0(0.0, 58.33614339503863)
0(0.0, 58.22812064086946)
0(0.0, 57.96649244187559)
0(0.0, 57.8650037493627)
0(0.0, 57.458717145980586)
0(0.0, 57.43613894496571)
0(0.0, 57.42851591982836)
0(0.0, 57.41514995321368)
0(0.0, 57.30425694137451)
0(0.0, 56.71722693603794)
0(0.0, 56.528030860529434)
0(0.0, 56.36021042239508)
0(0.0, 56.200648335397375)
0(0.0, 56.15860763615764)
0(0.0, 56.152557667172964)
0(0.0, 56.03726136887814)
0(0.0, 56.036433207101545)
0(0.0, 55.73116278130213)
0(0.0, 55.545280951595565)
0(0.0, 55.52632254562574)
0(0.0, 55.46936244523043)
0(0.0, 55.24470172782778)
0(0.0, 55.19424620250588)
0(0.0, 55.191103060638085)
0(0.0, 54.90422181693822)
0(0.0, 54.78083473741156)
0(0.0, 54.738567872693004)
0(0.0, 54.42178631736113)
0(0.0, 54.368253238162524)
0(0.0, 54.33961046398994)
0(0.0, 54.333413476035375)
0(0.0, 54.32380967929199)
0(0.0, 54.17347908884052)
0(0.0, 54.10103447832853)
0(0.0, 54.000076101515404)
0(0.0, 53.848865375577184)
0(0.0, 53.719733878117836)
0(0.0, 53.71960794852206)
0(0.0, 53.64428555472761)
0(0.0, 53.568986582249465)
0(0.0, 53.49224753109726)
0(0.0, 53.285872224105155)
0(0.0, 53.26046001306052)
0(0.0, 53.19718005787528)
0(0.0, 53.18903483458103)
0(0.0, 53.16339917159229)
0(0.0, 53.15112975276163)
0(0.0, 53.14106847806823)
0(0.0, 53.12039070194615)
0(0.0, 52.94701225142775)
0(0.0, 52.903460366086726)
0(0.0, 52.81093150175618)
0(0.0, 52.810554370547344)
0(0.0, 52.79674981530034)
0(0.0, 52.77007760068166)
0(0.0, 52.68744831913038)
0(0.0, 52.65913091810788)
0(0.0, 52.65088532862441)
0(0.0, 52.4338724096381)
0(0.0, 52.4236734770313)
0(0.0, 52.321619612478884)
0(0.0, 52.318002009976176)
0(0.0, 52.30287107299167)
0(0.0, 52.237456291189886)
0(0.0, 52.21294879784463)
0(0.0, 52.16543903892032)
0(0.0, 52.11425479782553)
0(0.0, 52.04013793359422)
0(0.0, 51.92673940012067)
0(0.0, 51.77430485602195)
0(0.0, 51.72121413093575)
0(0.0, 51.592916028202694)
0(0.0, 51.50033453053679)
0(0.0, 51.39216281794397)
0(0.0, 51.38369093384686)
0(0.0, 51.314824235415486)
0(0.0, 51.28985079935116)
0(0.0, 51.25437295178053)
0(0.0, 50.96002959230927)
0(0.0, 50.90730737714493)
0(0.0, 50.83436358047232)
0(0.0, 50.826456185849096)
0(0.0, 50.771864747258576)
0(0.0, 50.63710246226888)
0(0.0, 50.59869901322912)
0(0.0, 50.59154068968192)
0(0.0, 50.383027444888604)
0(0.0, 50.354279751450335)
0(0.0, 50.199052576712276)
0(0.0, 50.083278157960365)
0(0.0, 50.01055893276125)
0(0.0, 49.982611716317344)
0(0.0, 49.972249579924465)
0(0.0, 49.93487715330404)
0(0.0, 49.82646289378638)
0(0.0, 49.747553074264665)
0(0.0, 49.39117801809146)
0(0.0, 49.32849160103654)
0(0.0, 49.321451840545684)
0(0.0, 48.698982667912674)
0(0.0, 48.63734525569353)
0(0.0, 48.44522079213278)
0(0.0, 48.04949681053708)
0(0.0, 48.03567806047138)
0(0.0, 47.897856137122226)
0(0.0, 47.7870110580755)
0(0.0, 47.63313272959817)
0(0.0, 47.62895681779551)
0(0.0, 47.43559826032167)
0(0.0, 47.43535071508856)
0(0.0, 47.31679987229746)
0(0.0, 47.23449154352922)
0(0.0, 47.16813436724504)
0(0.0, 47.16634773664997)
0(0.0, 47.03570564344864)
0(0.0, 46.640115996776686)
0(0.0, 46.42507206918523)
0(0.0, 46.36812161375053)
0(0.0, 46.30132169630376)
0(0.0, 46.28050202151598)
0(0.0, 46.273439780183715)
0(0.0, 46.202942101765274)
0(0.0, 46.134411050817555)
0(0.0, 46.07050209079936)
0(0.0, 46.06394591635565)
0(0.0, 46.00536840958713)
0(0.0, 45.89969855440359)
0(0.0, 45.85352459644862)
0(0.0, 45.665033829059546)
0(0.0, 45.26429680820444)
0(0.0, 45.233362375699066)
0(0.0, 45.208445117998075)
0(0.0, 44.86745761944799)
0(0.0, 44.797451283998846)
0(0.0, 44.75973949407686)
0(0.0, 44.53435261820708)
0(0.0, 44.28973426041211)
0(0.0, 44.10790400759315)
0(0.0, 44.07869901278844)
0(0.0, 43.79221132781205)
0(0.0, 43.78718596756046)
0(0.0, 43.75375037462828)
0(0.0, 43.672343335188216)
0(0.0, 43.506737154406686)
0(0.0, 43.50278135585394)
0(0.0, 42.78733981255668)
0(0.0, 42.64867915742639)
0(0.0, 42.330480984485554)
0(0.0, 39.15464307075274)
0(0.0, 34.12749716197791)
0(0.0, 30.86207005821016)
0(0.0, 26.636469873267625)
0(0.0, 24.668649819527683)
0(0.0, 21.945413938205622)
0(0.0, 21.260100119894048)
0(0.0, 21.238442239220305)
0(0.0, 21.031598856689236)
0(0.0, 20.990290871421173)
0(0.0, 20.16167324726493)
0(0.0, 19.739524718598272)
0(0.0, 19.27122599050384)
0(0.0, 18.27077219888026)
0(0.0, 18.235039861835144)
0(0.0, 17.771465876897853)
0(0.0, 17.620472897159644)
0(0.0, 17.48658170015506)
0(0.0, 17.232072696883836)
0(0.0, 17.219045678950636)
0(0.0, 16.96833883522847)
0(0.0, 16.914827519937266)
0(0.0, 16.740850312904854)
0(0.0, 16.732347582928)
0(0.0, 16.4868579001555)
0(0.0, 16.46018172818889)
0(0.0, 16.442242058940067)
0(0.0, 16.42247459208948)
0(0.0, 16.31443242332785)
0(0.0, 16.301268890085566)
0(0.0, 16.200749456126026)
0(0.0, 16.192074053363637)
0(0.0, 16.131286910721986)
0(0.0, 16.12851657345013)
0(0.0, 16.102909337128942)
0(0.0, 16.088176073442547)
0(0.0, 15.964740496033588)
0(0.0, 15.894408302521438)
0(0.0, 15.829409133913082)
0(0.0, 15.767330350122224)
0(0.0, 15.746350497865159)
0(0.0, 15.627353454664824)
0(0.0, 15.589050759463783)
0(0.0, 15.507252387051166)
0(0.0, 15.127609341543122)
0(0.0, 15.012939178710381)
0(0.0, 14.998289692613058)
0(0.0, 14.92292025063849)
0(0.0, 14.843477542911943)
0(0.0, 14.787207022293444)
0(0.0, 14.769295906612147)
0(0.0, 14.750439343538316)
0(0.0, 14.73711827532441)
0(0.0, 14.661613740010143)
0(0.0, 14.661253084333094)
0(0.0, 14.646154991039362)
0(0.0, 14.64093028150254)
0(0.0, 14.617534178041987)
0(0.0, 14.515987317076254)
0(0.0, 14.515673847642923)
0(0.0, 14.512346770988081)
0(0.0, 14.510033307110678)
0(0.0, 14.500147855813783)
0(0.0, 14.440653610726898)
0(0.0, 14.439733116412606)
0(0.0, 14.434595857499117)
0(0.0, 14.404902218645123)
0(0.0, 14.392245629382035)
0(0.0, 14.353515837012191)
0(0.0, 14.34468890303826)
0(0.0, 14.314979249255654)
0(0.0, 14.28784429365407)
0(0.0, 14.275709863149478)
0(0.0, 14.223584258015398)
0(0.0, 14.222216969980087)
0(0.0, 14.204807714779673)
0(0.0, 14.160598837011905)
0(0.0, 14.147377851776044)
0(0.0, 14.14538010747863)
0(0.0, 14.077583481108302)
0(0.0, 14.060407277402913)
0(0.0, 14.050876212787994)
0(0.0, 14.033024873174696)
0(0.0, 14.019289249592614)
0(0.0, 14.009357682827874)
0(0.0, 14.004711621506559)
0(0.0, 13.979981651094807)
0(0.0, 13.915783331675632)
0(0.0, 13.901595890452434)
0(0.0, 13.900790770561352)
0(0.0, 13.893265356636126)
0(0.0, 13.89147388525399)
0(0.0, 13.88016170397027)
0(0.0, 13.857781904890532)
0(0.0, 13.786243338956378)
0(0.0, 13.769613768533343)
0(0.0, 13.761526846584692)
0(0.0, 13.752580372888975)
0(0.0, 13.746199075097023)
0(0.0, 13.74285146735879)
0(0.0, 13.74058993570003)
0(0.0, 13.72907481623777)
0(0.0, 13.715140853980772)
0(0.0, 13.712540284845494)
0(0.0, 13.693958020207901)
0(0.0, 13.690623006828304)
0(0.0, 13.6495277990843)
0(0.0, 13.6366473000026)
0(0.0, 13.616993690182042)
0(0.0, 13.58458632470101)
0(0.0, 13.555468977815346)
0(0.0, 13.539823140941838)
0(0.0, 13.537906012137368)
0(0.0, 13.528179706758102)
0(0.0, 13.527724327703398)
0(0.0, 13.525529637972607)
0(0.0, 13.492188372541303)
0(0.0, 13.489607855356537)
0(0.0, 13.447291719633947)
0(0.0, 13.422850160881294)
0(0.0, 13.416507503643336)
0(0.0, 13.398915703031905)
0(0.0, 13.359228288890995)
0(0.0, 13.350586029143725)
0(0.0, 13.345693782396292)
0(0.0, 13.328426613073093)
0(0.0, 13.322576715517048)
0(0.0, 13.321880662077561)
0(0.0, 13.294377933794253)
0(0.0, 13.26519139031335)
0(0.0, 13.261491999100086)
0(0.0, 13.25666645401219)
0(0.0, 13.209304578624446)
0(0.0, 13.192979437533914)
0(0.0, 13.190613065801443)
0(0.0, 13.180088580199715)
0(0.0, 13.140680044031292)
0(0.0, 13.12686713348289)
0(0.0, 13.10952979898978)
0(0.0, 13.107523140863163)
0(0.0, 13.104932044086903)
0(0.0, 13.059977329027799)
0(0.0, 13.054134661331107)
0(0.0, 13.053319411356785)
0(0.0, 13.031919706625677)
0(0.0, 13.012196886662457)
0(0.0, 12.92745174134049)
0(0.0, 12.860194546268731)
0(0.0, 12.857045487713005)
0(0.0, 12.848351283456408)
0(0.0, 12.848261610102004)
0(0.0, 12.820996813360562)
0(0.0, 12.79587231280757)
0(0.0, 12.78824830379079)
0(0.0, 12.784196804600477)
0(0.0, 12.771998590027392)
0(0.0, 12.751470991392425)
0(0.0, 12.745232504120043)
0(0.0, 12.736127730141611)
0(0.0, 12.725203276380904)
0(0.0, 12.700696655082048)
0(0.0, 12.69223976971185)
0(0.0, 12.65437724043678)
0(0.0, 12.647980950580003)
0(0.0, 12.647491419398296)
0(0.0, 12.638152076111929)
0(0.0, 12.616371048317756)
0(0.0, 12.597297986301557)
0(0.0, 12.563775651513964)
0(0.0, 12.560958222959878)
0(0.0, 12.523451938640857)
0(0.0, 12.51571233678823)
0(0.0, 12.503345648656948)
0(0.0, 12.491060777753754)
0(0.0, 12.433070964924136)
0(0.0, 12.423554998517922)
0(0.0, 12.379151014678447)
0(0.0, 12.353565521355469)
0(0.0, 12.332249368147586)
0(0.0, 12.284730891857308)
0(0.0, 12.272354596765437)
0(0.0, 12.20518800433886)
0(0.0, 12.197982093374476)
0(0.0, 12.190244514766533)
0(0.0, 12.188212798472392)
0(0.0, 12.134607948415468)
0(0.0, 12.069707160085674)
0(0.0, 12.058559358562995)
0(0.0, 11.922707407055627)
0(0.0, 11.875968624639684)
0(0.0, 11.867136291866762)
0(0.0, 11.826615096160296)
0(0.0, 11.810695393444556)
0(0.0, 11.807025990356282)
0(0.0, 11.786232902280284)
0(0.0, 11.765367328574992)
0(0.0, 11.733972428981838)
0(0.0, 11.704919039892571)
0(0.0, 11.648145698313776)
0(0.0, 11.585748738138108)
0(0.0, 11.545987345341691)
0(0.0, 11.47779919396642)
0(0.0, 11.431703349072112)
0(0.0, 11.4164598334357)
0(0.0, 11.396017885921054)
0(0.0, 11.388401788922561)
0(0.0, 11.368904651894272)
0(0.0, 11.339210326557112)
