1(3.202721651243527, 3.382047040281724)
1(1.5905381310848306, 1.595535408543414)
1(0.7157311581441554, 0.7200966379190876)
1(0.6326553820713994, 0.6363686726712552)
1(0.6473830635726834, 0.6501288923888391)
1(0.6288785841203295, 0.631547175207182)
1(0.6211940254764076, 0.6230331272068467)
1(0.6228267688623276, 0.6245173725869949)
1(0.7181888045280036, 0.7195138802111944)
1(0.6456656498709334, 0.6469381778617391)
1(0.6498376907685559, 0.6511094560103444)
1(0.6237154734184716, 0.6245173725869949)
1(0.671882610054682, 0.6724357416197901)
1(0.6382562041309864, 0.6386524754856084)
1(1.537808371993027, 1.5381538155651984)
1(0.6664455266826131, 0.6666085745472935)
0(0.0, inf)
0(0.0, 34.50205930244244)
0(0.0, 5.1390575441138875)
0(0.0, 4.77351846489243)
0(0.0, 4.524817376264729)
0(0.0, 3.844432999047067)
0(0.0, 3.804367259084287)
0(0.0, 3.711586309704637)
0(0.0, 3.1553466951862603)
0(0.0, 3.1066425674956375)
0(0.0, 3.069583747643605)
0(0.0, 2.798398234822701)
0(0.0, 2.669192846688471)
0(0.0, 2.658250507875751)
0(0.0, 2.3881274722216546)
0(0.0, 2.354592072588016)
0(0.0, 2.3300881345641273)
0(0.0, 2.320793946323574)
0(0.0, 2.298378917397802)
0(0.0, 2.267223022430419)
0(0.0, 2.2510453975438405)
0(0.0, 2.2494592926497594)
0(0.0, 2.24811270142283)
0(0.0, 2.2393071396385587)
0(0.0, 2.2313509667845777)
0(0.0, 2.2000894711741377)
0(0.0, 2.193474785050186)
0(0.0, 2.1839783159875505)
0(0.0, 2.1780553983137083)
0(0.0, 2.174848877734255)
0(0.0, 2.1733702302804847)
0(0.0, 2.1585244442002742)
0(0.0, 2.141816656125958)
0(0.0, 2.1262053113786163)
0(0.0, 2.1239792230961987)
0(0.0, 2.1046085931961946)
0(0.0, 2.0964949681803793)
0(0.0, 2.090847166899654)
0(0.0, 2.0775855695715775)
0(0.0, 2.07710137717956)
0(0.0, 2.0760313451863017)
0(0.0, 2.0736317831614373)
0(0.0, 2.059692234656057)
0(0.0, 2.0545926889079085)
0(0.0, 2.0469260663436626)
0(0.0, 2.036324263242298)
0(0.0, 2.0359619584723005)
0(0.0, 2.032916500650374)
0(0.0, 2.031198938451117)
0(0.0, 2.026856764955839)
0(0.0, 2.0212219605992003)
0(0.0, 2.0188988370497545)
0(0.0, 2.018160712660815)
0(0.0, 2.015219035781707)
0(0.0, 2.014569097837976)
0(0.0, 2.008034481855832)
0(0.0, 1.987958722652306)
0(0.0, 1.977500319216966)
0(0.0, 1.9723167277117495)
0(0.0, 1.9716870142595744)
0(0.0, 1.96425643911404)
0(0.0, 1.9553524431814837)
0(0.0, 1.9549104424719272)
0(0.0, 1.9533147139186213)
0(0.0, 1.9487748370056912)
0(0.0, 1.9459529671238673)
0(0.0, 1.934526490183086)
0(0.0, 1.933055919770206)
0(0.0, 1.9126019609179787)
0(0.0, 1.9108721219103417)
0(0.0, 1.9082196911488307)
0(0.0, 1.9079605521916958)
0(0.0, 1.8930491331824315)
0(0.0, 1.8903445610472434)
0(0.0, 1.8858507650831209)
0(0.0, 1.8850512503828256)
0(0.0, 1.882838838694554)
0(0.0, 1.8799633047372006)
0(0.0, 1.8763480138740312)
0(0.0, 1.8749921672422283)
0(0.0, 1.8732172190219347)
0(0.0, 1.869618876843441)
0(0.0, 1.8681862330050445)
0(0.0, 1.8644327792773008)
0(0.0, 1.857791099412012)
0(0.0, 1.8560567119863505)
0(0.0, 1.8471431629425827)
0(0.0, 1.8461554778662497)
0(0.0, 1.8451266557526658)
0(0.0, 1.8389282202183461)
0(0.0, 1.8364135992624822)
0(0.0, 1.8351254449494172)
0(0.0, 1.834152521879159)
0(0.0, 1.8312826375615947)
0(0.0, 1.8310655957279833)
0(0.0, 1.8307690896846052)
0(0.0, 1.8228043799484186)
0(0.0, 1.817803397616431)
0(0.0, 1.8103740918797009)
0(0.0, 1.8053371666315736)
0(0.0, 1.7986300166302238)
0(0.0, 1.7981388472171274)
0(0.0, 1.7939479005008296)
0(0.0, 1.7916381147096558)
0(0.0, 1.7891136071538445)
0(0.0, 1.7851956479037445)
0(0.0, 1.7848601589585982)
0(0.0, 1.7842292764579009)
0(0.0, 1.783822582032857)
0(0.0, 1.7822670988826388)
0(0.0, 1.7814038451685383)
0(0.0, 1.777076290257422)
0(0.0, 1.7750477404068126)
0(0.0, 1.7682664192434578)
0(0.0, 1.761400147353308)
0(0.0, 1.76070429200609)
0(0.0, 1.751218028693406)
0(0.0, 1.75010369871651)
0(0.0, 1.7496544002451453)
0(0.0, 1.7491150109943228)
0(0.0, 1.7458367705845061)
0(0.0, 1.7455340560476533)
0(0.0, 1.7394398169885814)
0(0.0, 1.7341189681026425)
0(0.0, 1.732646585144125)
0(0.0, 1.7304607057893353)
0(0.0, 1.728776213898022)
0(0.0, 1.7243950224991162)
0(0.0, 1.7197662854950566)
0(0.0, 1.718956750792724)
0(0.0, 1.715114090078096)
0(0.0, 1.7135027790820148)
0(0.0, 1.7085309064818652)
0(0.0, 1.7084579027230635)
0(0.0, 1.707538355539845)
0(0.0, 1.7051210969259278)
0(0.0, 1.7050311422532676)
0(0.0, 1.7034935495043828)
0(0.0, 1.7016052197736926)
0(0.0, 1.7007162835695724)
0(0.0, 1.6997215070452585)
0(0.0, 1.6993102995675218)
0(0.0, 1.6986389314942931)
0(0.0, 1.696864506627996)
0(0.0, 1.6968457255643288)
0(0.0, 1.6942475597980058)
0(0.0, 1.6938702957094056)
0(0.0, 1.6920469853742668)
0(0.0, 1.6915676440001373)
0(0.0, 1.6897033247253943)
0(0.0, 1.6895771782892468)
0(0.0, 1.6884167306832756)
0(0.0, 1.6880324168065741)
0(0.0, 1.6878974691029767)
0(0.0, 1.6857267958644993)
0(0.0, 1.6818930086830988)
0(0.0, 1.681569606361956)
0(0.0, 1.6809734098442008)
0(0.0, 1.676121228773458)
0(0.0, 1.6751878628519536)
0(0.0, 1.6746402254384356)
0(0.0, 1.673919466857287)
0(0.0, 1.6732777913261085)
0(0.0, 1.6694207739748181)
0(0.0, 1.6692431783514388)
0(0.0, 1.666718557949407)
0(0.0, 1.6659664574634652)
0(0.0, 1.6630128285633243)
0(0.0, 1.662987088032205)
0(0.0, 1.6616808656063164)
0(0.0, 1.658337817377055)
0(0.0, 1.6576215695371985)
0(0.0, 1.6569976358775291)
0(0.0, 1.6568943946688204)
0(0.0, 1.656802957585891)
0(0.0, 1.65450409101239)
0(0.0, 1.6533160458629153)
0(0.0, 1.6515044578459375)
0(0.0, 1.650476118430139)
0(0.0, 1.6482005608718409)
0(0.0, 1.6479029926901783)
0(0.0, 1.6478370569695833)
0(0.0, 1.6477730749121995)
0(0.0, 1.6440771486484995)
0(0.0, 1.643491251083032)
0(0.0, 1.6427842578470642)
0(0.0, 1.642149832568199)
0(0.0, 1.6395669228588503)
0(0.0, 1.6377395087536641)
0(0.0, 1.6357810447045804)
0(0.0, 1.6354846368900282)
0(0.0, 1.634707412739988)
0(0.0, 1.6318296091004618)
0(0.0, 1.6317239179080147)
0(0.0, 1.6312680188615971)
0(0.0, 1.6265905563928913)
0(0.0, 1.6242648494052707)
0(0.0, 1.6234476713891195)
0(0.0, 1.6232372564295885)
0(0.0, 1.6220042671753503)
0(0.0, 1.6219619964953318)
0(0.0, 1.6206899087616324)
0(0.0, 1.6202478039854888)
0(0.0, 1.617100549229637)
0(0.0, 1.6163750413292282)
0(0.0, 1.6147724620852177)
0(0.0, 1.6129048819506977)
0(0.0, 1.609827562881282)
0(0.0, 1.609614823352679)
0(0.0, 1.6060178858146976)
0(0.0, 1.6059169372937334)
0(0.0, 1.604614339031461)
0(0.0, 1.5985706958534873)
0(0.0, 1.5957376949034867)
0(0.0, 1.5927456648740095)
0(0.0, 1.5916910890720248)
0(0.0, 1.5909516460087547)
0(0.0, 1.5863967910308026)
0(0.0, 1.5834676593528962)
0(0.0, 1.5834055920002938)
0(0.0, 1.5733210758286822)
0(0.0, 1.5708935939067614)
0(0.0, 1.5653303163648389)
0(0.0, 1.5646710432159252)
0(0.0, 1.562686052263164)
0(0.0, 1.5622048347056579)
0(0.0, 1.5589996550552552)
0(0.0, 1.5546187513020788)
0(0.0, 1.542549661936581)
0(0.0, 1.539397156155806)
0(0.0, 1.537940550023056)
0(0.0, 1.5372768557561711)
0(0.0, 1.5333946831834304)
0(0.0, 1.5295798889242995)
0(0.0, 1.5271924326163648)
0(0.0, 1.5196226628608693)
0(0.0, 1.5067272193068433)
0(0.0, 1.4982627637418866)
0(0.0, 1.4933497966003109)
0(0.0, 1.4792171974364243)
0(0.0, 1.4781730417548877)
0(0.0, 1.471992172840251)
0(0.0, 1.251937690716422)
0(0.0, 0.8890446911883856)
0(0.0, 0.8827167503274698)
0(0.0, 0.870850879518558)
0(0.0, 0.8455527468445909)
0(0.0, 0.8196932021976855)
0(0.0, 0.817507758121331)
0(0.0, 0.8080017386875442)
0(0.0, 0.8036205036308081)
0(0.0, 0.8035215044134797)
0(0.0, 0.7999557116755354)
0(0.0, 0.7957046096177169)
0(0.0, 0.7938516835595745)
0(0.0, 0.7894033025970976)
0(0.0, 0.7874812122951564)
0(0.0, 0.7869351737430557)
0(0.0, 0.7850462823676307)
0(0.0, 0.783608003457367)
0(0.0, 0.7802932833639582)
0(0.0, 0.7765206804150734)
0(0.0, 0.7765059948362691)
0(0.0, 0.776029036650936)
0(0.0, 0.7738809075061877)
0(0.0, 0.771316971175362)
0(0.0, 0.7694784924228419)
0(0.0, 0.7670681152070208)
0(0.0, 0.7665720841153784)
0(0.0, 0.7661044380544623)
0(0.0, 0.7637696708684649)
0(0.0, 0.7619929993674769)
0(0.0, 0.7613923399058856)
0(0.0, 0.7580364810505895)
0(0.0, 0.7574816509543906)
0(0.0, 0.7516103763303034)
0(0.0, 0.7510239730809947)
0(0.0, 0.7468370483917856)
0(0.0, 0.7454553396432537)
0(0.0, 0.7451498600777858)
0(0.0, 0.7451201770825128)
0(0.0, 0.7435559746472721)
0(0.0, 0.7420676353935777)
0(0.0, 0.740914029178479)
0(0.0, 0.7395134214334902)
0(0.0, 0.738447296889228)
0(0.0, 0.7374660939403456)
0(0.0, 0.7363361596355671)
0(0.0, 0.7359871647291777)
0(0.0, 0.735487630500937)
0(0.0, 0.7350580861391998)
0(0.0, 0.7350576086160013)
0(0.0, 0.7342132775745962)
0(0.0, 0.733984736727927)
0(0.0, 0.7319684293429385)
0(0.0, 0.7311589087617993)
0(0.0, 0.7277277494163671)
0(0.0, 0.7275205104762438)
0(0.0, 0.7246774044222393)
0(0.0, 0.7206091656876746)
0(0.0, 0.7193343837574186)
0(0.0, 0.7190795919293614)
0(0.0, 0.7182720813443035)
0(0.0, 0.7171809183746227)
0(0.0, 0.7166344023982026)
0(0.0, 0.7160550097817201)
0(0.0, 0.7141687308010392)
0(0.0, 0.7103756048551947)
0(0.0, 0.7103623481667268)
0(0.0, 0.7093146678737575)
0(0.0, 0.7090816159686361)
0(0.0, 0.7082093107681868)
0(0.0, 0.7078382459258054)
0(0.0, 0.7071963926645821)
0(0.0, 0.7070642298655084)
0(0.0, 0.7067126250349222)
0(0.0, 0.7065012019734507)
0(0.0, 0.7053020519655968)
0(0.0, 0.7043342386510782)
0(0.0, 0.7023151340016869)
0(0.0, 0.7006562313828553)
0(0.0, 0.6993746405704538)
0(0.0, 0.6986921608311025)
0(0.0, 0.6978047205506013)
0(0.0, 0.6974607699560955)
0(0.0, 0.6969027735304709)
0(0.0, 0.6959403261222326)
0(0.0, 0.695608063047864)
0(0.0, 0.6955348433178854)
0(0.0, 0.689590138056219)
0(0.0, 0.6895258883230365)
0(0.0, 0.6880204264485855)
0(0.0, 0.6865000197867881)
0(0.0, 0.6856860459665818)
0(0.0, 0.6854428259729726)
0(0.0, 0.6854275620675285)
0(0.0, 0.6846334471361608)
0(0.0, 0.683565318201219)
0(0.0, 0.6829761807633967)
0(0.0, 0.6822482615981492)
0(0.0, 0.6808409561287602)
0(0.0, 0.6807163584173647)
0(0.0, 0.6807098714881519)
0(0.0, 0.6800943972855439)
0(0.0, 0.6798583932680674)
0(0.0, 0.6796715840100993)
0(0.0, 0.6786132617265066)
0(0.0, 0.6769001213151581)
0(0.0, 0.6766756671674853)
0(0.0, 0.6765646815742539)
0(0.0, 0.6749385109897302)
0(0.0, 0.6740994313332129)
0(0.0, 0.6730515512676855)
0(0.0, 0.6729677937435194)
0(0.0, 0.6724070506188561)
0(0.0, 0.670231323093781)
0(0.0, 0.6693376054006124)
0(0.0, 0.6689282632068658)
0(0.0, 0.6676223834980325)
0(0.0, 0.6674506944189127)
0(0.0, 0.6658867658903216)
0(0.0, 0.6657319238325269)
0(0.0, 0.6656375307302823)
0(0.0, 0.6645114072940507)
0(0.0, 0.662081395589514)
0(0.0, 0.6617209445857531)
0(0.0, 0.6613764911754374)
0(0.0, 0.6606368556498718)
0(0.0, 0.659291263429671)
0(0.0, 0.6589095228745004)
0(0.0, 0.6580881220182588)
0(0.0, 0.6577751401395225)
0(0.0, 0.6572992532951543)
0(0.0, 0.6570236988329203)
0(0.0, 0.6562402518350274)
0(0.0, 0.6562358722026371)
0(0.0, 0.655981137116319)
0(0.0, 0.6538212250733039)
0(0.0, 0.653737546000117)
0(0.0, 0.6516140815695676)
0(0.0, 0.650038388897245)
0(0.0, 0.6495859685066405)
0(0.0, 0.6489796627380781)
0(0.0, 0.64888828318695)
0(0.0, 0.6471160307266963)
0(0.0, 0.6453420051301172)
0(0.0, 0.6452117944171195)
0(0.0, 0.6445484433825681)
0(0.0, 0.6444719064403305)
0(0.0, 0.6439719122540924)
0(0.0, 0.6421595667956601)
0(0.0, 0.6419936445211746)
0(0.0, 0.6418942285286462)
0(0.0, 0.6416071355976942)
0(0.0, 0.640254689931308)
0(0.0, 0.640046234159503)
0(0.0, 0.6400006716977304)
0(0.0, 0.6397562064537418)
0(0.0, 0.6388741815438957)
0(0.0, 0.6377952334260631)
0(0.0, 0.6369961119742008)
0(0.0, 0.6350833670000787)
0(0.0, 0.6339267585463432)
0(0.0, 0.6331994421109157)
0(0.0, 0.6315758764870133)
0(0.0, 0.6309333718430576)
0(0.0, 0.6299478351898075)
0(0.0, 0.628213883199945)
0(0.0, 0.627082646025643)
0(0.0, 0.6249244299859499)
0(0.0, 0.6248957021882047)
0(0.0, 0.6237049009045055)
0(0.0, 0.6229928054374858)
0(0.0, 0.6218539741822298)
0(0.0, 0.6216408014722422)
0(0.0, 0.6208600670029196)
0(0.0, 0.6201006383160745)
0(0.0, 0.6191113775598955)
0(0.0, 0.6183703130406828)
0(0.0, 0.6172094140508836)
0(0.0, 0.6165366358126316)
0(0.0, 0.6157944785613668)
0(0.0, 0.6154989830521095)
0(0.0, 0.6149536607579712)
0(0.0, 0.6143745732505626)
0(0.0, 0.6082846359533269)
0(0.0, 0.6052516481664683)
0(0.0, 0.6009182161474179)
0(0.0, 0.6001673382875432)
0(0.0, 0.59488505483239)
0(0.0, 0.5942290113313121)
0(0.0, 0.5888743641231693)
