1(0.30481130149136304, 0.3290913718749216)
1(0.22723738208658986, 0.24362886688637062)
1(0.1718702541394257, 0.1875567747563223)
1(0.21101501714397647, 0.22667682270959896)
1(0.22229912303298863, 0.236449680508185)
1(0.21113166629505895, 0.22475885784223693)
1(0.2703969322163718, 0.28278597079493023)
1(0.15940464925792414, 0.1703700218969975)
1(0.18308077824488153, 0.19348631305566014)
1(0.20175351335658925, 0.2118808386633617)
1(0.2903083435278041, 0.30040280047748386)
1(0.17124318678049727, 0.18098035173792998)
1(0.16905826737127103, 0.1784315473251544)
1(0.15259083307197688, 0.1602948333004696)
1(0.19992123002417475, 0.20732953685838426)
1(0.16335589098482411, 0.1707012678954241)
1(0.17115309720541347, 0.1784315473251544)
1(0.14508925888780522, 0.15106970555213192)
1(0.17215712362010457, 0.1779711109629222)
1(0.17255356190920143, 0.17804636286153186)
1(0.212321716131639, 0.21765038769115916)
1(0.31791869457948335, 0.32315881510190236)
1(0.21155877168150555, 0.21670083022962058)
1(0.14804489083419908, 0.1531177608679357)
1(0.21976642201265123, 0.22475885784223693)
1(0.19898352767897506, 0.2039602172453838)
1(0.23654764157876, 0.24129123032132502)
1(0.15135988189529292, 0.15574717750518)
1(0.17069890319091427, 0.17445186680527228)
1(0.19519559203674183, 0.19869029167554028)
1(0.24125937253663435, 0.2445336074968062)
1(0.2046256386142089, 0.2078855855100725)
1(0.174388866705663, 0.17741330866264243)
1(0.17304532331802347, 0.1759168045781781)
1(0.15692284689040872, 0.15916916773739584)
1(0.20094161488988663, 0.20266278788401132)
1(0.2421289203653262, 0.24362886688637062)
1(0.1785627602818871, 0.18002727364479057)
1(0.16663386598072202, 0.16803429918445964)
1(0.17781245334150947, 0.1791903912239641)
1(0.18478585613146012, 0.186071516477427)
1(0.17362278963658334, 0.1746143026307887)
1(0.17824337694264278, 0.17915804480486427)
1(0.18083007062341716, 0.18155468496526145)
1(0.22454401056793993, 0.22526836761566182)
1(0.2076022204749515, 0.20829008500328458)
1(0.22556445201244277, 0.2262403098404419)
1(0.20730518589346353, 0.20732953685838426)
0(0.0, inf)
0(0.0, 1.6077150687720567)
0(0.0, 0.8363130756754151)
0(0.0, 0.8180075235655319)
0(0.0, 0.5797879192124115)
0(0.0, 0.4477210440361659)
0(0.0, 0.36930380887815795)
0(0.0, 0.334908663825904)
0(0.0, 0.32261493423455384)
0(0.0, 0.30446156587975676)
0(0.0, 0.2991987267895699)
0(0.0, 0.2878570689178309)
0(0.0, 0.276276107977344)
0(0.0, 0.26860157379773353)
0(0.0, 0.2556256619429346)
0(0.0, 0.25561263597727923)
0(0.0, 0.24807531340899616)
0(0.0, 0.23725989859053384)
0(0.0, 0.22216023046499128)
0(0.0, 0.2217797635009613)
0(0.0, 0.2197806854263931)
0(0.0, 0.21701384472775734)
0(0.0, 0.2167902009102112)
0(0.0, 0.2152012444261931)
0(0.0, 0.21464823851262732)
0(0.0, 0.2095833536189011)
0(0.0, 0.20782477657539025)
0(0.0, 0.20656296862016343)
0(0.0, 0.20644333618544874)
0(0.0, 0.20461956477409152)
0(0.0, 0.2027300470329457)
0(0.0, 0.20063215320537378)
0(0.0, 0.19826226320167611)
0(0.0, 0.19822518572731623)
0(0.0, 0.19773384581346232)
0(0.0, 0.19677369986641371)
0(0.0, 0.1962741301477735)
0(0.0, 0.19512549107675017)
0(0.0, 0.19227805961454372)
0(0.0, 0.19214995078632993)
0(0.0, 0.19107249657936431)
0(0.0, 0.1905948215675878)
0(0.0, 0.18883921836086168)
0(0.0, 0.18716980176868347)
0(0.0, 0.18713141553668325)
0(0.0, 0.18600056471477344)
0(0.0, 0.18584460730161884)
0(0.0, 0.18495773910340482)
0(0.0, 0.18463736540048575)
0(0.0, 0.1843510052803562)
0(0.0, 0.1825997548620712)
0(0.0, 0.18249472363249672)
0(0.0, 0.1790910156990776)
0(0.0, 0.1784468266491913)
0(0.0, 0.17763009307453437)
0(0.0, 0.17667328470049123)
0(0.0, 0.17413228072118866)
0(0.0, 0.17331918743449104)
0(0.0, 0.17148196564359958)
0(0.0, 0.17045465462060924)
0(0.0, 0.17012627472236821)
0(0.0, 0.16968085859106966)
0(0.0, 0.16941117962973107)
0(0.0, 0.16940963446009188)
0(0.0, 0.1648697188371063)
0(0.0, 0.16460864463534428)
0(0.0, 0.16438835033865404)
0(0.0, 0.16360953909860387)
0(0.0, 0.16251382555881635)
0(0.0, 0.16215778122086552)
0(0.0, 0.16112443310870447)
0(0.0, 0.16110389070380518)
0(0.0, 0.16081185288453523)
0(0.0, 0.16057698714212082)
0(0.0, 0.16036438255403543)
0(0.0, 0.15983357040281662)
0(0.0, 0.159392386932075)
0(0.0, 0.1592393582420437)
0(0.0, 0.15889062328615344)
0(0.0, 0.15769287954414932)
0(0.0, 0.15535816785209008)
0(0.0, 0.1547230375115666)
0(0.0, 0.1544357614966784)
0(0.0, 0.15377589486051962)
0(0.0, 0.15220928951013285)
0(0.0, 0.15140002422979382)
0(0.0, 0.15121570315333596)
0(0.0, 0.15060676532664136)
0(0.0, 0.15028616178010049)
0(0.0, 0.14799907240912308)
0(0.0, 0.14761084730179905)
0(0.0, 0.14750630717450086)
0(0.0, 0.1472715234448727)
0(0.0, 0.14680391552133515)
0(0.0, 0.14478877520283695)
0(0.0, 0.1435901237785584)
0(0.0, 0.14346491878821174)
0(0.0, 0.1432505355021105)
0(0.0, 0.14294696948483687)
0(0.0, 0.14186517528313555)
0(0.0, 0.1402161918957922)
0(0.0, 0.14005019484708434)
0(0.0, 0.13875060555232663)
0(0.0, 0.13843175843912583)
0(0.0, 0.13548093026771446)
0(0.0, 0.13310276691194914)
0(0.0, 0.13124268989331905)
0(0.0, 0.1286423619814918)
0(0.0, 0.12792658858049788)
0(0.0, 0.12758726584707736)
0(0.0, 0.12708312315379366)
0(0.0, 0.1200938214129252)
0(0.0, 0.11685881778097386)
0(0.0, 0.11453526306883628)
0(0.0, 0.10394239160303477)
0(0.0, 0.10177115544711061)
0(0.0, 0.10029787115750777)
0(0.0, 0.09825193168767839)
0(0.0, 0.09557451793423664)
0(0.0, 0.03880514272787323)
0(0.0, 0.026051354340222613)
