1(11.57000488107393, 12.291291094783876)
1(10.114760209688864, 10.428704875774322)
1(7.347930520885637, 7.586919783551669)
1(9.239246319779399, 9.464658561431742)
1(7.299824854693689, 7.522751595405998)
1(9.42843296280506, 9.648569991647753)
1(8.467400595488167, 8.658790700948257)
1(7.924729802086121, 8.100949777234197)
1(7.809985754960377, 7.967241950660627)
1(7.638453263241683, 7.79043048595899)
1(6.754360781901771, 6.896995458613428)
1(7.6987459364697735, 7.829612401050355)
1(7.272597151990663, 7.403283734590953)
1(12.677509256802708, 12.800284964337397)
1(7.219339511089718, 7.338629533891339)
1(7.32317055675897, 7.438660221610074)
1(7.944822151964377, 8.059381120798202)
1(7.393946943786784, 7.505536577660872)
1(7.801361168504865, 7.9051868838491135)
1(8.168498208043177, 8.270718532325175)
1(8.37412063546679, 8.474228781371)
1(7.468067490530668, 7.562850277114666)
1(7.6724015426412056, 7.765605400293218)
1(7.938512755342645, 8.023334469678295)
1(7.2093547656945995, 7.293479952962759)
1(7.6435559429957465, 7.727276757450212)
1(8.381982010793532, 8.460138284623383)
1(7.935157900153229, 8.009853274661523)
1(7.445483487737987, 7.5163221634133235)
1(7.474580828363715, 7.545212755567711)
1(8.56519098958466, 8.635294202977583)
1(7.868597955890655, 7.938551416227956)
1(7.294983084978169, 7.363862994782439)
1(8.18442446485424, 8.249132334084653)
1(7.3686049283605115, 7.432581124442638)
1(7.823218910884292, 7.887182833525439)
1(7.493107241628452, 7.554284216386701)
1(7.692502290255935, 7.752004013751241)
1(7.453167208056323, 7.508309830972287)
1(12.494518887401254, 12.547519529267696)
1(7.408358687235895, 7.46107388455624)
1(3.6249154431707984, 3.677073121116923)
1(6.6039966710460805, 6.647709511581749)
1(7.551438461482357, 7.593583043272968)
1(8.394053453099486, 8.436031063691724)
1(7.443067833750816, 7.482764083799136)
1(7.12924163494346, 7.160358284567561)
1(8.115240226717399, 8.14566436574012)
1(7.696011303735068, 7.725016813954477)
1(7.1664962596845365, 7.1938419295136)
1(7.059207260255833, 7.086382104576549)
1(6.934350520131415, 6.959945290145615)
1(6.960198232312366, 6.9845157795072925)
1(7.350303820628557, 7.372979815915882)
1(6.79065397663051, 6.81208658579392)
1(8.064344356589682, 8.085135976070973)
1(7.382505359097308, 7.4007549907577115)
1(7.407032088903183, 7.424798085233824)
1(7.946924883822123, 7.962664247577946)
1(2.5390657317283547, 2.554498742195226)
1(7.418568850667125, 7.430560535814794)
1(7.489170793738589, 7.500328649558119)
1(4.057050375918833, 4.0672201853133725)
1(3.7574517731071944, 3.7646871381757627)
1(8.230842569986372, 8.236380628454665)
1(3.4220530397530458, 3.4267537115764966)
1(7.591266432699594, 7.592891931034306)
1(3.2348114996555464, 3.2359995096101897)
1(3.6129636459819148, 3.6130989917905674)
0(0.0, inf)
0(0.0, 191.21354158005994)
0(0.0, 55.03890573647894)
0(0.0, 29.21217640293666)
0(0.0, 19.206409078906777)
0(0.0, 15.800085805807807)
0(0.0, 14.458677083702623)
0(0.0, 12.935699382799989)
0(0.0, 12.53581546173768)
0(0.0, 12.065537101558917)
0(0.0, 11.904291045711847)
0(0.0, 11.38217872193327)
0(0.0, 11.352165033800453)
0(0.0, 11.21282364524738)
0(0.0, 10.533830142822572)
0(0.0, 10.513998122116579)
0(0.0, 10.503721443094223)
0(0.0, 10.277806287975196)
0(0.0, 10.17794311945725)
0(0.0, 10.14213266954564)
0(0.0, 10.099468310067712)
0(0.0, 10.042574199972584)
0(0.0, 9.890141016659445)
0(0.0, 9.669347816681556)
0(0.0, 9.601665928580685)
0(0.0, 9.476034465391058)
0(0.0, 9.399566123709805)
0(0.0, 9.378562626363115)
0(0.0, 9.338675085659482)
0(0.0, 9.293014018758269)
0(0.0, 9.282891867035925)
0(0.0, 9.242430864652794)
0(0.0, 9.232281386795957)
0(0.0, 9.167635526627906)
0(0.0, 9.16050432371085)
0(0.0, 9.075871969530212)
0(0.0, 9.06126002352338)
0(0.0, 9.050933640794682)
0(0.0, 9.039628737932555)
0(0.0, 9.016577466952842)
0(0.0, 8.998822838604024)
0(0.0, 8.986458325312327)
0(0.0, 8.981578145308463)
0(0.0, 8.953971973343213)
0(0.0, 8.933209340398276)
0(0.0, 8.900835023547337)
0(0.0, 8.856349541356153)
0(0.0, 8.855105505147467)
0(0.0, 8.778105301613788)
0(0.0, 8.771789861080766)
0(0.0, 8.711022134484043)
0(0.0, 8.612413843465943)
0(0.0, 8.586689219282173)
0(0.0, 8.574482303127905)
0(0.0, 8.563016650568098)
0(0.0, 8.542620943759568)
0(0.0, 8.542026845016794)
0(0.0, 8.494878779783631)
0(0.0, 8.459908589066364)
0(0.0, 8.44400711391839)
0(0.0, 8.432139472191864)
0(0.0, 8.414193981670156)
0(0.0, 8.406773940180193)
0(0.0, 8.382720043666612)
0(0.0, 8.37242255602593)
0(0.0, 8.36553210900333)
0(0.0, 8.317910945959019)
0(0.0, 8.297854940322466)
0(0.0, 8.295267552842084)
0(0.0, 8.286425252225591)
0(0.0, 8.2610407528014)
0(0.0, 8.256807494612023)
0(0.0, 8.24088591116468)
0(0.0, 8.215478608382787)
0(0.0, 8.208175408967765)
0(0.0, 8.197736852528402)
0(0.0, 8.135271953445782)
0(0.0, 8.11488778876309)
0(0.0, 8.093217864235028)
0(0.0, 8.091860384446175)
0(0.0, 8.084573772694862)
0(0.0, 8.071068340059325)
0(0.0, 8.065079896251062)
0(0.0, 7.994370688905382)
0(0.0, 7.991056824990309)
0(0.0, 7.980833383432092)
0(0.0, 7.966752002881432)
0(0.0, 7.965410582942316)
0(0.0, 7.956580233043524)
0(0.0, 7.955616016493604)
0(0.0, 7.950042213932947)
0(0.0, 7.949336155130644)
0(0.0, 7.946830989257201)
0(0.0, 7.927670406908489)
0(0.0, 7.926085018402113)
0(0.0, 7.922111346990712)
0(0.0, 7.921360784447895)
0(0.0, 7.917738424125764)
0(0.0, 7.912192108126033)
0(0.0, 7.911710113530852)
0(0.0, 7.906575648648902)
0(0.0, 7.901610192129189)
0(0.0, 7.897160898065713)
0(0.0, 7.897001671624752)
0(0.0, 7.884089866472499)
0(0.0, 7.862617883847004)
0(0.0, 7.856142562133758)
0(0.0, 7.847752009604624)
0(0.0, 7.841565757257835)
0(0.0, 7.841114218789687)
0(0.0, 7.8361854599312215)
0(0.0, 7.822781106658653)
0(0.0, 7.821440011061093)
0(0.0, 7.807656093877904)
0(0.0, 7.807392000783322)
0(0.0, 7.802397140963298)
0(0.0, 7.785731030105225)
0(0.0, 7.774961293618244)
0(0.0, 7.761591630263912)
0(0.0, 7.758298210773193)
0(0.0, 7.734870473673354)
0(0.0, 7.733369906207051)
0(0.0, 7.726155153360828)
0(0.0, 7.720223311357296)
0(0.0, 7.715461992943145)
0(0.0, 7.6771011571110375)
0(0.0, 7.668963795804594)
0(0.0, 7.666797373525667)
0(0.0, 7.6563973412326405)
0(0.0, 7.603845096294788)
0(0.0, 7.602510229861925)
0(0.0, 7.601275725587055)
0(0.0, 7.591548692562247)
0(0.0, 7.566606995424958)
0(0.0, 7.548721268936975)
0(0.0, 7.548699910334361)
0(0.0, 7.543680579383576)
0(0.0, 7.540741909430162)
0(0.0, 7.535934854396591)
0(0.0, 7.528674771749624)
0(0.0, 7.525309185758188)
0(0.0, 7.522132248445887)
0(0.0, 7.516580375920113)
0(0.0, 7.513742805372898)
0(0.0, 7.511235094536681)
0(0.0, 7.5107530424698785)
0(0.0, 7.504882942196824)
0(0.0, 7.497856961782711)
0(0.0, 7.497767838498661)
0(0.0, 7.494518161478639)
0(0.0, 7.49056928801063)
0(0.0, 7.489062350662613)
0(0.0, 7.467010115184605)
0(0.0, 7.460497800951573)
0(0.0, 7.450721352381466)
0(0.0, 7.440785446313945)
0(0.0, 7.413467545189438)
0(0.0, 7.397336070969944)
0(0.0, 7.388480756113321)
0(0.0, 7.3832846275589485)
0(0.0, 7.378528694612048)
0(0.0, 7.377469189948567)
0(0.0, 7.370333191665018)
0(0.0, 7.356403891646587)
0(0.0, 7.345640351334207)
0(0.0, 7.32533467306472)
0(0.0, 7.323989500436987)
0(0.0, 7.314903305388964)
0(0.0, 7.303469254634606)
0(0.0, 7.298921903003236)
0(0.0, 7.287775606537116)
0(0.0, 7.275405210101323)
0(0.0, 7.275177376665392)
0(0.0, 7.262053409383111)
0(0.0, 7.252763585320422)
0(0.0, 7.247802170337581)
0(0.0, 7.243063644873076)
0(0.0, 7.224570399747128)
0(0.0, 7.214485447001228)
0(0.0, 7.200664148813472)
0(0.0, 7.197831531541129)
0(0.0, 7.187999541790997)
0(0.0, 7.18361736983659)
0(0.0, 7.18315290874472)
0(0.0, 7.167092727892392)
0(0.0, 7.166278903755118)
0(0.0, 7.16234042436908)
0(0.0, 7.1610474821542445)
0(0.0, 7.150417228956236)
0(0.0, 7.145124352361334)
0(0.0, 7.140003059035172)
0(0.0, 7.134632806160181)
0(0.0, 7.13389248655721)
0(0.0, 7.127991025180556)
0(0.0, 7.127752332932638)
0(0.0, 7.0964941438136275)
0(0.0, 7.084354776030155)
0(0.0, 7.08198806206197)
0(0.0, 7.044347030805263)
0(0.0, 7.028621558742355)
0(0.0, 7.021514252534318)
0(0.0, 7.010637896042615)
0(0.0, 7.001339617192362)
0(0.0, 6.9581033600165405)
0(0.0, 6.934764291059903)
0(0.0, 6.916645919478505)
0(0.0, 6.901480833413232)
0(0.0, 6.856494652623684)
0(0.0, 6.831877101318462)
0(0.0, 6.7964739790667466)
0(0.0, 6.775793784925857)
0(0.0, 6.769751564755608)
0(0.0, 6.733678883631247)
0(0.0, 6.731746664923888)
0(0.0, 6.722863131378306)
0(0.0, 6.716501435455366)
0(0.0, 6.713514778766221)
0(0.0, 6.7091473824628824)
0(0.0, 6.697632629982135)
0(0.0, 6.66377914508301)
0(0.0, 6.658168226189227)
0(0.0, 6.657994304322746)
0(0.0, 6.655781943181178)
0(0.0, 6.644718713749083)
0(0.0, 6.618529619235062)
0(0.0, 6.618310317078696)
0(0.0, 6.614561507459468)
0(0.0, 6.59998973817382)
0(0.0, 6.55216569501929)
0(0.0, 6.537060834384741)
0(0.0, 6.518575277606923)
0(0.0, 6.506737847241597)
0(0.0, 6.487290742252871)
0(0.0, 6.485974604851064)
0(0.0, 6.415629308804853)
0(0.0, 6.395125121289159)
0(0.0, 6.388536467310239)
0(0.0, 6.37281196370049)
0(0.0, 6.361139205284766)
0(0.0, 6.316535855006783)
0(0.0, 6.05030655923637)
0(0.0, 6.008946145468497)
0(0.0, 5.899828234227483)
0(0.0, 5.685286256459355)
0(0.0, 5.463803197880178)
0(0.0, 5.23938233398781)
0(0.0, 4.797846493086716)
0(0.0, 4.657719195576542)
0(0.0, 4.270913379068913)
0(0.0, 4.194101885970444)
0(0.0, 4.074544407264898)
0(0.0, 3.932936350850914)
0(0.0, 3.923292668854373)
0(0.0, 3.853289790784692)
0(0.0, 3.717917869953648)
0(0.0, 3.713011240580105)
0(0.0, 3.7085263150264804)
0(0.0, 3.704907247738801)
0(0.0, 3.6963145280369227)
0(0.0, 3.670441421812196)
0(0.0, 3.637229397616981)
0(0.0, 3.629179692442796)
0(0.0, 3.6015401615841185)
0(0.0, 3.5982349123516175)
0(0.0, 3.5901106146276036)
0(0.0, 3.5892823675074506)
0(0.0, 3.5886576119446683)
0(0.0, 3.5727862880124617)
0(0.0, 3.5680821730310495)
0(0.0, 3.561178392090621)
0(0.0, 3.560234209042015)
0(0.0, 3.5596522145538656)
0(0.0, 3.5584643387182076)
0(0.0, 3.556412489205688)
0(0.0, 3.550441797369912)
0(0.0, 3.547529992949918)
0(0.0, 3.532908737842942)
0(0.0, 3.5327131027838963)
0(0.0, 3.5159304336875743)
0(0.0, 3.51386044640174)
0(0.0, 3.5068152959828067)
0(0.0, 3.5020945484246555)
0(0.0, 3.5016084805070657)
0(0.0, 3.499028429942258)
0(0.0, 3.495970683138391)
0(0.0, 3.4862469590218135)
0(0.0, 3.4826063211158496)
0(0.0, 3.4798514714352313)
0(0.0, 3.4790797338199764)
0(0.0, 3.451897750472271)
0(0.0, 3.442093336264473)
0(0.0, 3.44075495957474)
0(0.0, 3.439730366153896)
0(0.0, 3.4360746434671183)
0(0.0, 3.433547834421427)
0(0.0, 3.4286181441621153)
0(0.0, 3.4285531402360876)
0(0.0, 3.422248746694999)
0(0.0, 3.405138015316684)
0(0.0, 3.403282603421524)
0(0.0, 3.3998202952609757)
0(0.0, 3.398753301775048)
0(0.0, 3.392972033267849)
0(0.0, 3.3759576670774387)
0(0.0, 3.3732125333692355)
0(0.0, 3.3546661593450406)
0(0.0, 3.344408593306427)
0(0.0, 3.3405252675173616)
0(0.0, 3.326911143952909)
0(0.0, 3.304214347025826)
0(0.0, 3.300077274193098)
0(0.0, 3.2978891482648676)
0(0.0, 3.2802872041127697)
0(0.0, 3.2624827340508613)
0(0.0, 3.2593851759063064)
0(0.0, 3.255289708001956)
0(0.0, 3.2273777602983715)
0(0.0, 3.2247513996381407)
0(0.0, 3.2082354509211326)
0(0.0, 3.193657124589076)
0(0.0, 3.1823847731714094)
0(0.0, 3.1731361495977346)
0(0.0, 3.1535520569266358)
0(0.0, 3.153187019017202)
0(0.0, 3.1386370831904142)
0(0.0, 3.1236966029224664)
0(0.0, 3.120660228254934)
0(0.0, 3.1137542409398935)
0(0.0, 3.10446200140886)
0(0.0, 3.0943413313085495)
0(0.0, 3.0936099832470556)
0(0.0, 3.089772306947976)
0(0.0, 3.087357622504005)
0(0.0, 3.080319713196315)
0(0.0, 3.0308261703106805)
0(0.0, 3.029945261298477)
0(0.0, 3.024100349225269)
0(0.0, 3.011996009271389)
0(0.0, 2.9900605010384456)
0(0.0, 2.987792055248802)
0(0.0, 2.9587656470717887)
0(0.0, 2.9435061064658794)
0(0.0, 2.927868784562255)
0(0.0, 2.920582827596024)
0(0.0, 2.912030579211351)
0(0.0, 2.902778217289305)
0(0.0, 2.8952987892897983)
0(0.0, 2.894765184718656)
0(0.0, 2.8874136007465707)
0(0.0, 2.883071424367919)
0(0.0, 2.880597140603106)
0(0.0, 2.879453757927495)
0(0.0, 2.8791047424388845)
0(0.0, 2.873025801413961)
0(0.0, 2.8703313125015417)
0(0.0, 2.8672382386814785)
0(0.0, 2.8642943437095654)
0(0.0, 2.8632369729250295)
0(0.0, 2.860991585491314)
0(0.0, 2.856429999237685)
0(0.0, 2.8552282965758664)
0(0.0, 2.845061524400213)
0(0.0, 2.844589834580334)
0(0.0, 2.8287767988213726)
0(0.0, 2.820825500239098)
0(0.0, 2.8178467141929118)
0(0.0, 2.8177816817587398)
0(0.0, 2.8055081340572583)
0(0.0, 2.789570958453971)
0(0.0, 2.785845437728193)
0(0.0, 2.7782768372899165)
0(0.0, 2.7765417741963656)
0(0.0, 2.7722510174416857)
0(0.0, 2.768494897758282)
0(0.0, 2.7684579444262254)
0(0.0, 2.7663578050692843)
0(0.0, 2.7637810303436714)
0(0.0, 2.755932471809507)
0(0.0, 2.7519173262436634)
0(0.0, 2.7369363155837485)
0(0.0, 2.735346126791987)
0(0.0, 2.734242161645153)
0(0.0, 2.7308937027299627)
0(0.0, 2.727997932010851)
0(0.0, 2.719287368294389)
0(0.0, 2.686300805354985)
0(0.0, 2.6545572008474676)
0(0.0, 2.6505775058213032)
0(0.0, 2.648227046253983)
0(0.0, 2.6443667381141815)
0(0.0, 2.6286576764261933)
0(0.0, 2.6280396528737087)
0(0.0, 2.6227588325657987)
0(0.0, 2.6194006621516235)
0(0.0, 2.619338785708684)
0(0.0, 2.6139076437756668)
0(0.0, 2.6099947393479663)
0(0.0, 2.6049674456702663)
0(0.0, 2.5881883233978744)
0(0.0, 2.5871697430253002)
0(0.0, 2.578350618899531)
0(0.0, 2.5743710070782932)
0(0.0, 2.5743165835559862)
0(0.0, 2.562176781023765)
0(0.0, 2.555277991131244)
0(0.0, 2.5519920280465653)
0(0.0, 2.5498521252045503)
0(0.0, 2.5493358994091553)
0(0.0, 2.5360590859934287)
0(0.0, 2.527738265519795)
0(0.0, 2.5107422734432787)
0(0.0, 2.494779761172573)
0(0.0, 2.4926265218688273)
0(0.0, 2.492191474619608)
0(0.0, 2.491340153778446)
0(0.0, 2.4908607824190256)
0(0.0, 2.4877366927960742)
0(0.0, 2.47882105172175)
0(0.0, 2.4749534984011747)
0(0.0, 2.4693997816627022)
0(0.0, 2.467340169286411)
0(0.0, 2.4671766691720323)
0(0.0, 2.450872645292073)
0(0.0, 2.447658615192283)
0(0.0, 2.4255372616686457)
0(0.0, 2.4252316497816495)
0(0.0, 2.4219900350191415)
0(0.0, 2.4053568221277746)
0(0.0, 2.4009155694629762)
0(0.0, 2.3819978360516436)
0(0.0, 2.3815688358911573)
0(0.0, 2.3428872651306967)
