1(0.4611436675924948, 0.5370689025255673)
1(0.3240864860667916, 0.36671287604965536)
1(0.38937994631448036, 0.4146792599758908)
1(0.41113119157132133, 0.4232489056319193)
1(0.26225756237928394, 0.2715146652341335)
1(0.25836085786948404, 0.2648971471490076)
1(0.20110865686160576, 0.20658300520471018)
1(0.20930129222988442, 0.21444925574937118)
1(0.1826859754458597, 0.18716303575993884)
1(0.20435741387122244, 0.20870051962483666)
1(0.23282874106767795, 0.23713306798407835)
1(0.08413353508640231, 0.08842440687350506)
1(0.2213876884855129, 0.22560743658281238)
1(0.1927102123693009, 0.19689744956323313)
1(0.1992161352846046, 0.20304386391455304)
1(0.18617986544409307, 0.18998060967964756)
1(0.18618072471805053, 0.18998060967964756)
1(0.08904307111582582, 0.09279158372194635)
1(0.18262064192605118, 0.18614795548130234)
1(0.1829623829957045, 0.1864895530185696)
1(0.17987322265742756, 0.18329089713737154)
1(0.18631082584579636, 0.18968136324702012)
1(0.08067610407266286, 0.0839525330124046)
1(0.18265134519464113, 0.1859181233892465)
1(0.0842681404928894, 0.08750137540234774)
1(0.09024159991024822, 0.0934392765878378)
1(0.08587729197971601, 0.0890004082275859)
1(0.1076229640368079, 0.11073786861478736)
1(0.17776982415845477, 0.1807906542132008)
1(0.10453925446728374, 0.10752409089532279)
1(0.20345067093896038, 0.20643248908174164)
1(0.21952935711953456, 0.22243953794939483)
1(0.17800164437200117, 0.18084559249069623)
1(0.18802942032939066, 0.19087310064745483)
1(0.0726322913146499, 0.07541387957369453)
1(0.08117044655758311, 0.08394284705873023)
1(0.08426551624813944, 0.08697710641688568)
1(0.07028360930894917, 0.07297370330337266)
1(0.17898025583296545, 0.18162934784800416)
1(0.07636461289859728, 0.07900597150784688)
1(0.18329324569513683, 0.1859181233892465)
1(0.18807426824709314, 0.19066160871434035)
1(0.1897316460612722, 0.1922447677967344)
1(0.0754808417073803, 0.0779622015245325)
1(0.2107935099321226, 0.21317489247372162)
1(0.07586234512891123, 0.07816121227225277)
1(0.2083926837855468, 0.21066691496687445)
1(0.0707056255904159, 0.07293804316403699)
1(0.18925987391597476, 0.1914674219784648)
1(0.07096905176971591, 0.0731460766557203)
1(0.0752923156182555, 0.07742936402397291)
1(0.07008083178751733, 0.07220823919554512)
1(0.0821470696878535, 0.0842448599656427)
1(0.18686275137896297, 0.18891405350255272)
1(0.257016722590626, 0.25905184481484)
1(0.07120565951201333, 0.07322319341036189)
1(0.07169120276845131, 0.07370147916599289)
1(0.0712166085061277, 0.07322319341036189)
1(0.18948380042412905, 0.19145847600013083)
1(0.0792002368491935, 0.08104006160978536)
1(0.07233830763802866, 0.07413606431458356)
1(0.20278421659824375, 0.20456686016661838)
1(0.19190128536192985, 0.1936470964302632)
1(0.17972472926799965, 0.18143680817329316)
1(0.08735806112316453, 0.08906539036402171)
1(0.07929556129638254, 0.08098930140930885)
1(0.21520001160625232, 0.2168826468553021)
1(0.07412662135919203, 0.07575990635294504)
1(0.07551108937323263, 0.07709680821356023)
1(0.18573434008411335, 0.18727987040611196)
1(0.1820004913256587, 0.183544308316337)
1(0.19238953140943982, 0.19392963536393235)
1(0.07508553757532845, 0.07654216467262254)
1(0.08885978083339335, 0.09027463367833218)
1(0.07394925788123873, 0.07534809073874746)
1(0.08011418201699952, 0.08150126323385058)
1(0.20212080589394513, 0.20346891260289723)
1(0.07674774365399382, 0.07801295447146706)
1(0.08550641607754368, 0.08676636096239636)
1(0.09123330478793915, 0.09248835164308276)
1(0.07394950543394355, 0.07520374970065853)
1(0.1940252091888254, 0.19525999601210905)
1(0.18331997463960797, 0.18452337292920798)
1(0.07504483694957802, 0.07623917263610236)
1(0.2409401226238805, 0.2421260430245772)
1(0.19577395508063222, 0.196939004364316)
1(0.071388156084174, 0.07252834804548541)
1(0.0772622391688301, 0.07839661261974759)
1(0.07737997587244999, 0.07849498708258841)
1(0.07086587479060462, 0.07196141735388581)
1(0.0725635667903927, 0.0735965263611267)
1(0.07846459188874316, 0.07949269568777594)
1(0.07932302203945575, 0.08034508520425326)
1(0.1894605514582597, 0.19048054488320074)
1(0.08584051761517965, 0.08685863462537453)
1(0.1840716290967329, 0.18508575141087982)
1(0.24215613746991962, 0.24315914500336377)
1(0.06998609127436568, 0.07097333698397107)
1(0.19866383781212651, 0.19961311589492564)
1(0.26394952584311876, 0.2648971471490076)
1(0.0713941052339414, 0.07232999683608364)
1(0.0766306553289367, 0.07755583550681788)
1(0.07598113443537152, 0.07689368713428585)
1(0.18422826089870398, 0.18509567376646133)
1(0.18759843606335783, 0.18846049432473852)
1(0.0852864409810467, 0.08613628950221741)
1(0.0729320156755992, 0.07377977460292033)
1(0.19270997438561405, 0.1935085713570013)
1(0.07214044820452471, 0.07293804316403699)
1(0.07756937092086505, 0.0783664838536642)
1(0.20241363481771857, 0.20321021308668302)
1(0.24038349681000162, 0.24117589311503754)
1(0.07847404860260453, 0.07926158776606251)
1(0.19687546735386535, 0.19765367163463016)
1(0.08564985617053075, 0.08642684235417245)
1(0.07631656456957892, 0.0770900997186424)
1(0.18020537907214382, 0.180959494891952)
1(0.08029071493025466, 0.08104006160978536)
1(0.0706662712804699, 0.07140384568699769)
1(0.21331728302341782, 0.21401925271209288)
1(0.20555479603037494, 0.20625133369533985)
1(0.07581670983232282, 0.07650388468556625)
1(0.06798387069815898, 0.06863539815910973)
1(0.0780006052051885, 0.07863848544842497)
1(0.18850637384535548, 0.18912826506456096)
1(0.0855713704251865, 0.08615538995951483)
1(0.0865093391985591, 0.08704190177928674)
1(0.08533598596223967, 0.08585400679893208)
1(0.20605838742772145, 0.20656492425336484)
1(0.18440657388272316, 0.1849050239466425)
1(0.08738731696414791, 0.08787564640602213)
1(0.07781149373914921, 0.07824934825518778)
1(0.07202838647285123, 0.07245228699136108)
1(0.07295355998735768, 0.07337585470110226)
1(0.07197512704048586, 0.07239192359363512)
1(0.19347198017447242, 0.19388415816204285)
1(0.23301567021072347, 0.2334022467860923)
1(0.07065089538053713, 0.07102865707742449)
1(0.07603674450365284, 0.07640412952408496)
1(0.24502125179576972, 0.24537716557704528)
1(0.19932283914598337, 0.19967493561324204)
1(0.07474069719083602, 0.0750782222755624)
1(0.08366490034193354, 0.08399044002955473)
1(0.06993744664310668, 0.07025324452482669)
1(0.0743595865133859, 0.07465798385607798)
1(0.07091938957429644, 0.07116605745700952)
1(0.07105340151752348, 0.07128455485837952)
1(0.07532147521193883, 0.07554106817937435)
1(0.07105465908153531, 0.07125553396504615)
1(0.07361724921454071, 0.07380636719668286)
1(0.1798351971965536, 0.1800239319850667)
1(0.08474489249984733, 0.08491853078146605)
1(0.09200385863472285, 0.09216754654620725)
1(0.08108024753733187, 0.08123074773278763)
1(0.08035661724405084, 0.08050566311079997)
1(0.23480080338513842, 0.2349469855640265)
1(0.0812994365789592, 0.0814410535107829)
1(0.2046595365260278, 0.2047442124699428)
1(0.07515612164531967, 0.07521114217953861)
1(0.07282708775688018, 0.07288057653984881)
1(0.08274506166851565, 0.08278787772981161)
1(0.06889615447109125, 0.06893190037018662)
1(0.08859291613878952, 0.088621429374427)
1(0.09004828028335764, 0.09005389469725096)
0(0.0, inf)
0(0.0, 6.645066133107429)
0(0.0, 0.7536729749678979)
0(0.0, 0.6473140206369626)
0(0.0, 0.6365369200801336)
0(0.0, 0.6134618266966392)
0(0.0, 0.5344277020915567)
0(0.0, 0.5275038572730769)
0(0.0, 0.5164230663744358)
0(0.0, 0.45911217699884355)
0(0.0, 0.4555879190692056)
0(0.0, 0.44308590801213743)
0(0.0, 0.4172414647976683)
0(0.0, 0.41015816033479663)
0(0.0, 0.3783693105944565)
0(0.0, 0.3461623971261653)
0(0.0, 0.345933790253873)
0(0.0, 0.31823241410513053)
0(0.0, 0.3141682699487715)
0(0.0, 0.3130119465560283)
0(0.0, 0.3123304641130214)
0(0.0, 0.3070785081805948)
0(0.0, 0.2958522119568668)
0(0.0, 0.2890995749992748)
0(0.0, 0.28259555413241694)
0(0.0, 0.28105250524390735)
0(0.0, 0.2741078611193941)
0(0.0, 0.27102859624326747)
0(0.0, 0.2709419842526968)
0(0.0, 0.269541881249717)
0(0.0, 0.26582332646843326)
0(0.0, 0.2649836047524392)
0(0.0, 0.2634415078463204)
0(0.0, 0.2626827774212894)
0(0.0, 0.2625964741259253)
0(0.0, 0.2619304139870646)
0(0.0, 0.2615193933006423)
0(0.0, 0.2606968512455259)
0(0.0, 0.25798236963946714)
0(0.0, 0.2570596901873123)
0(0.0, 0.25547235967182397)
0(0.0, 0.2551759828956382)
0(0.0, 0.24972975632409442)
0(0.0, 0.24668347448752292)
0(0.0, 0.24660897630495465)
0(0.0, 0.24626268656989958)
0(0.0, 0.24560132180059527)
0(0.0, 0.24521442424079667)
0(0.0, 0.24351120627660058)
0(0.0, 0.2435012183801562)
0(0.0, 0.24346716126797935)
0(0.0, 0.24257041198640422)
0(0.0, 0.24131894859919437)
0(0.0, 0.2411083970977371)
0(0.0, 0.24076051525898087)
0(0.0, 0.2406540638594491)
0(0.0, 0.23986337354554702)
0(0.0, 0.23692286026410608)
0(0.0, 0.2360444072385472)
0(0.0, 0.2353302243485814)
0(0.0, 0.23530242401757745)
0(0.0, 0.23497597709444923)
0(0.0, 0.23455957907307998)
0(0.0, 0.23449761113207962)
0(0.0, 0.2344939327909833)
0(0.0, 0.23404405880239637)
0(0.0, 0.23395586137357954)
0(0.0, 0.23285431747737473)
0(0.0, 0.23190133627113688)
0(0.0, 0.23173842554027735)
0(0.0, 0.23107166315578087)
0(0.0, 0.23089767702292574)
0(0.0, 0.2296365571985677)
0(0.0, 0.2292115187399298)
0(0.0, 0.22775823239252221)
0(0.0, 0.2260470194563291)
0(0.0, 0.22521757161764866)
0(0.0, 0.22361254164196825)
0(0.0, 0.22246607454488937)
0(0.0, 0.22086877380424733)
0(0.0, 0.21978548344972273)
0(0.0, 0.21929096111150867)
0(0.0, 0.21842977973704863)
0(0.0, 0.2179849574405926)
0(0.0, 0.2173580915888659)
0(0.0, 0.21729567964881674)
0(0.0, 0.21681612520791632)
0(0.0, 0.21663701518733436)
0(0.0, 0.21632801243006172)
0(0.0, 0.21555755704459625)
0(0.0, 0.2151784170447984)
0(0.0, 0.21512799047481104)
0(0.0, 0.21510769179500006)
0(0.0, 0.21468533243179985)
0(0.0, 0.21417388078044844)
0(0.0, 0.21398929187419413)
0(0.0, 0.21339152025635022)
0(0.0, 0.21255728130982388)
0(0.0, 0.21171568280861963)
0(0.0, 0.21154613876159767)
0(0.0, 0.2100935052953619)
0(0.0, 0.20922343079206404)
0(0.0, 0.2092233305657465)
0(0.0, 0.20919737697527968)
0(0.0, 0.20914968000437037)
0(0.0, 0.2091086900698961)
0(0.0, 0.20898927362953584)
0(0.0, 0.20888318721643614)
0(0.0, 0.2086622543331636)
0(0.0, 0.20739753743043038)
0(0.0, 0.20713576131410485)
0(0.0, 0.2069596013311083)
0(0.0, 0.2063670524944471)
0(0.0, 0.20539012897975967)
0(0.0, 0.20501338320202475)
0(0.0, 0.20491511317106323)
0(0.0, 0.20417300983556297)
0(0.0, 0.20339440494675334)
0(0.0, 0.203317805689143)
0(0.0, 0.20226121931289473)
0(0.0, 0.20202296268592795)
0(0.0, 0.20187584579289491)
0(0.0, 0.20187068135676842)
0(0.0, 0.20175465747549448)
0(0.0, 0.20154913848426348)
0(0.0, 0.20126371510852)
0(0.0, 0.20120610536242858)
0(0.0, 0.20063927646638172)
0(0.0, 0.20034704490546892)
0(0.0, 0.19949136923099037)
0(0.0, 0.1994444999837257)
0(0.0, 0.1986394610562886)
0(0.0, 0.19835671428229706)
0(0.0, 0.19815798919061628)
0(0.0, 0.19796496301234004)
0(0.0, 0.19767618780899404)
0(0.0, 0.19765576750505118)
0(0.0, 0.19765559906699148)
0(0.0, 0.19756598650234491)
0(0.0, 0.19738539921376905)
0(0.0, 0.19723609503728612)
0(0.0, 0.1971792291352776)
0(0.0, 0.19684350540507795)
0(0.0, 0.1959193521514824)
0(0.0, 0.19480214549679228)
0(0.0, 0.1947570563189507)
0(0.0, 0.1946057320607237)
0(0.0, 0.1945493640620973)
0(0.0, 0.1941807027240558)
0(0.0, 0.19380928519012633)
0(0.0, 0.19299148144242811)
0(0.0, 0.19271001707833457)
0(0.0, 0.19258588707976487)
0(0.0, 0.1921225541916261)
0(0.0, 0.19210762628202105)
0(0.0, 0.19196413726019293)
0(0.0, 0.19190630309606535)
0(0.0, 0.19183104539267562)
0(0.0, 0.19145448336439103)
0(0.0, 0.19109065762356123)
0(0.0, 0.1908820654625322)
0(0.0, 0.19083490569347236)
0(0.0, 0.19079566045639748)
0(0.0, 0.1905638785180792)
0(0.0, 0.18987806462483453)
0(0.0, 0.1897275543846734)
0(0.0, 0.18966290679349188)
0(0.0, 0.18956747887902278)
0(0.0, 0.1895656347987553)
0(0.0, 0.1893825868840538)
0(0.0, 0.18922922468946363)
0(0.0, 0.18891042470265193)
0(0.0, 0.18860714331092365)
0(0.0, 0.18857633193517406)
0(0.0, 0.18848406517690083)
0(0.0, 0.18816230813106155)
0(0.0, 0.18813971600187768)
0(0.0, 0.18809235269885766)
0(0.0, 0.1877064893260664)
0(0.0, 0.18768426855418055)
0(0.0, 0.18763952470938114)
0(0.0, 0.1874290902868056)
0(0.0, 0.18714088220090846)
0(0.0, 0.18684806051634353)
0(0.0, 0.18682755908388807)
0(0.0, 0.18669495867826782)
0(0.0, 0.1866088873726958)
0(0.0, 0.18591224418809643)
0(0.0, 0.18584988479591252)
0(0.0, 0.1858240141497741)
0(0.0, 0.1857759244390729)
0(0.0, 0.1856584059198256)
0(0.0, 0.1854596487330463)
0(0.0, 0.18532019183115578)
0(0.0, 0.18511920703330492)
0(0.0, 0.18484031289155234)
0(0.0, 0.1846467559085591)
0(0.0, 0.1843987771356403)
0(0.0, 0.18422933123866697)
0(0.0, 0.1841760516132424)
0(0.0, 0.18409228863802624)
0(0.0, 0.1836569402418616)
0(0.0, 0.18344318409352436)
0(0.0, 0.18327791386325637)
0(0.0, 0.1830545420201992)
0(0.0, 0.18304124186270088)
0(0.0, 0.18244916517155604)
0(0.0, 0.18185574371935834)
0(0.0, 0.1814370476862031)
0(0.0, 0.18139535992045772)
0(0.0, 0.18136794289666308)
0(0.0, 0.181297288562494)
0(0.0, 0.1810469912301361)
0(0.0, 0.18103907374165887)
0(0.0, 0.1801853299533637)
0(0.0, 0.1797465440834436)
0(0.0, 0.17974070469968523)
0(0.0, 0.179658845544146)
0(0.0, 0.17964415400070477)
0(0.0, 0.17964282450578803)
0(0.0, 0.17953423988213252)
0(0.0, 0.17906262801262232)
0(0.0, 0.1789118511600403)
0(0.0, 0.17823903433539115)
0(0.0, 0.1782109969974488)
0(0.0, 0.1781331700549191)
0(0.0, 0.17791110109622063)
0(0.0, 0.17756204663868555)
0(0.0, 0.1775606472679735)
0(0.0, 0.1773024998370364)
0(0.0, 0.17703372119531036)
0(0.0, 0.17699546467725497)
0(0.0, 0.17698085715013162)
0(0.0, 0.17509641689466132)
0(0.0, 0.17434626267841746)
0(0.0, 0.17425128802767856)
0(0.0, 0.1737584701008782)
0(0.0, 0.17368886572335276)
0(0.0, 0.17287288924971583)
0(0.0, 0.17216674332017382)
0(0.0, 0.17070982810482366)
0(0.0, 0.1685712271979899)
0(0.0, 0.16780217632245406)
0(0.0, 0.12005190143785928)
0(0.0, 0.10513632465305478)
0(0.0, 0.1036832407459712)
0(0.0, 0.1031545112709791)
0(0.0, 0.10277282852958744)
0(0.0, 0.1023699095149175)
0(0.0, 0.10167057491729496)
0(0.0, 0.09626803367516744)
0(0.0, 0.09474348712982528)
0(0.0, 0.09443294585224711)
0(0.0, 0.09436160284299723)
0(0.0, 0.09428916084348478)
0(0.0, 0.09410048668041833)
0(0.0, 0.0940475616866291)
0(0.0, 0.0925811047607645)
0(0.0, 0.09209618145300008)
0(0.0, 0.0914647635760812)
0(0.0, 0.09061670229626335)
0(0.0, 0.09061496785741745)
0(0.0, 0.09058043288990263)
0(0.0, 0.0903272734687831)
0(0.0, 0.09019330089642727)
0(0.0, 0.09008215629608761)
0(0.0, 0.08974750790065841)
0(0.0, 0.08849078170869354)
0(0.0, 0.08830161478796546)
0(0.0, 0.08826617850952889)
0(0.0, 0.0881746314851403)
0(0.0, 0.08804348175513844)
0(0.0, 0.0874227098394933)
0(0.0, 0.08687961516053246)
0(0.0, 0.08658078612672938)
0(0.0, 0.08647077208963914)
0(0.0, 0.08646265979196008)
0(0.0, 0.08632763795784267)
0(0.0, 0.08537735784697897)
0(0.0, 0.08522882405339144)
0(0.0, 0.08505652732713627)
0(0.0, 0.08500310840037967)
0(0.0, 0.08457409544689298)
0(0.0, 0.08457132698564171)
0(0.0, 0.08428788303789846)
0(0.0, 0.08410389043934756)
0(0.0, 0.08363576893606829)
0(0.0, 0.08360955852529893)
0(0.0, 0.0835628883104151)
0(0.0, 0.08353774843781114)
0(0.0, 0.08350455712716638)
0(0.0, 0.08346833276843958)
0(0.0, 0.08336605919761109)
0(0.0, 0.0831511569241776)
0(0.0, 0.08307661700422131)
0(0.0, 0.08299960018264901)
0(0.0, 0.08245005577259319)
0(0.0, 0.08233693953169226)
0(0.0, 0.08202102595489474)
0(0.0, 0.08200324876545725)
0(0.0, 0.08195594976290521)
0(0.0, 0.08192946589294449)
0(0.0, 0.08188184349669664)
0(0.0, 0.0815563363187341)
0(0.0, 0.08148231060608431)
0(0.0, 0.08115410135717864)
0(0.0, 0.08114681868845894)
0(0.0, 0.08090298398302212)
0(0.0, 0.0802377029092083)
0(0.0, 0.08016462061198303)
0(0.0, 0.08006949931363697)
0(0.0, 0.07985424948727185)
0(0.0, 0.0798087587763963)
0(0.0, 0.07919389055518998)
0(0.0, 0.07911581009082241)
0(0.0, 0.07895910678861356)
0(0.0, 0.07877345019533415)
0(0.0, 0.07858791469674432)
0(0.0, 0.0782920586665371)
0(0.0, 0.0782913976811802)
0(0.0, 0.0782316581128331)
0(0.0, 0.07820144537433418)
0(0.0, 0.07808962202789109)
0(0.0, 0.07777941527207441)
0(0.0, 0.07774958530054818)
0(0.0, 0.07754628074463306)
0(0.0, 0.07749555554883901)
0(0.0, 0.07731157438057869)
0(0.0, 0.07718506019736807)
0(0.0, 0.07706773765563567)
0(0.0, 0.07699358529896136)
0(0.0, 0.07691711470824657)
0(0.0, 0.07680556429018798)
0(0.0, 0.07667287486637914)
0(0.0, 0.07664719192926416)
0(0.0, 0.07650959274141056)
0(0.0, 0.07641355893624767)
0(0.0, 0.07629090061845031)
0(0.0, 0.07623882989586839)
0(0.0, 0.07613256222085801)
0(0.0, 0.07610402117655653)
0(0.0, 0.07601897781219735)
0(0.0, 0.07589503608895022)
0(0.0, 0.07580478563765167)
0(0.0, 0.07571401142857936)
0(0.0, 0.07558826844914047)
0(0.0, 0.07547458313830938)
0(0.0, 0.07541995694132847)
0(0.0, 0.07538841980950291)
0(0.0, 0.07535080504540101)
0(0.0, 0.07522717031955589)
0(0.0, 0.0747452705459427)
0(0.0, 0.07471545431202611)
0(0.0, 0.07436460932693437)
0(0.0, 0.07436389251854339)
0(0.0, 0.07428064977733857)
0(0.0, 0.07418621580977842)
0(0.0, 0.07412751853574888)
0(0.0, 0.07396092458591079)
0(0.0, 0.07392436121193692)
0(0.0, 0.07382396542144626)
0(0.0, 0.07374371500791527)
0(0.0, 0.07368577865054564)
0(0.0, 0.07359758258545085)
0(0.0, 0.07342464207552671)
0(0.0, 0.07340306486047235)
0(0.0, 0.07339686935195164)
0(0.0, 0.0732238167911334)
0(0.0, 0.07314219895981305)
0(0.0, 0.07312700848613848)
0(0.0, 0.07294922550235942)
0(0.0, 0.07267804488059715)
0(0.0, 0.07261201116350167)
0(0.0, 0.07242292485802145)
0(0.0, 0.07242220947863956)
0(0.0, 0.07215768265436036)
0(0.0, 0.07211327987677185)
0(0.0, 0.07199492317055724)
0(0.0, 0.07192441265077311)
0(0.0, 0.07189534539884887)
0(0.0, 0.0718765053568495)
0(0.0, 0.07184005643776317)
0(0.0, 0.0716414352074883)
0(0.0, 0.0715516646336329)
0(0.0, 0.07139336511084936)
0(0.0, 0.07138963264676157)
0(0.0, 0.07137841950533427)
0(0.0, 0.07128272171342688)
0(0.0, 0.07117188812966099)
0(0.0, 0.07089515332783446)
0(0.0, 0.07084628165568406)
0(0.0, 0.07068983952941874)
0(0.0, 0.07026262859449656)
0(0.0, 0.07014034635613707)
0(0.0, 0.0701311505353047)
0(0.0, 0.07008400172020889)
0(0.0, 0.0700661664287056)
0(0.0, 0.0700538383338486)
0(0.0, 0.06983169250160025)
0(0.0, 0.06980935627125874)
0(0.0, 0.0697821021003442)
0(0.0, 0.06974676454438748)
0(0.0, 0.0697378546178053)
0(0.0, 0.06964650225632935)
0(0.0, 0.06957260349857723)
0(0.0, 0.06952685640331784)
0(0.0, 0.0695160094500526)
0(0.0, 0.06908657267679304)
0(0.0, 0.06899303775886752)
0(0.0, 0.06898831389111366)
0(0.0, 0.06886755494747543)
0(0.0, 0.06881763020056493)
0(0.0, 0.06861479365281196)
0(0.0, 0.06841794067939544)
0(0.0, 0.06841486398012873)
0(0.0, 0.06829044249729917)
0(0.0, 0.06818386865816756)
0(0.0, 0.06815429712704278)
0(0.0, 0.06809657562533691)
0(0.0, 0.06784056882466057)
0(0.0, 0.06777729336570129)
0(0.0, 0.06719973256534478)
0(0.0, 0.06704281869667314)
0(0.0, 0.06693568064682477)
0(0.0, 0.06689489142331606)
0(0.0, 0.06675648611597616)
0(0.0, 0.06613637768447714)
0(0.0, 0.06613083213910058)
0(0.0, 0.06474105859935907)
0(0.0, 0.06416261943926492)
0(0.0, 0.0641565779506066)
0(0.0, 0.06311282390423265)
