1(0.7752136830669347, 0.7915268814748738)
1(0.6944847622347233, 0.70754426154847)
1(0.7219178335341672, 0.73072871393917)
1(0.824973289262789, 0.8336351052609482)
1(0.7070528368519442, 0.7153478096834553)
1(0.7094015401435743, 0.7148854275885709)
1(0.7298488386342306, 0.7346010751073896)
1(0.7355275128041795, 0.739788338825479)
1(0.6948827222658582, 0.6989306733877505)
1(0.7037916687843564, 0.7069508826922785)
1(0.6771466253978176, 0.6778893062722471)
1(0.7069585384394821, 0.70754426154847)
1(0.7839146279084362, 0.7842507506576378)
0(0.0, inf)
0(0.0, 2.5646628383337724)
0(0.0, 2.408284410604478)
0(0.0, 2.405850983171028)
0(0.0, 2.3412643759297804)
0(0.0, 2.320125539771354)
0(0.0, 2.298513279346045)
0(0.0, 2.2605739487265737)
0(0.0, 2.244728034715324)
0(0.0, 2.2194972380226328)
0(0.0, 2.2008354731854283)
0(0.0, 2.1830163003906224)
0(0.0, 2.180662037702861)
0(0.0, 2.134273624984023)
0(0.0, 2.1274811933742854)
0(0.0, 2.119791935916332)
0(0.0, 2.0927874945696145)
0(0.0, 2.0820439168010547)
0(0.0, 2.0819706184623636)
0(0.0, 2.0667517152982904)
0(0.0, 2.048667888118138)
0(0.0, 2.036712488487436)
0(0.0, 2.0317738063168345)
0(0.0, 2.022273176629424)
0(0.0, 2.0219550219501663)
0(0.0, 2.021314062935135)
0(0.0, 2.011695954647155)
0(0.0, 2.002722087144859)
0(0.0, 1.9967485329552788)
0(0.0, 1.995696264381511)
0(0.0, 1.9956832147871175)
0(0.0, 1.9908637142972316)
0(0.0, 1.9905624573334777)
0(0.0, 1.9849523345019806)
0(0.0, 1.9812293442301927)
0(0.0, 1.9803192113726469)
0(0.0, 1.9761741375425466)
0(0.0, 1.9753030634410627)
0(0.0, 1.9732206425629992)
0(0.0, 1.970707503004938)
0(0.0, 1.970375490357051)
0(0.0, 1.969759400847011)
0(0.0, 1.964747515330785)
0(0.0, 1.962156018877193)
0(0.0, 1.9566339815502138)
0(0.0, 1.9564591213113582)
0(0.0, 1.9511943015038955)
0(0.0, 1.9488547294759742)
0(0.0, 1.940228271867834)
0(0.0, 1.9361654072753818)
0(0.0, 1.9358053153366839)
0(0.0, 1.9355035296424665)
0(0.0, 1.9338577890960384)
0(0.0, 1.9268848747268918)
0(0.0, 1.920447690355264)
0(0.0, 1.9200143374000402)
0(0.0, 1.915243113344993)
0(0.0, 1.9130359554907843)
0(0.0, 1.905159322211981)
0(0.0, 1.9044843516804775)
0(0.0, 1.9044799043907592)
0(0.0, 1.9028188173399516)
0(0.0, 1.9002597642614654)
0(0.0, 1.8958302933341704)
0(0.0, 1.8858294114161551)
0(0.0, 1.885001943208106)
0(0.0, 1.8746967340037446)
0(0.0, 1.8727642487076137)
0(0.0, 1.8724957386936396)
0(0.0, 1.870902550297491)
0(0.0, 1.869599646105465)
0(0.0, 1.8685755773610297)
0(0.0, 1.8672385029707654)
0(0.0, 1.86249509547316)
0(0.0, 1.8607241513712465)
0(0.0, 1.8549365069642716)
0(0.0, 1.8539018505963263)
0(0.0, 1.8529195212040923)
0(0.0, 1.8517021951330135)
0(0.0, 1.8495255633311942)
0(0.0, 1.8435935401193337)
0(0.0, 1.8433691074739151)
0(0.0, 1.8399871684544125)
0(0.0, 1.8395470635066915)
0(0.0, 1.8369118876316624)
0(0.0, 1.8349379614759793)
0(0.0, 1.8346515472838716)
0(0.0, 1.8335316593477937)
0(0.0, 1.8328991133488945)
0(0.0, 1.831082882763459)
0(0.0, 1.826499695877235)
0(0.0, 1.8256971581991956)
0(0.0, 1.8240657167256182)
0(0.0, 1.822880270658838)
0(0.0, 1.8183696963995168)
0(0.0, 1.8179906910843997)
0(0.0, 1.8170152718883676)
0(0.0, 1.8138320201322675)
0(0.0, 1.8111251406467506)
0(0.0, 1.808940865595805)
0(0.0, 1.8085703014860435)
0(0.0, 1.8073561746419555)
0(0.0, 1.8070684106744113)
0(0.0, 1.8060725617262434)
0(0.0, 1.804716724651415)
0(0.0, 1.8027114337341805)
0(0.0, 1.800950716680397)
0(0.0, 1.7974958613316605)
0(0.0, 1.7913741146198197)
0(0.0, 1.7912972450568563)
0(0.0, 1.7883097968999064)
0(0.0, 1.788282536010679)
0(0.0, 1.7859702109394657)
0(0.0, 1.7854352905737492)
0(0.0, 1.7850621881149147)
0(0.0, 1.7827395718748027)
0(0.0, 1.782626883085751)
0(0.0, 1.7812649843865858)
0(0.0, 1.7801263239875191)
0(0.0, 1.7770070369523285)
0(0.0, 1.7764174374994943)
0(0.0, 1.7722223431057373)
0(0.0, 1.768069158092397)
0(0.0, 1.7678642312662838)
0(0.0, 1.76588027426981)
0(0.0, 1.7655024737073075)
0(0.0, 1.7642260091701643)
0(0.0, 1.7630837601066296)
0(0.0, 1.7615310000649302)
0(0.0, 1.7583898576951054)
0(0.0, 1.757324366285378)
0(0.0, 1.7501646593207596)
0(0.0, 1.744035636216197)
0(0.0, 1.7438459274057776)
0(0.0, 1.740250379208418)
0(0.0, 1.739563462047488)
0(0.0, 1.7358869579279346)
0(0.0, 1.7343739992258669)
0(0.0, 1.733908552056476)
0(0.0, 1.7295915588772623)
0(0.0, 1.7288236187350636)
0(0.0, 1.7279475361881422)
0(0.0, 1.7247637734924277)
0(0.0, 1.7206420792908643)
0(0.0, 1.7191225360976612)
0(0.0, 1.7186685822340442)
0(0.0, 1.7185780641574853)
0(0.0, 1.7093297920124428)
0(0.0, 1.7060121590535597)
0(0.0, 1.704960365470346)
0(0.0, 1.7037953853592653)
0(0.0, 1.7015071276736804)
0(0.0, 1.696100574750676)
0(0.0, 1.6951392578085414)
0(0.0, 1.6879460742346786)
0(0.0, 1.6847260526624956)
0(0.0, 1.6774986562709093)
0(0.0, 1.667778601358846)
0(0.0, 1.667515585525034)
0(0.0, 1.6664008387341571)
0(0.0, 1.6662789358996024)
0(0.0, 1.660494159374309)
0(0.0, 1.6560586341038896)
0(0.0, 1.6504114211121068)
0(0.0, 1.6501839962055336)
0(0.0, 1.646445849654015)
0(0.0, 1.645339032181962)
0(0.0, 1.6448205749407245)
0(0.0, 1.6346700398013758)
0(0.0, 1.6324507167107176)
0(0.0, 1.6282977332122683)
0(0.0, 1.6265299685620729)
0(0.0, 1.6235862538278567)
0(0.0, 1.6185189439096246)
0(0.0, 1.6152203549287036)
0(0.0, 1.614296746504162)
0(0.0, 1.6134670547843184)
0(0.0, 1.6113737053041584)
0(0.0, 1.6092029015300096)
0(0.0, 1.6086688079697198)
0(0.0, 1.6080350592463535)
0(0.0, 1.6063480304551885)
0(0.0, 1.6033581935127037)
0(0.0, 1.5995735178469486)
0(0.0, 1.5976635879871819)
0(0.0, 1.5950281078516162)
0(0.0, 1.5934641895333113)
0(0.0, 1.592010105175219)
0(0.0, 1.574788271226546)
0(0.0, 1.567473204371603)
0(0.0, 1.5664530741514535)
0(0.0, 1.5630333268809806)
0(0.0, 1.5613989887609347)
0(0.0, 1.5557665693042433)
0(0.0, 1.5556958150522406)
0(0.0, 1.5512905603543767)
0(0.0, 1.5497208363235584)
0(0.0, 1.5490696195010816)
0(0.0, 1.5477807093269245)
0(0.0, 1.538433366421236)
0(0.0, 1.5351399962429317)
0(0.0, 1.530170878373199)
0(0.0, 1.5252650626785542)
0(0.0, 1.5208284663015148)
0(0.0, 1.5207556456680624)
0(0.0, 1.5201820784289313)
0(0.0, 1.515383852286211)
0(0.0, 1.5129557193676946)
0(0.0, 1.5090598122045173)
0(0.0, 1.5079812948375828)
0(0.0, 1.5036831148490448)
0(0.0, 1.5022895547452118)
0(0.0, 1.5007816463940564)
0(0.0, 1.4989269015805118)
0(0.0, 1.496350181393612)
0(0.0, 1.486999539221624)
0(0.0, 1.475606967624931)
0(0.0, 1.4720609018683388)
0(0.0, 1.4696022477405557)
0(0.0, 1.4653307480171265)
0(0.0, 1.461452020804591)
0(0.0, 1.15183617389313)
0(0.0, 0.9963871136766862)
0(0.0, 0.9892907300869435)
0(0.0, 0.9790453533668195)
0(0.0, 0.9755145413340827)
0(0.0, 0.9497574199699362)
0(0.0, 0.9457080145559702)
0(0.0, 0.9120964517589818)
0(0.0, 0.9061140393355734)
0(0.0, 0.8905860249221693)
0(0.0, 0.8843978094567394)
0(0.0, 0.8822499359505043)
0(0.0, 0.8781491813938351)
0(0.0, 0.8778858351488315)
0(0.0, 0.876497867353836)
0(0.0, 0.8715139662038461)
0(0.0, 0.8705871923575739)
0(0.0, 0.8700534931686382)
0(0.0, 0.8666027612043599)
0(0.0, 0.865117666797314)
0(0.0, 0.8639983386436342)
0(0.0, 0.8619046179161852)
0(0.0, 0.859271547767613)
0(0.0, 0.8588743545790549)
0(0.0, 0.8580722077365327)
0(0.0, 0.8531221632634449)
0(0.0, 0.8524343753517202)
0(0.0, 0.8503181489279728)
0(0.0, 0.8498719515996014)
0(0.0, 0.8470481544750866)
0(0.0, 0.8460033991695786)
0(0.0, 0.8380178562398584)
0(0.0, 0.8362272999255246)
0(0.0, 0.835987065826697)
0(0.0, 0.8336856465627345)
0(0.0, 0.832243031296612)
0(0.0, 0.8312461888833064)
0(0.0, 0.8307642804210039)
0(0.0, 0.828724444619596)
0(0.0, 0.827267474851606)
0(0.0, 0.8256280922949707)
0(0.0, 0.824767320353027)
0(0.0, 0.8235916171987275)
0(0.0, 0.8231450803253296)
0(0.0, 0.8204750802135183)
0(0.0, 0.8196556737201074)
0(0.0, 0.8166776630862878)
0(0.0, 0.8147180928434437)
0(0.0, 0.8140884445008102)
0(0.0, 0.812221273993005)
0(0.0, 0.8116295804934633)
0(0.0, 0.8108062871029552)
0(0.0, 0.8081731771342662)
0(0.0, 0.8034513066985933)
0(0.0, 0.8019069316957977)
0(0.0, 0.7992895985682608)
0(0.0, 0.7984353743184126)
0(0.0, 0.7977391212019493)
0(0.0, 0.7973231190343034)
0(0.0, 0.7941005266793568)
0(0.0, 0.791694461007063)
0(0.0, 0.7894225562728789)
0(0.0, 0.7873842521842247)
0(0.0, 0.7867047675864974)
0(0.0, 0.7866535946308228)
0(0.0, 0.7848242737206748)
0(0.0, 0.783972238422024)
0(0.0, 0.78392219635004)
0(0.0, 0.7819854290981859)
0(0.0, 0.7806503681777509)
0(0.0, 0.780356108624505)
0(0.0, 0.7802687582499851)
0(0.0, 0.7790496182958845)
0(0.0, 0.776165224829761)
0(0.0, 0.7755746086530695)
0(0.0, 0.7747948338486822)
0(0.0, 0.7736487168301245)
0(0.0, 0.7735174354873042)
0(0.0, 0.7723521098880948)
0(0.0, 0.771843545984836)
0(0.0, 0.7717264823039819)
0(0.0, 0.7710718848066723)
0(0.0, 0.7693077874816872)
0(0.0, 0.7690410283886768)
0(0.0, 0.7683796089028634)
0(0.0, 0.7672064026668255)
0(0.0, 0.7669082963208604)
0(0.0, 0.7667201036220973)
0(0.0, 0.7663051498000234)
0(0.0, 0.7658330691765397)
0(0.0, 0.7649235782094984)
0(0.0, 0.7631514459335544)
0(0.0, 0.7623742033774413)
0(0.0, 0.7620254583700905)
0(0.0, 0.761852725758381)
0(0.0, 0.7618477582003992)
0(0.0, 0.7613433781523619)
0(0.0, 0.7607487906186674)
0(0.0, 0.759725005137061)
0(0.0, 0.7596099419867955)
0(0.0, 0.7589315690606404)
0(0.0, 0.7578634383959612)
0(0.0, 0.755880892739012)
0(0.0, 0.7555680405325184)
0(0.0, 0.7543402429541167)
0(0.0, 0.7538059911241988)
0(0.0, 0.7524990669700483)
0(0.0, 0.7518322567484067)
0(0.0, 0.7510736960252239)
0(0.0, 0.7509374044922216)
0(0.0, 0.750837053233827)
0(0.0, 0.7505869925891827)
0(0.0, 0.7503294916008569)
0(0.0, 0.7503040828102854)
0(0.0, 0.7493114963921443)
0(0.0, 0.7492212488708387)
0(0.0, 0.7470832685661062)
0(0.0, 0.7464725590995174)
0(0.0, 0.7460105745301178)
0(0.0, 0.7456505127650848)
0(0.0, 0.7452238318560116)
0(0.0, 0.7438095956553271)
0(0.0, 0.7437618629494215)
0(0.0, 0.7430765244279874)
0(0.0, 0.7410476617061075)
0(0.0, 0.74072579582523)
0(0.0, 0.7375020269330407)
0(0.0, 0.7354006078113858)
0(0.0, 0.7346171909972483)
0(0.0, 0.7345171866271955)
0(0.0, 0.7344509783128209)
0(0.0, 0.7342155166781108)
0(0.0, 0.7339671857485348)
0(0.0, 0.7336613679260592)
0(0.0, 0.7329483479794463)
0(0.0, 0.7325815533681934)
0(0.0, 0.7318552530521699)
0(0.0, 0.7316212286565846)
0(0.0, 0.7300717124098755)
0(0.0, 0.7291910298934116)
0(0.0, 0.7284086378944843)
0(0.0, 0.7276951064752054)
0(0.0, 0.7256386486918405)
0(0.0, 0.7250301234131055)
0(0.0, 0.7249890967107341)
0(0.0, 0.7239780074425346)
0(0.0, 0.7237638528154849)
0(0.0, 0.7231694235490331)
0(0.0, 0.7228992322760102)
0(0.0, 0.7228851560614906)
0(0.0, 0.7212152409587527)
0(0.0, 0.7210999187210191)
0(0.0, 0.719945997677664)
0(0.0, 0.7189043361343842)
0(0.0, 0.7185386499190489)
0(0.0, 0.7181284833261856)
0(0.0, 0.7173272439546001)
0(0.0, 0.7171973569779014)
0(0.0, 0.7162025484702395)
0(0.0, 0.7144784258775861)
0(0.0, 0.7128878202609676)
0(0.0, 0.7111314564029785)
0(0.0, 0.7104561827111036)
0(0.0, 0.7093059338994123)
0(0.0, 0.7078237475485566)
0(0.0, 0.7074190083417976)
0(0.0, 0.7063405850833362)
0(0.0, 0.7058322702137699)
0(0.0, 0.7044641490492133)
0(0.0, 0.7039019885413925)
0(0.0, 0.7028750702669564)
0(0.0, 0.7027623781879754)
0(0.0, 0.7025570147891651)
0(0.0, 0.7024032327740526)
0(0.0, 0.7019886969860256)
0(0.0, 0.7011961985746271)
0(0.0, 0.700426357180958)
0(0.0, 0.7000106273475429)
0(0.0, 0.6997230445139494)
0(0.0, 0.6971720469794037)
0(0.0, 0.6969860821405498)
0(0.0, 0.6924173158191117)
0(0.0, 0.692199228388394)
0(0.0, 0.6912777552016515)
0(0.0, 0.6898703278497269)
0(0.0, 0.6896574600630075)
0(0.0, 0.6878100728128679)
0(0.0, 0.6874467530547725)
0(0.0, 0.6863975365399517)
0(0.0, 0.6859833942676058)
0(0.0, 0.6853852013586041)
0(0.0, 0.6847432590548713)
0(0.0, 0.6844647079121681)
0(0.0, 0.6833634144515824)
0(0.0, 0.6791174453135957)
0(0.0, 0.6770436399640146)
0(0.0, 0.675268446329999)
0(0.0, 0.6747217407569387)
0(0.0, 0.6702326480706573)
0(0.0, 0.6670560057645927)
0(0.0, 0.6578477779837579)
0(0.0, 0.6490367154133262)
0(0.0, 0.6415019437816186)
0(0.0, 0.6197581975751085)
0(0.0, 0.6163173648394852)
0(0.0, 0.6147251441116198)
0(0.0, 0.6086706272281124)
0(0.0, 0.5899476385275287)
0(0.0, 0.586695272701513)
0(0.0, 0.5782568376804811)
0(0.0, 0.5719273900328642)
