1(4.086835823721927, 4.492400456284019)
1(3.489902823044173, 3.5363616750183904)
1(1.0326055212055398, 1.0536704450270464)
1(0.6854296215069777, 0.7054323241133238)
1(1.2197980810439712, 1.23913548239508)
1(1.0389498542103612, 1.056436684868378)
1(0.44877685667984224, 0.4635578801289862)
1(1.027886290181949, 1.042608742054408)
1(1.0258271295707735, 1.0403382757682285)
1(1.0284584753842023, 1.0404848921232972)
1(1.041145041950937, 1.052649148332381)
1(0.4172045550884488, 0.4283632869876071)
1(0.39035810948255173, 0.40037743202432297)
1(0.3799126767351767, 0.38985296760041266)
1(0.4006386260003368, 0.4101317031648712)
1(1.0479036787054132, 1.056947031626869)
1(1.3079663782109239, 1.3165773612090477)
1(0.442228042374747, 0.4503017868474679)
1(1.0328466755908492, 1.0401833253305206)
1(0.40357227864178186, 0.41077900027186165)
1(0.39377011126049705, 0.4003813841757151)
1(1.033664304131143, 1.0402666770552085)
1(0.4025991778248207, 0.4091810648583539)
1(0.42733189664596644, 0.4338363849833988)
1(1.0331650392962815, 1.0391367032405179)
1(0.4188264547034701, 0.4246511579339587)
1(0.41809363122745685, 0.42388823319161173)
1(1.0281805335778764, 1.033682718171282)
1(0.41096402052855713, 0.41607104242584114)
1(0.39338076355468404, 0.3983128381823898)
1(0.4151511164165747, 0.4198174535567401)
1(0.4697472724267049, 0.4743328638262677)
1(0.42456434940172677, 0.42881192644114263)
1(0.3942370026018073, 0.39839812082402287)
1(1.0635867890271602, 1.0677149707990647)
1(0.43256896139317796, 0.436536483009301)
1(0.39465980987824245, 0.3983128381823898)
1(0.4275002892256828, 0.43096352767953966)
1(0.42708542573129754, 0.42999629132905437)
1(0.42023998309920213, 0.4230041884730747)
1(0.3767261165838046, 0.37944226369044287)
1(0.42049050089833495, 0.42320050908119317)
1(0.4132445239095898, 0.41593106289116816)
1(1.028112402534913, 1.0306347720589837)
1(0.4396765662207427, 0.4421437955356479)
1(0.41173123210128726, 0.41409581677686835)
1(0.3930259877368848, 0.3953297554129358)
1(0.4297228665048793, 0.4320098680299136)
1(0.4117964070059311, 0.41405612161340716)
1(1.1347791387025143, 1.1370295331603137)
1(0.4214574832007669, 0.4236194232706371)
1(0.3823240418497454, 0.38444264277442713)
1(0.4031558409970814, 0.40525698457667997)
1(0.4199881182656193, 0.4219674688502224)
1(0.37391853312557877, 0.37583814151815187)
1(0.40699923991258474, 0.40883741857313355)
1(0.37461895659702166, 0.3762467210962129)
1(0.4000411934929051, 0.40163116054005155)
1(0.36675961242138594, 0.3679485966641406)
1(0.43086196762458423, 0.4320102043748657)
1(0.404472072352461, 0.40558966098100274)
1(0.4728574250031264, 0.47395679517982864)
1(0.4064004583551071, 0.4073977875966817)
1(0.46257968335798444, 0.4635578801289862)
1(0.41829815418617844, 0.4192501254622043)
1(0.40518514029790614, 0.4061231139810401)
1(0.40308671601260787, 0.40397546486137575)
1(0.39465688379187513, 0.3955241580440126)
1(0.42156582465478, 0.42241218495224553)
1(0.3942379114219305, 0.39505923238744295)
1(0.41760944753140117, 0.4183737943427)
1(0.40212745586966114, 0.4027637664428594)
1(0.42165509714854577, 0.4221066900778053)
1(0.40070037700444766, 0.4011312082563231)
1(0.44478488650563397, 0.4452138405741549)
1(0.4057774887064437, 0.4061231139810401)
1(0.44017565983875045, 0.44051098242942766)
1(0.7015168429053222, 0.7018191845283362)
1(0.46038466965203156, 0.4606553551729149)
1(0.4481391764659086, 0.44838471756664683)
1(0.4163110018590739, 0.41638949035567197)
1(0.4053255088445959, 0.4053972987145136)
1(1.1465064735973058, 1.1465456602840693)
0(0.0, inf)
0(0.0, 27.1502659128224)
0(0.0, 5.6399432500385265)
0(0.0, 4.017379887117572)
0(0.0, 3.4292048508280186)
0(0.0, 3.221773768330144)
0(0.0, 3.1579007727179422)
0(0.0, 2.870567835907129)
0(0.0, 2.7587727712620262)
0(0.0, 2.339799907391154)
0(0.0, 2.0173351292612627)
0(0.0, 2.0124539874087253)
0(0.0, 1.9595817042178596)
0(0.0, 1.6483506152764984)
0(0.0, 1.5928139540947372)
0(0.0, 1.5508526064761645)
0(0.0, 1.5396405788750578)
0(0.0, 1.5355801986476152)
0(0.0, 1.534526474352192)
0(0.0, 1.4741628166170009)
0(0.0, 1.4667869864941405)
0(0.0, 1.4144145144631526)
0(0.0, 1.4050754585087748)
0(0.0, 1.3984418918554282)
0(0.0, 1.3874483735107892)
0(0.0, 1.386256112990966)
0(0.0, 1.3817476712673373)
0(0.0, 1.3767200003149387)
0(0.0, 1.3742274132338421)
0(0.0, 1.3655503292536053)
0(0.0, 1.3648895652597277)
0(0.0, 1.3610094158398771)
0(0.0, 1.360642507903547)
0(0.0, 1.3473942341744896)
0(0.0, 1.3472787218353899)
0(0.0, 1.3471214853025533)
0(0.0, 1.3412235182595154)
0(0.0, 1.3273931081891917)
0(0.0, 1.327067641985895)
0(0.0, 1.326004206160899)
0(0.0, 1.3207366426125682)
0(0.0, 1.3116893611892693)
0(0.0, 1.310415912417345)
0(0.0, 1.308941355287681)
0(0.0, 1.3054503657651464)
0(0.0, 1.304917935303085)
0(0.0, 1.3027561417376021)
0(0.0, 1.2990407395892691)
0(0.0, 1.2978953465032874)
0(0.0, 1.29564544518073)
0(0.0, 1.2890276154279607)
0(0.0, 1.2884369459396592)
0(0.0, 1.285191867748534)
0(0.0, 1.283945942207861)
0(0.0, 1.283252624559993)
0(0.0, 1.2818399434844119)
0(0.0, 1.2746932324272544)
0(0.0, 1.2730339584158625)
0(0.0, 1.2719362684670943)
0(0.0, 1.2716236931507363)
0(0.0, 1.2672834048988018)
0(0.0, 1.2611304440902382)
0(0.0, 1.2608228663843741)
0(0.0, 1.2585676450925067)
0(0.0, 1.254213243501897)
0(0.0, 1.2500354990556326)
0(0.0, 1.243356029836858)
0(0.0, 1.2431932558716015)
0(0.0, 1.2428620699809612)
0(0.0, 1.2358517350538953)
0(0.0, 1.2352292799500462)
0(0.0, 1.2341816329387993)
0(0.0, 1.233997169336474)
0(0.0, 1.233311877538485)
0(0.0, 1.2313774371333026)
0(0.0, 1.2289403906777512)
0(0.0, 1.228504412665451)
0(0.0, 1.2205248309739405)
0(0.0, 1.2204446472582038)
0(0.0, 1.220084302035037)
0(0.0, 1.2181900510121657)
0(0.0, 1.218022519886065)
0(0.0, 1.2169789985886181)
0(0.0, 1.2162765080889817)
0(0.0, 1.2161676693013992)
0(0.0, 1.2151847443613197)
0(0.0, 1.2150302273030849)
0(0.0, 1.2118727027993235)
0(0.0, 1.2113767437587775)
0(0.0, 1.211053878948584)
0(0.0, 1.2103171495261378)
0(0.0, 1.2092967373207073)
0(0.0, 1.2075768478104971)
0(0.0, 1.2067079776839795)
0(0.0, 1.2052625529790313)
0(0.0, 1.2029341458499063)
0(0.0, 1.2022627109444244)
0(0.0, 1.2012318935514577)
0(0.0, 1.2003701520112844)
0(0.0, 1.1981270197894813)
0(0.0, 1.196810917571412)
0(0.0, 1.196607331773034)
0(0.0, 1.191882535363725)
0(0.0, 1.1918217067948875)
0(0.0, 1.1918130588727085)
0(0.0, 1.1914581692565471)
0(0.0, 1.1914476769073585)
0(0.0, 1.191312782262172)
0(0.0, 1.1869358659431164)
0(0.0, 1.1867940722986514)
0(0.0, 1.184526683960469)
0(0.0, 1.1844283980094366)
0(0.0, 1.1803060552999975)
0(0.0, 1.1801888509631402)
0(0.0, 1.1782118770845258)
0(0.0, 1.1779788064213044)
0(0.0, 1.1742829453720531)
0(0.0, 1.1727770796203436)
0(0.0, 1.172751904431008)
0(0.0, 1.1718379332563298)
0(0.0, 1.1693382316693992)
0(0.0, 1.1676234178227158)
0(0.0, 1.1662275563642732)
0(0.0, 1.164292505751008)
0(0.0, 1.1634336993106038)
0(0.0, 1.1591297098024145)
0(0.0, 1.157293088523062)
0(0.0, 1.1560925934272883)
0(0.0, 1.154766668222028)
0(0.0, 1.1547590787151953)
0(0.0, 1.1515964670831933)
0(0.0, 1.149453870414651)
0(0.0, 1.1492480333687882)
0(0.0, 1.1485739680324993)
0(0.0, 1.1470079299597582)
0(0.0, 1.145581428203296)
0(0.0, 1.1454553409456054)
0(0.0, 1.1442915383229815)
0(0.0, 1.1442788675027022)
0(0.0, 1.1406762406589614)
0(0.0, 1.1389043611947822)
0(0.0, 1.1382676964887775)
0(0.0, 1.1372607499955305)
0(0.0, 1.1371219423034318)
0(0.0, 1.1370854337742535)
0(0.0, 1.1353280918442807)
0(0.0, 1.135160234796282)
0(0.0, 1.1348527010264102)
0(0.0, 1.1348323517941816)
0(0.0, 1.1346450366190295)
0(0.0, 1.1345981616250647)
0(0.0, 1.1343526161393456)
0(0.0, 1.1343338674436512)
0(0.0, 1.131705783172846)
0(0.0, 1.1315741892484914)
0(0.0, 1.1299053444765954)
0(0.0, 1.1296406332073243)
0(0.0, 1.1271276859224777)
0(0.0, 1.1264037245871243)
0(0.0, 1.1248818923974557)
0(0.0, 1.1222389765686154)
0(0.0, 1.1194399156361725)
0(0.0, 1.1169480391635178)
0(0.0, 1.1147251805607437)
0(0.0, 1.1139229692318247)
0(0.0, 1.111986583784503)
0(0.0, 1.1117440788705273)
0(0.0, 1.1094146842642594)
0(0.0, 1.1079565281800006)
0(0.0, 1.107896516251566)
0(0.0, 1.106009032830046)
0(0.0, 1.1027396008296886)
0(0.0, 1.1005017889421194)
0(0.0, 1.0991191704077112)
0(0.0, 1.0986166235640813)
0(0.0, 1.0958953273265728)
0(0.0, 1.0941997106976078)
0(0.0, 1.0937295946648935)
0(0.0, 1.0934450001724623)
0(0.0, 1.0932700099292034)
0(0.0, 1.0878737769963844)
0(0.0, 1.085805450106572)
0(0.0, 1.0834126032467473)
0(0.0, 1.0821598059970574)
0(0.0, 1.0816242027656544)
0(0.0, 1.07754374183828)
0(0.0, 1.0770948846507509)
0(0.0, 1.0763173199355283)
0(0.0, 1.0757970681540705)
0(0.0, 1.0756588496256387)
0(0.0, 1.0692302925137964)
0(0.0, 1.0687868292576628)
0(0.0, 1.06512149785996)
0(0.0, 1.0640058732352358)
0(0.0, 1.063206709192944)
0(0.0, 1.059965184881642)
0(0.0, 1.059900802071893)
0(0.0, 1.0588340535051548)
0(0.0, 1.0580310186690545)
0(0.0, 1.0566215537018484)
0(0.0, 1.0550421376854946)
0(0.0, 1.048380908760515)
0(0.0, 1.041189986311478)
0(0.0, 1.0389510201073147)
0(0.0, 1.0387019200136913)
0(0.0, 1.037471847541713)
0(0.0, 1.035103253499307)
0(0.0, 1.0314770099725428)
0(0.0, 1.031227314209466)
0(0.0, 1.0282143834273072)
0(0.0, 1.026252389303258)
0(0.0, 1.0245374026963936)
0(0.0, 1.0241120402639214)
0(0.0, 1.0225693966227154)
0(0.0, 1.0220547734716556)
0(0.0, 1.019921194635819)
0(0.0, 1.019458966839662)
0(0.0, 1.01848372506568)
0(0.0, 1.014473536913165)
0(0.0, 1.0124454344212912)
0(0.0, 1.0063193956380836)
0(0.0, 1.0061080433854175)
0(0.0, 0.9995300324210643)
0(0.0, 0.9725395555875974)
0(0.0, 0.8945683447714845)
0(0.0, 0.7680283261983197)
0(0.0, 0.6989189744387588)
0(0.0, 0.6926799389568145)
0(0.0, 0.6903756658835195)
0(0.0, 0.677588597101064)
0(0.0, 0.6758959899902388)
0(0.0, 0.6495999143340494)
0(0.0, 0.6333771827550277)
0(0.0, 0.6079411236883301)
0(0.0, 0.5886374264885855)
0(0.0, 0.5832411782863308)
0(0.0, 0.5807517297604041)
0(0.0, 0.5743371610016145)
0(0.0, 0.5701905177736634)
0(0.0, 0.5575562987553463)
0(0.0, 0.5516694585395282)
0(0.0, 0.539984806153751)
0(0.0, 0.5249670171807201)
0(0.0, 0.524092839764519)
0(0.0, 0.5238342289329236)
0(0.0, 0.5227043324234679)
0(0.0, 0.504814822175064)
0(0.0, 0.49993296223367234)
0(0.0, 0.49638401398443466)
0(0.0, 0.49615434947512116)
0(0.0, 0.49587352844596644)
0(0.0, 0.4953130264316229)
0(0.0, 0.4911061792297552)
0(0.0, 0.4906240008550497)
0(0.0, 0.4867521582613305)
0(0.0, 0.4862575134195365)
0(0.0, 0.48179282435216153)
0(0.0, 0.47995577613355406)
0(0.0, 0.47899389619358734)
0(0.0, 0.4752984530246778)
0(0.0, 0.46897690545385234)
0(0.0, 0.46829449003440976)
0(0.0, 0.4679208731577584)
0(0.0, 0.4667269225450023)
0(0.0, 0.46551050693394236)
0(0.0, 0.46273491337709144)
0(0.0, 0.4623720159228783)
0(0.0, 0.4611175230454661)
0(0.0, 0.4595258560626566)
0(0.0, 0.4587899902743457)
0(0.0, 0.4583580709494956)
0(0.0, 0.45672876566577764)
0(0.0, 0.45633566772134765)
0(0.0, 0.45621223756674156)
0(0.0, 0.4560381912092762)
0(0.0, 0.4551020839076157)
0(0.0, 0.4545989646405474)
0(0.0, 0.4544281198555919)
0(0.0, 0.454054981559085)
0(0.0, 0.45380551268223307)
0(0.0, 0.45061411909905374)
0(0.0, 0.4502367636498155)
0(0.0, 0.44939324940495096)
0(0.0, 0.44875962339699604)
0(0.0, 0.44814674357724454)
0(0.0, 0.44562367486231047)
0(0.0, 0.44553158826743433)
0(0.0, 0.4445581713775445)
0(0.0, 0.4445101150493904)
0(0.0, 0.44441702539431455)
0(0.0, 0.443929772048424)
0(0.0, 0.4428754033315173)
0(0.0, 0.4422047939759373)
0(0.0, 0.44204515855748155)
0(0.0, 0.44181714771714653)
0(0.0, 0.43809484013607425)
0(0.0, 0.4380585577747807)
0(0.0, 0.43742414319418815)
0(0.0, 0.4370951360124063)
0(0.0, 0.4365561138336896)
0(0.0, 0.4356753496792858)
0(0.0, 0.43555204467029573)
0(0.0, 0.43528423475877387)
0(0.0, 0.4351915897695302)
0(0.0, 0.4351884971653338)
0(0.0, 0.43232151718632544)
0(0.0, 0.43168398375692113)
0(0.0, 0.4316170256066689)
0(0.0, 0.43134454661902716)
0(0.0, 0.4311368352132338)
0(0.0, 0.4309700873055425)
0(0.0, 0.4303177111030481)
0(0.0, 0.4301248660057987)
0(0.0, 0.42976516437678214)
0(0.0, 0.42962437878181753)
0(0.0, 0.4288264505643618)
0(0.0, 0.4279678509706938)
0(0.0, 0.4279612712551737)
0(0.0, 0.4279379399027082)
0(0.0, 0.4278196934927671)
0(0.0, 0.4266410728638334)
0(0.0, 0.4260748898998374)
0(0.0, 0.4259440006853258)
0(0.0, 0.4256455198765077)
0(0.0, 0.42491024227587154)
0(0.0, 0.4247808475118907)
0(0.0, 0.4247767742538769)
0(0.0, 0.4247180549703086)
0(0.0, 0.4246983481208026)
0(0.0, 0.424335885929891)
0(0.0, 0.4243025447356528)
0(0.0, 0.424284618804904)
0(0.0, 0.4237812274098854)
0(0.0, 0.4234557985879284)
0(0.0, 0.42257736606199836)
0(0.0, 0.42067064624863515)
0(0.0, 0.4206510576027908)
0(0.0, 0.42016667504427)
0(0.0, 0.41941373549970484)
0(0.0, 0.41801423172384367)
0(0.0, 0.4166614347311993)
0(0.0, 0.41505464733194936)
0(0.0, 0.4146684760845865)
0(0.0, 0.41408745856292567)
0(0.0, 0.4140150761067137)
0(0.0, 0.4137237317592752)
0(0.0, 0.413444206047091)
0(0.0, 0.4130393572590661)
0(0.0, 0.4128317004266324)
0(0.0, 0.4122645955108343)
0(0.0, 0.41093123373540297)
0(0.0, 0.41067235167570987)
0(0.0, 0.4106631667583494)
0(0.0, 0.41005909593385864)
0(0.0, 0.4096611255740959)
0(0.0, 0.4095230458513499)
0(0.0, 0.4093417051562005)
0(0.0, 0.40929105886459716)
0(0.0, 0.40887597625271177)
0(0.0, 0.40862931443592865)
0(0.0, 0.4083887968722034)
0(0.0, 0.4082817476673306)
0(0.0, 0.4079412112895585)
0(0.0, 0.4073544005360319)
0(0.0, 0.4071714732369657)
0(0.0, 0.4071121289163326)
0(0.0, 0.4070176131901165)
0(0.0, 0.40681899316188264)
0(0.0, 0.4066493016511742)
0(0.0, 0.40656741726362755)
0(0.0, 0.4056774876839378)
0(0.0, 0.4050939919790087)
0(0.0, 0.405020790439263)
0(0.0, 0.4046047820558406)
0(0.0, 0.40460411124559037)
0(0.0, 0.4037963752271101)
0(0.0, 0.40325769435720327)
0(0.0, 0.4026696708871805)
0(0.0, 0.4025640451482675)
0(0.0, 0.4025497412629986)
0(0.0, 0.4025039776027132)
0(0.0, 0.40207406115576183)
0(0.0, 0.40119754877603897)
0(0.0, 0.40051290898451114)
0(0.0, 0.40001701485439506)
0(0.0, 0.39975671703870896)
0(0.0, 0.39945033329987367)
0(0.0, 0.39942974334884657)
0(0.0, 0.39917270437040386)
0(0.0, 0.39868674029184326)
0(0.0, 0.39855304894848637)
0(0.0, 0.3974174723236042)
0(0.0, 0.39740681214944884)
0(0.0, 0.39631665578594794)
0(0.0, 0.39504891798625097)
0(0.0, 0.3948812180164426)
0(0.0, 0.3940126577459183)
0(0.0, 0.3930578079626953)
0(0.0, 0.39288113818479203)
0(0.0, 0.3914160879724038)
0(0.0, 0.39044632568471943)
0(0.0, 0.39018700621550534)
0(0.0, 0.38889439456299685)
0(0.0, 0.38886949453388364)
0(0.0, 0.38771190878402156)
0(0.0, 0.3875529970412973)
0(0.0, 0.38737996702768057)
0(0.0, 0.3866141750311222)
0(0.0, 0.3864985448622588)
0(0.0, 0.38649854437950615)
0(0.0, 0.3856567226358217)
0(0.0, 0.3846321751611677)
0(0.0, 0.3839229979968084)
0(0.0, 0.38372379503079873)
0(0.0, 0.38347306947040416)
0(0.0, 0.38344110886304617)
0(0.0, 0.38186816132123663)
0(0.0, 0.38169391578771167)
0(0.0, 0.37949986408613406)
0(0.0, 0.3765992228318885)
0(0.0, 0.3761694157869089)
0(0.0, 0.374081804689413)
0(0.0, 0.3737589175069029)
0(0.0, 0.37254236446279637)
0(0.0, 0.3703945664475295)
0(0.0, 0.3685595126703568)
0(0.0, 0.36799204391028756)
0(0.0, 0.3666699545833164)
0(0.0, 0.3657876472483578)
0(0.0, 0.3649820153585269)
0(0.0, 0.3643556534729614)
0(0.0, 0.3559025315897631)
