1(0.5550859175504081, 0.5685987140301769)
1(0.3092022734433294, 0.32207778447020186)
1(0.3088725709477623, 0.32134464263588264)
1(0.34419385814632986, 0.35582362615037677)
1(0.22002791288777224, 0.23139182610495224)
1(0.27416110685505635, 0.2850293154591785)
1(0.3302406992069202, 0.3408185931496017)
1(0.20056269805532426, 0.21075250316388733)
1(0.2666484005164523, 0.2760695877749355)
1(0.3177051897250078, 0.3266029207722952)
1(0.1126621430609574, 0.12149934450951762)
1(0.41184830186302823, 0.4203164768382067)
1(0.3132485166628755, 0.32164467011247017)
1(0.22506091486931293, 0.23326230605595097)
1(0.2534897535923273, 0.2615322783697965)
1(0.2547985482937342, 0.2625596756262745)
1(0.3050142470708708, 0.312452613250649)
1(0.11400528213763131, 0.12142628032329995)
1(0.28173541806897795, 0.2889642994710652)
1(0.3196319227157793, 0.32645154076855987)
1(0.19532253243284223, 0.201989580812711)
1(0.11579325455890281, 0.12235136005789175)
1(0.11587076456667035, 0.12236276867548669)
1(0.2514408141956567, 0.25778497154511104)
1(0.2758632979168083, 0.2819546683678084)
1(0.24934957739563754, 0.25543424179498747)
1(0.22555972460029022, 0.2315331165057605)
1(0.12591325287872995, 0.13184918901985554)
1(0.2217540757745501, 0.2276729981858994)
1(0.2904767320440679, 0.29632780768301464)
1(0.3599539654348769, 0.36575385463342663)
1(0.2923746405189885, 0.2981478639465318)
1(0.10965777249357357, 0.11541592105132926)
1(0.22238108338501197, 0.22809517158841083)
1(0.11051130555760745, 0.11611201152689235)
1(0.29611030909425007, 0.30144109157478044)
1(0.13978131435295918, 0.14500091564007486)
1(0.1183515348811271, 0.12353879816091254)
1(0.3356400940181076, 0.3408185931496017)
1(0.11854638551351497, 0.12361163693406804)
1(0.2839169643509868, 0.28892283662648627)
1(0.11024867016092672, 0.11525022461058335)
1(0.12019944228210938, 0.1251937536290335)
1(0.22470140739171363, 0.2294621368658031)
1(0.18434367652253467, 0.18899073048885637)
1(0.11320849751582678, 0.1177209194119209)
1(0.2903209544397764, 0.29479749300694286)
1(0.2803725878844653, 0.28479971095824663)
1(0.13387262747924725, 0.1382959513606675)
1(0.15142743463329505, 0.1557774344514089)
1(0.15241300037919878, 0.1567620714466853)
1(0.21993468869544835, 0.22426149582312502)
1(0.2656260131249631, 0.2699473782780475)
1(0.2247921212000301, 0.22909006203119112)
1(0.23379851154817002, 0.23807721100394708)
1(0.20867585397022365, 0.21292714835740698)
1(0.13969519160708047, 0.14386586869743057)
1(0.12832353696555485, 0.1324848871602286)
1(0.2973088391132171, 0.30144109157478044)
1(0.1962785749609989, 0.20040137136322078)
1(0.1152862064937954, 0.11940545599978986)
1(0.2974766264757286, 0.3014893323685559)
1(0.11683454689124226, 0.12072691330214438)
1(0.27609908315519, 0.27995294370333107)
1(0.1181077619154876, 0.12186123928057954)
1(0.12745593176860479, 0.13109017175432228)
1(0.11724203135063431, 0.12086365716352972)
1(0.11613622143429514, 0.11974907369258517)
1(0.3009221292784225, 0.3045179327136337)
1(0.11534534077843882, 0.11892397515194751)
1(0.11185965886963417, 0.11541592105132926)
1(0.32463771889364623, 0.32817222690721204)
1(0.27438694223771204, 0.2779035750751229)
1(0.14467099670833514, 0.1481636744400575)
1(0.14557475416256005, 0.1489553060079243)
1(0.1155936962537109, 0.1189651331702056)
1(0.12268493022865933, 0.12599414885303203)
1(0.2665700287319215, 0.2698149615284446)
1(0.20296868324178272, 0.20618791288006474)
1(0.12080599227856083, 0.12400954352149668)
1(0.13130553697250688, 0.13440969728893923)
1(0.1532601319762104, 0.15635082393102614)
1(0.20151860571763927, 0.2045825962720344)
1(0.11717617078901167, 0.1202209571068789)
1(0.24061137532045665, 0.24358672275724125)
1(0.15203148109302317, 0.15500461861876672)
1(0.12886189930523284, 0.13181875799373574)
1(0.22679367029134917, 0.2297289326804984)
1(0.2502676071835088, 0.2531951165322103)
1(0.11652076210097756, 0.11941971124351795)
1(0.11013933236502685, 0.11294262195330891)
1(0.1152249726626906, 0.11801796016952525)
1(0.12588105587278237, 0.1286060839166718)
1(0.24608122699967006, 0.2487314004320842)
1(0.11594188346851451, 0.11851095040504454)
1(0.1438105293194765, 0.14637431795846387)
1(0.15403064721079965, 0.15656057341440668)
1(0.22724304978283108, 0.22972689116263095)
1(0.2611253906499871, 0.2635903369763872)
1(0.23288506578548385, 0.23534546380836457)
1(0.29084170493747774, 0.293278493233125)
1(0.2583237599853769, 0.26076042968018975)
1(0.2927369855578646, 0.29511407231692605)
1(0.11793378088944288, 0.1203058216207058)
1(0.13936464059467088, 0.1416920581738905)
1(0.1333295975782967, 0.1356181964104269)
1(0.11094469996266036, 0.11323069034616139)
1(0.15428288053419975, 0.15656057341440668)
1(0.18537132497020392, 0.1876320660513868)
1(0.26772482229023686, 0.2699473782780475)
1(0.12159894253622706, 0.1238177923834565)
1(0.13536987356197672, 0.1375723031615934)
1(0.11614131401444269, 0.11834303789721429)
1(0.20401864718149673, 0.20616457001474792)
1(0.11376275038361766, 0.11588375372516845)
1(0.2911862962927314, 0.2932945735312523)
1(0.22018836910045247, 0.22221279038966185)
1(0.26600877191255357, 0.26799053986777616)
1(0.12820331797808796, 0.13018012268227072)
1(0.25620693539098816, 0.25811038015906934)
1(0.21206648748742346, 0.21393217776546397)
1(0.12691245030308887, 0.1287054623335019)
1(0.13160741499126682, 0.13338226375826542)
1(0.1558825852546145, 0.15764590488212013)
1(0.3180849640268967, 0.31975028644410636)
1(0.11933234715439145, 0.12098784863028864)
1(0.12870594326036686, 0.13030725632517287)
1(0.1370314323027475, 0.13852961493107635)
1(0.25629491276801614, 0.25778497154511104)
1(0.24127986324949613, 0.24274767433413436)
1(0.11132453569287226, 0.11279123916370126)
1(0.3164682067377863, 0.31790451852877016)
1(0.11388426411440354, 0.11531730235140475)
1(0.11764888659428738, 0.1190667376166145)
1(0.32843739633966806, 0.3298260047605724)
1(0.11473889755781691, 0.11607606599035077)
1(0.11180369964179462, 0.11313733695236002)
1(0.12931410334956922, 0.13062789333853864)
1(0.11795960710740339, 0.11926868812817086)
1(0.11828888002784801, 0.11958574104444275)
1(0.13952835148691883, 0.14081457448450663)
1(0.11202587463894706, 0.11331000378227536)
1(0.11825069048172811, 0.11945788267867952)
1(0.11565065910882473, 0.11685308363577956)
1(0.13756329918043625, 0.13876428585907058)
1(0.12990056687541776, 0.13108311060109717)
1(0.1119678561079088, 0.11313733695236002)
1(0.13204757828325772, 0.13312133940471033)
1(0.15394779304629938, 0.1550036862863978)
1(0.2974193717520822, 0.29846810590149014)
1(0.14973391587537982, 0.15077642025013466)
1(0.31161430664990125, 0.31264506781579693)
1(0.1488289496236266, 0.14985584966512355)
1(0.13767768219506216, 0.13868211997604077)
1(0.14829855977578935, 0.14928736051498925)
1(0.12025392043615596, 0.12122927295219921)
1(0.12214943353926518, 0.12311936173878305)
1(0.29084015832079035, 0.2918093827994365)
1(0.11208651565227412, 0.11304373699427885)
1(0.11821573587288366, 0.11912813425607491)
1(0.13615140128519723, 0.13702714838973892)
1(0.13515214468292472, 0.13602595837076348)
1(0.32175125447500297, 0.3226006884643817)
1(0.22524587962684195, 0.22608077624885228)
1(0.1399141605786754, 0.1407238015467941)
1(0.13292383705998373, 0.13372107209534775)
1(0.15028992088860468, 0.15108493522316765)
1(0.13537365691730394, 0.13616616584215654)
1(0.30163735831165067, 0.3023938567524039)
1(0.3218308070184403, 0.32256833005479274)
1(0.15763482522750671, 0.1583687184244961)
1(0.13494396519978752, 0.1356181964104269)
1(0.11719796692865661, 0.11781314337874012)
1(0.1408741501307892, 0.14146142062705436)
1(0.11937689746407897, 0.1199130353250403)
1(0.1439063355156913, 0.14443880882737178)
1(0.2927510652029632, 0.293278493233125)
1(0.13524643608892828, 0.13576258851346493)
1(0.2315662429187663, 0.2320627198116829)
1(0.140634311315907, 0.14110276693105303)
1(0.12461167907641153, 0.12507754683635927)
1(0.28631521241562263, 0.2867334864529392)
1(0.13712742032050051, 0.13751863896075256)
1(0.11893547007160608, 0.11932145261979935)
1(0.12375567085651584, 0.1241090755736678)
1(0.13931629439405482, 0.13966589302572974)
1(0.11719590863698581, 0.11750023643192657)
1(0.11668732575273037, 0.11693126763980412)
1(0.11564394555726082, 0.11588375372516845)
1(0.12906885682013242, 0.12927060581897667)
1(0.29239484078647743, 0.29255839042054016)
1(0.12627149745241611, 0.12641084406167105)
1(0.3139322670876805, 0.3140624610740403)
1(0.3130166740868553, 0.3130812699233486)
1(0.1517256999035236, 0.15178039365473991)
1(0.11927909917032065, 0.11930756147490078)
1(0.11736772360594976, 0.11739564785795752)
1(0.13292105953575709, 0.13293227996425724)
1(0.14809611093874311, 0.1481066321887603)
1(0.24187383997210926, 0.2418760437060907)
0(0.0, inf)
0(0.0, 0.5613831106939152)
0(0.0, 0.5256093636460117)
0(0.0, 0.49560066315597145)
0(0.0, 0.44344105868538203)
0(0.0, 0.41272390638109135)
0(0.0, 0.4098165740544615)
0(0.0, 0.40857154910063154)
0(0.0, 0.38167509257922116)
0(0.0, 0.36505600269707394)
0(0.0, 0.3593220732712877)
0(0.0, 0.3528478626313022)
0(0.0, 0.351424265554294)
0(0.0, 0.34924531587766494)
0(0.0, 0.34882729065789575)
0(0.0, 0.3474282384760705)
0(0.0, 0.3468301532739612)
0(0.0, 0.34398878220097334)
0(0.0, 0.34387209619648273)
0(0.0, 0.33970995350373434)
0(0.0, 0.3385986900367031)
0(0.0, 0.3374591998469173)
0(0.0, 0.33558031089947404)
0(0.0, 0.33297285147632566)
0(0.0, 0.33048842515074517)
0(0.0, 0.3289233853708954)
0(0.0, 0.3266344056214781)
0(0.0, 0.32345384498901963)
0(0.0, 0.322282454127465)
0(0.0, 0.319199630611328)
0(0.0, 0.31840501152279066)
0(0.0, 0.31821773566483624)
0(0.0, 0.3180723731669028)
0(0.0, 0.31721006147187797)
0(0.0, 0.315412666703145)
0(0.0, 0.3150496778608272)
0(0.0, 0.31317073773400733)
0(0.0, 0.31280899392523065)
0(0.0, 0.3121889987439467)
0(0.0, 0.3116263898103467)
0(0.0, 0.31126573798736723)
0(0.0, 0.3109755081747165)
0(0.0, 0.31096806303863456)
0(0.0, 0.31032289302627014)
0(0.0, 0.30847577167330315)
0(0.0, 0.30789801660742283)
0(0.0, 0.3069271223828865)
0(0.0, 0.30684063510036663)
0(0.0, 0.30536539913506044)
0(0.0, 0.3037877887741252)
0(0.0, 0.3025493011285369)
0(0.0, 0.3023069852246243)
0(0.0, 0.3016639248226661)
0(0.0, 0.3009625909255089)
0(0.0, 0.3003957930398811)
0(0.0, 0.29876945141421324)
0(0.0, 0.29836640481205473)
0(0.0, 0.29675089670126664)
0(0.0, 0.294497218137373)
0(0.0, 0.29350964376456334)
0(0.0, 0.2927099719895008)
0(0.0, 0.2927051085192833)
0(0.0, 0.29023365993028183)
0(0.0, 0.2899434241536689)
0(0.0, 0.289887587351888)
0(0.0, 0.28882972953821023)
0(0.0, 0.28873473696206003)
0(0.0, 0.2875634191863324)
0(0.0, 0.2873589974094717)
0(0.0, 0.2870672697148948)
0(0.0, 0.2864312658875448)
0(0.0, 0.2864196402181174)
0(0.0, 0.28517712626336916)
0(0.0, 0.28330608275241576)
0(0.0, 0.28289453772499745)
0(0.0, 0.2824895175435074)
0(0.0, 0.2822639724533861)
0(0.0, 0.28217297528069557)
0(0.0, 0.2816700728870766)
0(0.0, 0.2813712643071005)
0(0.0, 0.28112058392961564)
0(0.0, 0.2810239471844479)
0(0.0, 0.28081013491637374)
0(0.0, 0.2804020951773643)
0(0.0, 0.2802792088059898)
0(0.0, 0.27984957398654037)
0(0.0, 0.2769450229937465)
0(0.0, 0.27520674060516376)
0(0.0, 0.2726573831481407)
0(0.0, 0.27155794993899707)
0(0.0, 0.27139329478514024)
0(0.0, 0.27116835752652935)
0(0.0, 0.2693286847571103)
0(0.0, 0.2691466744053655)
0(0.0, 0.26889046276432826)
0(0.0, 0.26881581564795437)
0(0.0, 0.26857538795271496)
0(0.0, 0.26842353141502473)
0(0.0, 0.26698394109445667)
0(0.0, 0.2662615262995657)
0(0.0, 0.2645716463170101)
0(0.0, 0.26212894476149423)
0(0.0, 0.2615427477011477)
0(0.0, 0.2612095822821627)
0(0.0, 0.25880806033333276)
0(0.0, 0.25809130749392006)
0(0.0, 0.25796009103291323)
0(0.0, 0.2578106235938935)
0(0.0, 0.25773432881312314)
0(0.0, 0.25726080870389156)
0(0.0, 0.2545882879148643)
0(0.0, 0.25430989299895596)
0(0.0, 0.2540082071049618)
0(0.0, 0.25328617448721835)
0(0.0, 0.2532217470188027)
0(0.0, 0.2519607501454829)
0(0.0, 0.25125371637657884)
0(0.0, 0.2502950903573589)
0(0.0, 0.2495905387928302)
0(0.0, 0.2492732836294023)
0(0.0, 0.24884141959940012)
0(0.0, 0.24869618298732019)
0(0.0, 0.24699678497582725)
0(0.0, 0.2465771454646315)
0(0.0, 0.2460552722059389)
0(0.0, 0.24577494773273645)
0(0.0, 0.24539219473109194)
0(0.0, 0.24392341924463104)
0(0.0, 0.24283478610398998)
0(0.0, 0.2426812870246604)
0(0.0, 0.24153863362417208)
0(0.0, 0.24108069679152228)
0(0.0, 0.24103797279704534)
0(0.0, 0.24100350739086404)
0(0.0, 0.24097658560708596)
0(0.0, 0.23983683504886533)
0(0.0, 0.23915180344026427)
0(0.0, 0.23850956006560223)
0(0.0, 0.23849531505416907)
0(0.0, 0.2374243070328212)
0(0.0, 0.2371474243529351)
0(0.0, 0.23676072263512798)
0(0.0, 0.23642531642037024)
0(0.0, 0.22973906212853484)
0(0.0, 0.2280842567602077)
0(0.0, 0.2254750551011911)
0(0.0, 0.22490758822777204)
0(0.0, 0.22484683576483686)
0(0.0, 0.22456936284894027)
0(0.0, 0.2242737546667697)
0(0.0, 0.22350066524841314)
0(0.0, 0.22181164655973026)
0(0.0, 0.2214747434150671)
0(0.0, 0.2197652496751158)
0(0.0, 0.2195939786822649)
0(0.0, 0.21900619998670234)
0(0.0, 0.21855335201511153)
0(0.0, 0.21781261360801557)
0(0.0, 0.21773800040132432)
0(0.0, 0.21626575307474727)
0(0.0, 0.21619015033822495)
0(0.0, 0.21571209204767297)
0(0.0, 0.21497554545422498)
0(0.0, 0.2139174115839217)
0(0.0, 0.21374294901855728)
0(0.0, 0.21372279892041607)
0(0.0, 0.21313097477261933)
0(0.0, 0.2129472583152793)
0(0.0, 0.21262454403156048)
0(0.0, 0.2113868121499197)
0(0.0, 0.2096783468979724)
0(0.0, 0.20918123310116243)
0(0.0, 0.2087071787388754)
0(0.0, 0.20813941664185173)
0(0.0, 0.20669396564692524)
0(0.0, 0.20668356413188926)
0(0.0, 0.2051572588617573)
0(0.0, 0.20463638863322722)
0(0.0, 0.20293075853556827)
0(0.0, 0.2028707094033771)
0(0.0, 0.20147903519587254)
0(0.0, 0.20126089061480945)
0(0.0, 0.2008830396162016)
0(0.0, 0.20087827122284568)
0(0.0, 0.19998834321438222)
0(0.0, 0.19982824990320766)
0(0.0, 0.19955937180151528)
0(0.0, 0.19850828762581854)
0(0.0, 0.19712321676954456)
0(0.0, 0.19711505641117577)
0(0.0, 0.19705543246143917)
0(0.0, 0.19697241740111207)
0(0.0, 0.19582800274384005)
0(0.0, 0.19526001942958365)
0(0.0, 0.19489609107795713)
0(0.0, 0.19338794649401914)
0(0.0, 0.19283263776282034)
0(0.0, 0.19263896188769286)
0(0.0, 0.19223153825073183)
0(0.0, 0.19184239968205155)
0(0.0, 0.19181119430747445)
0(0.0, 0.19070910999586674)
0(0.0, 0.18965986653942737)
0(0.0, 0.18910865416450628)
0(0.0, 0.1873332265510194)
0(0.0, 0.1871263080246377)
0(0.0, 0.18669639797298257)
0(0.0, 0.18654680302414145)
0(0.0, 0.18504486690208088)
0(0.0, 0.18286961138039012)
0(0.0, 0.18272266588438357)
0(0.0, 0.18266836865951303)
0(0.0, 0.17963827096707616)
0(0.0, 0.1795868320161085)
0(0.0, 0.17759378127340994)
0(0.0, 0.1769532364573481)
0(0.0, 0.1762388243988296)
0(0.0, 0.17492272718858162)
0(0.0, 0.17226674832964592)
0(0.0, 0.17165317442327352)
0(0.0, 0.17112514042158034)
0(0.0, 0.17095999671767273)
0(0.0, 0.17055245959389834)
0(0.0, 0.17002263809943435)
0(0.0, 0.1698703390374823)
0(0.0, 0.16807531567185552)
0(0.0, 0.16805777115260234)
0(0.0, 0.16682139217313388)
0(0.0, 0.1630991345752087)
0(0.0, 0.1601169519760222)
0(0.0, 0.15640930765624908)
0(0.0, 0.15633658047182802)
0(0.0, 0.1558992422561723)
0(0.0, 0.15459101416792817)
0(0.0, 0.15329331970003574)
0(0.0, 0.15280143917021097)
0(0.0, 0.15256467241043364)
0(0.0, 0.15204116191476846)
0(0.0, 0.15094369743277766)
0(0.0, 0.15034187639107743)
0(0.0, 0.15010224670469002)
0(0.0, 0.14956851400888238)
0(0.0, 0.14936025939231343)
0(0.0, 0.14908007006212304)
0(0.0, 0.1455196300830928)
0(0.0, 0.1453582834447945)
0(0.0, 0.1450713339898248)
0(0.0, 0.14475289463532384)
0(0.0, 0.14415605105044657)
0(0.0, 0.14401262399615888)
0(0.0, 0.1439075889340533)
0(0.0, 0.14368111254078567)
0(0.0, 0.14363796247815888)
0(0.0, 0.14346012114141315)
0(0.0, 0.1425610987949948)
0(0.0, 0.14210625824922457)
0(0.0, 0.14191609739326527)
0(0.0, 0.14186419841454168)
0(0.0, 0.14172779990235415)
0(0.0, 0.1417000812049585)
0(0.0, 0.14087906464098807)
0(0.0, 0.1400968601939279)
0(0.0, 0.13944760128159422)
0(0.0, 0.13931049232502515)
0(0.0, 0.13908214698926982)
0(0.0, 0.1389225689578209)
0(0.0, 0.1386916491483788)
0(0.0, 0.1386270301483162)
0(0.0, 0.13847344467260184)
0(0.0, 0.13754804279891308)
0(0.0, 0.13754021860312843)
0(0.0, 0.13727062304445445)
0(0.0, 0.13694323825178684)
0(0.0, 0.13644493130046717)
0(0.0, 0.136187336938237)
0(0.0, 0.1352719389720795)
0(0.0, 0.13510570497781058)
0(0.0, 0.13473290695651008)
0(0.0, 0.13444691100026884)
0(0.0, 0.13425723442148932)
0(0.0, 0.134215671505874)
0(0.0, 0.13378031348217775)
0(0.0, 0.1337336215612191)
0(0.0, 0.13283416506477047)
0(0.0, 0.13272928322873276)
0(0.0, 0.13267482647995052)
0(0.0, 0.13249518524016451)
0(0.0, 0.13202414632977352)
0(0.0, 0.1320240286127975)
0(0.0, 0.13168610420486992)
0(0.0, 0.13135624994705603)
0(0.0, 0.13135324373041468)
0(0.0, 0.1308247655647626)
0(0.0, 0.13068504784825907)
0(0.0, 0.1306641987145512)
0(0.0, 0.13064591802683606)
0(0.0, 0.13060011329385376)
0(0.0, 0.13014441879495678)
0(0.0, 0.13004931098014177)
0(0.0, 0.13000713279958637)
0(0.0, 0.12939394184470665)
0(0.0, 0.12935410481032358)
0(0.0, 0.1289137548273435)
0(0.0, 0.12883254727946422)
0(0.0, 0.12849043289170342)
0(0.0, 0.12846452226768684)
0(0.0, 0.12830225257866587)
0(0.0, 0.12774905724161964)
0(0.0, 0.1276408627800883)
0(0.0, 0.12764004142124605)
0(0.0, 0.1274297550881768)
0(0.0, 0.12734449893372599)
0(0.0, 0.1273084169112337)
0(0.0, 0.12688673429259642)
0(0.0, 0.12684581683664783)
0(0.0, 0.12667884891130643)
0(0.0, 0.12650263456521166)
0(0.0, 0.12616307225902437)
0(0.0, 0.1260127993960286)
0(0.0, 0.12577974684343207)
0(0.0, 0.12564160643321795)
0(0.0, 0.1254372786717492)
0(0.0, 0.12509546922424977)
0(0.0, 0.1249670529700141)
0(0.0, 0.12494879262014655)
0(0.0, 0.1248051599161938)
0(0.0, 0.12413263652238443)
0(0.0, 0.12400998918242276)
0(0.0, 0.12390382078447845)
0(0.0, 0.12379034545654762)
0(0.0, 0.12378384532533643)
0(0.0, 0.12342649232652422)
0(0.0, 0.12330492387177293)
0(0.0, 0.12285682499891903)
0(0.0, 0.12281665539092974)
0(0.0, 0.12270054378559736)
0(0.0, 0.12243214987137288)
0(0.0, 0.12199061926972235)
0(0.0, 0.12192048002240637)
0(0.0, 0.12155016246540233)
0(0.0, 0.12132097596492422)
0(0.0, 0.12122597634124525)
0(0.0, 0.12120899524292104)
0(0.0, 0.12075357895546847)
0(0.0, 0.12047727879452001)
0(0.0, 0.11988770545061121)
0(0.0, 0.11982242553456389)
0(0.0, 0.11894218227375959)
0(0.0, 0.1186858315217156)
0(0.0, 0.11849321514097487)
0(0.0, 0.11770636848693038)
0(0.0, 0.11738029900050402)
0(0.0, 0.11694095164288064)
0(0.0, 0.11690519155888172)
0(0.0, 0.11683671705252986)
0(0.0, 0.11649767457677954)
0(0.0, 0.11570884647490001)
0(0.0, 0.11544901129187451)
0(0.0, 0.1154084534446083)
0(0.0, 0.11532037929778838)
0(0.0, 0.11517495882170782)
0(0.0, 0.11515776274620038)
0(0.0, 0.1150845058863752)
0(0.0, 0.11499166401291067)
0(0.0, 0.11495505264104214)
0(0.0, 0.1146500165436779)
0(0.0, 0.11460895518560088)
0(0.0, 0.11392456243204271)
0(0.0, 0.11357094900642431)
0(0.0, 0.11344273399015777)
0(0.0, 0.11328987728763606)
0(0.0, 0.11328451269517278)
0(0.0, 0.11309457717636459)
0(0.0, 0.11304018861792335)
0(0.0, 0.11254649478237065)
0(0.0, 0.11240175461279092)
0(0.0, 0.11212064955677604)
0(0.0, 0.11152746110879613)
0(0.0, 0.11131819892537599)
0(0.0, 0.11124686545441013)
0(0.0, 0.11087816508874879)
0(0.0, 0.11082803368371266)
0(0.0, 0.11053746740056576)
0(0.0, 0.11032476542406079)
0(0.0, 0.110274801170732)
0(0.0, 0.11022084422615464)
0(0.0, 0.1101561859519323)
0(0.0, 0.109602896584872)
0(0.0, 0.10954105053361142)
0(0.0, 0.10935411587615676)
0(0.0, 0.10929713518046102)
0(0.0, 0.10928023486893076)
0(0.0, 0.10921362003768695)
0(0.0, 0.10882380519204915)
0(0.0, 0.10852621123531572)
0(0.0, 0.10852033206846148)
0(0.0, 0.10832371204366838)
0(0.0, 0.10819580692680301)
0(0.0, 0.1075197265833768)
0(0.0, 0.10733722627413016)
0(0.0, 0.10724930034728941)
0(0.0, 0.10724665869628694)
0(0.0, 0.10723109523280704)
0(0.0, 0.10716486754938082)
0(0.0, 0.10666161453765995)
0(0.0, 0.10638706252285685)
0(0.0, 0.1062901616711127)
0(0.0, 0.10627596919401444)
0(0.0, 0.10571052792298609)
0(0.0, 0.10562847011435453)
0(0.0, 0.10561452328865575)
0(0.0, 0.1056093780181894)
0(0.0, 0.10484519531471556)
0(0.0, 0.10455278320320104)
0(0.0, 0.10358315307548656)
0(0.0, 0.10293820123885464)
0(0.0, 0.10261871427053801)
0(0.0, 0.09955881262138305)
0(0.0, 0.09933488188763569)
0(0.0, 0.0987605650531745)
0(0.0, 0.09824801772629568)
0(0.0, 0.09756136015454052)
0(0.0, 0.09673113229845566)
0(0.0, 0.0960430707532117)
0(0.0, 0.09083679019589429)
0(0.0, 0.08716471897796642)
0(0.0, 0.08239807148021565)
0(0.0, 0.07650959216687665)
0(0.0, 0.07633822370918568)
0(0.0, 0.07586572622474996)
0(0.0, 0.07228826204630363)
0(0.0, 0.06455098830465131)
