1(1.1866272635798414, 1.2003932222609905)
1(1.2010302671313575, 1.206768315700755)
1(2.077796931390674, 2.083257918072847)
1(1.1871447287308832, 1.1915555567011453)
1(1.3725133943451675, 1.3752214424162952)
1(1.1864781772748267, 1.187406314810832)
1(1.1926802876760032, 1.1929238111395342)
0(0.0, inf)
0(0.0, 12.07421789865533)
0(0.0, 10.98696279376988)
0(0.0, 6.763276239926084)
0(0.0, 4.615009257845207)
0(0.0, 4.253527881327019)
0(0.0, 4.196223086722801)
0(0.0, 4.082187437165113)
0(0.0, 3.9301190972830646)
0(0.0, 3.732437208603067)
0(0.0, 3.6199553443808923)
0(0.0, 3.5047590549601373)
0(0.0, 3.499194691523414)
0(0.0, 3.487774701758965)
0(0.0, 3.483580994579188)
0(0.0, 3.399022456380601)
0(0.0, 3.3890244916668713)
0(0.0, 3.3754475762812794)
0(0.0, 3.369213025386335)
0(0.0, 3.36789806558324)
0(0.0, 3.3540655420928127)
0(0.0, 3.3517472566333457)
0(0.0, 3.337833640448679)
0(0.0, 3.323451032211079)
0(0.0, 3.318413865992478)
0(0.0, 3.295700333328024)
0(0.0, 3.2786875733051537)
0(0.0, 3.2680817784734666)
0(0.0, 3.252910181236084)
0(0.0, 3.2263928454218713)
0(0.0, 3.203516966067613)
0(0.0, 3.1957079606440426)
0(0.0, 3.1622036727903673)
0(0.0, 3.1570187525552957)
0(0.0, 3.1397753628070895)
0(0.0, 3.125456225903974)
0(0.0, 3.121670516647959)
0(0.0, 3.115908169037942)
0(0.0, 3.060890767596628)
0(0.0, 3.0539546530146033)
0(0.0, 3.0286175007291685)
0(0.0, 3.0251911047118156)
0(0.0, 3.011031119128219)
0(0.0, 3.0089224043448377)
0(0.0, 2.9997093270515096)
0(0.0, 2.9356821858223103)
0(0.0, 2.9340869320277756)
0(0.0, 2.9271823480852577)
0(0.0, 2.9253519152137715)
0(0.0, 2.910251746389102)
0(0.0, 2.8889754780798405)
0(0.0, 2.869048121669398)
0(0.0, 2.859242489729265)
0(0.0, 2.8502532398597165)
0(0.0, 2.8409492036408692)
0(0.0, 2.837935104175437)
0(0.0, 2.813938969502416)
0(0.0, 2.794846248064067)
0(0.0, 2.782459259912291)
0(0.0, 2.7540917698423075)
0(0.0, 2.7494684245013947)
0(0.0, 2.74747838421255)
0(0.0, 2.7448446226385292)
0(0.0, 2.722694360784279)
0(0.0, 2.7226857426434017)
0(0.0, 2.714577014953287)
0(0.0, 2.710414828352643)
0(0.0, 2.6944009836235345)
0(0.0, 2.690746002869083)
0(0.0, 2.676837219591275)
0(0.0, 2.671596343253834)
0(0.0, 2.657297688630096)
0(0.0, 2.641449868494853)
0(0.0, 2.629556876180835)
0(0.0, 2.6183952763354776)
0(0.0, 2.6118055625611625)
0(0.0, 2.588224447903749)
0(0.0, 2.5796233402470503)
0(0.0, 2.574714321627064)
0(0.0, 2.559470310278363)
0(0.0, 2.5545151645058066)
0(0.0, 2.5362988645231397)
0(0.0, 2.5300746115589363)
0(0.0, 2.526242042465119)
0(0.0, 2.5196650750799874)
0(0.0, 2.5161041766336383)
0(0.0, 2.5097508641103845)
0(0.0, 2.5091598077780253)
0(0.0, 2.5030791638555328)
0(0.0, 2.5016189380392895)
0(0.0, 2.495028232251878)
0(0.0, 2.4916288537928843)
0(0.0, 2.489186141211771)
0(0.0, 2.4875124087045917)
0(0.0, 2.485424823165547)
0(0.0, 2.481459431698663)
0(0.0, 2.4808753051026673)
0(0.0, 2.480579369610753)
0(0.0, 2.4649459909770024)
0(0.0, 2.4616132041178957)
0(0.0, 2.4594398569157)
0(0.0, 2.456921755695927)
0(0.0, 2.454663621972075)
0(0.0, 2.453856715640921)
0(0.0, 2.451521831000524)
0(0.0, 2.4287810144484157)
0(0.0, 2.4271600352041234)
0(0.0, 2.4263133177263763)
0(0.0, 2.4235048859109485)
0(0.0, 2.418674607991082)
0(0.0, 2.4185853656276657)
0(0.0, 2.4132824496155783)
0(0.0, 2.4111116122925225)
0(0.0, 2.391325925210412)
0(0.0, 2.367559602020468)
0(0.0, 2.3649220620288)
0(0.0, 2.355135000880099)
0(0.0, 2.352527974977286)
0(0.0, 2.3477737338599103)
0(0.0, 2.347460445485754)
0(0.0, 2.3405087381809273)
0(0.0, 2.339460071345813)
0(0.0, 2.338483195322308)
0(0.0, 2.337313893926231)
0(0.0, 2.3354790646916803)
0(0.0, 2.3326566572675866)
0(0.0, 2.3326457646188343)
0(0.0, 2.3318381368784356)
0(0.0, 2.3267002129119585)
0(0.0, 2.319401632963117)
0(0.0, 2.308004523267294)
0(0.0, 2.30601490487951)
0(0.0, 2.3029789129513585)
0(0.0, 2.2985273995940787)
0(0.0, 2.294463506182929)
0(0.0, 2.292201850544558)
0(0.0, 2.291448706896786)
0(0.0, 2.2914425337783406)
0(0.0, 2.2902503379325947)
0(0.0, 2.2877545089457727)
0(0.0, 2.2855715520241646)
0(0.0, 2.2832353890322254)
0(0.0, 2.27497403506559)
0(0.0, 2.2746745470674137)
0(0.0, 2.273384717275944)
0(0.0, 2.2711411599093285)
0(0.0, 2.265101740694101)
0(0.0, 2.264483950321003)
0(0.0, 2.251130611438843)
0(0.0, 2.2456567678326826)
0(0.0, 2.245609669445601)
0(0.0, 2.2439931887349367)
0(0.0, 2.241685566714522)
0(0.0, 2.2405121713880565)
0(0.0, 2.236219827559901)
0(0.0, 2.231822936083376)
0(0.0, 2.2246607584178766)
0(0.0, 2.224165963332402)
0(0.0, 2.22229071520661)
0(0.0, 2.218713981372308)
0(0.0, 2.2184426092387857)
0(0.0, 2.215464624786776)
0(0.0, 2.212848274125284)
0(0.0, 2.2068324588291146)
0(0.0, 2.1991550469987224)
0(0.0, 2.1957910851913387)
0(0.0, 2.1875086560283763)
0(0.0, 2.1805334196218586)
0(0.0, 2.1759954209582375)
0(0.0, 2.1730879441621394)
0(0.0, 2.171168701086747)
0(0.0, 2.1697906190457497)
0(0.0, 2.167585035678051)
0(0.0, 2.164717316846607)
0(0.0, 2.1567890614224887)
0(0.0, 2.1306926155731185)
0(0.0, 2.129515392811756)
0(0.0, 2.1221938206564106)
0(0.0, 2.11275239865985)
0(0.0, 2.0994705945975256)
0(0.0, 2.0957430478917796)
0(0.0, 2.092120455331476)
0(0.0, 2.0909169171015245)
0(0.0, 2.089475653481677)
0(0.0, 2.0894078925542043)
0(0.0, 2.086987476817471)
0(0.0, 2.0832439013622093)
0(0.0, 2.079476033891074)
0(0.0, 2.0724314118464644)
0(0.0, 2.0698944138906623)
0(0.0, 2.0694313563862528)
0(0.0, 2.0682296546879764)
0(0.0, 2.063722377759096)
0(0.0, 2.0620748087602125)
0(0.0, 2.0467349765238687)
0(0.0, 2.0378434986262253)
0(0.0, 2.027320492875219)
0(0.0, 2.0187701390714663)
0(0.0, 2.018113505885839)
0(0.0, 2.014710544089634)
0(0.0, 2.007770112214321)
0(0.0, 2.0064028352721857)
0(0.0, 1.998197865110001)
0(0.0, 1.992901041885997)
0(0.0, 1.9871383231777853)
0(0.0, 1.9863822264145923)
0(0.0, 1.979453183668331)
0(0.0, 1.9772613422876293)
0(0.0, 1.9653451101482489)
0(0.0, 1.958134932809353)
0(0.0, 1.9557572886719063)
0(0.0, 1.953870925358961)
0(0.0, 1.9505620529101508)
0(0.0, 1.9350296475383122)
0(0.0, 1.9292507549465672)
0(0.0, 1.9278483800044393)
0(0.0, 1.9276938614826074)
0(0.0, 1.9211521470371833)
0(0.0, 1.9114134559779197)
0(0.0, 1.903657069211484)
0(0.0, 1.8937254041717972)
0(0.0, 1.8811429684599452)
0(0.0, 1.8783098516951942)
0(0.0, 1.8649295584794945)
0(0.0, 1.8489436733128564)
0(0.0, 1.8407095392901076)
0(0.0, 1.8377759987429683)
0(0.0, 1.836891435969033)
0(0.0, 1.8193306987380304)
0(0.0, 1.811259441601347)
0(0.0, 1.8017464303515578)
0(0.0, 1.8009123066427217)
0(0.0, 1.7658982474978975)
0(0.0, 1.7547898707251501)
0(0.0, 1.7487951538392474)
0(0.0, 1.7276802926744528)
0(0.0, 1.7205001114173233)
0(0.0, 1.7157464750791673)
0(0.0, 1.7139664031680057)
0(0.0, 1.7039809953374023)
0(0.0, 1.7009434303825715)
0(0.0, 1.695525113333404)
0(0.0, 1.6940551064093994)
0(0.0, 1.6853346232431037)
0(0.0, 1.679079914818021)
0(0.0, 1.656384142770392)
0(0.0, 1.6402878491460962)
0(0.0, 1.6359565129603661)
0(0.0, 1.6340835132789038)
0(0.0, 1.621819821313127)
0(0.0, 1.609004559802049)
0(0.0, 1.6078825974438145)
0(0.0, 1.5772546437298276)
0(0.0, 1.567094064770961)
0(0.0, 1.5643928122763644)
0(0.0, 1.5546141890064291)
0(0.0, 1.553278815250047)
0(0.0, 1.5450363745432631)
0(0.0, 1.5368044594216441)
0(0.0, 1.5301769020433718)
0(0.0, 1.528180044797236)
0(0.0, 1.5234821598484143)
0(0.0, 1.521758906137162)
0(0.0, 1.5155209810232568)
0(0.0, 1.507968854398889)
0(0.0, 1.5061012679676715)
0(0.0, 1.504862620376352)
0(0.0, 1.5030986088400502)
0(0.0, 1.5018283835074955)
0(0.0, 1.4992410790728317)
0(0.0, 1.496848906142778)
0(0.0, 1.4941071900993843)
0(0.0, 1.484711963788309)
0(0.0, 1.4835914260228786)
0(0.0, 1.4829207398891566)
0(0.0, 1.4711511485829953)
0(0.0, 1.4672182148326864)
0(0.0, 1.463028713200861)
0(0.0, 1.4556440673987527)
0(0.0, 1.4542110944622355)
0(0.0, 1.4480987178220825)
0(0.0, 1.4456286986040043)
0(0.0, 1.445551057714592)
0(0.0, 1.4442144448187568)
0(0.0, 1.4404239723197212)
0(0.0, 1.4281201563445451)
0(0.0, 1.4269815526336473)
0(0.0, 1.4251016391944396)
0(0.0, 1.423905345862205)
0(0.0, 1.423372804314416)
0(0.0, 1.421636378974834)
0(0.0, 1.4157529341538126)
0(0.0, 1.4143325366244623)
0(0.0, 1.4129393869767253)
0(0.0, 1.411666996395349)
0(0.0, 1.4032589218149918)
0(0.0, 1.4017628518278695)
0(0.0, 1.401103977271238)
0(0.0, 1.4000219705252899)
0(0.0, 1.399510780582865)
0(0.0, 1.3978087097585339)
0(0.0, 1.3974655138410748)
0(0.0, 1.3968381543597166)
0(0.0, 1.396118742877227)
0(0.0, 1.3947890886488383)
0(0.0, 1.3903498882879393)
0(0.0, 1.3876939933763992)
0(0.0, 1.384651911413577)
0(0.0, 1.3839218757764182)
0(0.0, 1.3818544315367767)
0(0.0, 1.3807956661467518)
0(0.0, 1.3783480773998644)
0(0.0, 1.3751010101829315)
0(0.0, 1.3732071962923174)
0(0.0, 1.3711049555635106)
0(0.0, 1.3696905734119695)
0(0.0, 1.3673523111174648)
0(0.0, 1.3672416249059778)
0(0.0, 1.3672317791933435)
0(0.0, 1.3639946666458522)
0(0.0, 1.3632405926533064)
0(0.0, 1.360510582408636)
0(0.0, 1.3587015253363635)
0(0.0, 1.3578125748276901)
0(0.0, 1.3564499450170622)
0(0.0, 1.3537413356530132)
0(0.0, 1.3513049580988639)
0(0.0, 1.3452539259717848)
0(0.0, 1.345064388631651)
0(0.0, 1.3433647461775382)
0(0.0, 1.3415006540983134)
0(0.0, 1.3366025587534094)
0(0.0, 1.336431603437397)
0(0.0, 1.3311842847507263)
0(0.0, 1.3302757708238566)
0(0.0, 1.3282331672453442)
0(0.0, 1.3264830750376424)
0(0.0, 1.3251655602731807)
0(0.0, 1.3242778970531317)
0(0.0, 1.3229528468712843)
0(0.0, 1.322085081220676)
0(0.0, 1.3213066916321472)
0(0.0, 1.3202089340819023)
0(0.0, 1.3196613278657556)
0(0.0, 1.3193246541112513)
0(0.0, 1.3153920307292237)
0(0.0, 1.3140586966282544)
0(0.0, 1.3132342927330694)
0(0.0, 1.3086393769773108)
0(0.0, 1.308320432743766)
0(0.0, 1.3069938844297901)
0(0.0, 1.3047413632064802)
0(0.0, 1.3039417109590075)
0(0.0, 1.3036917199843572)
0(0.0, 1.3025986355894643)
0(0.0, 1.301600589669375)
0(0.0, 1.2998687300867313)
0(0.0, 1.2987110749414572)
0(0.0, 1.2963920592969154)
0(0.0, 1.2921449237024594)
0(0.0, 1.2904757033508611)
0(0.0, 1.2901291548891707)
0(0.0, 1.287552320822065)
0(0.0, 1.2843630643901809)
0(0.0, 1.2840573823572927)
0(0.0, 1.2817016793235836)
0(0.0, 1.2770923121259068)
0(0.0, 1.2751074038737333)
0(0.0, 1.2732021353678808)
0(0.0, 1.2690157224640128)
0(0.0, 1.2680380664164639)
0(0.0, 1.2657042512005865)
0(0.0, 1.2653969419049926)
0(0.0, 1.2653895660036)
0(0.0, 1.2653004272055532)
0(0.0, 1.2632051039389722)
0(0.0, 1.2602263549954547)
0(0.0, 1.259571509908182)
0(0.0, 1.2561868948562056)
0(0.0, 1.2528093441404238)
0(0.0, 1.2526708613356452)
0(0.0, 1.2520101487263158)
0(0.0, 1.2512820547951118)
0(0.0, 1.2475595403508513)
0(0.0, 1.2465212445740106)
0(0.0, 1.2459809229782925)
0(0.0, 1.2422628590397216)
0(0.0, 1.240725107314438)
0(0.0, 1.2369724740678718)
0(0.0, 1.2367556757851579)
0(0.0, 1.2335002810597029)
0(0.0, 1.231505048912738)
0(0.0, 1.2294081576761735)
0(0.0, 1.2279526321695688)
0(0.0, 1.2213205808809513)
0(0.0, 1.2203752652582616)
0(0.0, 1.218375238362056)
0(0.0, 1.216031087331774)
0(0.0, 1.2153989886654184)
0(0.0, 1.208239946113154)
0(0.0, 1.207785550701176)
0(0.0, 1.2033957970143714)
0(0.0, 1.2022937210802844)
0(0.0, 1.1972404650424375)
0(0.0, 1.1953683134131454)
0(0.0, 1.1941467909543835)
0(0.0, 1.1926790609360574)
0(0.0, 1.1924028326228697)
0(0.0, 1.190977998067943)
0(0.0, 1.1908926433108364)
0(0.0, 1.184883294314974)
0(0.0, 1.18237539025953)
0(0.0, 1.1822165934533504)
0(0.0, 1.1819312456561197)
0(0.0, 1.1813283711880032)
0(0.0, 1.1810327291105838)
0(0.0, 1.1795064688147554)
0(0.0, 1.175325113671665)
0(0.0, 1.1751797550213552)
0(0.0, 1.171421864668484)
0(0.0, 1.1666936687558225)
0(0.0, 1.1649884262854622)
0(0.0, 1.1643944540424687)
0(0.0, 1.1631391665924455)
0(0.0, 1.1557133127144181)
0(0.0, 1.1509024923670814)
0(0.0, 1.1484854074403161)
0(0.0, 1.1478965474407925)
0(0.0, 1.1472015037771883)
0(0.0, 1.1466986380576196)
0(0.0, 1.1313404042565964)
0(0.0, 1.113096161712457)
