1(0.2935271784605244, 0.3504268783889568)
1(0.18895343485440944, 0.2202657884564425)
1(0.2572885120190814, 0.2875238031053964)
1(0.38091827316214716, 0.4095386754437933)
1(0.16304997867194335, 0.189895802551038)
1(0.12904431840899278, 0.15296097802824427)
1(0.27715087694947843, 0.3000689802469988)
1(0.12432196471902171, 0.1471483496069512)
1(0.1749268262071626, 0.19774055263180745)
1(0.16885012079143646, 0.1910947244935391)
1(0.1270540704035662, 0.14871909258479948)
1(0.15874648142071981, 0.18004355005549916)
1(0.21039279133348138, 0.23156812130185045)
1(0.22081825181896558, 0.24072742493819269)
1(0.23552050537139488, 0.2553172911309865)
1(0.15636610679171056, 0.17557618191647859)
1(0.14671651533997898, 0.16591871352691648)
1(0.23171495421497695, 0.25018912418957834)
1(0.14693170936993935, 0.16517153276486893)
1(0.3183202701960006, 0.3364949906102488)
1(0.23143831841069964, 0.2496030151374723)
1(0.12698516137762123, 0.1451157874085437)
1(0.2483997064480778, 0.2664246799274672)
1(0.14536659999829885, 0.16330164528118293)
1(0.14363338349507776, 0.16120343047840183)
1(0.14314730937582845, 0.16065373220722098)
1(0.13765136571903136, 0.1550033980121049)
1(0.14959429274096597, 0.1666463378668606)
1(0.12554665013519314, 0.14241367881086403)
1(0.14614061556952157, 0.16295679661849366)
1(0.38383592322142335, 0.40063793437910294)
1(0.14383385844564311, 0.16050031434309545)
1(0.12104110788357227, 0.13767868589220367)
1(0.1671820958824684, 0.18364953341462942)
1(0.13905508395312624, 0.15506043409064738)
1(0.1331623595215932, 0.1490680120398742)
1(0.12831928363893697, 0.1440385727782887)
1(0.1298452467009807, 0.14527812231128537)
1(0.15060618616729265, 0.16591871352691648)
1(0.23887177975353113, 0.25416727267771566)
1(0.1371611426396478, 0.15170179060958516)
1(0.11913636271515343, 0.1336459816615843)
1(0.17998298251278572, 0.19447701642036175)
1(0.12654557502007702, 0.14043136966084538)
1(0.22011758502433387, 0.23390621151707586)
1(0.1505910840951463, 0.16430884721923056)
1(0.14873380676487197, 0.162356058158687)
1(0.13679144636142246, 0.15035738420488207)
1(0.16185776451169, 0.17540207795252455)
1(0.1310662916212541, 0.14421037986955237)
1(0.16165796643304708, 0.17473892968337268)
1(0.13020850975399284, 0.14320051980887713)
1(0.144006841132654, 0.15670816732564055)
1(0.12743784145780832, 0.13996832927708888)
1(0.17434154358285786, 0.18673918987849178)
1(0.15838374929807628, 0.1707630345411592)
1(0.12768020678168224, 0.1400570830773799)
1(0.13071925310109692, 0.14303340123881123)
1(0.14322328738179926, 0.15547395396496747)
1(0.1440644590842253, 0.15582160519206892)
1(0.18876203198587319, 0.20016968871144)
1(0.13663446250520647, 0.14798489887376348)
1(0.15320981081549115, 0.164493321299081)
1(0.2420204901974331, 0.2531271620665924)
1(0.17909862972769178, 0.19015269012189895)
1(0.18907209728529015, 0.2000690818227952)
1(0.13767104911246078, 0.14853628276841951)
1(0.12914679253466166, 0.13996832927708888)
1(0.35937564987861126, 0.3701321175867433)
1(0.168264775080448, 0.17901300593356045)
1(0.28220185753081684, 0.292759368230959)
1(0.16012965905003973, 0.17032546163232107)
1(0.13072274534543168, 0.14082592802275035)
1(0.14742953525809488, 0.1575302355111663)
1(0.2851028107886283, 0.2950983825965151)
1(0.14261596468435353, 0.15257957718595458)
1(0.13174095500366673, 0.14152315942803195)
1(0.16122685403822554, 0.17100253288738498)
1(0.25334664083706493, 0.2630269970371065)
1(0.27100697207846514, 0.2806020363721966)
1(0.13803725359488475, 0.14729098493030351)
1(0.17969606765816493, 0.18891683433381193)
1(0.13937556825063452, 0.14853628276841951)
1(0.12268986615756557, 0.13183473149937405)
1(0.22166146191881367, 0.2306749235493487)
1(0.14606304015946608, 0.1549712838855763)
1(0.1603418497270312, 0.16921028282121978)
1(0.3444093420876618, 0.3532443611063124)
1(0.1657952203049506, 0.1745501400162779)
1(0.13079575484159706, 0.1395481621852177)
1(0.13227708560615392, 0.1409732960830513)
1(0.22664462653292095, 0.23523561652723043)
1(0.15196628472821533, 0.1605453392892453)
1(0.1117122879339701, 0.12025763004484949)
1(0.17286191198444553, 0.1813872194288201)
1(0.1582192148759687, 0.16666993890742265)
1(0.1331001787227504, 0.14152315942803195)
1(0.14910760755472596, 0.15743474674422)
1(0.13822581914059828, 0.14637229544607927)
1(0.14165759326956506, 0.1497100640118721)
1(0.13445526563361176, 0.1425004406992378)
1(0.14019512556891728, 0.1481862273926204)
1(0.16451473512500792, 0.17231457642887885)
1(0.15966841122941525, 0.16745284973691416)
1(0.14420985222433766, 0.15158801680997275)
1(0.43562791571081905, 0.4429837011915254)
1(0.28223218525425214, 0.2894746601106673)
1(0.22279761039764112, 0.23003747968362706)
1(0.15109412792223553, 0.15829639958923755)
1(0.1426746553384393, 0.1498671910541173)
1(0.14603149019914055, 0.153217876611765)
1(0.17008925116621917, 0.17720083078642068)
1(0.14596002532775057, 0.15299985261055432)
1(0.2307818553104073, 0.2377348406283532)
1(0.13893454389568377, 0.1458568058451148)
1(0.1501920720031741, 0.1570718654322083)
1(0.15033550427711928, 0.1571823056596402)
1(0.14604488432614238, 0.15286667509684926)
1(0.1585720123292776, 0.16534770245479039)
1(0.14070874517598891, 0.14745651366570078)
1(0.13812642934199848, 0.14485726349574785)
1(0.15042719322591236, 0.15709753860002573)
1(0.1366237991181672, 0.14321765301003825)
1(0.1422662724668128, 0.14883377069595943)
1(0.13445044837143386, 0.1408428598984046)
1(0.1475443017736077, 0.15384166260912752)
1(0.15730209828225306, 0.1635883253122544)
1(0.15466443133343963, 0.16090942876373568)
1(0.23298346221034882, 0.23921927333303744)
1(0.13695872602856762, 0.14314783316076563)
1(0.14078688468580075, 0.14686939748135547)
1(0.14156530408976173, 0.14755982995124092)
1(0.13757698755280415, 0.14355441776853436)
1(0.22755745097010902, 0.23352874562025486)
1(0.12689792608257605, 0.1327712089498349)
1(0.16356197702457165, 0.16936259518842922)
1(0.18105680867859966, 0.18684387453424026)
1(0.16142084969035228, 0.16706198407366982)
1(0.13152448572544342, 0.13713384839091652)
1(0.140253334263804, 0.1456772284738648)
1(0.13176694271051384, 0.13713312595471813)
1(0.16997781531504658, 0.17516684002753344)
1(0.14950766763883294, 0.15466817721299778)
1(0.1582150891881039, 0.16332537716011478)
1(0.14117662589404292, 0.14622426235400648)
1(0.12162933032524002, 0.1266167304735261)
1(0.1952461273797941, 0.20016968871144)
1(0.1613223277293312, 0.16615029973753512)
1(0.19202722049308799, 0.19679116676756633)
1(0.16709735382235222, 0.1718044201864196)
1(0.15844873215526453, 0.16314957729901636)
1(0.1701753612855669, 0.174787245426089)
1(0.11736482721211189, 0.12196702444411169)
1(0.1361293751021926, 0.14054191082347672)
1(0.15730404901548034, 0.16169737692812663)
1(0.11516664709141208, 0.1195397631421269)
1(0.11446705294738871, 0.11882220284265568)
1(0.17685229696894592, 0.18103449761075424)
1(0.33228708219070996, 0.3364634847376838)
1(0.17394379403819446, 0.17810751218579743)
1(0.1693344753836756, 0.17343558866446282)
1(0.1784762431597192, 0.18225402052435688)
1(0.1446558887777254, 0.14835490910652818)
1(0.16345413856597585, 0.16704600915937057)
1(0.14803899314340527, 0.1516099538137334)
1(0.1835833798448646, 0.1870535292443044)
1(0.17953934254077697, 0.18285872238709736)
1(0.16755311893952396, 0.17087249572635288)
1(0.16006994043054223, 0.1633503044043511)
1(0.17344204576535527, 0.17658604221736007)
1(0.1753556015677768, 0.17847303740573064)
1(0.11863228691634475, 0.12174955438496468)
1(0.19394007079532846, 0.1969489184730224)
1(0.1690712207020478, 0.17203823417627223)
1(0.11949539979229619, 0.12245497429845643)
1(0.14235228441029632, 0.14520087966105652)
1(0.14273326905578798, 0.145574275188981)
1(0.12893284357961343, 0.1317509256683484)
1(0.14013471486462328, 0.14290956284211534)
1(0.1340493441199878, 0.1368032722201979)
1(0.1982326133755724, 0.2009842171948028)
1(0.19174873693836758, 0.19447701642036175)
1(0.12412507358676644, 0.12683269490421403)
1(0.14233264774979126, 0.14497236497831462)
1(0.11717482466359146, 0.119778194256634)
1(0.12662116655658895, 0.12914650139156497)
1(0.1470068694755494, 0.1495259919976821)
1(0.15535737157678517, 0.15786677920967426)
1(0.16727853359163813, 0.16976707785471454)
1(0.13719245790955098, 0.13965884802077877)
1(0.13568398559962555, 0.1381237808377149)
1(0.1585027163575264, 0.16090942876373568)
1(0.1364461094622574, 0.138840215821597)
1(0.15498893749524667, 0.1572470460602586)
1(0.1442320333872041, 0.14637229544607927)
1(0.13679712297624658, 0.138840215821597)
1(0.14686872004882986, 0.148883013429499)
1(0.19666174610402506, 0.1985829111138556)
1(0.15177252786303802, 0.15369303584376856)
1(0.14496483129535978, 0.14686939748135547)
1(0.15594890224087793, 0.15783128337088267)
1(0.1788321971868553, 0.18068959127170114)
1(0.14720221722845445, 0.1490476173069539)
1(0.16457907875066996, 0.16637357126692004)
1(0.11861360786809268, 0.1203068109844049)
1(0.1333180131906136, 0.13472735442925432)
1(0.24931283484486808, 0.25069823313839285)
1(0.16209445827051067, 0.16346593846322321)
1(0.15030519865334457, 0.15167418666045962)
1(0.137335821686996, 0.13859796466577895)
1(0.13876148484533696, 0.13997649957264854)
1(0.15104258001152493, 0.1522471726137724)
1(0.1528175506716035, 0.15397972199471718)
1(0.129212924744185, 0.13025964064254664)
1(0.20268478448521926, 0.2037298170420237)
1(0.1847263761498334, 0.18571721518914563)
1(0.15501407629261565, 0.1559826576731899)
1(0.15819291856824302, 0.15912053668296894)
1(0.175615343791929, 0.17650722723310455)
1(0.26827942760170437, 0.26915937338996304)
1(0.12436967260729961, 0.12519225072185583)
1(0.13634859612090713, 0.13713312595471813)
1(0.16414099123988202, 0.1648214268935288)
1(0.1831083220456043, 0.1837639810913537)
1(0.1563033618612918, 0.15695077435283178)
1(0.201867292371754, 0.20238880675239032)
1(0.13063501437337277, 0.1310617537675418)
1(0.17188290243651286, 0.17226260495815568)
1(0.1447413124642371, 0.1450201685680909)
1(0.2347492647384669, 0.234931916985717)
1(0.15775923418946355, 0.15792536979067306)
1(0.19333821762615291, 0.1934945544549366)
1(0.15894350124595116, 0.1590735867650277)
0(0.0, inf)
0(0.0, 1.4423440357636925)
0(0.0, 0.7585086296003548)
0(0.0, 0.7202447604819768)
0(0.0, 0.6253587953213804)
0(0.0, 0.5023722296097508)
0(0.0, 0.4279992571667441)
0(0.0, 0.4233875721607863)
0(0.0, 0.4186472687043781)
0(0.0, 0.3656835131328324)
0(0.0, 0.35892668213204704)
0(0.0, 0.348271307197882)
0(0.0, 0.34824188100434433)
0(0.0, 0.3255471480331844)
0(0.0, 0.3102530895074163)
0(0.0, 0.3040413039145565)
0(0.0, 0.30023180763527463)
0(0.0, 0.29790965853563034)
0(0.0, 0.29113768234325127)
0(0.0, 0.28802489801966435)
0(0.0, 0.2778540124977804)
0(0.0, 0.2722533851983619)
0(0.0, 0.2674038006597169)
0(0.0, 0.2643660340895758)
0(0.0, 0.26090888049525485)
0(0.0, 0.2608081226684719)
0(0.0, 0.2597205195927168)
0(0.0, 0.25535042446156525)
0(0.0, 0.2537577853880374)
0(0.0, 0.2528769629229873)
0(0.0, 0.24978556999071613)
0(0.0, 0.24627704960078384)
0(0.0, 0.24510288571973082)
0(0.0, 0.24290868946289743)
0(0.0, 0.24226966441340556)
0(0.0, 0.2394951040861154)
0(0.0, 0.23728909838310616)
0(0.0, 0.23289108846150883)
0(0.0, 0.22941616751550006)
0(0.0, 0.22811516408423832)
0(0.0, 0.2274121316369191)
0(0.0, 0.225947742287242)
0(0.0, 0.2256020881656758)
0(0.0, 0.22463260939797564)
0(0.0, 0.2243704218942189)
0(0.0, 0.22415499431646158)
0(0.0, 0.22401628187027303)
0(0.0, 0.2237651690359871)
0(0.0, 0.22201772078429088)
0(0.0, 0.22177372404817963)
0(0.0, 0.22118222183530162)
0(0.0, 0.2203068399917683)
0(0.0, 0.21978391072152967)
0(0.0, 0.21819237141321154)
0(0.0, 0.21794088479599077)
0(0.0, 0.21409029571982613)
0(0.0, 0.2140385600352987)
0(0.0, 0.21370940882356462)
0(0.0, 0.21167492983392483)
0(0.0, 0.21023167268700063)
0(0.0, 0.2083719619270548)
0(0.0, 0.20669514187835683)
0(0.0, 0.20603135568891642)
0(0.0, 0.20522580881359428)
0(0.0, 0.20388525294721338)
0(0.0, 0.20251325822284752)
0(0.0, 0.1989425289559191)
0(0.0, 0.19817704850031315)
0(0.0, 0.19801566802181597)
0(0.0, 0.1970214144521317)
0(0.0, 0.19444686929166483)
0(0.0, 0.1935153753856741)
0(0.0, 0.19292767888458554)
0(0.0, 0.1918424019566647)
0(0.0, 0.19010403878289178)
0(0.0, 0.1899189086362053)
0(0.0, 0.1897059586073891)
0(0.0, 0.1878704640576859)
0(0.0, 0.18694629599767737)
0(0.0, 0.18595120623666034)
0(0.0, 0.1844747284088624)
0(0.0, 0.18113332199464496)
0(0.0, 0.18106407542468994)
0(0.0, 0.1808939921363667)
0(0.0, 0.17902090814891058)
0(0.0, 0.1776010664794218)
0(0.0, 0.1762716806153054)
0(0.0, 0.17599668714812536)
0(0.0, 0.17567243946482203)
0(0.0, 0.1744185822534936)
0(0.0, 0.17271082584678557)
0(0.0, 0.17255163194076628)
0(0.0, 0.1723903864310942)
0(0.0, 0.17213901864294176)
0(0.0, 0.17066137079787344)
0(0.0, 0.17024548723804894)
0(0.0, 0.1690243126583367)
0(0.0, 0.1687933559061471)
0(0.0, 0.1682233014932309)
0(0.0, 0.16819779242505134)
0(0.0, 0.1676707301038543)
0(0.0, 0.16669506764948944)
0(0.0, 0.16641187351717138)
0(0.0, 0.1662865194236444)
0(0.0, 0.16567316901055743)
0(0.0, 0.1653995817365938)
0(0.0, 0.16517883104432302)
0(0.0, 0.16462199742274772)
0(0.0, 0.16435447721665516)
0(0.0, 0.1643384532846885)
0(0.0, 0.16410911578527207)
0(0.0, 0.16160312842345367)
0(0.0, 0.16135518456081588)
0(0.0, 0.16122527879121612)
0(0.0, 0.1609749225520366)
0(0.0, 0.16067214936466587)
0(0.0, 0.16032991979897343)
0(0.0, 0.15986692549943524)
0(0.0, 0.15970717568919238)
0(0.0, 0.159561463161346)
0(0.0, 0.1586344278143062)
0(0.0, 0.15861570602097702)
0(0.0, 0.15837004615904932)
0(0.0, 0.15829349573207196)
0(0.0, 0.15828649472019696)
0(0.0, 0.1582853753387343)
0(0.0, 0.15814095786768806)
0(0.0, 0.1577101156169534)
0(0.0, 0.15740603070431952)
0(0.0, 0.15737099970673268)
0(0.0, 0.15678971809412426)
0(0.0, 0.156497435206244)
0(0.0, 0.1564919898589959)
0(0.0, 0.15617056834421614)
0(0.0, 0.15613424930451916)
0(0.0, 0.15604466438064918)
0(0.0, 0.15523444519582202)
0(0.0, 0.15514305144040078)
0(0.0, 0.15497925664273032)
0(0.0, 0.15453459534600172)
0(0.0, 0.15445538873913583)
0(0.0, 0.1538710136931991)
0(0.0, 0.1538466533439396)
0(0.0, 0.1536810235901176)
0(0.0, 0.15307147554609296)
0(0.0, 0.15231956458364254)
0(0.0, 0.15211365501854135)
0(0.0, 0.15208199717206317)
0(0.0, 0.1513962558294916)
0(0.0, 0.15094263574929537)
0(0.0, 0.15078559327515437)
0(0.0, 0.15075272798640552)
0(0.0, 0.1505965452450174)
0(0.0, 0.14947247564823)
0(0.0, 0.1493095655909179)
0(0.0, 0.1488825101845799)
0(0.0, 0.14865497121978385)
0(0.0, 0.14843929317732119)
0(0.0, 0.1482297595286028)
0(0.0, 0.14795138155157397)
0(0.0, 0.14734565054462165)
0(0.0, 0.14634658748062532)
0(0.0, 0.14588298100133446)
0(0.0, 0.1455478516715963)
0(0.0, 0.1455354973799285)
0(0.0, 0.14539776354686923)
0(0.0, 0.14526330636614967)
0(0.0, 0.14525336722606902)
0(0.0, 0.14522940634915696)
0(0.0, 0.1451332749947113)
0(0.0, 0.14485934857671362)
0(0.0, 0.14457146973484444)
0(0.0, 0.14434291559392712)
0(0.0, 0.14427828714242785)
0(0.0, 0.1439888624437929)
0(0.0, 0.14393664866790523)
0(0.0, 0.14365893974882243)
0(0.0, 0.14328812895966297)
0(0.0, 0.14298264582720865)
0(0.0, 0.14284335799995845)
0(0.0, 0.14250003899146027)
0(0.0, 0.14223510158322433)
0(0.0, 0.14206560999808115)
0(0.0, 0.14167344061815074)
0(0.0, 0.14163444753926338)
0(0.0, 0.14124392863210541)
0(0.0, 0.14120793666993658)
0(0.0, 0.14097282196682986)
0(0.0, 0.14079750530267934)
0(0.0, 0.14075058313719954)
0(0.0, 0.14061060995571326)
0(0.0, 0.14054056281681057)
0(0.0, 0.14047701588507405)
0(0.0, 0.14019153669038875)
0(0.0, 0.14012361898412745)
0(0.0, 0.13946421683708835)
0(0.0, 0.13924945439665717)
0(0.0, 0.1392043139277227)
0(0.0, 0.1388408942048689)
0(0.0, 0.13882255918134256)
0(0.0, 0.13875439669286344)
0(0.0, 0.13856065724550787)
0(0.0, 0.1385138974051581)
0(0.0, 0.13848307294813894)
0(0.0, 0.13843712286126397)
0(0.0, 0.13811560671870254)
0(0.0, 0.13810918585593093)
0(0.0, 0.13773815799247105)
0(0.0, 0.1373491321945222)
0(0.0, 0.13707416226062477)
0(0.0, 0.13704942536137685)
0(0.0, 0.13690850525744092)
0(0.0, 0.13684224743071335)
0(0.0, 0.13655159235051748)
0(0.0, 0.1364977720629686)
0(0.0, 0.1364734198676033)
0(0.0, 0.1362950559157026)
0(0.0, 0.13609034542721166)
0(0.0, 0.13582585543241849)
0(0.0, 0.1357877893254951)
0(0.0, 0.13578027714107346)
0(0.0, 0.13559397184622732)
0(0.0, 0.13553547026723353)
0(0.0, 0.13526076498742254)
0(0.0, 0.1350240281671479)
0(0.0, 0.1350189570359138)
0(0.0, 0.1348459226284149)
0(0.0, 0.1343847683943297)
0(0.0, 0.13438245857986994)
0(0.0, 0.13426749199612714)
0(0.0, 0.1339709318561966)
0(0.0, 0.13396175554256556)
0(0.0, 0.13385131473927744)
0(0.0, 0.1338220569702651)
0(0.0, 0.13354224633358291)
0(0.0, 0.13305080247668366)
0(0.0, 0.1324088469809015)
0(0.0, 0.13211169887011506)
0(0.0, 0.1318306417925381)
0(0.0, 0.13182008337584525)
0(0.0, 0.131764469324135)
0(0.0, 0.1313185174501988)
0(0.0, 0.13130848098380762)
0(0.0, 0.13128930824757126)
0(0.0, 0.13107520747995074)
0(0.0, 0.13085161585984137)
0(0.0, 0.13024798834186554)
0(0.0, 0.1302029258286562)
0(0.0, 0.13019561836047072)
0(0.0, 0.13011243249434296)
0(0.0, 0.13005505811782017)
0(0.0, 0.12995214371020716)
0(0.0, 0.12982651192843864)
0(0.0, 0.12953722415991284)
0(0.0, 0.1294727464641975)
0(0.0, 0.12929718615103578)
0(0.0, 0.12919335034159404)
0(0.0, 0.12879042586060052)
0(0.0, 0.12867149062098895)
0(0.0, 0.1285642802715068)
0(0.0, 0.12826133185462044)
0(0.0, 0.12803945669194686)
0(0.0, 0.1277631744493843)
0(0.0, 0.12760153336663865)
0(0.0, 0.12755467590437333)
0(0.0, 0.12714924510698328)
0(0.0, 0.12708555039291153)
0(0.0, 0.1270498594595891)
0(0.0, 0.12698247490374737)
0(0.0, 0.12692602036392225)
0(0.0, 0.1267616722299715)
0(0.0, 0.12646959066624014)
0(0.0, 0.1264575032051336)
0(0.0, 0.12641499830428762)
0(0.0, 0.12630502855555037)
0(0.0, 0.12622223214330267)
0(0.0, 0.12620349954701252)
0(0.0, 0.12609623083310284)
0(0.0, 0.1258970416472521)
0(0.0, 0.12588709286624541)
0(0.0, 0.12577633153410384)
0(0.0, 0.12568114220392448)
0(0.0, 0.12548457779822336)
0(0.0, 0.12543170218601668)
0(0.0, 0.12528405242208696)
0(0.0, 0.12510045330913766)
0(0.0, 0.1249594811543003)
0(0.0, 0.12475143282840212)
0(0.0, 0.12452465266829306)
0(0.0, 0.12452171516524024)
0(0.0, 0.1245157895696804)
0(0.0, 0.12430532967597525)
0(0.0, 0.12408168258363321)
0(0.0, 0.12394333561768252)
0(0.0, 0.12370464507497697)
0(0.0, 0.12350972824883868)
0(0.0, 0.12344069638570827)
0(0.0, 0.12342685382462514)
0(0.0, 0.12303907856745652)
0(0.0, 0.12295817436790238)
0(0.0, 0.12283815079312164)
0(0.0, 0.12261385028221279)
0(0.0, 0.12255567628513005)
0(0.0, 0.12249456871517886)
0(0.0, 0.12244857223221818)
0(0.0, 0.12244781130110267)
0(0.0, 0.12233430518124148)
0(0.0, 0.12233225286527781)
0(0.0, 0.12216422760798949)
0(0.0, 0.12210944712199925)
0(0.0, 0.12200887959339707)
0(0.0, 0.12163647957046438)
0(0.0, 0.12153388428307542)
0(0.0, 0.12147451150572457)
0(0.0, 0.12133509671016064)
0(0.0, 0.12129120074861245)
0(0.0, 0.12124728892303467)
0(0.0, 0.1211691626362179)
0(0.0, 0.12104380592944373)
0(0.0, 0.12103770160641288)
0(0.0, 0.1210217208445088)
0(0.0, 0.12096991778076134)
0(0.0, 0.12088335122621949)
0(0.0, 0.12068580610096952)
0(0.0, 0.12067401896079576)
0(0.0, 0.12031136699166237)
0(0.0, 0.11975261258565541)
0(0.0, 0.11974083098511276)
0(0.0, 0.11951860831828338)
0(0.0, 0.11936998291915388)
0(0.0, 0.11928353517018245)
0(0.0, 0.11921708018657204)
0(0.0, 0.11898777318808222)
0(0.0, 0.11885336594903753)
0(0.0, 0.11884831301187451)
0(0.0, 0.11875711728423922)
0(0.0, 0.11871095417683653)
0(0.0, 0.11862307466180283)
0(0.0, 0.11853448723159084)
0(0.0, 0.11852502271214134)
0(0.0, 0.11847100510356555)
0(0.0, 0.11841004512986533)
0(0.0, 0.11825988386403279)
0(0.0, 0.11811929373696518)
0(0.0, 0.11783845165216135)
0(0.0, 0.11741939251654526)
0(0.0, 0.11740626117070484)
0(0.0, 0.11632952127118931)
0(0.0, 0.1162753072095279)
0(0.0, 0.11619132991957284)
0(0.0, 0.11607818476001137)
0(0.0, 0.11585529416374966)
0(0.0, 0.11572022046134481)
0(0.0, 0.11530512410742111)
0(0.0, 0.11527708666511681)
0(0.0, 0.11495426340096723)
0(0.0, 0.11425440628476073)
0(0.0, 0.114108111880742)
0(0.0, 0.11398563214999069)
0(0.0, 0.113885024857517)
0(0.0, 0.11372859384117794)
0(0.0, 0.11365432408918805)
0(0.0, 0.11338420189593289)
0(0.0, 0.11336287798855933)
0(0.0, 0.11330280171282062)
0(0.0, 0.11318899777004131)
0(0.0, 0.11308808557693759)
0(0.0, 0.11296822954673963)
0(0.0, 0.11268662898905234)
0(0.0, 0.11263578867297029)
0(0.0, 0.11199887851103778)
0(0.0, 0.11186167097300287)
0(0.0, 0.1115414936770047)
0(0.0, 0.11132118939508337)
0(0.0, 0.11102497982763217)
0(0.0, 0.11097698986182715)
0(0.0, 0.11068627898376569)
0(0.0, 0.11053695806958436)
0(0.0, 0.11043185088714308)
0(0.0, 0.11042907613382134)
0(0.0, 0.11034604917881587)
0(0.0, 0.11012387039079177)
0(0.0, 0.10933941365138203)
0(0.0, 0.10925142914995567)
0(0.0, 0.10885744422601655)
0(0.0, 0.10838263169593085)
0(0.0, 0.10827579166647734)
0(0.0, 0.10801209506939759)
0(0.0, 0.10789766647134638)
0(0.0, 0.10783359583923106)
0(0.0, 0.1073055240509681)
0(0.0, 0.10710668347774784)
0(0.0, 0.10707160653619312)
0(0.0, 0.10704956958958127)
0(0.0, 0.10684993345376073)
0(0.0, 0.10683594467158787)
0(0.0, 0.1065682210366739)
0(0.0, 0.10632126218401762)
0(0.0, 0.10605402792727207)
0(0.0, 0.1060103015868088)
0(0.0, 0.10574176072097682)
0(0.0, 0.10564993668817403)
0(0.0, 0.10513359103405409)
0(0.0, 0.10453901418494847)
0(0.0, 0.10419351841987311)
0(0.0, 0.10398515626406522)
0(0.0, 0.10393657679111969)
0(0.0, 0.10371572584650143)
0(0.0, 0.1032329414984344)
0(0.0, 0.10321004362199758)
0(0.0, 0.10260781658090436)
0(0.0, 0.10258245768462665)
0(0.0, 0.10197061204760909)
0(0.0, 0.10171264430447846)
0(0.0, 0.10163023899556767)
0(0.0, 0.1012196213640804)
0(0.0, 0.10073877192498336)
0(0.0, 0.10029634211549796)
0(0.0, 0.10002884709944344)
0(0.0, 0.10000512432603359)
0(0.0, 0.09930052342794271)
0(0.0, 0.0992933918945924)
0(0.0, 0.09901071171046934)
0(0.0, 0.09867000998413089)
0(0.0, 0.09689765631622983)
0(0.0, 0.09595553278648966)
0(0.0, 0.09465452761355639)
0(0.0, 0.09420211615633772)
0(0.0, 0.09371676266864856)
0(0.0, 0.09343767890327861)
0(0.0, 0.0931065951898479)
0(0.0, 0.0925600891098514)
