1(0.21752592817687283, 0.2383484010078766)
1(0.10097871439910205, 0.11976483970841716)
1(0.1291422120565844, 0.14682732597151948)
1(0.1209822863812933, 0.1385205032906777)
1(0.10499852324083525, 0.12232751112426717)
1(0.1286191507656538, 0.145804747493239)
1(0.12154909875767768, 0.13601891280157255)
1(0.10842947588466038, 0.1227083187266121)
1(0.12527053207648303, 0.13954625937530452)
1(0.15850958422921138, 0.1724743227722389)
1(0.10894306642852607, 0.12280616819527006)
1(0.12491427068285947, 0.1386174316901142)
1(0.11956569954750332, 0.13229654470940333)
1(0.09396580164297494, 0.1062749782047044)
1(0.10887539597574049, 0.12082055162971925)
1(0.12252445957125738, 0.13440686353624956)
1(0.08594569686115876, 0.09778653669072764)
1(0.10019858494376425, 0.11201266436314002)
1(0.09787644137478298, 0.10938274247489276)
1(0.0896972216730352, 0.10117946952888865)
1(0.08953629095958045, 0.10091340158567115)
1(0.1266303663668858, 0.13784441934642208)
1(0.12348737454291336, 0.13435791387837737)
1(0.11385302075541905, 0.12471561099953289)
1(0.10417552974096668, 0.11501244637678455)
1(0.12492073856698478, 0.1356036404592453)
1(0.09412820751527919, 0.10443903822470992)
1(0.09190251327610928, 0.10220668928399364)
1(0.08881336768604832, 0.09902559794215891)
1(0.11899372018562754, 0.12919791722141438)
1(0.11580567151438381, 0.1259291479905448)
1(0.13410910279973448, 0.14409934927083112)
1(0.12369273299153859, 0.1335706861769013)
1(0.10037288621512934, 0.110242960097644)
1(0.11174479712920801, 0.12159796390339991)
1(0.13475126424648937, 0.1445683632609226)
1(0.10439938036296784, 0.11410795725099512)
1(0.14684723399836613, 0.15645318512667983)
1(0.08072951750896229, 0.09012231813228115)
1(0.11405951696374647, 0.12339483758744753)
1(0.10850331823301332, 0.117828703213202)
1(0.1388743154890893, 0.14819298973430003)
1(0.13574212298089222, 0.1450375768993877)
1(0.12416691609948774, 0.13345634261772676)
1(0.10490334846949952, 0.11411539329175124)
1(0.10114302635915086, 0.110242960097644)
1(0.10683838759012543, 0.11580441769718856)
1(0.0900401644495427, 0.09896096193232451)
1(0.0931787579863915, 0.10196181020260081)
1(0.08136174283151847, 0.09012231813228115)
1(0.12160932551634682, 0.13036304018149444)
1(0.0944070850491825, 0.10305837350017549)
1(0.09572713804871695, 0.10436490017093662)
1(0.11474331879772552, 0.12334487349995721)
1(0.09171262576827528, 0.10018862826247692)
1(0.12256500965783655, 0.13101886801001753)
1(0.08043971682324362, 0.08883938150872725)
1(0.08630148784380992, 0.09468434794022758)
1(0.09001282215880808, 0.09836135403598599)
1(0.12224356166082842, 0.13043259736616863)
1(0.09612703210221853, 0.10415037735952176)
1(0.09002695362366962, 0.09794581254584689)
1(0.0963383293980823, 0.10425558350932797)
1(0.14322854454748635, 0.15105964982854406)
1(0.08628433625296345, 0.09409871805253306)
1(0.10481773186018566, 0.11262951471783046)
1(0.1681080806804562, 0.1757932054454154)
1(0.11023112356267914, 0.11790592134333863)
1(0.08781775724689686, 0.09545841020652716)
1(0.10640599209561255, 0.11403138554065854)
1(0.10330201787281679, 0.11089484099887419)
1(0.13624260694181053, 0.14379024966856319)
1(0.10015441874443559, 0.10766336252748405)
1(0.10683611360349862, 0.11432195039312858)
1(0.11970718656170957, 0.12705114721581742)
1(0.12885139244501223, 0.13618626972558043)
1(0.08096846600016833, 0.0882476967069726)
1(0.15499719959969738, 0.16227453538696668)
1(0.0906836306911456, 0.0978809132122263)
1(0.09904063414210532, 0.10622327691613195)
1(0.09006775251526376, 0.09721715666221051)
1(0.09594636419308718, 0.10309239444821111)
1(0.09434084132805108, 0.10141482558891783)
1(0.10454964678286909, 0.11148110724612141)
1(0.11846300673471982, 0.1253519559424848)
1(0.12909843747592187, 0.13593624522490114)
1(0.10499961206329025, 0.11183443592112585)
1(0.1320835655174366, 0.138838368181775)
1(0.09124456477670993, 0.09796686020327006)
1(0.09565957444374835, 0.10236690925503467)
1(0.10795688350846143, 0.11465632739647232)
1(0.12084202290695178, 0.12753744180153667)
1(0.09227516216010728, 0.09896096193232451)
1(0.10056511966196989, 0.10719987387861402)
1(0.12968355517655758, 0.13626980304667102)
1(0.10617270574115435, 0.11271331654789053)
1(0.10549053081446018, 0.11201781155063069)
1(0.11652107874648887, 0.12304287934501541)
1(0.09724407380551486, 0.10364844591823397)
1(0.1134236234537383, 0.1198129786888818)
1(0.10917463947637766, 0.11550883053605482)
1(0.09249002603217366, 0.09877652199983339)
1(0.08898072851649215, 0.09520116074576561)
1(0.09183732871559619, 0.09805095810649272)
1(0.12344576402878642, 0.12964861666395505)
1(0.10245932109512386, 0.10861671047528682)
1(0.1220339209457522, 0.12818842244874992)
1(0.13131445974982053, 0.1374634312591589)
1(0.10576456189134699, 0.11190643795632176)
1(0.12325580031262738, 0.12937747964095542)
1(0.11358974785116575, 0.1197056833861771)
1(0.0833297996923236, 0.08942073707100902)
1(0.11192023121026982, 0.11798544302886377)
1(0.15966673252533425, 0.1657205381072443)
1(0.13663571502873603, 0.1426593714610387)
1(0.09002567073957182, 0.09594793251957166)
1(0.11646286882433256, 0.12232623849648461)
1(0.11879791352504866, 0.12464346228605015)
1(0.09036745586095658, 0.09615786653413448)
1(0.09837481884091265, 0.10409160732951273)
1(0.13396395254727825, 0.1396324526650381)
1(0.12986306326714392, 0.13540601201945698)
1(0.11931286455899796, 0.12480598743735388)
1(0.11328153819786381, 0.11867720067370525)
1(0.13789445451729085, 0.14325132859830197)
1(0.14048317853482006, 0.145804747493239)
1(0.10674767934988638, 0.11201781155063069)
1(0.11778582257619857, 0.12305309457063465)
1(0.09611923622966898, 0.10130604068059681)
1(0.12600161147923358, 0.131165462155567)
1(0.11093281070245721, 0.1160865884240385)
1(0.11654172720598557, 0.12162615517472528)
1(0.10174882281051872, 0.10682937137217252)
1(0.11546451520345176, 0.1204912504317484)
1(0.09567151401489739, 0.10066514836469462)
1(0.09475524431314007, 0.09970919870476734)
1(0.11086589156117677, 0.11580441769718856)
1(0.10111761989377398, 0.10604372081656789)
1(0.08856647884516372, 0.09348141301942742)
1(0.09727333471570192, 0.10214054987390499)
1(0.098163248646058, 0.10301939212423245)
1(0.1310105707029028, 0.13585923112080603)
1(0.09407143455013971, 0.09890953742528147)
1(0.11632043211519703, 0.121137219715188)
1(0.13259103417055915, 0.13738950265915806)
1(0.1163849917429463, 0.1211619652297981)
1(0.14368668875899598, 0.14843066584581915)
1(0.12861177762413245, 0.13331177201932973)
1(0.0888718286600454, 0.09353319977043689)
1(0.12198427568950965, 0.12663250782836585)
1(0.09473058534309917, 0.09935666302328501)
1(0.1688652885121991, 0.17344940803773334)
1(0.11377702596432306, 0.11833077517672318)
1(0.09953580736794915, 0.10408123627400376)
1(0.14503997011370512, 0.14955486398118156)
1(0.09487750466778057, 0.09935666302328501)
1(0.10530705713730198, 0.10978448618969104)
1(0.10676210756175078, 0.11120370363292353)
1(0.13956953532524632, 0.14400095265561252)
1(0.12895081117733148, 0.13330983189237033)
1(0.12099217640977554, 0.12534518910074158)
1(0.11089635706595742, 0.11523986592490469)
1(0.11781019652919845, 0.12214539972460282)
1(0.130081292776354, 0.13440686353624956)
1(0.10287297696279472, 0.1071678019393467)
1(0.0981873924698362, 0.10246095849886955)
1(0.09693714640117876, 0.10116936755222387)
1(0.11195383507063074, 0.11618470402234465)
1(0.1389873948531569, 0.14320913519583886)
1(0.119581954405124, 0.12379191474278568)
1(0.09653034973129297, 0.10073562126055913)
1(0.10757505014063375, 0.11174713471236361)
1(0.11221394147701698, 0.1163744726249594)
1(0.1371101365128047, 0.14123552709811002)
1(0.11795218921526004, 0.12205399069897345)
1(0.10882961788019611, 0.11292944420371587)
1(0.09484065387963932, 0.09877131993480369)
1(0.13406237341821348, 0.13795304985179843)
1(0.10093205515923122, 0.1048190127995508)
1(0.09358278485117909, 0.09743418794983376)
1(0.11751447161261327, 0.12135918057001885)
1(0.09361025640224399, 0.09743418794983376)
1(0.09683900372791124, 0.10066183920909197)
1(0.09647335629510549, 0.10027498754965859)
1(0.10777900066768385, 0.11153916905434968)
1(0.11459924599145137, 0.11833077517672318)
1(0.12154395226246734, 0.1251916461341097)
1(0.12342755310714014, 0.12705114721581742)
1(0.14294115110943442, 0.14654808920609136)
1(0.09482476322222615, 0.09842506080437666)
1(0.11178988369353546, 0.11538676957810189)
1(0.11530267068272922, 0.11889654036043065)
1(0.11627450730365387, 0.11981463482356917)
1(0.11367561879871882, 0.11721170218465983)
1(0.13883994043086673, 0.14233715447738193)
1(0.11831822011002976, 0.12177016213188487)
1(0.10831506528824654, 0.11174713471236361)
1(0.1020989674124291, 0.10549810655303826)
1(0.11197081471079302, 0.11536007966657397)
1(0.11519811717143448, 0.11856443675356675)
1(0.21838224993910005, 0.22172377725191833)
1(0.0872725454350852, 0.09060398955390749)
1(0.10307360740488926, 0.1062740540340478)
1(0.10811660256193475, 0.11131601239487525)
1(0.0963980117648497, 0.09956098419330765)
1(0.12182967578726243, 0.12494995190251287)
1(0.12727383478663348, 0.13037246203457695)
1(0.11380714869966138, 0.11690220416334933)
1(0.12599663723429602, 0.12905052341376172)
1(0.12351066037716694, 0.12654260850741525)
1(0.18231071429771264, 0.18532173085265186)
1(0.10092708948696864, 0.10390736594137436)
1(0.10198275995169656, 0.10496113646994433)
1(0.10218426683803028, 0.10516255367904614)
1(0.11585767929593101, 0.11880165773680118)
1(0.09490111477942252, 0.09783078457813936)
1(0.1234054894244449, 0.12633161624635242)
1(0.13974759757074778, 0.1426443511914637)
1(0.09681946184992371, 0.09970919870476734)
1(0.100787108514247, 0.1036747787205811)
1(0.1150422753911485, 0.11790592134333863)
1(0.12692974679363966, 0.1297859254260543)
1(0.10041563091312083, 0.10320376050612483)
1(0.09123977242331534, 0.09401609707083167)
1(0.09472594988432641, 0.09748909283947638)
1(0.1270533888073139, 0.12981641505374353)
1(0.11938855064897477, 0.12214539972460282)
1(0.1189103945864621, 0.12162615517472528)
1(0.0971919312256693, 0.09990559253756046)
1(0.09501406520248742, 0.09770993809341923)
1(0.11319519686441216, 0.11588879392079265)
1(0.09900547271031707, 0.10169510437330134)
1(0.09655191134941965, 0.09924113438538429)
1(0.10945550272809394, 0.11213752124578827)
1(0.1135523339328522, 0.11610900760474772)
1(0.10009051970528236, 0.10264284516691151)
1(0.12928670581896212, 0.13179042723388298)
1(0.11870832006171161, 0.12119119912823836)
1(0.1007496326525589, 0.10322685623510272)
1(0.11915936112604342, 0.12162615517472528)
1(0.10766174575198312, 0.11012009825643708)
1(0.12278974549959096, 0.12520449471495132)
1(0.11531174330959586, 0.11762224840814356)
1(0.09272201899726712, 0.09498422535969195)
1(0.09082145080355698, 0.09305849891558872)
1(0.09452210886271716, 0.09675488024765891)
1(0.12705751078793692, 0.1292876688982267)
1(0.12290009666736398, 0.12512670830491043)
1(0.10719250087637751, 0.10940600571234961)
1(0.1007408765590899, 0.10293602100747679)
1(0.0913462664984712, 0.09345978128528633)
1(0.08987285494483958, 0.09198092800148755)
1(0.10280168390937527, 0.1049079591513351)
1(0.10603632148457912, 0.10814210430453686)
1(0.09323800125029495, 0.09533495308686549)
1(0.10943504260025179, 0.11149808135940018)
1(0.11290073095508893, 0.1149602732030515)
1(0.12331927915774316, 0.12536554677740797)
1(0.10582958836885702, 0.10783227542871572)
1(0.10392221572279191, 0.10588544334116018)
1(0.10941946834447291, 0.11136591096554697)
1(0.11054639860751753, 0.1124885417917527)
1(0.12608880859746766, 0.12802217381823808)
1(0.0932417922550427, 0.09512818406045805)
1(0.09828469948219601, 0.10015962243380266)
1(0.11260414870960096, 0.1144749123293058)
1(0.14335012789835058, 0.14520398734410903)
1(0.13719988177699532, 0.13904513623092202)
1(0.12714561187662424, 0.1289873345031872)
1(0.10645265893759043, 0.10828001174515307)
1(0.1050350842052246, 0.10682937137217252)
1(0.12202040866707901, 0.12380891657534498)
1(0.11064408971206442, 0.11241310994935533)
1(0.08790269061178903, 0.08965147684427524)
1(0.12644065875002816, 0.1281454218385935)
1(0.09646416578639833, 0.09816077105605017)
1(0.1096823276820564, 0.11135749714800366)
1(0.09730400181562528, 0.09896096193232451)
1(0.10147267561547561, 0.10312816387959724)
1(0.0961245166087613, 0.09777927992354213)
1(0.10176096398251802, 0.10340880733418575)
1(0.12017738622889575, 0.12179965689488181)
1(0.09463704720584698, 0.09623891229529563)
1(0.1187090287140944, 0.12029160496505446)
1(0.1087985812847494, 0.11036587197546689)
1(0.09222421695213931, 0.09378799480608874)
1(0.1054807342296428, 0.10704425407862188)
1(0.08943631236334786, 0.09098276943659298)
1(0.12211299762802287, 0.12365484314679169)
1(0.0974886459991969, 0.09902559794215891)
1(0.09507503176545819, 0.09659340608310742)
1(0.10974438337842521, 0.11123177732940334)
1(0.13365735421582034, 0.1351417499492038)
1(0.11478701343697865, 0.11624761194827388)
1(0.08734230107096261, 0.08878613306717148)
1(0.14862575346310783, 0.15006385821967813)
1(0.09139377720498448, 0.09281824453215508)
1(0.08596917869612337, 0.08738585466679522)
1(0.1355582849849728, 0.1369431860025468)
1(0.12344111654021801, 0.12480598743735388)
1(0.10729915422718277, 0.10865714053604837)
1(0.12660936027953537, 0.12793921303097278)
1(0.1009995116771012, 0.10232342040468133)
1(0.09336922041442981, 0.09468434794022758)
1(0.11127568285082147, 0.1125824987452909)
1(0.09318581223667502, 0.09446764691515432)
1(0.09411259758875908, 0.09537415710389055)
1(0.1169436522651036, 0.11820499047889131)
1(0.11799416551497438, 0.11924663314786137)
1(0.11829149159993924, 0.11953544314717261)
1(0.10512307625009659, 0.10635793662548639)
1(0.12657357313620882, 0.12779738821079498)
1(0.10389763563178049, 0.10510164129363514)
1(0.13308419771197375, 0.1342861748042485)
1(0.09849507943775423, 0.09968889108208286)
1(0.1028520937263202, 0.10402701353378005)
1(0.16151435881088153, 0.16267657171653485)
1(0.10148161765105232, 0.10264284516691151)
1(0.10907440864316122, 0.1102247893683531)
1(0.09836981860217217, 0.09944398470198541)
1(0.1058514382158839, 0.1069131223603749)
1(0.21114739564979793, 0.2122046922994734)
1(0.12526114514946127, 0.12631140975867367)
1(0.12634483002827593, 0.12738397175850963)
1(0.13063419621890515, 0.13163683289151412)
1(0.10810956598646385, 0.10907855984819817)
1(0.11661958451305462, 0.1175863238439888)
1(0.12757148522974748, 0.12853311036577747)
1(0.09956318425769747, 0.10050558665366692)
1(0.1267067623677731, 0.12763301843590735)
1(0.09830156995202718, 0.09922078369706783)
1(0.11547262640059532, 0.11639125285291953)
1(0.11307408014327447, 0.11398180361680119)
1(0.10757729339640648, 0.1084844676928581)
1(0.1225181647816123, 0.12338995053454621)
1(0.12415593453847043, 0.12498626341744129)
1(0.09565445331608685, 0.09648034442517622)
1(0.09730428609163784, 0.09812430250913871)
1(0.155403253663184, 0.15618766775005083)
1(0.1064933142344119, 0.10727198586390099)
1(0.11183738862159177, 0.11260856736918554)
1(0.11324433866061463, 0.11401183246618411)
1(0.13392347877933986, 0.13465925168527262)
1(0.10518265615909618, 0.10591424445352128)
1(0.09733362049471887, 0.09805095810649272)
1(0.09109564256529906, 0.09179935247930487)
1(0.10665691257265439, 0.10734815391035307)
1(0.08513966607302631, 0.0858287984696927)
1(0.0944131643716045, 0.09508028115815265)
1(0.12673618073719017, 0.12739902927963717)
1(0.09921084900741636, 0.09985487366744532)
1(0.11798152977847949, 0.11861094367391198)
1(0.11234782109851019, 0.11297146483443835)
1(0.10706304476156706, 0.10766767165338087)
1(0.1459135406240071, 0.14651240419830575)
1(0.09666166660283351, 0.09721715666221051)
1(0.13716893985549614, 0.1377166939859786)
1(0.13458620691685988, 0.13512830344465343)
1(0.10309999104777866, 0.10361611328616639)
1(0.13991129605410232, 0.14038461431686675)
1(0.10644645508157541, 0.1069131223603749)
1(0.10002595922410702, 0.10043431645259719)
1(0.10384955959045143, 0.10421355550189576)
1(0.08591147561571513, 0.08625551528351236)
1(0.19385383947671012, 0.19419754505656261)
1(0.11418572905792419, 0.11450813616975962)
1(0.13918368632518271, 0.13948803500399798)
1(0.11045495880628738, 0.1107373183267258)
1(0.10938449784033447, 0.10961103269818818)
1(0.11232956870575908, 0.11254777352011457)
1(0.12932415621779472, 0.12952530561938533)
1(0.0871870321075792, 0.08738585466679522)
1(0.129232859576795, 0.12938741026686515)
1(0.08464060498422142, 0.08470362640991379)
1(0.1303422735354001, 0.13037095283148664)
0(0.0, inf)
0(0.0, 2.888338074854809)
0(0.0, 1.8634140541803381)
0(0.0, 0.6030454991883958)
0(0.0, 0.28628197734540567)
0(0.0, 0.2625374568987681)
0(0.0, 0.2558886227409924)
0(0.0, 0.2528249656566693)
0(0.0, 0.2460290878000683)
0(0.0, 0.22255570043749082)
0(0.0, 0.21545511033862888)
0(0.0, 0.21498472269330926)
0(0.0, 0.20881247848961124)
0(0.0, 0.20557143503262942)
0(0.0, 0.19305746659399492)
0(0.0, 0.18937475795179443)
0(0.0, 0.17796026213113358)
0(0.0, 0.17698346174122576)
0(0.0, 0.1763333999050048)
0(0.0, 0.16776873718755442)
0(0.0, 0.16644805039357904)
0(0.0, 0.16245391638164425)
0(0.0, 0.15997608784323222)
0(0.0, 0.15744885771750203)
0(0.0, 0.1544367820305724)
0(0.0, 0.15050144668863966)
0(0.0, 0.148859851979035)
0(0.0, 0.14684418535396807)
0(0.0, 0.14635587844426823)
0(0.0, 0.1463477397693266)
0(0.0, 0.14597261413004198)
0(0.0, 0.14380025383725673)
0(0.0, 0.1426422586027612)
0(0.0, 0.14242011335457344)
0(0.0, 0.1423169503128818)
0(0.0, 0.14171686961533395)
0(0.0, 0.1417162440646376)
0(0.0, 0.14154661512014768)
0(0.0, 0.1411679551599811)
0(0.0, 0.14099320013476438)
0(0.0, 0.13964376044278984)
0(0.0, 0.13881790036704858)
0(0.0, 0.13862177393015956)
0(0.0, 0.13823469406232344)
0(0.0, 0.13756941075817206)
0(0.0, 0.1368021724791425)
0(0.0, 0.13678277357556004)
0(0.0, 0.1362149709590833)
0(0.0, 0.13613976362918837)
0(0.0, 0.13523283989550716)
0(0.0, 0.135082819085184)
0(0.0, 0.13432108699394904)
0(0.0, 0.1341208961816184)
0(0.0, 0.13381486867657288)
0(0.0, 0.13358521520457162)
0(0.0, 0.13311409671990856)
0(0.0, 0.13230938356185074)
0(0.0, 0.13209960386284447)
0(0.0, 0.13187664888958553)
0(0.0, 0.13091438921361317)
0(0.0, 0.1305140141400074)
0(0.0, 0.13020575321309322)
0(0.0, 0.12966768885164692)
0(0.0, 0.12966355028496498)
0(0.0, 0.12819279897384717)
0(0.0, 0.12814234526708795)
0(0.0, 0.12716574681758464)
0(0.0, 0.12682276399738984)
0(0.0, 0.12664744603742792)
0(0.0, 0.1263332262209501)
0(0.0, 0.12559957860799006)
0(0.0, 0.12531339609067663)
0(0.0, 0.12524460350193836)
0(0.0, 0.12505021297090385)
0(0.0, 0.1248201170445732)
0(0.0, 0.124799173531503)
0(0.0, 0.12379163682583064)
0(0.0, 0.12378595167468319)
0(0.0, 0.12374349763524162)
0(0.0, 0.12362893141887138)
0(0.0, 0.12347337106627546)
0(0.0, 0.12337005827767293)
0(0.0, 0.12290218580054996)
0(0.0, 0.12278395002118948)
0(0.0, 0.12260896731496347)
0(0.0, 0.12220681844332353)
0(0.0, 0.1220056210269124)
0(0.0, 0.12190976494452396)
0(0.0, 0.12189515802344862)
0(0.0, 0.12174249561163145)
0(0.0, 0.12161737258595998)
0(0.0, 0.12158975437659997)
0(0.0, 0.12154114167269545)
0(0.0, 0.12140236204165639)
0(0.0, 0.12136260941316193)
0(0.0, 0.12122461016640611)
0(0.0, 0.12109401571077985)
0(0.0, 0.12108257851824324)
0(0.0, 0.12078619798417757)
0(0.0, 0.12075673295629272)
0(0.0, 0.12068409673110599)
0(0.0, 0.12059176140593353)
0(0.0, 0.12030623645054049)
0(0.0, 0.12004941152272823)
0(0.0, 0.11980306132862059)
0(0.0, 0.1196447678235069)
0(0.0, 0.11959216671549804)
0(0.0, 0.11946910865710803)
0(0.0, 0.11943442898230655)
0(0.0, 0.11937241006849428)
0(0.0, 0.11930585257008543)
0(0.0, 0.11910133218891039)
0(0.0, 0.11894649402081517)
0(0.0, 0.11872123138452685)
0(0.0, 0.11860882851534993)
0(0.0, 0.11845503794164017)
0(0.0, 0.11838024044657351)
0(0.0, 0.11835127480245336)
0(0.0, 0.11816775235326869)
0(0.0, 0.11781266406867436)
0(0.0, 0.11772309144435023)
0(0.0, 0.1177059564205072)
0(0.0, 0.11716506781633837)
0(0.0, 0.1170908886239609)
0(0.0, 0.11704148279630006)
0(0.0, 0.11686035817306077)
0(0.0, 0.11685466788065864)
0(0.0, 0.11674174380830121)
0(0.0, 0.11640868304103517)
0(0.0, 0.1163028573279101)
0(0.0, 0.11621140958719979)
0(0.0, 0.11616993105198656)
0(0.0, 0.11610030282248214)
0(0.0, 0.11605032412992546)
0(0.0, 0.1160041589397587)
0(0.0, 0.11585963672660562)
0(0.0, 0.11566810062788514)
0(0.0, 0.11555131676245389)
0(0.0, 0.11541481607853282)
0(0.0, 0.11503137164273874)
0(0.0, 0.11499402313705098)
0(0.0, 0.11488200115683359)
0(0.0, 0.11449793557415097)
0(0.0, 0.1143711023425859)
0(0.0, 0.11430231152006486)
0(0.0, 0.11425959873167327)
0(0.0, 0.11423643849386926)
0(0.0, 0.1141632462260481)
0(0.0, 0.11412960736890332)
0(0.0, 0.114101528980193)
0(0.0, 0.11399283015509613)
0(0.0, 0.11360602895571052)
0(0.0, 0.11346375560266124)
0(0.0, 0.11335888752869185)
0(0.0, 0.1133581967320033)
0(0.0, 0.11330413094099528)
0(0.0, 0.11318637549596441)
0(0.0, 0.11316458270939321)
0(0.0, 0.11310682453257065)
0(0.0, 0.1130588473506529)
0(0.0, 0.11304849752393517)
0(0.0, 0.11283887940752836)
0(0.0, 0.11283610373422052)
0(0.0, 0.11282048659137664)
0(0.0, 0.11256560475949497)
0(0.0, 0.11253794663893069)
0(0.0, 0.11218538029480604)
0(0.0, 0.11194579032448662)
0(0.0, 0.11176891354622104)
0(0.0, 0.11176215439616184)
0(0.0, 0.11144798021422422)
0(0.0, 0.11144691543883685)
0(0.0, 0.11131699899152035)
0(0.0, 0.11128020526432678)
0(0.0, 0.11112221232175631)
0(0.0, 0.11097299825393055)
0(0.0, 0.11020877352822309)
0(0.0, 0.11017614266755914)
0(0.0, 0.10991456185555869)
0(0.0, 0.10985989333579424)
0(0.0, 0.1093737346233357)
0(0.0, 0.10931180450689426)
0(0.0, 0.1092956248189076)
0(0.0, 0.10913844826594997)
0(0.0, 0.10903443232815765)
0(0.0, 0.10899435155889516)
0(0.0, 0.10870094425539456)
0(0.0, 0.10854005277380673)
0(0.0, 0.10848279188831095)
0(0.0, 0.10819979677686282)
0(0.0, 0.10783566058862754)
0(0.0, 0.10774509037640354)
0(0.0, 0.1076195586363144)
0(0.0, 0.10755718289528372)
0(0.0, 0.107489574147252)
0(0.0, 0.10726064756865103)
0(0.0, 0.10721529615207301)
0(0.0, 0.1071496236056116)
0(0.0, 0.10711240430891845)
0(0.0, 0.10694148260375977)
0(0.0, 0.10683003139742786)
0(0.0, 0.10678229103030061)
0(0.0, 0.10678124550423071)
0(0.0, 0.10656643747891731)
0(0.0, 0.10606837585088422)
0(0.0, 0.10605117152256234)
0(0.0, 0.10602705287431533)
0(0.0, 0.10577731221364525)
0(0.0, 0.10556304875767121)
0(0.0, 0.10553515803699363)
0(0.0, 0.10522883659567266)
0(0.0, 0.10511185738798538)
0(0.0, 0.10506116739196582)
0(0.0, 0.10505846571089875)
0(0.0, 0.10481409590561178)
0(0.0, 0.10475230406684627)
0(0.0, 0.10414641003436875)
0(0.0, 0.10403685463646067)
0(0.0, 0.10387530984965268)
0(0.0, 0.10364559245132311)
0(0.0, 0.10360576460805074)
0(0.0, 0.10358792153749624)
0(0.0, 0.10341350262733841)
0(0.0, 0.10324935603244116)
0(0.0, 0.10294436439385032)
0(0.0, 0.10282134720566813)
0(0.0, 0.1026213427102194)
0(0.0, 0.10260275582252731)
0(0.0, 0.10244233439478884)
0(0.0, 0.10230734931937605)
0(0.0, 0.10220354775024706)
0(0.0, 0.10214694383313011)
0(0.0, 0.1018836050070898)
0(0.0, 0.10185718707407976)
0(0.0, 0.10171517048265032)
0(0.0, 0.10146532531697658)
0(0.0, 0.10144613385491642)
0(0.0, 0.1014439608931442)
0(0.0, 0.10136766908148737)
0(0.0, 0.10126530693998446)
0(0.0, 0.10113869971795895)
0(0.0, 0.10095754985353936)
0(0.0, 0.1007993425090772)
0(0.0, 0.10070977806592253)
0(0.0, 0.10056134686564402)
0(0.0, 0.10050258085609229)
0(0.0, 0.10029504923850807)
0(0.0, 0.0999285218734085)
0(0.0, 0.09961962705713977)
0(0.0, 0.09961552103749001)
0(0.0, 0.0995234987421355)
0(0.0, 0.09950171365527903)
0(0.0, 0.0993602456460952)
0(0.0, 0.09932534664355037)
0(0.0, 0.09931559035405071)
0(0.0, 0.09911460853844657)
0(0.0, 0.09905780029774658)
0(0.0, 0.09888891626879877)
0(0.0, 0.09831189812425309)
0(0.0, 0.09787524979847136)
0(0.0, 0.09754457436050852)
0(0.0, 0.09726658608647139)
0(0.0, 0.09723755408196771)
0(0.0, 0.09718463474474885)
0(0.0, 0.09708888362789792)
0(0.0, 0.09686113931819264)
0(0.0, 0.09656807756615135)
0(0.0, 0.09654751594971453)
0(0.0, 0.09654568773664493)
0(0.0, 0.09653683856366681)
0(0.0, 0.09643031173780182)
0(0.0, 0.0963535130529048)
0(0.0, 0.09613730846158552)
0(0.0, 0.09598747323227552)
0(0.0, 0.095805451349599)
0(0.0, 0.09577988952953391)
0(0.0, 0.09576294379069653)
0(0.0, 0.09571960331030106)
0(0.0, 0.09570380991187336)
0(0.0, 0.09522348211530328)
0(0.0, 0.09516237791898861)
0(0.0, 0.09504152358382859)
0(0.0, 0.09504133595846788)
0(0.0, 0.0949572119434877)
0(0.0, 0.09493024050102543)
0(0.0, 0.09492190913491366)
0(0.0, 0.09488487902896843)
0(0.0, 0.09483745210170184)
0(0.0, 0.09456783995535864)
0(0.0, 0.09445954917614248)
0(0.0, 0.09427397200486469)
0(0.0, 0.09420852906509672)
0(0.0, 0.09394922161058071)
0(0.0, 0.0939223306503334)
0(0.0, 0.09381474869597516)
0(0.0, 0.09369513752812483)
0(0.0, 0.09338752727469576)
0(0.0, 0.09321989975314449)
0(0.0, 0.09318383145455897)
0(0.0, 0.09304936859776182)
0(0.0, 0.0928118012747117)
0(0.0, 0.0927495738230999)
0(0.0, 0.09270420266882658)
0(0.0, 0.09269774998844918)
0(0.0, 0.09254808606457676)
0(0.0, 0.09241772225428069)
0(0.0, 0.0920714379635634)
0(0.0, 0.09177135068442799)
0(0.0, 0.09165142546069868)
0(0.0, 0.09157795985905598)
0(0.0, 0.09135487469651032)
0(0.0, 0.09105262558573579)
0(0.0, 0.09098308415087816)
0(0.0, 0.09057232474945179)
0(0.0, 0.09057124715025151)
0(0.0, 0.09054488672761207)
0(0.0, 0.09049703852159023)
0(0.0, 0.09048460007406461)
0(0.0, 0.09045804866539638)
0(0.0, 0.09040146592536417)
0(0.0, 0.09037406349957178)
0(0.0, 0.09025843798574928)
0(0.0, 0.09025802514666684)
0(0.0, 0.09020249909535198)
0(0.0, 0.09018339360798537)
0(0.0, 0.09009175264189848)
0(0.0, 0.08989914616162371)
0(0.0, 0.08968722542213486)
0(0.0, 0.08966721368888636)
0(0.0, 0.08953093502349603)
0(0.0, 0.0894981847117459)
0(0.0, 0.08939251555363009)
0(0.0, 0.08939119702878359)
0(0.0, 0.0890682025644065)
0(0.0, 0.08899115660102194)
0(0.0, 0.08898152989208556)
0(0.0, 0.088690715148716)
0(0.0, 0.088654404696576)
0(0.0, 0.08857405070970037)
0(0.0, 0.0885357584371391)
0(0.0, 0.08850614496111782)
0(0.0, 0.08843207652160805)
0(0.0, 0.08827846199037144)
0(0.0, 0.0882188013582937)
0(0.0, 0.08794088493612802)
0(0.0, 0.08793466655821572)
0(0.0, 0.08790013479574826)
0(0.0, 0.08781355860339911)
0(0.0, 0.08779425575802066)
0(0.0, 0.08779200810676539)
0(0.0, 0.08775874620733702)
0(0.0, 0.08775302170632666)
0(0.0, 0.08760949911679097)
0(0.0, 0.08760181996399853)
0(0.0, 0.0875931974417264)
0(0.0, 0.08759053125828051)
0(0.0, 0.08755553626185597)
0(0.0, 0.087361409417813)
0(0.0, 0.08731384784203561)
0(0.0, 0.08730203985763524)
0(0.0, 0.08720702100368574)
0(0.0, 0.08720208433352467)
0(0.0, 0.08716107058887934)
0(0.0, 0.08709920652174308)
0(0.0, 0.0870988788356653)
0(0.0, 0.08696106976484118)
0(0.0, 0.08658177591896411)
0(0.0, 0.08628282660222925)
0(0.0, 0.08622153697170623)
0(0.0, 0.08618427732472242)
0(0.0, 0.08614990917926378)
0(0.0, 0.08613311811705747)
0(0.0, 0.08609971270041096)
0(0.0, 0.08607967429703978)
0(0.0, 0.08604439603680408)
0(0.0, 0.08600105609929741)
0(0.0, 0.08591104618485967)
0(0.0, 0.08587649017155982)
0(0.0, 0.08564293267792654)
0(0.0, 0.08489430940192366)
0(0.0, 0.08470547171564015)
0(0.0, 0.08467978245512238)
0(0.0, 0.08448036414297296)
0(0.0, 0.08436641676544919)
0(0.0, 0.08430155191287036)
0(0.0, 0.08422516816912771)
0(0.0, 0.08402408950025435)
0(0.0, 0.08372454677414243)
0(0.0, 0.08343344245997739)
0(0.0, 0.08334126932345746)
0(0.0, 0.08334103300101545)
0(0.0, 0.08284976284472985)
0(0.0, 0.0822538045153401)
0(0.0, 0.08191038701818405)
0(0.0, 0.08163598526170993)
0(0.0, 0.08101007411192171)
0(0.0, 0.08071049605238696)
0(0.0, 0.08065333715837282)
0(0.0, 0.080646006320475)
0(0.0, 0.08036571508894734)
0(0.0, 0.08026911740588027)
0(0.0, 0.08014891383633829)
0(0.0, 0.0801128703536998)
0(0.0, 0.07997002489639109)
0(0.0, 0.07996361300701757)
0(0.0, 0.07951343363887692)
0(0.0, 0.07943229707641815)
0(0.0, 0.07938006925912784)
0(0.0, 0.07924738270581)
0(0.0, 0.07903813605025473)
0(0.0, 0.07889614255776839)
0(0.0, 0.07883583130458807)
0(0.0, 0.078212711166942)
0(0.0, 0.07808488268482293)
0(0.0, 0.07783137029380893)
0(0.0, 0.07767051393342549)
0(0.0, 0.07755913551769403)
0(0.0, 0.07751864595944995)
0(0.0, 0.07685392383885549)
0(0.0, 0.07671907539676368)
0(0.0, 0.07445475638085054)
0(0.0, 0.0743200785683421)
0(0.0, 0.07392850652772619)
0(0.0, 0.07389530334887622)
0(0.0, 0.0732646779024823)
0(0.0, 0.07321477877492132)
0(0.0, 0.07211343581801101)
0(0.0, 0.07145671962722909)
0(0.0, 0.0695851195829313)
0(0.0, 0.06883050688220999)
0(0.0, 0.06774935538093382)
0(0.0, 0.06649483688727437)
