1(0.18853023520426618, 0.23086766270119882)
1(0.3630911518759538, 0.3973594669746858)
1(0.18959231657113718, 0.22248694054010038)
1(0.1793558204604191, 0.21178465764449228)
1(0.22436376006185554, 0.25583224808578486)
1(0.24646941164335212, 0.27733244325246054)
1(0.14047948968511975, 0.17075589657734028)
1(0.23566792595050273, 0.26585014859844686)
1(0.1349369822842285, 0.1648895174796186)
1(0.1732033590288331, 0.1997085827999784)
1(0.17399048961747127, 0.20044668513378558)
1(0.1284372361182337, 0.1540127943804145)
1(0.12451550274748446, 0.14998262030914591)
1(0.14998974604643295, 0.17251561355942063)
1(0.12628331382273483, 0.14859365269937)
1(0.12488304364029079, 0.14702718646605495)
1(0.1553746601987909, 0.17624203658564877)
1(0.1521728320424277, 0.17255224736749247)
1(0.13285356598095482, 0.15311987529174517)
1(0.131061208415761, 0.1513189823444825)
1(0.14473504975969825, 0.16491784141012875)
1(0.15282176082258933, 0.17280102423710256)
1(0.13056615562807483, 0.15026609700392016)
1(0.13112768639701386, 0.1507492091925818)
1(0.17604672150774248, 0.19515334333281115)
1(0.12593333828765443, 0.14450674282709722)
1(0.1603518103098217, 0.17827288071267824)
1(0.18279192218115556, 0.20044668513378558)
1(0.16515275893740491, 0.1826157940959234)
1(0.15203787828402432, 0.16924282654464726)
1(0.1307146939659626, 0.14770995985050722)
1(0.1779334187370642, 0.19477165022221685)
1(0.11382332058825566, 0.13061545877217945)
1(0.13072999637926028, 0.14630921533718455)
1(0.13358192162882707, 0.14914429345590216)
1(0.1183400964759757, 0.13386091646660142)
1(0.16088231208494527, 0.17619631552271856)
1(0.12573222100932355, 0.1409164082305798)
1(0.15714769409039664, 0.17231314460305866)
1(0.18766072129058187, 0.2028140453564187)
1(0.16812186553770675, 0.18317108624710202)
1(0.11305423961300903, 0.12799585373523165)
1(0.09864261849609285, 0.11357481161069703)
1(0.14817836633830045, 0.16306111598130854)
1(0.12346767932288484, 0.1381769924268194)
1(0.1185864238193411, 0.13277455357017226)
1(0.1292052451840458, 0.14336190517878852)
1(0.1346104093447033, 0.14775261222956462)
1(0.18122164817940442, 0.19388168170503298)
1(0.12865539507027374, 0.14107301869272715)
1(0.1770263843484523, 0.18939090591490884)
1(0.18849395353204176, 0.20077894237845534)
1(0.11320016936979665, 0.1251784296405436)
1(0.10840400162419293, 0.1203219034634738)
1(0.15061760960136383, 0.1624889082583217)
1(0.14361382122470717, 0.15529204523098827)
1(0.10420324423497541, 0.11577297194023659)
1(0.11470780949660578, 0.12620307402706574)
1(0.12889901316510916, 0.14033161424777146)
1(0.1516969672222708, 0.16304297001763057)
1(0.18974529014984445, 0.20100593365832287)
1(0.13982958929695577, 0.15100607210094333)
1(0.14832161442824354, 0.15941960206776987)
1(0.11812724323627014, 0.12918064700476878)
1(0.18577326129693564, 0.196770116361085)
1(0.23200686001305973, 0.24299405955266204)
1(0.14271452160160758, 0.15362311839391102)
1(0.09513542369832284, 0.10584182462643206)
1(0.13704328143812525, 0.14770995985050722)
1(0.15395988683481288, 0.16451301179610592)
1(0.10729472431571893, 0.11780962529157879)
1(0.11553094596485197, 0.12555572585611904)
1(0.1315463310307981, 0.1415230132010728)
1(0.1269863657192267, 0.1368716859365656)
1(0.14162704429712325, 0.15151149669556344)
1(0.12038353844383182, 0.13019304463108317)
1(0.10321846051709223, 0.11295119938927584)
1(0.15325711095159944, 0.1629443332789238)
1(0.10086457650343318, 0.11041754086689279)
1(0.13867531455286308, 0.14820398177790675)
1(0.10961109032932903, 0.11908548042745143)
1(0.15411173284145108, 0.1634180870223804)
1(0.13155174324268287, 0.1408547523623776)
1(0.20821148011379761, 0.21721409470640246)
1(0.14780888749569063, 0.15676598989327944)
1(0.16255194145753946, 0.1714111285670511)
1(0.16349116140988668, 0.1722808581575576)
1(0.14102784586670258, 0.14971322934291148)
1(0.11203684323530329, 0.12066019053412122)
1(0.11915268199759617, 0.12772344316122777)
1(0.1250864001832677, 0.13364192855124254)
1(0.13982880918368967, 0.1483111756495394)
1(0.14532024890551182, 0.15375868688323882)
1(0.11237767851497744, 0.12081132973156218)
1(0.11282148941318856, 0.12125104137425444)
1(0.15911357662157397, 0.1674926972744241)
1(0.15864664784040822, 0.1669327604186398)
1(0.12632975713841216, 0.13459313199580109)
1(0.11967167523176216, 0.1278704918793288)
1(0.13316085461502036, 0.1413390323640969)
1(0.10927870246270849, 0.1174479272088943)
1(0.13240525093633682, 0.1404766034829734)
1(0.1526754576529827, 0.1607187555744635)
1(0.13945780864451252, 0.1474457709388895)
1(0.12499789211880313, 0.13298076351405408)
1(0.09369350890358163, 0.10163785629138308)
1(0.1257523110589931, 0.13364192855124254)
1(0.12321925068841019, 0.13109949407998236)
1(0.12353987617092405, 0.1313940679671646)
1(0.1629427277664594, 0.17078203678248485)
1(0.18490799892921092, 0.19268664874555055)
1(0.12596134847230536, 0.13364192855124254)
1(0.10917088050310579, 0.1168477881369878)
1(0.13905475193761904, 0.14670309856527647)
1(0.21213826649585063, 0.21962643258043388)
1(0.12620120199372323, 0.13365942135740944)
1(0.14416429821763332, 0.15160129842977174)
1(0.1770153004350162, 0.18435985327268992)
1(0.11962541700790766, 0.12695270486809124)
1(0.13352574778987325, 0.1408324577317177)
1(0.10614734445904138, 0.11332549451976806)
1(0.10774402085538363, 0.11483345585753918)
1(0.13708444102299888, 0.14417142295837085)
1(0.1420846767431558, 0.1491142855053693)
1(0.14506656940276041, 0.15200689715989552)
1(0.17172374543876007, 0.1786441153109857)
1(0.11238863814209309, 0.119255042994391)
1(0.1313368282351266, 0.13812840734650653)
1(0.21753806167831527, 0.22417407518793547)
1(0.14641364797796239, 0.15301249084738258)
1(0.11046016909861567, 0.11705123104464069)
1(0.1139163547345881, 0.1204127576658572)
1(0.1505745897602577, 0.15705681323505077)
1(0.14478390763131044, 0.15125369926933635)
1(0.15045139712827177, 0.15690797079604513)
1(0.12884802422260172, 0.13523103782755236)
1(0.1358265466099989, 0.14217006983076622)
1(0.1372645063020775, 0.14353534855843617)
1(0.09850727855132914, 0.10460043850942516)
1(0.23450882728881225, 0.24042694752285926)
1(0.12440852553803798, 0.1303169535468906)
1(0.12691889099144857, 0.13278834390023495)
1(0.13385653761001212, 0.13961296987063349)
1(0.13898033206134378, 0.14464894887961788)
1(0.18227748855840123, 0.1879237934906334)
1(0.09485644292566796, 0.10040412175604994)
1(0.17655845610444118, 0.18209964114309718)
1(0.11962759290948838, 0.12513009135298234)
1(0.1279301827717632, 0.13341079767980257)
1(0.11525670024709621, 0.12063710960928911)
1(0.10328178895971797, 0.10864900906547266)
1(0.1363036725130001, 0.14153796908362792)
1(0.17909944022025592, 0.1842978550658322)
1(0.12929468134168035, 0.13449128069260088)
1(0.18058894134105757, 0.18570786646670853)
1(0.13447727820361272, 0.1395474170378238)
1(0.1156733194199989, 0.12067383579034585)
1(0.14193237224146935, 0.14692098500350453)
1(0.10160716592342393, 0.10659051010698552)
1(0.17149381609674658, 0.17635517648813873)
1(0.15854299564737007, 0.1633593936858561)
1(0.13923269976150554, 0.14403943063918717)
1(0.15020077951661745, 0.15493768518735704)
1(0.14550081866872003, 0.15021712530428055)
1(0.12021939133465165, 0.12484090289205657)
1(0.13711199050129474, 0.14168086965135937)
1(0.09800506400553212, 0.1025708701089499)
1(0.12794873641487298, 0.13250810974627056)
1(0.11589139866955171, 0.12044846097087726)
1(0.14743122440161952, 0.1519641003898863)
1(0.10923957834876931, 0.1137624292108084)
1(0.2163369249904641, 0.22084692090655647)
1(0.14999333928293587, 0.1544927803953317)
1(0.13447658347641495, 0.1389686814149554)
1(0.1416461712070332, 0.14613624249853752)
1(0.1347204401288774, 0.13918711399579567)
1(0.13108115554837851, 0.13553413767508912)
1(0.10707804888382012, 0.11150248606453814)
1(0.12339371794588051, 0.127809084782101)
1(0.1775071413978692, 0.18184201643534212)
1(0.13627255987596543, 0.14052336008067975)
1(0.14152291793105384, 0.14571256592374768)
1(0.11552711915902278, 0.1196918019806064)
1(0.1747550219595778, 0.17890388865941653)
1(0.13203681448156976, 0.13617407858087843)
1(0.17456563014133963, 0.1785769657318129)
1(0.2142370674671995, 0.2182439598012339)
1(0.11162420955968796, 0.11556071412279027)
1(0.11482021931314022, 0.1187549128513559)
1(0.13176912657543932, 0.13557692249715553)
1(0.14079319755802291, 0.14450674282709722)
1(0.175296089163479, 0.17894646601999536)
1(0.10711477594125932, 0.11076511018632688)
1(0.15716028958443445, 0.1608043844129115)
1(0.1365879861668302, 0.14019495332599063)
1(0.1314800188993753, 0.13505774125216424)
1(0.13340253106443317, 0.1369530986504267)
1(0.14741785342062763, 0.15093662775060177)
1(0.10937796805447204, 0.11288623373622202)
1(0.1361266280013804, 0.13960898101588234)
1(0.14082830408013414, 0.14424760262641328)
1(0.11649258989239071, 0.11988745572778234)
1(0.10688224836848322, 0.1102744926487419)
1(0.17434783787310085, 0.17767489942517806)
1(0.12845747610837274, 0.1317321025026013)
1(0.13426804405742263, 0.13753366025869987)
1(0.18563201356597028, 0.1888812201988091)
1(0.12995175785117258, 0.13318371586638594)
1(0.13587180927791662, 0.1390928130123289)
1(0.1194994906708596, 0.12271497413123958)
1(0.1528525949529563, 0.15604506602640297)
1(0.1441498493032883, 0.14728952456304187)
1(0.13292510921607525, 0.1360408382920088)
1(0.12380213448236917, 0.12684448720668956)
1(0.14092802795177026, 0.14396528881646686)
1(0.14745106545944509, 0.15045961513693773)
1(0.10574569799599487, 0.10875163022682303)
1(0.11654522764852841, 0.11949261385361877)
1(0.13270684020891432, 0.13563416362850805)
1(0.14902550178157295, 0.151919031411555)
1(0.17469826564463656, 0.17756755318165468)
1(0.11967542755002421, 0.12246950976811193)
1(0.13684172529681585, 0.13961296987063349)
1(0.1491096984817628, 0.151878070725101)
1(0.11904915700028519, 0.12178123484985721)
1(0.10594323260737411, 0.10864900906547266)
1(0.2064319739694956, 0.20908081755736052)
1(0.13263505657436644, 0.13527025329215597)
1(0.12369973690856205, 0.1263215417075897)
1(0.11960787163607925, 0.12220025329188276)
1(0.17577692845114307, 0.1783525908792957)
1(0.17281929481172761, 0.17534051664315822)
1(0.1746890092588555, 0.17718371417977832)
1(0.13548158082719627, 0.13797185674040072)
1(0.16282835124725079, 0.16530217335834388)
1(0.16238829703149418, 0.1648311546975075)
1(0.14027592088344798, 0.14271262872246732)
1(0.1202022119435419, 0.12260238564683644)
1(0.14174345592957294, 0.14412012527311502)
1(0.11837912411388321, 0.12075098221999594)
1(0.13297203142335381, 0.135339394277347)
1(0.11653797454560487, 0.11887243076889241)
1(0.10614899168568365, 0.10846813662144764)
1(0.13680326202290038, 0.13907948199499795)
1(0.14554383970283113, 0.14775261222956462)
1(0.15346561271718548, 0.15566495353661047)
1(0.15162914327121102, 0.15382585810041566)
1(0.11539905156138312, 0.11757256968254247)
1(0.25298783208795916, 0.2551398014832528)
1(0.15945630009556755, 0.16152246395314535)
1(0.15012490030176784, 0.15213476584549424)
1(0.11616106509750682, 0.11816762285339132)
1(0.10261141216057199, 0.10460043850942516)
1(0.11098287553809413, 0.11294675680927485)
1(0.10973117309209016, 0.11168104136058107)
1(0.17109511306119607, 0.17302567191205961)
1(0.09733344126344322, 0.0991557865356699)
1(0.11247630133599043, 0.11429138065194872)
1(0.12239064232225376, 0.12416343994183658)
1(0.13321735184416936, 0.13496634201374208)
1(0.1314221002921643, 0.13312208662716168)
1(0.14493623718563287, 0.14663526067607016)
1(0.19085915631448516, 0.19254642015586787)
1(0.11394105335609403, 0.11555051260807321)
1(0.15090929686010776, 0.1524956631916674)
1(0.14320817129206243, 0.1447296693328411)
1(0.14754365252190893, 0.1490637841623953)
1(0.1742924370008088, 0.17576584204354948)
1(0.11619046770011979, 0.11763598452112657)
1(0.12032184531883452, 0.12174762940508067)
1(0.3013285410062219, 0.30271205468668355)
1(0.11582868424259164, 0.11720470577041293)
1(0.12735168022917717, 0.1286957946249121)
1(0.11897785779511323, 0.1203219034634738)
1(0.12291892071730434, 0.12424799070361352)
1(0.1286792669407766, 0.13000794097403198)
1(0.16161757751107145, 0.1629443332789238)
1(0.14391876665389877, 0.14522992946428406)
1(0.13830572122619889, 0.13961296987063349)
1(0.13199890793181562, 0.1332895105071215)
1(0.10671880574936526, 0.10794830208279739)
1(0.14960206089160344, 0.1508203591452619)
1(0.1396212941753651, 0.14078907333942198)
1(0.11072758404330325, 0.1118670090990592)
1(0.16081131603056137, 0.16190900063044786)
1(0.13838742835989504, 0.13942987796646708)
1(0.14257164093818192, 0.14360268409397323)
1(0.13263557451367405, 0.13364438201163104)
1(0.142997001774528, 0.14399928052703848)
1(0.11764445457002495, 0.11862414975015294)
1(0.14346183554648712, 0.14439728091388185)
1(0.10070564202279698, 0.10163785629138308)
1(0.11825478202295808, 0.11915779788278029)
1(0.15580551679672175, 0.15666617266403238)
1(0.13248332221359757, 0.13323909352138705)
1(0.13788179606220652, 0.13861316806770368)
1(0.1713513724546081, 0.17207678158869968)
1(0.1254327232811738, 0.12615146682080883)
1(0.14816686415686617, 0.1488823354391338)
1(0.22293328591310602, 0.22364584726101255)
1(0.13014823297757108, 0.1308440213942116)
1(0.12661833686016466, 0.127285651081637)
1(0.12308301185638311, 0.12374585471521587)
1(0.13235259759137974, 0.133009394952105)
1(0.10853701095973636, 0.10919255807393136)
1(0.11537612735816938, 0.1160179863353504)
1(0.13039924194662894, 0.13102333810755964)
1(0.24880567967188036, 0.24937974669860352)
1(0.10795303514363176, 0.10846813662144764)
1(0.12322000942169527, 0.12372715748714742)
1(0.13296950191967374, 0.1334256352385188)
1(0.2190168351402579, 0.21943179970800847)
1(0.11497318951574396, 0.11535207676684696)
1(0.14054826050170097, 0.1409164082305798)
1(0.10073978273771929, 0.10106164199484642)
1(0.13440776089812487, 0.1347099365533285)
1(0.10143620136927929, 0.10169214496248212)
1(0.16781104869466953, 0.16802721236255408)
1(0.13876960409590153, 0.1389686814149554)
1(0.1272648211736685, 0.12742135297072438)
1(0.14406559006856132, 0.1442107821625271)
1(0.16078099182067243, 0.16092361510101832)
1(0.12965199686397472, 0.12978801537171905)
1(0.21527324147539909, 0.21539398032754664)
1(0.12214442384935185, 0.12225330561474602)
1(0.12812245248609344, 0.1281898955104427)
1(0.12222412858386313, 0.12225330561474602)
1(0.1373355101603388, 0.13734220385496923)
0(0.0, inf)
0(0.0, 2.2215018927105565)
0(0.0, 0.7743845567565494)
0(0.0, 0.43474178622390575)
0(0.0, 0.42228436343855447)
0(0.0, 0.34473970826100836)
0(0.0, 0.2903396987757388)
0(0.0, 0.2853535736705672)
0(0.0, 0.2786962757818985)
0(0.0, 0.2660074026826249)
0(0.0, 0.24427488484653426)
0(0.0, 0.23708972913157997)
0(0.0, 0.23424129114116513)
0(0.0, 0.23296489331947995)
0(0.0, 0.21325806038360637)
0(0.0, 0.21137012349012635)
0(0.0, 0.2100756835021501)
0(0.0, 0.20589119178302553)
0(0.0, 0.20507456602054225)
0(0.0, 0.203829593159378)
0(0.0, 0.20373071932995493)
0(0.0, 0.19523199261794366)
0(0.0, 0.1946615566240007)
0(0.0, 0.1943335010768478)
0(0.0, 0.1932639179810958)
0(0.0, 0.19220350436261083)
0(0.0, 0.19146686062192347)
0(0.0, 0.18973736357452278)
0(0.0, 0.18699712660828727)
0(0.0, 0.1864262022053664)
0(0.0, 0.18637540103479935)
0(0.0, 0.18259676980802855)
0(0.0, 0.18212690900015804)
0(0.0, 0.18036040506003262)
0(0.0, 0.1801924800572105)
0(0.0, 0.17953683444999435)
0(0.0, 0.17907880686028044)
0(0.0, 0.17874996340773072)
0(0.0, 0.175875654391613)
0(0.0, 0.17563150734889357)
0(0.0, 0.17526769073844675)
0(0.0, 0.17373189646322065)
0(0.0, 0.1723095034017263)
0(0.0, 0.17200828978034327)
0(0.0, 0.17145850951462746)
0(0.0, 0.1712975087362706)
0(0.0, 0.16824554959431423)
0(0.0, 0.16736046461335286)
0(0.0, 0.1672810878241466)
0(0.0, 0.16717192605984735)
0(0.0, 0.16713726317934272)
0(0.0, 0.1669748118207958)
0(0.0, 0.1662209953637996)
0(0.0, 0.1659472349793601)
0(0.0, 0.16593586104316438)
0(0.0, 0.16573845797743608)
0(0.0, 0.16567320397814858)
0(0.0, 0.1644516275876498)
0(0.0, 0.16385195979249514)
0(0.0, 0.1637307734519289)
0(0.0, 0.1636493111029563)
0(0.0, 0.16353437204963345)
0(0.0, 0.16326130783780074)
0(0.0, 0.1622234613689471)
0(0.0, 0.16219741759229628)
0(0.0, 0.16115272349212262)
0(0.0, 0.16110179638323696)
0(0.0, 0.16080390208827372)
0(0.0, 0.1607857366895988)
0(0.0, 0.160405407284358)
0(0.0, 0.15887210089222475)
0(0.0, 0.15868501402935778)
0(0.0, 0.15860451536976852)
0(0.0, 0.15834876310418358)
0(0.0, 0.1579705958838728)
0(0.0, 0.15765339839088244)
0(0.0, 0.1564604502981628)
0(0.0, 0.15641693899332715)
0(0.0, 0.1561474399084624)
0(0.0, 0.15521677479441592)
0(0.0, 0.15485519711471807)
0(0.0, 0.15483851977039326)
0(0.0, 0.1545256549270199)
0(0.0, 0.15448722880066545)
0(0.0, 0.15400405410382992)
0(0.0, 0.15346351614078554)
0(0.0, 0.15299769018388976)
0(0.0, 0.15295899725676665)
0(0.0, 0.1529279507931426)
0(0.0, 0.15291285769343244)
0(0.0, 0.1524909714184608)
0(0.0, 0.15237317997368086)
0(0.0, 0.15231157822732896)
0(0.0, 0.15224206156954995)
0(0.0, 0.1521369514523634)
0(0.0, 0.15186742387925614)
0(0.0, 0.15101399768558135)
0(0.0, 0.15038810793585827)
0(0.0, 0.1495661396271603)
0(0.0, 0.14920138369457508)
0(0.0, 0.1487533706541051)
0(0.0, 0.14798488617044966)
0(0.0, 0.14771131089117923)
0(0.0, 0.14745255131409668)
0(0.0, 0.14734621272681875)
0(0.0, 0.1464736676752337)
0(0.0, 0.14618815376823308)
0(0.0, 0.14600447906272107)
0(0.0, 0.14586883665134043)
0(0.0, 0.14557651822234757)
0(0.0, 0.14545005506175446)
0(0.0, 0.14406377962729158)
0(0.0, 0.14382426726948794)
0(0.0, 0.14303146481668547)
0(0.0, 0.14292367190962182)
0(0.0, 0.1428835080372857)
0(0.0, 0.14282318420934045)
0(0.0, 0.14277140168555308)
0(0.0, 0.14241825544082032)
0(0.0, 0.14161621367736918)
0(0.0, 0.14149424506569983)
0(0.0, 0.14140332868576827)
0(0.0, 0.1408211882178986)
0(0.0, 0.1403748660880602)
0(0.0, 0.1399437893101709)
0(0.0, 0.13968611403735415)
0(0.0, 0.13950149393433278)
0(0.0, 0.1394676913163325)
0(0.0, 0.13917189122653134)
0(0.0, 0.13867242988670633)
0(0.0, 0.1382251030145774)
0(0.0, 0.1376683397884247)
0(0.0, 0.13679591008012768)
0(0.0, 0.13675590263036197)
0(0.0, 0.13657195180573273)
0(0.0, 0.13623830809457077)
0(0.0, 0.1361255118656168)
0(0.0, 0.13592504081134257)
0(0.0, 0.13587132705404084)
0(0.0, 0.13580825173542901)
0(0.0, 0.1356013209658054)
0(0.0, 0.13551904319157135)
0(0.0, 0.13482039013551436)
0(0.0, 0.13456195391162107)
0(0.0, 0.13443744458913137)
0(0.0, 0.1341133939482934)
0(0.0, 0.13407578989490088)
0(0.0, 0.13392893345850101)
0(0.0, 0.1338802302909956)
0(0.0, 0.13367153034295903)
0(0.0, 0.13299240601680337)
0(0.0, 0.13281706672286492)
0(0.0, 0.13273268179115694)
0(0.0, 0.13269760820825321)
0(0.0, 0.13268055147528812)
0(0.0, 0.13261477286712936)
0(0.0, 0.1325953833626257)
0(0.0, 0.1319922907432055)
0(0.0, 0.1318436458924858)
0(0.0, 0.1316664860098594)
0(0.0, 0.1316035873880264)
0(0.0, 0.13117932670334914)
0(0.0, 0.13082698304834822)
0(0.0, 0.1307658503480138)
0(0.0, 0.13035626122268743)
0(0.0, 0.13025424654974305)
0(0.0, 0.1301635871630836)
0(0.0, 0.12995749881637575)
0(0.0, 0.1299543554646377)
0(0.0, 0.12974094280105397)
0(0.0, 0.12966509359427233)
0(0.0, 0.12961614505783478)
0(0.0, 0.12959238625551858)
0(0.0, 0.1294714093944039)
0(0.0, 0.12925493598696544)
0(0.0, 0.12922877009526668)
0(0.0, 0.1292182890073825)
0(0.0, 0.12894965756790924)
0(0.0, 0.1288068335185365)
0(0.0, 0.12857926889704568)
0(0.0, 0.12848405364194668)
0(0.0, 0.12847481642887607)
0(0.0, 0.1282862930869802)
0(0.0, 0.12826345492968444)
0(0.0, 0.12821321555573187)
0(0.0, 0.12819939427526142)
0(0.0, 0.1281664408343973)
0(0.0, 0.1278542654045177)
0(0.0, 0.12764361843053237)
0(0.0, 0.1274687639294246)
0(0.0, 0.1269393991637737)
0(0.0, 0.126929220914072)
0(0.0, 0.12681689819964323)
0(0.0, 0.12669152769402695)
0(0.0, 0.12665426280766318)
0(0.0, 0.12660547073424155)
0(0.0, 0.12658988590205028)
0(0.0, 0.12658122751013137)
0(0.0, 0.1265499088799882)
0(0.0, 0.12636771461416316)
0(0.0, 0.12625364613566953)
0(0.0, 0.12623196635533823)
0(0.0, 0.12619669583611537)
0(0.0, 0.12584513080252116)
0(0.0, 0.12579769040796776)
0(0.0, 0.12573392312236972)
0(0.0, 0.12563089059774302)
0(0.0, 0.12541500390806481)
0(0.0, 0.12513205936702665)
0(0.0, 0.12502917318506138)
0(0.0, 0.12490720795404592)
0(0.0, 0.12489881246638451)
0(0.0, 0.12439510454659679)
0(0.0, 0.12416790378787752)
0(0.0, 0.12381519194717125)
0(0.0, 0.12380050620251509)
0(0.0, 0.12376852147050935)
0(0.0, 0.1236384315917052)
0(0.0, 0.12354554498927582)
0(0.0, 0.12352706201073656)
0(0.0, 0.12350428387536087)
0(0.0, 0.12335020225816107)
0(0.0, 0.12319961980310006)
0(0.0, 0.12307214892492807)
0(0.0, 0.1226658352721895)
0(0.0, 0.12259768162817743)
0(0.0, 0.12258005634162772)
0(0.0, 0.1225038677356157)
0(0.0, 0.12231635817499317)
0(0.0, 0.12195929124592585)
0(0.0, 0.12191310606138579)
0(0.0, 0.12178168289574819)
0(0.0, 0.12160244718522725)
0(0.0, 0.12116440779671013)
0(0.0, 0.12115116719087407)
0(0.0, 0.12112844486912759)
0(0.0, 0.12100005124188634)
0(0.0, 0.12094176842473987)
0(0.0, 0.12092475020719372)
0(0.0, 0.1206459809406051)
0(0.0, 0.12055965919258936)
0(0.0, 0.12046924950587716)
0(0.0, 0.12030904473039007)
0(0.0, 0.11986299331134405)
0(0.0, 0.11982178984483059)
0(0.0, 0.11980824048189148)
0(0.0, 0.119628004269457)
0(0.0, 0.11953969079837261)
0(0.0, 0.11946612550931122)
0(0.0, 0.119364586236054)
0(0.0, 0.11934091200945618)
0(0.0, 0.1190496281815445)
0(0.0, 0.11896519192013542)
0(0.0, 0.11877698117209745)
0(0.0, 0.11865920504809539)
0(0.0, 0.11837493977867881)
0(0.0, 0.11803406765044626)
0(0.0, 0.11779825133910378)
0(0.0, 0.11768346599825301)
0(0.0, 0.11763025579038473)
0(0.0, 0.11715814085510175)
0(0.0, 0.11710848919663508)
0(0.0, 0.11699604366739848)
0(0.0, 0.11672544132502313)
0(0.0, 0.11613691510396106)
0(0.0, 0.11609873403302559)
0(0.0, 0.11584191037403035)
0(0.0, 0.11576106765571684)
0(0.0, 0.11533920040415505)
0(0.0, 0.115150524908458)
0(0.0, 0.11506817039835095)
0(0.0, 0.11494232839323201)
0(0.0, 0.11493812394378394)
0(0.0, 0.11474389700505801)
0(0.0, 0.11418442409331879)
0(0.0, 0.11323774294981098)
0(0.0, 0.11288091112942024)
0(0.0, 0.1128428367816477)
0(0.0, 0.11282064622810907)
0(0.0, 0.11279971638372671)
0(0.0, 0.11278768132648047)
0(0.0, 0.11249331855592842)
0(0.0, 0.11237380103485405)
0(0.0, 0.11235499629647264)
0(0.0, 0.11235234411411191)
0(0.0, 0.11216052054310853)
0(0.0, 0.1116401483167761)
0(0.0, 0.1116219245385767)
0(0.0, 0.11122850776276198)
0(0.0, 0.11066259071409809)
0(0.0, 0.11060687376942747)
0(0.0, 0.11051979531410129)
0(0.0, 0.11022065410157694)
0(0.0, 0.11010050731022525)
0(0.0, 0.1098420640048081)
0(0.0, 0.1097746445729527)
0(0.0, 0.10927604558851976)
0(0.0, 0.10915622078646668)
0(0.0, 0.10908742607389554)
0(0.0, 0.10902690130923061)
0(0.0, 0.10899985038395074)
0(0.0, 0.10892187474782572)
0(0.0, 0.10855995407218638)
0(0.0, 0.10848345129970134)
0(0.0, 0.10836603985244257)
0(0.0, 0.10833078019433558)
0(0.0, 0.10826291479333733)
0(0.0, 0.10819566338662508)
0(0.0, 0.10817405270535888)
0(0.0, 0.10809276097396774)
0(0.0, 0.10805715455536352)
0(0.0, 0.10773144734473065)
0(0.0, 0.10744025353878095)
0(0.0, 0.10741338105513415)
0(0.0, 0.10734620500630986)
0(0.0, 0.10730855980392483)
0(0.0, 0.1072755268508725)
0(0.0, 0.10717803407577109)
0(0.0, 0.10706171236437044)
0(0.0, 0.10697812584928974)
0(0.0, 0.1067877520035172)
0(0.0, 0.10672129789439319)
0(0.0, 0.10665530543206476)
0(0.0, 0.10664909692614458)
0(0.0, 0.10664632132630575)
0(0.0, 0.1066206441678445)
0(0.0, 0.10660911847056756)
0(0.0, 0.10639182363224184)
0(0.0, 0.10629598874343407)
0(0.0, 0.10607440590127891)
0(0.0, 0.1060546305277842)
0(0.0, 0.10599420845192063)
0(0.0, 0.1058266152752286)
0(0.0, 0.10579704900791327)
0(0.0, 0.1057568041149091)
0(0.0, 0.10534257730515936)
0(0.0, 0.10519330854031805)
0(0.0, 0.10512964905282358)
0(0.0, 0.10509092342786326)
0(0.0, 0.1050001075730721)
0(0.0, 0.10492709813090022)
0(0.0, 0.10451947723934862)
0(0.0, 0.10395167889984501)
0(0.0, 0.10374778102846113)
0(0.0, 0.10339251645521172)
0(0.0, 0.10325810597624337)
0(0.0, 0.10290479658464133)
0(0.0, 0.10288892313289007)
0(0.0, 0.10276006993874136)
0(0.0, 0.10272492701623495)
0(0.0, 0.10266405022222475)
0(0.0, 0.10232930832222452)
0(0.0, 0.10217094557775061)
0(0.0, 0.10200484399862056)
0(0.0, 0.10172632665258864)
0(0.0, 0.10124643327977861)
0(0.0, 0.10124634149859121)
0(0.0, 0.1011751885286216)
0(0.0, 0.1011143700564953)
0(0.0, 0.10084671738165069)
0(0.0, 0.10064434832922486)
0(0.0, 0.10055599229328065)
0(0.0, 0.1003932881823536)
0(0.0, 0.0998561779487793)
0(0.0, 0.09981925841492195)
0(0.0, 0.09971985892196114)
0(0.0, 0.09956948698712045)
0(0.0, 0.09930008642470751)
0(0.0, 0.09927926176973856)
0(0.0, 0.09900971048686523)
0(0.0, 0.09889340815525749)
0(0.0, 0.09878211269045917)
0(0.0, 0.09870673752234538)
0(0.0, 0.0985566332665587)
0(0.0, 0.09839526130753416)
0(0.0, 0.09813937470788239)
0(0.0, 0.09810543771570601)
0(0.0, 0.09786577158367685)
0(0.0, 0.09777638829257085)
0(0.0, 0.0976583225856495)
0(0.0, 0.09763755597341227)
0(0.0, 0.09753543985271038)
0(0.0, 0.09752298748666609)
0(0.0, 0.09744889021322578)
0(0.0, 0.09738831489614398)
0(0.0, 0.0973376089627197)
0(0.0, 0.09731520377422613)
0(0.0, 0.09730192828587642)
0(0.0, 0.0972938156932607)
0(0.0, 0.09706074164572168)
0(0.0, 0.09688074694000597)
0(0.0, 0.09630548793047637)
0(0.0, 0.09600890892018424)
0(0.0, 0.095909727155843)
0(0.0, 0.09575596288522427)
0(0.0, 0.09498479300340607)
0(0.0, 0.0949685791811447)
0(0.0, 0.09489872355257889)
0(0.0, 0.09478889092828177)
0(0.0, 0.09431122789798664)
0(0.0, 0.09426494414841491)
0(0.0, 0.09417061320150596)
0(0.0, 0.09412549341613936)
0(0.0, 0.09364960987384154)
0(0.0, 0.09348348163017788)
0(0.0, 0.09237164115382271)
0(0.0, 0.09221023704310759)
0(0.0, 0.09204671706032809)
0(0.0, 0.0918608130171018)
0(0.0, 0.09177502650521602)
0(0.0, 0.09164480320582545)
0(0.0, 0.09060470204069646)
0(0.0, 0.08988517434096548)
0(0.0, 0.08985221220169415)
0(0.0, 0.088966312150409)
0(0.0, 0.08864840621575217)
0(0.0, 0.0884483203011579)
0(0.0, 0.0884424917673206)
0(0.0, 0.08829673306495761)
0(0.0, 0.08808553254651637)
0(0.0, 0.088020487276684)
0(0.0, 0.08756750457263716)
0(0.0, 0.08598292991738574)
0(0.0, 0.08510186578409369)
0(0.0, 0.08399949871113006)
0(0.0, 0.0838492132182246)
0(0.0, 0.08231819155109522)
0(0.0, 0.08216083756096318)
0(0.0, 0.08042920475860195)
0(0.0, 0.08025040063633908)
0(0.0, 0.07942920446626488)
0(0.0, 0.07041901033806829)
