1(0.2536750701633442, 0.35939345842707976)
1(0.3178356619244489, 0.39790412626822624)
1(0.3196136187950137, 0.3911160549635315)
1(0.30603804202335466, 0.3638671108735301)
1(0.36061653355961887, 0.41227185243944264)
1(0.21933715183301125, 0.26547984782224116)
1(0.30701118063109667, 0.3466888077892556)
1(0.1878586628070538, 0.22289527274950516)
1(0.1132029646427141, 0.14777020551558104)
1(0.29000940082878984, 0.3234000988170241)
1(0.3102486109509624, 0.3381106075907849)
1(0.17506050382218863, 0.20180498150009657)
1(0.24096731509367586, 0.2668855398387717)
1(0.22619375977843723, 0.2520928789957585)
1(0.2073857205241352, 0.23186050169057845)
1(0.16530996969049255, 0.1894176306638091)
1(0.2822173632807625, 0.30580206544168853)
1(0.22142145847984734, 0.24321825302952918)
1(0.2049261430384258, 0.2250062016254822)
1(0.216579713174243, 0.23505268012884464)
1(0.26230268058813055, 0.2806188191193322)
1(0.36358439432804035, 0.3811801326247591)
1(0.16219247074674076, 0.17888797856037364)
1(0.2628258186663532, 0.2791346768977521)
1(0.2669938462029945, 0.2830296906700424)
1(0.19206917721957803, 0.20624723822239982)
1(0.3640746989280204, 0.378068392722632)
1(0.30243615701008575, 0.3161160693129505)
1(0.18899874526655266, 0.2025656276922877)
1(0.22726198884312473, 0.24054854526985936)
1(0.38373146497896415, 0.39611723230428597)
1(0.31791122845705116, 0.33006921598912337)
1(0.1523377239085541, 0.16383063136744788)
1(0.1315790497391925, 0.1420831223621212)
1(0.1929925647444003, 0.20339553109556627)
1(0.06253047687728847, 0.07292575650390182)
1(0.19925135067130845, 0.209567929793787)
1(0.13977654742791057, 0.14998833616108515)
1(0.35637887452021927, 0.36616765344199714)
1(0.1790591987641506, 0.188724225122614)
1(0.1179432108201137, 0.1275913158106387)
1(0.055917361802983116, 0.0652381363858034)
1(0.35706944319377354, 0.3661228714410121)
1(0.20196750546280773, 0.21084827431267425)
1(0.20532217243092643, 0.21408199856105828)
1(0.35398517766081106, 0.3623679320396994)
1(0.23550693582884258, 0.243637472791618)
1(0.2789849228565929, 0.28700635510836225)
1(0.0633534998647338, 0.07133793282668995)
1(0.20966156861555246, 0.21758059812269065)
1(0.2120968075356332, 0.2198976780698489)
1(0.36755372258612934, 0.3747525639785557)
1(0.05848336739061589, 0.06565480378008814)
1(0.054913176909302405, 0.062056747342103584)
1(0.29458101494192607, 0.30133882351495034)
1(0.3662373660814222, 0.37269829618578765)
1(0.2556593125879532, 0.2621115173888363)
1(0.2453629291319113, 0.2517505779872683)
1(0.15071012329697056, 0.15707599986168228)
1(0.36494387996959565, 0.3710095337038956)
1(0.20422247582080003, 0.21018712047591917)
1(0.37355964252151186, 0.3794570936367192)
1(0.20434413672677343, 0.21018712047591917)
1(0.06753019382834259, 0.07333435423465859)
1(0.29743325567461953, 0.3032180855882254)
1(0.22422355967883054, 0.2297515310281247)
1(0.3095617676675823, 0.31506735713187134)
1(0.36352000343071905, 0.3687478253427728)
1(0.0641406588309522, 0.06935570205341912)
1(0.05639056880452262, 0.061510981947027345)
1(0.23905359520613845, 0.24385281944239087)
1(0.12820870768230774, 0.13298256153678298)
1(0.6556709049851069, 0.66044129239142)
1(0.06453578152083358, 0.06921803013935711)
1(0.05363783535408552, 0.05819976475098777)
1(0.057409976968472144, 0.06171737521699283)
1(0.06094214643733454, 0.06522214932461898)
1(0.06149093674629044, 0.06570424366501093)
1(0.05820929296069077, 0.06218976277007563)
1(0.06287257695078495, 0.06680486863831916)
1(0.06248574389845788, 0.06640152490613013)
1(0.23340965072002912, 0.23730437047170205)
1(0.25295210150026187, 0.25675196900268105)
1(0.2802736221317435, 0.2840369495806802)
1(0.05366015417247598, 0.05726412433901086)
1(0.3102354714878837, 0.31379417697636625)
1(0.20469252696094956, 0.208150648391985)
1(0.04974508531711005, 0.05315162664935787)
1(0.0751730145623173, 0.07852739902593739)
1(0.047203952923857984, 0.05053396365180783)
1(0.05371078335467722, 0.056941096166217085)
1(0.14155194083135256, 0.1447621874093105)
1(0.049862970118496455, 0.0530005785732184)
1(0.1619777670719436, 0.16506416351474873)
1(0.0637766623237214, 0.06683899744823558)
1(0.21424234663588151, 0.21729573474514594)
1(0.052599362357476816, 0.05563986326106667)
1(0.06986638430632004, 0.07282653507098034)
1(0.058880184010167466, 0.06180059671261383)
1(0.054338969271564945, 0.05722556159580921)
1(0.17674851272096248, 0.17957397688051885)
1(0.04548094278088504, 0.04830558495807806)
1(0.3918804177431132, 0.394635838507392)
1(0.05314392323753675, 0.05582157292174648)
1(0.08668498729344262, 0.08916307784412314)
1(0.05983776505435727, 0.06188534694161623)
1(0.3067009793892435, 0.30869532813250167)
1(0.0657135474797178, 0.06766825661849217)
1(0.10911126465262655, 0.11106589251869231)
1(0.060677603718183586, 0.06262943473277052)
1(0.08969337876062448, 0.09162207886447259)
1(0.1259306063058049, 0.12775871195171581)
1(0.19465772708822593, 0.19646208820424982)
1(0.057068083718563034, 0.05886848269090678)
1(0.06030368244823729, 0.06208057113667658)
1(0.1633812665163272, 0.16512905108711612)
1(0.053386742442275474, 0.05505839656317758)
1(0.06429963927300372, 0.06595137413106493)
1(0.052606339158482146, 0.054244730934452916)
1(0.06547787875260623, 0.06710910634571247)
1(0.2897504083069753, 0.29134389576075115)
1(0.054844738910903704, 0.0563934773048483)
1(0.060963308091987606, 0.06250277605689342)
1(0.06562712222289818, 0.06702153282284225)
1(0.05474904147642109, 0.05602202971319853)
1(0.21032202121271407, 0.21154046744406585)
1(0.2752704580039739, 0.27646068948542873)
1(0.06441233588768765, 0.06552638131781872)
1(0.1958105930519063, 0.19688301490771376)
1(0.04938634678841253, 0.05043091218557413)
1(0.06946241206804596, 0.07040403084104717)
1(0.06814575911356122, 0.06907144887876647)
1(0.07795430051827971, 0.07887165264821808)
1(0.070035659697352, 0.07091643871398604)
1(0.0662991435717929, 0.06703662686450236)
1(0.06155869138780718, 0.06225153049468277)
1(0.09226662387494632, 0.09295270168472468)
1(0.09950796739377259, 0.10017739629283959)
1(0.06680513436053, 0.06741961618233967)
1(0.25724572326483525, 0.25784926366779315)
1(0.04429704483767574, 0.04488726169976199)
1(0.05246393129290465, 0.053015032755140315)
1(0.06850083318902839, 0.06885627168547738)
1(0.05139225962870895, 0.05164050936802864)
1(0.061580231829963056, 0.061797766414483646)
1(0.057815127812879605, 0.05800141512072868)
1(0.06224859674920266, 0.06242881782464958)
1(0.05795954639406074, 0.0579623589760338)
0(0.0, inf)
0(0.0, 2.368598344806529)
0(0.0, 0.6474392444947042)
0(0.0, 0.5964614446809647)
0(0.0, 0.4792704435285394)
0(0.0, 0.3585987047876366)
0(0.0, 0.3585162242867139)
0(0.0, 0.33972573792927296)
0(0.0, 0.32565514732360346)
0(0.0, 0.3222085425294265)
0(0.0, 0.3209452320434605)
0(0.0, 0.3190632030403412)
0(0.0, 0.3072672077633559)
0(0.0, 0.3054439055689927)
0(0.0, 0.3037810102747081)
0(0.0, 0.3029439866817469)
0(0.0, 0.3027550099187221)
0(0.0, 0.30120540020649444)
0(0.0, 0.29844609614573925)
0(0.0, 0.29748504928921743)
0(0.0, 0.2953143869189132)
0(0.0, 0.2951296671022478)
0(0.0, 0.29496433670012295)
0(0.0, 0.2903793606556518)
0(0.0, 0.28773597006793405)
0(0.0, 0.2869317495488204)
0(0.0, 0.2816685739708887)
0(0.0, 0.2801716227342541)
0(0.0, 0.2793303683077547)
0(0.0, 0.27518744926545474)
0(0.0, 0.2728011098912294)
0(0.0, 0.26960204400070864)
0(0.0, 0.2695342671631566)
0(0.0, 0.2649864702652191)
0(0.0, 0.26388045265437665)
0(0.0, 0.262971045170218)
0(0.0, 0.2626003624853492)
0(0.0, 0.2617558109335946)
0(0.0, 0.26128035661788895)
0(0.0, 0.2608309581034384)
0(0.0, 0.25671465813724814)
0(0.0, 0.253309388667282)
0(0.0, 0.25156314205958136)
0(0.0, 0.25011191621645334)
0(0.0, 0.24943870753728614)
0(0.0, 0.24855804480415375)
0(0.0, 0.24784716182428054)
0(0.0, 0.24749508182149224)
0(0.0, 0.24721378918376763)
0(0.0, 0.24693301932552617)
0(0.0, 0.24584298009614403)
0(0.0, 0.24545455069247368)
0(0.0, 0.24403507067587069)
0(0.0, 0.24382989604873884)
0(0.0, 0.24366990441561073)
0(0.0, 0.24217574136911998)
0(0.0, 0.2420721150766166)
0(0.0, 0.24090349018788942)
0(0.0, 0.24076060586519837)
0(0.0, 0.24008798892999014)
0(0.0, 0.23962376795120313)
0(0.0, 0.23933910036522765)
0(0.0, 0.23869782823369673)
0(0.0, 0.23748225265438122)
0(0.0, 0.23697979630813593)
0(0.0, 0.23649200696798905)
0(0.0, 0.23306232816466774)
0(0.0, 0.2325230735122136)
0(0.0, 0.23173428492092343)
0(0.0, 0.2316460194431538)
0(0.0, 0.22947624098295744)
0(0.0, 0.22810316724292604)
0(0.0, 0.2273652822604082)
0(0.0, 0.2255074197660798)
0(0.0, 0.22395429434401415)
0(0.0, 0.22229054954109015)
0(0.0, 0.22188369378115777)
0(0.0, 0.22100936905730503)
0(0.0, 0.22038399857188737)
0(0.0, 0.2190843653428569)
0(0.0, 0.21907427335402663)
0(0.0, 0.21869753066745418)
0(0.0, 0.21826994921923534)
0(0.0, 0.2175900882758191)
0(0.0, 0.2166452061247895)
0(0.0, 0.21637226584039687)
0(0.0, 0.2161386713188262)
0(0.0, 0.21556040656516645)
0(0.0, 0.21323631752291117)
0(0.0, 0.20996491151626573)
0(0.0, 0.2088326794701406)
0(0.0, 0.20868358673451634)
0(0.0, 0.20785493353202641)
0(0.0, 0.2063149887629574)
0(0.0, 0.2050441823945367)
0(0.0, 0.20444494314777303)
0(0.0, 0.20443466729918836)
0(0.0, 0.2037095574769224)
0(0.0, 0.2035869292000219)
0(0.0, 0.20284223226619372)
0(0.0, 0.20227901912536425)
0(0.0, 0.20187828866150515)
0(0.0, 0.2010767960497938)
0(0.0, 0.20100742163650492)
0(0.0, 0.20059924437384533)
0(0.0, 0.19900351251635837)
0(0.0, 0.19891064615511056)
0(0.0, 0.19818624059507373)
0(0.0, 0.1977396776016158)
0(0.0, 0.19714589254507495)
0(0.0, 0.19572831629560192)
0(0.0, 0.19567237672370127)
0(0.0, 0.19488141005794785)
0(0.0, 0.19470826233482152)
0(0.0, 0.19457792792685827)
0(0.0, 0.19310161711733043)
0(0.0, 0.1915555444877204)
0(0.0, 0.190914466952081)
0(0.0, 0.18971157285974122)
0(0.0, 0.18967408533302182)
0(0.0, 0.18935999781013077)
0(0.0, 0.18903808291893154)
0(0.0, 0.18811509674304808)
0(0.0, 0.18794825762884917)
0(0.0, 0.18612594498971394)
0(0.0, 0.18600870679052084)
0(0.0, 0.18477135569401942)
0(0.0, 0.18454527875936097)
0(0.0, 0.1843729451430515)
0(0.0, 0.18391851987305385)
0(0.0, 0.1835781593178392)
0(0.0, 0.1835350993958356)
0(0.0, 0.1833024107970148)
0(0.0, 0.18163589349927356)
0(0.0, 0.18092000407825784)
0(0.0, 0.1793042761009926)
0(0.0, 0.1785183815920606)
0(0.0, 0.1769618778256683)
0(0.0, 0.17609565973226116)
0(0.0, 0.175099758198081)
0(0.0, 0.1742994842058444)
0(0.0, 0.173957510507923)
0(0.0, 0.17298252006312043)
0(0.0, 0.17295784188973745)
0(0.0, 0.172841757054923)
0(0.0, 0.1720542369457878)
0(0.0, 0.17203536266825922)
0(0.0, 0.17093338307840683)
0(0.0, 0.16887304539372205)
0(0.0, 0.1686995478825496)
0(0.0, 0.16805183597281362)
0(0.0, 0.16762757581007517)
0(0.0, 0.16749580980788167)
0(0.0, 0.1672874656345275)
0(0.0, 0.16711305255793588)
0(0.0, 0.16690673115970867)
0(0.0, 0.16668091137269284)
0(0.0, 0.16658946763470275)
0(0.0, 0.16612651352323432)
0(0.0, 0.1658515919214753)
0(0.0, 0.16554163259919863)
0(0.0, 0.16472711132844056)
0(0.0, 0.16460516394785304)
0(0.0, 0.16433508056761753)
0(0.0, 0.16404449984155445)
0(0.0, 0.1637173954452642)
0(0.0, 0.16332130861736768)
0(0.0, 0.1619994271355366)
0(0.0, 0.16192304626815798)
0(0.0, 0.16175058700710024)
0(0.0, 0.16163965712875733)
0(0.0, 0.16000308741451802)
0(0.0, 0.15914113918119238)
0(0.0, 0.15575418544533706)
0(0.0, 0.15563942068688516)
0(0.0, 0.1554496888254789)
0(0.0, 0.15499878596731148)
0(0.0, 0.15459229878672978)
0(0.0, 0.1523271778021819)
0(0.0, 0.15123038716337692)
0(0.0, 0.15115381648115725)
0(0.0, 0.15050217222589338)
0(0.0, 0.15040520443252395)
0(0.0, 0.1503870886724603)
0(0.0, 0.1491743286461268)
0(0.0, 0.14816051331252536)
0(0.0, 0.14814396827301557)
0(0.0, 0.14743040040304453)
0(0.0, 0.1466839276869682)
0(0.0, 0.1466802215362586)
0(0.0, 0.14536947531395142)
0(0.0, 0.14447147548147887)
0(0.0, 0.1440616849714866)
0(0.0, 0.1426336886530833)
0(0.0, 0.14252231049642022)
0(0.0, 0.14249197400442143)
0(0.0, 0.14204892568565436)
0(0.0, 0.1405629928409369)
0(0.0, 0.1392199512640684)
0(0.0, 0.1386652828762504)
0(0.0, 0.1371176977080094)
0(0.0, 0.13694427857503008)
0(0.0, 0.13668124349281688)
0(0.0, 0.13658506477896953)
0(0.0, 0.13643213295562778)
0(0.0, 0.1362782919679044)
0(0.0, 0.13610239777617134)
0(0.0, 0.13608309075188943)
0(0.0, 0.13560153754356855)
0(0.0, 0.135528702778368)
0(0.0, 0.13547994509894873)
0(0.0, 0.1354095979292862)
0(0.0, 0.13491525831907822)
0(0.0, 0.13420964118084533)
0(0.0, 0.13358032424814711)
0(0.0, 0.13241764149084304)
0(0.0, 0.13215150242361015)
0(0.0, 0.13185909996340678)
0(0.0, 0.1303894228849655)
0(0.0, 0.12912001752036772)
0(0.0, 0.12874674400196076)
0(0.0, 0.1282562564289169)
0(0.0, 0.12737314355610632)
0(0.0, 0.12722554321524882)
0(0.0, 0.1264152678249639)
0(0.0, 0.1174912465801229)
0(0.0, 0.11612938613621586)
0(0.0, 0.11328557931099195)
0(0.0, 0.11318739722387611)
0(0.0, 0.11245815821345864)
0(0.0, 0.1115334984332061)
0(0.0, 0.10725313699016686)
0(0.0, 0.10723851951371613)
0(0.0, 0.10326476575692174)
0(0.0, 0.10298376276208898)
0(0.0, 0.10294069122234442)
0(0.0, 0.10057082440782887)
0(0.0, 0.09933628584006188)
0(0.0, 0.09198727350709085)
0(0.0, 0.09081244343311269)
0(0.0, 0.0878395994016483)
0(0.0, 0.0869544238684805)
0(0.0, 0.08627174731255972)
0(0.0, 0.08504436787100654)
0(0.0, 0.08144002490583246)
0(0.0, 0.07976925987669095)
0(0.0, 0.07906285872512823)
0(0.0, 0.07795064164953541)
0(0.0, 0.07644642692157576)
0(0.0, 0.07470545556140278)
0(0.0, 0.07466329297974712)
0(0.0, 0.07146283335130882)
0(0.0, 0.07130100153068833)
0(0.0, 0.07077785142723944)
0(0.0, 0.06995777687165784)
0(0.0, 0.06913175281356787)
0(0.0, 0.06827163306887558)
0(0.0, 0.06788915988180953)
0(0.0, 0.06784858715120026)
0(0.0, 0.06694077742346341)
0(0.0, 0.06550148047816193)
0(0.0, 0.0651987913030293)
0(0.0, 0.06465005797619265)
0(0.0, 0.06368452193059715)
0(0.0, 0.06354496677286349)
0(0.0, 0.06291826785496935)
0(0.0, 0.06277295961713973)
0(0.0, 0.06259031966892825)
0(0.0, 0.06229837716366901)
0(0.0, 0.06215124022353414)
0(0.0, 0.06184773529564167)
0(0.0, 0.06141526513716674)
0(0.0, 0.061318121963029035)
0(0.0, 0.0611369671351961)
0(0.0, 0.061076713293978)
0(0.0, 0.060882226025836664)
0(0.0, 0.059661324657094374)
0(0.0, 0.059651209406776345)
0(0.0, 0.059234602395716325)
0(0.0, 0.05908453293127031)
0(0.0, 0.0588355573754664)
0(0.0, 0.05875642659541494)
0(0.0, 0.058665557763560555)
0(0.0, 0.05863085914450647)
0(0.0, 0.058109379280890765)
0(0.0, 0.05809055193028668)
0(0.0, 0.057905847438869625)
0(0.0, 0.05785370561043203)
0(0.0, 0.05785063836182661)
0(0.0, 0.05781322995858306)
0(0.0, 0.057702119275320166)
0(0.0, 0.05766282876743915)
0(0.0, 0.05738272303902668)
0(0.0, 0.057314551521615645)
0(0.0, 0.05720836836185312)
0(0.0, 0.056765176439565565)
0(0.0, 0.05668535638896679)
0(0.0, 0.05649297870508079)
0(0.0, 0.05648057606839059)
0(0.0, 0.05639611727459985)
0(0.0, 0.056362501654335845)
0(0.0, 0.05634366962643885)
0(0.0, 0.056205189237830744)
0(0.0, 0.05615447427044337)
0(0.0, 0.05580385738327649)
0(0.0, 0.05571433308455736)
0(0.0, 0.05565126698553907)
0(0.0, 0.055250732161918864)
0(0.0, 0.055233300549532856)
0(0.0, 0.05523100071883019)
0(0.0, 0.05522227897374743)
0(0.0, 0.05521581042434927)
0(0.0, 0.05518023702271309)
0(0.0, 0.055130847004753694)
0(0.0, 0.05493145460094852)
0(0.0, 0.0545831500585963)
0(0.0, 0.054575347451793925)
0(0.0, 0.05439535696748586)
0(0.0, 0.054364938485803246)
0(0.0, 0.05413706632438211)
0(0.0, 0.053894440640296006)
0(0.0, 0.053747995281805044)
0(0.0, 0.05371504909191392)
0(0.0, 0.053501028544855965)
0(0.0, 0.05329823667762416)
0(0.0, 0.053282997384158884)
0(0.0, 0.053161493993714296)
0(0.0, 0.05303794462200401)
0(0.0, 0.052874652201103996)
0(0.0, 0.05272261400591335)
0(0.0, 0.052709048170218605)
0(0.0, 0.05242285818422821)
0(0.0, 0.052235715342497734)
0(0.0, 0.05221420022295198)
0(0.0, 0.05204025360298588)
0(0.0, 0.05200847543730009)
0(0.0, 0.05177580750076762)
0(0.0, 0.05172106534161242)
0(0.0, 0.05163596537618544)
0(0.0, 0.05160383467194317)
0(0.0, 0.05157686863632213)
0(0.0, 0.051499062948540994)
0(0.0, 0.05098829021001694)
0(0.0, 0.05085328460042331)
0(0.0, 0.05077640011235002)
0(0.0, 0.050324947551794355)
0(0.0, 0.050261426096524495)
0(0.0, 0.050121197340164694)
0(0.0, 0.04980668810911192)
0(0.0, 0.049606001220176915)
0(0.0, 0.04958023238354462)
0(0.0, 0.049341719899858895)
0(0.0, 0.04923398559573276)
0(0.0, 0.04911940777741561)
0(0.0, 0.04869827320417477)
0(0.0, 0.048518490441163506)
0(0.0, 0.048331203819114946)
0(0.0, 0.04828181448362262)
0(0.0, 0.048259342594004516)
0(0.0, 0.048202101127565344)
0(0.0, 0.04814484468725072)
0(0.0, 0.04811037485557516)
0(0.0, 0.04805457091254108)
0(0.0, 0.04798061837408498)
0(0.0, 0.047794915667135826)
0(0.0, 0.04768357832632308)
0(0.0, 0.04754558597366245)
0(0.0, 0.0475383386669206)
0(0.0, 0.04722407535482597)
0(0.0, 0.04714204760538335)
0(0.0, 0.04707544928028114)
0(0.0, 0.04699538406808129)
0(0.0, 0.046933857560876154)
0(0.0, 0.046802966364399165)
0(0.0, 0.04674524715811475)
0(0.0, 0.046740854952779555)
0(0.0, 0.046699313603764496)
0(0.0, 0.046223949882877716)
0(0.0, 0.04590831019264559)
0(0.0, 0.04588578872287028)
0(0.0, 0.045856305220703476)
0(0.0, 0.0458253091027361)
0(0.0, 0.0457544193808715)
0(0.0, 0.04541512655253761)
0(0.0, 0.04509231572212434)
0(0.0, 0.044761344579994956)
0(0.0, 0.04474350364341155)
0(0.0, 0.04472005315017328)
0(0.0, 0.044685144718927185)
0(0.0, 0.04459065046793287)
0(0.0, 0.04441441421088786)
0(0.0, 0.04430975501136461)
0(0.0, 0.04414276736922701)
0(0.0, 0.04405980673505871)
0(0.0, 0.04405234778952885)
0(0.0, 0.04402504205273284)
0(0.0, 0.044018097889035074)
0(0.0, 0.043996331106721076)
0(0.0, 0.0439753569829091)
0(0.0, 0.043950763710078104)
0(0.0, 0.043585598299005886)
0(0.0, 0.043434595964759674)
0(0.0, 0.043066867858068326)
0(0.0, 0.042954299055959023)
0(0.0, 0.0428186611903914)
0(0.0, 0.042602350349085945)
0(0.0, 0.04197661764758358)
0(0.0, 0.04173396934073917)
0(0.0, 0.04165788874412453)
0(0.0, 0.04143868930823152)
0(0.0, 0.041344241605679295)
0(0.0, 0.041319523947451454)
0(0.0, 0.04122123677601005)
0(0.0, 0.04092841062611133)
0(0.0, 0.04061765885788404)
0(0.0, 0.04050342426189258)
0(0.0, 0.04049719272525974)
0(0.0, 0.040197461893071516)
0(0.0, 0.03972457438509918)
0(0.0, 0.03871557036412775)
0(0.0, 0.03814075849014794)
0(0.0, 0.03799817519538567)
0(0.0, 0.037652729044648156)
0(0.0, 0.037582299838400814)
0(0.0, 0.037155572223948816)
0(0.0, 0.03700099808295116)
0(0.0, 0.03679303612294781)
0(0.0, 0.035572609637515816)
0(0.0, 0.03555313271529641)
0(0.0, 0.03381099443617812)
0(0.0, 0.03308638933987918)
0(0.0, 0.029005540085969783)
