1(0.14281380798174778, 0.16423518630964326)
1(0.11923963107446953, 0.13705686317835467)
1(0.10396278993877181, 0.11949245627200908)
1(0.10740204690522577, 0.12070224721520514)
1(0.11545644836916191, 0.12820595810067176)
1(0.14597818504331897, 0.1585472045575292)
1(0.1075637721278906, 0.12010644945628195)
1(0.10911843522580246, 0.12160826353404136)
1(0.13561088732447277, 0.14809036805962034)
1(0.13802533925382973, 0.1503361116836776)
1(0.1334421058603571, 0.14572613784805877)
1(0.12905595229104377, 0.14124038758228727)
1(0.1202183831284768, 0.13218439819073133)
1(0.10779493854206026, 0.11931672280444532)
1(0.10651272839595777, 0.11771181440318337)
1(0.12624182123891312, 0.13723960083744166)
1(0.11312618090860616, 0.12329428240022507)
1(0.11583573119944006, 0.12587273563729542)
1(0.10270084215017687, 0.11272520477111514)
1(0.11385501110225683, 0.12372001127128011)
1(0.1402264513369639, 0.150050390573038)
1(0.12477904286934746, 0.1344523112201143)
1(0.11253144621074214, 0.12207913042978293)
1(0.1326081654606404, 0.1419265172191166)
1(0.10375831758927663, 0.11304026819705387)
1(0.14564636286320898, 0.15484899528110563)
1(0.13406718527353342, 0.14314539023172235)
1(0.1248117579663155, 0.1337805663589021)
1(0.15212696356457828, 0.1610702153879412)
1(0.11451364031686878, 0.12334895971153217)
1(0.16628993660847632, 0.1748048978923476)
1(0.1580205786351146, 0.1663793197175083)
1(0.1027990557673607, 0.11095403520061818)
1(0.15402788794289946, 0.16187091740112405)
1(0.12905567654973535, 0.1368170106184145)
1(0.1235463238918903, 0.13124743659673616)
1(0.1300329287750737, 0.13746221113603488)
1(0.12427699754067335, 0.13154333228208603)
1(0.1317948119286872, 0.13898897342998948)
1(0.10977365467389556, 0.11691507006272715)
1(0.11981546669065923, 0.12689677234482377)
1(0.1437999774484933, 0.15086876577979422)
1(0.1439709900957174, 0.15099199390509935)
1(0.14576741028615933, 0.15273597916145584)
1(0.1320358490363863, 0.13895207833976017)
1(0.12462461121687439, 0.13137910022718857)
1(0.11922416630220162, 0.12589657374044036)
1(0.12184009692349042, 0.12825613858120216)
1(0.15956801337484852, 0.16595292714220336)
1(0.11220089870566419, 0.11852016815684861)
1(0.11085287816005393, 0.11714453223120569)
1(0.10706301285632984, 0.11331411310993121)
1(0.15241902127838625, 0.15843316438700344)
1(0.11633528481871265, 0.12227735102948874)
1(0.13588307103970418, 0.14178042530960097)
1(0.12382406016906174, 0.1296473360454732)
1(0.10519138190218834, 0.11095403520061818)
1(0.13328871158759265, 0.13898897342998948)
1(0.09940190487727298, 0.10480958618665126)
1(0.11009611545256089, 0.11547073690365194)
1(0.1958815811321956, 0.201234512749965)
1(0.1314619026070744, 0.1368143555203902)
1(0.11600749242544722, 0.1213447331304788)
1(0.03730285578945364, 0.04262442306006842)
1(0.12353137440457602, 0.12862023562346753)
1(0.14227405110586216, 0.14720379113032186)
1(0.12000117508104678, 0.12475543288979711)
1(0.04979026226292748, 0.05438331689602328)
1(0.13483417392893515, 0.13942194475138026)
1(0.025406692509373413, 0.029994190373447423)
1(0.14567212350722927, 0.15024433826359826)
1(0.027608065141006624, 0.03209955570842901)
1(0.18596786869937995, 0.19045838191745082)
1(0.11999940749450808, 0.12444365620437817)
1(0.14032530669089446, 0.14472327171784075)
1(0.02838240955646853, 0.03271145587968193)
1(0.11991700277081335, 0.12422391575770385)
1(0.12013934252522944, 0.12444365620437817)
1(0.1965211940832494, 0.20080478703981414)
1(0.030218265802634592, 0.03446748037288941)
1(0.12707895883995238, 0.13124743659673616)
1(0.13199994065480758, 0.13596687100408011)
1(0.12851793468909645, 0.1324634550402591)
1(0.13378725210307518, 0.13763421803191886)
1(0.1313493031806097, 0.13518664774080405)
1(0.1458270262337537, 0.14963168465605456)
1(0.11280297534110317, 0.11655892510333327)
1(0.15237227604723974, 0.15608753836395597)
1(0.12496055970607726, 0.12865720357735558)
1(0.03101066422472866, 0.03465072908861857)
1(0.11260059633038576, 0.116239431985091)
1(0.1346571555077256, 0.13827515788553194)
1(0.12973606536797555, 0.13334800266392458)
1(0.12481121692607386, 0.12841699301757617)
1(0.13392046836215035, 0.13746221113603488)
1(0.1405163855118561, 0.14402914379272935)
1(0.13303120323492898, 0.136533220919317)
1(0.12341848908926528, 0.12691935411744906)
1(0.1419321951296351, 0.14539241221294175)
1(0.02787025428414214, 0.031302466457796024)
1(0.03605410999987688, 0.03943817151509825)
1(0.03068782364239687, 0.034054569621163495)
1(0.13877114182180306, 0.14202262677260388)
1(0.029870644437045873, 0.03311807957103847)
1(0.02884045603985637, 0.03208483000476628)
1(0.028169030329603034, 0.031406902252352584)
1(0.10661673982173296, 0.10983623677587523)
1(0.12180312909227142, 0.12499864326915365)
1(0.1516684832352165, 0.15476099801091103)
1(0.028714919997124888, 0.03177790934183029)
1(0.17382053809795328, 0.1768668302035305)
1(0.10131313414298977, 0.10424082125870945)
1(0.13936890926020315, 0.14227483180753225)
1(0.045987059328996834, 0.04885766392050716)
1(0.03466813518161612, 0.037510334162794985)
1(0.037311845986166776, 0.04009974710733445)
1(0.1345544439608985, 0.13732270587904868)
1(0.1325005734481688, 0.13526741873969453)
1(0.03925584688557192, 0.04200992968488805)
1(0.10556524838258463, 0.10827843395972875)
1(0.028501118755363868, 0.031207959263119357)
1(0.027108554199258107, 0.029796432186751223)
1(0.14544391695233994, 0.14809036805962034)
1(0.03381256789239456, 0.03645656258785685)
1(0.028584748772236962, 0.03118273399578776)
1(0.03315526116478108, 0.03574931185733037)
1(0.20851942078288782, 0.21110907235531737)
1(0.12895750671642792, 0.13154333228208603)
1(0.12222335325573475, 0.124793480567422)
1(0.027480103264239972, 0.030032286292419032)
1(0.1879208309575181, 0.19045838191745082)
1(0.028221529858813852, 0.03068095789519423)
1(0.11192317043929347, 0.11436293156611232)
1(0.12372199929161533, 0.1261080002845512)
1(0.1615004580397954, 0.163880285258489)
1(0.12764963974377636, 0.1300232530394692)
1(0.12191280363456515, 0.12422653387540385)
1(0.12490196617417146, 0.12718048610576857)
1(0.028796214517829516, 0.031074288853174856)
1(0.03495028906885171, 0.03721513247836327)
1(0.031108491835162795, 0.03331628039268614)
1(0.12093791644663401, 0.12314504168091422)
1(0.036132825222820686, 0.03832933746560619)
1(0.11526026739989274, 0.1174519623286716)
1(0.09621788278867957, 0.09839668973104687)
1(0.15976820432518227, 0.16191301595400107)
1(0.12971593902756492, 0.1318445007196015)
1(0.02963459412063372, 0.03175810431996464)
1(0.0282644755180348, 0.03036676942168198)
1(0.033546617399956256, 0.03564314148416013)
1(0.1178609794092013, 0.11989980905233243)
1(0.030854907196582845, 0.03287137377676157)
1(0.032138750421580306, 0.03414709143860864)
1(0.03167339698723995, 0.033672100905016246)
1(0.034306535720450906, 0.036281792614379506)
1(0.028931777239577804, 0.03088368609092681)
1(0.17180854119073458, 0.17375227970014828)
1(0.039029265334314146, 0.040950561977855425)
1(0.12178880743277323, 0.12369694783500251)
1(0.14726076559557022, 0.14916819736314257)
1(0.030774380074927464, 0.03267932732364136)
1(0.029624798670256206, 0.0315115630457384)
1(0.030543886055628116, 0.032429390241178406)
1(0.03317352579019873, 0.035058342424886896)
1(0.029699491034370147, 0.03157466150060096)
1(0.034730176313637756, 0.03660119764276044)
1(0.11337944545895719, 0.11521050567391772)
1(0.107211752525561, 0.10904081813324183)
1(0.11474564079327548, 0.11655892510333327)
1(0.11507726898546085, 0.11687515679133265)
1(0.029407516090402354, 0.031183214441194262)
1(0.0339499710360687, 0.03570469141735866)
1(0.03304485272952136, 0.034714829693945216)
1(0.030135826613440143, 0.03180169879114346)
1(0.03221624449352404, 0.03388030868329919)
1(0.12258849536321227, 0.12425172682933883)
1(0.03402327445776247, 0.03566051388167878)
1(0.03231584117155359, 0.03395277539129942)
1(0.13009725552402643, 0.13172848875424417)
1(0.029076970024819536, 0.03068095789519423)
1(0.11531274307869849, 0.11691507006272715)
1(0.028280317064021884, 0.029846170697221952)
1(0.029973730643141693, 0.0315372525277941)
1(0.2005153622122014, 0.2020538319750589)
1(0.03885411977389208, 0.0403917546278663)
1(0.02732571400816638, 0.02885442001772764)
1(0.1288685204128608, 0.13038290378908404)
1(0.12414883726434921, 0.12564701766894062)
1(0.14802010602100343, 0.14951219472415353)
1(0.031742811062061595, 0.03322834728525773)
1(0.03320629452423435, 0.034691604483199225)
1(0.13296948788070653, 0.1344523112201143)
1(0.0335825661477195, 0.03505965226987071)
1(0.028596986729136496, 0.030060190652595825)
1(0.03621338854644542, 0.037666085310413155)
1(0.03329143124013653, 0.03473192912049598)
1(0.031021792610315523, 0.03239285658345069)
1(0.02499446974090283, 0.026355730073681208)
1(0.12198138441438845, 0.12331839630288231)
1(0.10038301967441969, 0.10171342379214696)
1(0.03328654514923595, 0.03459387009006552)
1(0.029684769995598874, 0.030990935963526083)
1(0.03315254638310752, 0.0344580205155545)
1(0.1431679071338076, 0.1444704819055899)
1(0.136610751198738, 0.13789151685757664)
1(0.13355143978955575, 0.13483031554424613)
1(0.11497534570776095, 0.116239431985091)
1(0.03208271143248087, 0.03334594962578823)
1(0.0328197766680069, 0.03404221553630547)
1(0.12535752496811686, 0.12655600009418166)
1(0.1598598109650307, 0.16105453027231525)
1(0.036281965630111164, 0.03747284948143776)
1(0.039986295050902364, 0.041174734119354045)
1(0.0315632348560527, 0.032750970761055445)
1(0.03571887983136473, 0.0368973959578751)
1(0.03679348320271294, 0.03797154370888046)
1(0.16823590176786282, 0.16941330974952373)
1(0.030198576451002504, 0.03136608213360045)
1(0.03471005551316818, 0.035871811084478594)
1(0.03013284359657399, 0.031248751866013946)
1(0.19934370071703442, 0.20045601940889474)
1(0.037546167538411966, 0.03862692911534357)
1(0.03164843580280594, 0.032727274361105084)
1(0.029885784229400268, 0.03095864471974617)
1(0.03297637947794579, 0.034043007310031966)
1(0.026216652307382893, 0.027273674820383703)
1(0.029067056907456812, 0.030121422825539264)
1(0.028939569973814333, 0.029986773184141974)
1(0.03145662372800881, 0.032478399827521265)
1(0.029534918453931434, 0.030535832907833186)
1(0.030944338853928412, 0.03194093008042883)
1(0.031140250864729227, 0.032130684576770575)
1(0.03364409054635725, 0.03461742837912584)
1(0.02626609910040795, 0.027233688633663707)
1(0.0304547146189882, 0.031404714055906356)
1(0.12151422890840739, 0.12245473247571267)
1(0.028882013461657276, 0.02980800662771336)
1(0.11373845493590384, 0.114662828830406)
1(0.03110474200829399, 0.032027912440019436)
1(0.03361345222562305, 0.034522767823318125)
1(0.03185008732007997, 0.03275340934292178)
1(0.034098990877108555, 0.034994954746806035)
1(0.027375393728822844, 0.02826656450178558)
1(0.033087490837513174, 0.03397268362066808)
1(0.032051723816301114, 0.032935356356555125)
1(0.030951858207782318, 0.03182364359794485)
1(0.0393196055351347, 0.04016178149313683)
1(0.10397071393161891, 0.10480964405130329)
1(0.03018751927373249, 0.03097709232358366)
1(0.030706922673008, 0.03148023404567406)
1(0.03221270517764602, 0.03297370184307182)
1(0.025343597673190384, 0.026102583978292463)
1(0.033950453140136116, 0.034691604483199225)
1(0.03209985193379491, 0.0328158896202047)
1(0.03946398665663718, 0.04017403274275628)
1(0.12222987672547746, 0.1229352280153421)
1(0.136770601918371, 0.13746047416994708)
1(0.028589506582199768, 0.029278428909504692)
1(0.029036019067124143, 0.029714241390046456)
1(0.03039603241377189, 0.031068951184472324)
1(0.0354054968367023, 0.03607272883677752)
1(0.03256856083225295, 0.033234231816267015)
1(0.03054671912383599, 0.031207959263119357)
1(0.031189006098610462, 0.03183986250242355)
1(0.14313344387092478, 0.14377661342863707)
1(0.032221309971625714, 0.03286138007064214)
1(0.0317051889813375, 0.032342971948460135)
1(0.02877493267061284, 0.02941242118166569)
1(0.027676128041969103, 0.028302239875734162)
1(0.031060636747541656, 0.03168315723971856)
1(0.03669688572897193, 0.037318144563421474)
1(0.14043714124302886, 0.14105187588543397)
1(0.03253085755526792, 0.033121858011151514)
1(0.0319319028585532, 0.03251622345327454)
1(0.03347984699054524, 0.034054569621163495)
1(0.029332908101868817, 0.029903356542790412)
1(0.14655845202606219, 0.1471259099761099)
1(0.037416622724928454, 0.037979415000928635)
1(0.03750718690672276, 0.03806486055471728)
1(0.04283034510081791, 0.043367219317569025)
1(0.11042122350801271, 0.11095403520061818)
1(0.031177396654883144, 0.03169038794965305)
1(0.02671195649478951, 0.02722211785325651)
1(0.039732925960207964, 0.04024180290926147)
1(0.03418765215142355, 0.034691604483199225)
1(0.12216091508622563, 0.12265711136479054)
1(0.030006543988115465, 0.03048802098203548)
1(0.11849063395632824, 0.11896787972425514)
1(0.12572479392661773, 0.12618313154144262)
1(0.031963449432579755, 0.03241259685198884)
1(0.1108961110185821, 0.11132578702668618)
1(0.1782965682086969, 0.17871849986463648)
1(0.041313370042976263, 0.04172592027357484)
1(0.027222789115971667, 0.027629222966437505)
1(0.033155177817465964, 0.03355966848055755)
1(0.03115129798484768, 0.03155535317919991)
1(0.03144943168230553, 0.03183986250242355)
1(0.031080024147322426, 0.031456550519210556)
1(0.0298840216385348, 0.03025429534519712)
1(0.13616470232869082, 0.136533220919317)
1(0.10417645953807675, 0.10453149013329997)
1(0.13361780080681665, 0.13396913390440127)
1(0.03256187524713733, 0.03290340694686624)
1(0.035867596334467323, 0.03619741915533531)
1(0.12622701788234697, 0.12655600009418166)
1(0.02864135178019342, 0.028968839550674585)
1(0.036271434064410996, 0.036592987825681274)
1(0.03357540865386488, 0.03389442967749839)
1(0.02981293120220076, 0.030128037352437506)
1(0.11562645196259923, 0.11593146643948432)
1(0.13480526270500792, 0.13509793067113537)
1(0.028295256572707286, 0.028579289565322415)
1(0.03443883619742759, 0.034718713180510674)
1(0.03031306045311467, 0.03059165658994031)
1(0.03389579483870678, 0.0341667917847237)
1(0.11968956142586831, 0.11995869807392906)
1(0.0275082900064032, 0.0277694065322833)
1(0.03215844618607286, 0.03241847275761792)
1(0.030097257145766373, 0.030352453189356855)
1(0.0322442578679003, 0.03249128712957794)
1(0.11627192379522876, 0.11651849980672731)
1(0.03259361539134132, 0.032832839790412544)
1(0.03714842813323176, 0.03738092389695069)
1(0.033719595764411116, 0.03394970078615567)
1(0.03047041914629199, 0.03070025560740191)
1(0.0365752369890181, 0.03679261695730811)
1(0.033739341192279136, 0.03395277539129942)
1(0.03745346331057175, 0.037664071610959374)
1(0.03194222553429345, 0.03214458431256595)
1(0.10805678427057734, 0.1082464281782752)
1(0.026477237927979305, 0.026661722741076914)
1(0.1219768421503992, 0.12215613886872911)
1(0.02960174632159452, 0.029773739816072738)
1(0.030497311770582566, 0.030668588833740285)
1(0.04131840949606133, 0.0414805176424314)
1(0.14900668545071158, 0.14916819736314257)
1(0.03015449417322971, 0.030307647550526173)
1(0.117832267626354, 0.11798265808835975)
1(0.02793549878649204, 0.028082105289260424)
1(0.03374928426853351, 0.03389442967749839)
1(0.11185577334773257, 0.11199285836789019)
1(0.028307481075426605, 0.028442858669858424)
1(0.03314499576369971, 0.033278166575343646)
1(0.02924785110213117, 0.02938075044330306)
1(0.03914919390140477, 0.03927548019494053)
1(0.029431671148400427, 0.029556397041085408)
1(0.03312227315917046, 0.03324649432728553)
1(0.030218905737689265, 0.030340241531345957)
1(0.03477963851323615, 0.034900146575824666)
1(0.031026199195499458, 0.031145162858322056)
1(0.026839492341521675, 0.026952208689024613)
1(0.034977017269747994, 0.03508471070268489)
1(0.02647850055871202, 0.026583175458319556)
1(0.030206625634014838, 0.03031085804562083)
1(0.03378208164045891, 0.0338848294893217)
1(0.11771377124864187, 0.11780185840851262)
1(0.03108096129826596, 0.031168374277388822)
1(0.03310384318085617, 0.03319058895425423)
1(0.02937416164378696, 0.029442038159286914)
1(0.03132519705826749, 0.03139116209277699)
1(0.027164005273205963, 0.02722211785325651)
1(0.13066084154016694, 0.13071672830247621)
1(0.032699529713932085, 0.032743315780745096)
1(0.028266483526785142, 0.028288194255466092)
1(0.029270420060646292, 0.029278428909504692)
0(0.0, inf)
0(0.0, 0.2504960861592732)
0(0.0, 0.23088735547071804)
0(0.0, 0.20458353647444452)
0(0.0, 0.196030509620364)
0(0.0, 0.18989092685935888)
0(0.0, 0.18752726827419872)
0(0.0, 0.18238714166894482)
0(0.0, 0.18215152354222933)
0(0.0, 0.17661168935420032)
0(0.0, 0.17480989963527221)
0(0.0, 0.17338015890465486)
0(0.0, 0.1713423325437217)
0(0.0, 0.16956211497335913)
0(0.0, 0.1677564979536371)
0(0.0, 0.16632475706165117)
0(0.0, 0.16599597159014243)
0(0.0, 0.16268593813611337)
0(0.0, 0.1615025614485025)
0(0.0, 0.15979265747981947)
0(0.0, 0.15811684913163537)
0(0.0, 0.15708709559388406)
0(0.0, 0.15687937832625204)
0(0.0, 0.156135531555821)
0(0.0, 0.15557073856466466)
0(0.0, 0.15506471758847223)
0(0.0, 0.15385377871263695)
0(0.0, 0.1528588999258176)
0(0.0, 0.15256130496064374)
0(0.0, 0.1514083580315091)
0(0.0, 0.15120935090741208)
0(0.0, 0.15091548207944422)
0(0.0, 0.1483211109046981)
0(0.0, 0.1475184426473098)
0(0.0, 0.14731173950051688)
0(0.0, 0.1468297561483133)
0(0.0, 0.14650635776782736)
0(0.0, 0.1448288229834758)
0(0.0, 0.14328954394499427)
0(0.0, 0.1431732971382761)
0(0.0, 0.1430086892199781)
0(0.0, 0.14223757647977447)
0(0.0, 0.1419901497322031)
0(0.0, 0.14089191111956914)
0(0.0, 0.14022992740848023)
0(0.0, 0.140145706464354)
0(0.0, 0.14012671204297467)
0(0.0, 0.1388781927434833)
0(0.0, 0.13873367432901745)
0(0.0, 0.13840592405417068)
0(0.0, 0.137844958481378)
0(0.0, 0.1378058360788061)
0(0.0, 0.1377547334450901)
0(0.0, 0.13763451338216096)
0(0.0, 0.1374127952015834)
0(0.0, 0.13730901779472368)
0(0.0, 0.1369403594805289)
0(0.0, 0.13686923900139447)
0(0.0, 0.13626224716238258)
0(0.0, 0.13606604291450833)
0(0.0, 0.13527681000506658)
0(0.0, 0.13332798374417304)
0(0.0, 0.13324457111645402)
0(0.0, 0.13302396243076742)
0(0.0, 0.13219938493293595)
0(0.0, 0.13142075729969346)
0(0.0, 0.13139130661059573)
0(0.0, 0.1312685603172051)
0(0.0, 0.13061416635695025)
0(0.0, 0.1305992119934403)
0(0.0, 0.13051624040095133)
0(0.0, 0.1304076417862055)
0(0.0, 0.1301340609999256)
0(0.0, 0.12898181473516315)
0(0.0, 0.12892990845142221)
0(0.0, 0.12877959745593126)
0(0.0, 0.12874722369979558)
0(0.0, 0.1276474446847638)
0(0.0, 0.12763886431799198)
0(0.0, 0.1276003518171889)
0(0.0, 0.1273151766519311)
0(0.0, 0.12703974622776906)
0(0.0, 0.12670477905023694)
0(0.0, 0.12639737399038062)
0(0.0, 0.12604590259382417)
0(0.0, 0.12564792110660788)
0(0.0, 0.12532082030587918)
0(0.0, 0.12475952743147307)
0(0.0, 0.1247075164461944)
0(0.0, 0.1245235651845118)
0(0.0, 0.12445245379410291)
0(0.0, 0.12419755222516503)
0(0.0, 0.12391673700323007)
0(0.0, 0.1233890074168283)
0(0.0, 0.12331108479329687)
0(0.0, 0.12326087454408388)
0(0.0, 0.12317478577278775)
0(0.0, 0.1227423300027991)
0(0.0, 0.12242670322618708)
0(0.0, 0.1218779003801827)
0(0.0, 0.12180538940316937)
0(0.0, 0.12117829093063762)
0(0.0, 0.12061628955811021)
0(0.0, 0.1197500904415777)
0(0.0, 0.11941972476964714)
0(0.0, 0.11904649200792669)
0(0.0, 0.1190158458755119)
0(0.0, 0.1186515745076282)
0(0.0, 0.11851642475767385)
0(0.0, 0.11803763061802816)
0(0.0, 0.1175000213277427)
0(0.0, 0.1174578832414577)
0(0.0, 0.11690870762538419)
0(0.0, 0.11555288916918342)
0(0.0, 0.1153304631308326)
0(0.0, 0.1152680352451634)
0(0.0, 0.11510143692072576)
0(0.0, 0.11506594630165866)
0(0.0, 0.1148994270459534)
0(0.0, 0.11482700484113255)
0(0.0, 0.1142299349313255)
0(0.0, 0.11413327524732533)
0(0.0, 0.11398121484611096)
0(0.0, 0.11384545405888837)
0(0.0, 0.1134939862426799)
0(0.0, 0.11314148354854801)
0(0.0, 0.11300069443273819)
0(0.0, 0.11291977709790885)
0(0.0, 0.11253098400829717)
0(0.0, 0.11250339573398399)
0(0.0, 0.11211498675716873)
0(0.0, 0.11206542749808159)
0(0.0, 0.11192018359091455)
0(0.0, 0.11180402478952559)
0(0.0, 0.11170430067853879)
0(0.0, 0.11167804280777381)
0(0.0, 0.11157007281071753)
0(0.0, 0.1106530439608076)
0(0.0, 0.1106231051894765)
0(0.0, 0.11028843022585401)
0(0.0, 0.1102803126841227)
0(0.0, 0.11011618354848435)
0(0.0, 0.10997070567927093)
0(0.0, 0.10995447182963879)
0(0.0, 0.10984283067677961)
0(0.0, 0.1096308417967622)
0(0.0, 0.10952254039997346)
0(0.0, 0.10926098073382917)
0(0.0, 0.1089269020568142)
0(0.0, 0.10847575649858208)
0(0.0, 0.10824344026391862)
0(0.0, 0.10791496544246447)
0(0.0, 0.10733763012591048)
0(0.0, 0.10719712658980811)
0(0.0, 0.1067332934259632)
0(0.0, 0.10648590833315533)
0(0.0, 0.10634320094422657)
0(0.0, 0.10615640801913206)
0(0.0, 0.10607587599702897)
0(0.0, 0.10592801531832871)
0(0.0, 0.10554643635854584)
0(0.0, 0.10525356648184582)
0(0.0, 0.1049536556141093)
0(0.0, 0.10489889105101281)
0(0.0, 0.10462999372992904)
0(0.0, 0.10426207953794905)
0(0.0, 0.10425241359408478)
0(0.0, 0.1040569777084534)
0(0.0, 0.10400990378173705)
0(0.0, 0.10326635914555551)
0(0.0, 0.10311110783999283)
0(0.0, 0.10264515310988905)
0(0.0, 0.10261076323797458)
0(0.0, 0.10253641886040267)
0(0.0, 0.10247175550954739)
0(0.0, 0.1023819114218749)
0(0.0, 0.10217099446985152)
0(0.0, 0.1018905140963324)
0(0.0, 0.10182831204928586)
0(0.0, 0.10179329878961992)
0(0.0, 0.10177840958799617)
0(0.0, 0.10159806825284305)
0(0.0, 0.10158614315240495)
0(0.0, 0.10144196044124282)
0(0.0, 0.10129117998333312)
0(0.0, 0.10099927402152917)
0(0.0, 0.10099259022013767)
0(0.0, 0.10071361898648237)
0(0.0, 0.10027303608452004)
0(0.0, 0.09880747858304485)
0(0.0, 0.09847662510990067)
0(0.0, 0.0984249390823621)
0(0.0, 0.09830955414836844)
0(0.0, 0.09805379877064561)
0(0.0, 0.09800971604251775)
0(0.0, 0.09788677442744662)
0(0.0, 0.09758866897745652)
0(0.0, 0.09735638403824155)
0(0.0, 0.09729736602553728)
0(0.0, 0.09720693171904336)
0(0.0, 0.09712471859997009)
0(0.0, 0.09610089809639295)
0(0.0, 0.09559807713376083)
0(0.0, 0.0953797070266369)
0(0.0, 0.09533553803990423)
0(0.0, 0.09521355803178949)
0(0.0, 0.09492602147072142)
0(0.0, 0.09464040155560613)
0(0.0, 0.09441170437613211)
0(0.0, 0.09440558037564872)
0(0.0, 0.09399444954977546)
0(0.0, 0.0934762646345534)
0(0.0, 0.09341012410141245)
0(0.0, 0.09292016485109926)
0(0.0, 0.09238150871692723)
0(0.0, 0.08892034973336835)
0(0.0, 0.08695672154349054)
0(0.0, 0.0854248433502282)
0(0.0, 0.0843190794375284)
0(0.0, 0.08355938790497447)
0(0.0, 0.08268160455681385)
0(0.0, 0.06599495353394437)
0(0.0, 0.050226317505063796)
0(0.0, 0.049220329668226884)
0(0.0, 0.04890804663542001)
0(0.0, 0.048613390758687966)
0(0.0, 0.04727553237210212)
0(0.0, 0.04706088294936846)
0(0.0, 0.04442736370365141)
0(0.0, 0.04434315163373882)
0(0.0, 0.042273525044205236)
0(0.0, 0.0414760683304362)
0(0.0, 0.04117952442328659)
0(0.0, 0.04048808460629358)
0(0.0, 0.03980226446687796)
0(0.0, 0.03926388969931833)
0(0.0, 0.0388490476942627)
0(0.0, 0.03801456344691171)
0(0.0, 0.037789110985203975)
0(0.0, 0.037485175818752874)
0(0.0, 0.03738023530379147)
0(0.0, 0.03720713308231441)
0(0.0, 0.03719124899986169)
0(0.0, 0.03678532525379954)
0(0.0, 0.03677009725733327)
0(0.0, 0.036235733396303)
0(0.0, 0.0361524598239337)
0(0.0, 0.03585868918749774)
0(0.0, 0.03584780073372546)
0(0.0, 0.03583839656810579)
0(0.0, 0.03568548604976091)
0(0.0, 0.03566839482962896)
0(0.0, 0.03566259112771541)
0(0.0, 0.03543635726261135)
0(0.0, 0.035409327726373396)
0(0.0, 0.0353264232774604)
0(0.0, 0.03504020792730635)
0(0.0, 0.03489944451379563)
0(0.0, 0.03478463481372449)
0(0.0, 0.0346944971237946)
0(0.0, 0.0345800762384369)
0(0.0, 0.03448577827944629)
0(0.0, 0.03436710904410773)
0(0.0, 0.03417832476010748)
0(0.0, 0.034021210420339204)
0(0.0, 0.033859083624510185)
0(0.0, 0.03373064279300206)
0(0.0, 0.033562853117921974)
0(0.0, 0.033243520039086566)
0(0.0, 0.03311119982187402)
0(0.0, 0.033079427720571576)
0(0.0, 0.03297640814170494)
0(0.0, 0.03291557334667613)
0(0.0, 0.032827498283232254)
0(0.0, 0.032656554875428775)
0(0.0, 0.03247527954820694)
0(0.0, 0.03239932396028025)
0(0.0, 0.032395639278868994)
0(0.0, 0.0323664864030174)
0(0.0, 0.0323252124568204)
0(0.0, 0.03222263847108265)
0(0.0, 0.03208568596681543)
0(0.0, 0.03206949073849678)
0(0.0, 0.031841766813124)
0(0.0, 0.03177609867557182)
0(0.0, 0.03175757753937162)
0(0.0, 0.03168435853373118)
0(0.0, 0.03136092005840959)
0(0.0, 0.03127428307925986)
0(0.0, 0.031258804850599495)
0(0.0, 0.031243812794964076)
0(0.0, 0.03123556285106299)
0(0.0, 0.031181805231211827)
0(0.0, 0.03112619772069801)
0(0.0, 0.031089947148930618)
0(0.0, 0.031046884758050626)
0(0.0, 0.031032403678863694)
0(0.0, 0.031017695040322625)
0(0.0, 0.030829378093121942)
0(0.0, 0.030554359263731165)
0(0.0, 0.030547110090710445)
0(0.0, 0.030524383156256944)
0(0.0, 0.030462585222547658)
0(0.0, 0.030438449854422834)
0(0.0, 0.030409540296078466)
0(0.0, 0.030350219433523094)
0(0.0, 0.030185363808928622)
0(0.0, 0.030169339413702437)
0(0.0, 0.03009669340800314)
0(0.0, 0.03008376945129649)
0(0.0, 0.029903107135888743)
0(0.0, 0.02980378714501467)
0(0.0, 0.029786959827524735)
0(0.0, 0.029776142904766198)
0(0.0, 0.02973688773458391)
0(0.0, 0.029720582448143604)
0(0.0, 0.02970121554823393)
0(0.0, 0.0296646483841573)
0(0.0, 0.029600779208821405)
0(0.0, 0.029505859308764697)
0(0.0, 0.02946040217810651)
0(0.0, 0.029439552880535076)
0(0.0, 0.029400017808190092)
0(0.0, 0.029366056757952997)
0(0.0, 0.02932807382511411)
0(0.0, 0.029209647280554703)
0(0.0, 0.02913379927433518)
0(0.0, 0.029106848954141083)
0(0.0, 0.029096333981070793)
0(0.0, 0.02905512822166575)
0(0.0, 0.029015979396329387)
0(0.0, 0.02896630199407507)
0(0.0, 0.028934581457951886)
0(0.0, 0.028920958077690833)
0(0.0, 0.028836611608006456)
0(0.0, 0.0288027075844706)
0(0.0, 0.02862796266576452)
0(0.0, 0.028517191646619543)
0(0.0, 0.02845542626366491)
0(0.0, 0.0283013362421314)
0(0.0, 0.028254202130568534)
0(0.0, 0.028230072425486138)
0(0.0, 0.028158494008284775)
0(0.0, 0.028080812041142867)
0(0.0, 0.02797853547600405)
0(0.0, 0.027968792203051793)
0(0.0, 0.027933935520191883)
0(0.0, 0.027930079792934926)
0(0.0, 0.027919405176916785)
0(0.0, 0.027906478215442686)
0(0.0, 0.02786559728866036)
0(0.0, 0.027850014696431735)
0(0.0, 0.027836922364580952)
0(0.0, 0.027796731727037706)
0(0.0, 0.027738642685654343)
0(0.0, 0.027730445522805333)
0(0.0, 0.027688384804809722)
0(0.0, 0.027681829618276442)
0(0.0, 0.02764305444540988)
0(0.0, 0.027579390101000852)
0(0.0, 0.027494581685703078)
0(0.0, 0.027448684132061554)
0(0.0, 0.027413218668408058)
0(0.0, 0.027405996145170454)
0(0.0, 0.027368338942603352)
0(0.0, 0.027357247303235896)
0(0.0, 0.02726946764774308)
0(0.0, 0.027166949552450716)
0(0.0, 0.027152491414108117)
0(0.0, 0.027064890132629346)
0(0.0, 0.027008536227034884)
0(0.0, 0.02697863065375138)
0(0.0, 0.026959044450520133)
0(0.0, 0.026891069526196593)
0(0.0, 0.026857343786464066)
0(0.0, 0.026840280384113447)
0(0.0, 0.02673786697818429)
0(0.0, 0.02664373494790909)
0(0.0, 0.026550009025810204)
0(0.0, 0.026497484004940574)
0(0.0, 0.026474685051968993)
0(0.0, 0.02645470534097803)
0(0.0, 0.026453277172493062)
0(0.0, 0.026432383002069133)
0(0.0, 0.026357019210475705)
0(0.0, 0.02619626620199645)
0(0.0, 0.026185860287192136)
0(0.0, 0.02613701057585742)
0(0.0, 0.02610221570054986)
0(0.0, 0.026083796183059997)
0(0.0, 0.02608241519925252)
0(0.0, 0.02607997256177143)
0(0.0, 0.026073978685505983)
0(0.0, 0.025936609095682926)
0(0.0, 0.02570821169002996)
0(0.0, 0.025652739217770462)
0(0.0, 0.025608887086666768)
0(0.0, 0.025532057313945075)
0(0.0, 0.025480697845708833)
0(0.0, 0.02547469070186869)
0(0.0, 0.02546407501540858)
0(0.0, 0.025369509874285018)
0(0.0, 0.02536207141585611)
0(0.0, 0.025255244366893925)
0(0.0, 0.025126568535544805)
0(0.0, 0.025011560063506477)
0(0.0, 0.024978219320827492)
0(0.0, 0.02485977085094209)
0(0.0, 0.024776358119950645)
0(0.0, 0.024713400344914344)
0(0.0, 0.024681813926320923)
0(0.0, 0.024651505357058442)
0(0.0, 0.024643115914266128)
0(0.0, 0.024619441793758554)
0(0.0, 0.024536230081824054)
0(0.0, 0.024322906218372596)
0(0.0, 0.024044722809507764)
0(0.0, 0.023962360843465928)
0(0.0, 0.023951156443748577)
0(0.0, 0.023815833804363765)
0(0.0, 0.023676130811697997)
0(0.0, 0.02364614186157542)
0(0.0, 0.023476022140586857)
0(0.0, 0.023454939346124252)
0(0.0, 0.023429433387680873)
0(0.0, 0.023418584141612003)
0(0.0, 0.022717501825047188)
0(0.0, 0.022699773425414693)
0(0.0, 0.022653298208935677)
0(0.0, 0.022069078114253078)
0(0.0, 0.021799871932564073)
0(0.0, 0.020424968147313923)
