1(0.11161733388749426, 0.12611400148415922)
1(0.15848551312397335, 0.17190536432908488)
1(0.11107375527473942, 0.12448290314882425)
1(0.149091013462912, 0.16246582753410058)
1(0.14500807546467526, 0.15776049083599075)
1(0.12292630840235766, 0.13567343209726992)
1(0.1363494553041781, 0.14896999464583535)
1(0.1074380158389027, 0.12001081607700276)
1(0.1121324033825439, 0.12456726453998312)
1(0.11076651565429704, 0.12256532607090757)
1(0.10079169000703171, 0.11244783047358253)
1(0.11268323068312357, 0.12368319987997539)
1(0.1313495922416918, 0.14212110869989442)
1(0.17726449674814548, 0.1879823049741211)
1(0.1477544032239236, 0.1582751794876998)
1(0.1129999463257443, 0.12348146065010865)
1(0.10107173803696111, 0.11135967804597438)
1(0.1729110999362529, 0.1829014784088856)
1(0.12188390732881792, 0.13186498845119934)
1(0.1695735874212357, 0.17923834812846398)
1(0.13183717944988807, 0.14135833854938082)
1(0.1134010333435884, 0.12280707025197313)
1(0.11693064355083835, 0.12625026397359185)
1(0.11159808571015875, 0.12091365715480899)
1(0.07085797523275654, 0.08015410246491236)
1(0.10553657810271647, 0.11480843288233047)
1(0.1125854772022867, 0.12181933911673354)
1(0.11515614016219895, 0.12404229410694922)
1(0.14722256475405518, 0.15608631616657268)
1(0.11655221068126265, 0.12510530697154598)
1(0.14884120049258986, 0.1572867381261314)
1(0.12279051719414726, 0.13121427027516808)
1(0.1155976656891738, 0.12391571871472586)
1(0.11493677445508003, 0.12308930346667973)
1(0.11064324778431514, 0.11842103479670761)
1(0.11950473507593924, 0.12727986685442513)
1(0.1638439780587811, 0.1714187251523421)
1(0.10386399737810197, 0.11135967804597438)
1(0.14942267584121305, 0.15690496041545923)
1(0.31301837447952063, 0.32036721274002006)
1(0.12617454845636342, 0.13351543281565745)
1(0.10698506461214145, 0.11419311659844288)
1(0.12238736270799637, 0.12952762761747671)
1(0.11155018851236849, 0.1186843055149997)
1(0.12274828161561777, 0.12973150609066653)
1(0.11558682386292247, 0.1224948467897484)
1(0.09870652049322962, 0.10551878307228811)
1(0.109682432466934, 0.11626369105083785)
1(0.13679789234956755, 0.14337784828369848)
1(0.11176463932544345, 0.11827139217382399)
1(0.13285344091106896, 0.1392472180411253)
1(0.11415184612952028, 0.12043297833110952)
1(0.10524609034409763, 0.11152534627674872)
1(0.1321337367140136, 0.13840995650395774)
1(0.11188129822788392, 0.11814238553455175)
1(0.11321669565193432, 0.11947207169757626)
1(0.17800909696687858, 0.18424716964921486)
1(0.13659205449050524, 0.1428117884727896)
1(0.11104077940823248, 0.1170978661946529)
1(0.11723442102805252, 0.12326842804310068)
1(0.11779019102100502, 0.12379352007704224)
1(0.14766991733257095, 0.15357427989448202)
1(0.11340142421979402, 0.11924575920079089)
1(0.12089927370619263, 0.12646148388180967)
1(0.11921284151810495, 0.12476130014704806)
1(0.18733273492839186, 0.1927794943119414)
1(0.2260726267132423, 0.23143905219607896)
1(0.12433924356322586, 0.12967580606403706)
1(0.11471297157128789, 0.12003469143870041)
1(0.11967953083351694, 0.1250012041065977)
1(0.10739520698751719, 0.11265927121614468)
1(0.0992217371420652, 0.10445569219553057)
1(0.026242730118008734, 0.03143724426493639)
1(0.12113292010858433, 0.12627856554262168)
1(0.10933107850291522, 0.11443746540350472)
1(0.13712901382871165, 0.14212396454340395)
1(0.12234680908960548, 0.1273393928925754)
1(0.12482553124983893, 0.12974392215237962)
1(0.10780363982459312, 0.11265927121614468)
1(0.13643451525527497, 0.14120955817579312)
1(0.11375181611426614, 0.11851668037817695)
1(0.250714485798371, 0.25546305544354053)
1(0.12672504028258716, 0.1314045266288158)
1(0.09928895290950757, 0.10392933308214063)
1(0.1127576344434441, 0.11731257769657769)
1(0.13371620469572976, 0.1382157824131772)
1(0.13415326209560127, 0.13861019831009502)
1(0.13980608896832808, 0.14416776057972044)
1(0.11812413631150405, 0.12246253385252084)
1(0.13668451577288446, 0.14096051012635047)
1(0.11480171715322525, 0.11891069315131693)
1(0.03536663552796245, 0.03943033381835337)
1(0.12525538115954873, 0.12928455168677766)
1(0.11940352326116077, 0.1234114244428433)
1(0.12221335621430353, 0.1262137047378889)
1(0.1395574516467031, 0.14340748368058026)
1(0.1289376611355785, 0.13274360275578467)
1(0.12518251255061447, 0.12897678932401982)
1(0.029482356609078313, 0.03322665527476278)
1(0.1371617891696157, 0.14090186145457664)
1(0.11827627081782277, 0.12190905180520839)
1(0.1357683067291055, 0.13936300990087683)
1(0.14007402796708235, 0.14366671438922635)
1(0.12970042204002863, 0.13328649388192776)
1(0.027092165162550155, 0.030488896090745267)
1(0.14017013061712316, 0.14353498606422474)
1(0.1217156726778434, 0.1250710866468578)
1(0.0310279786023942, 0.03436876841196648)
1(0.1196433775053403, 0.12295722198226876)
1(0.030189605910485313, 0.033501985589631904)
1(0.2446784046201257, 0.24795165043222747)
1(0.12544625762551945, 0.12868389015402806)
1(0.10912110996631232, 0.11235580274194928)
1(0.02900145434936753, 0.03208302377762879)
1(0.1330537376664355, 0.13610688643107693)
1(0.11629668309710897, 0.11933426926370169)
1(0.11601080088707208, 0.11903889611548939)
1(0.11365834885719245, 0.11662787340441459)
1(0.1132456296212569, 0.11621234704483405)
1(0.02603265922591328, 0.02899882709544474)
1(0.026743234733980565, 0.02970057288295463)
1(0.12837441113645356, 0.1313098779918369)
1(0.10974681314598905, 0.11265927121614468)
1(0.027195631836044506, 0.03008931532574141)
1(0.10635615299803962, 0.1092365372969464)
1(0.02853833518549368, 0.03139407581480423)
1(0.02798267933613544, 0.030793124539273894)
1(0.11347757803357504, 0.11621234704483405)
1(0.02936603015779539, 0.03208805160250079)
1(0.02546858497624706, 0.028183641575814662)
1(0.025958497850209015, 0.02866853350559958)
1(0.11979240537354291, 0.12250126963342733)
1(0.10469860650750334, 0.1073979522243885)
1(0.025349039362029382, 0.028041901306471446)
1(0.025544596298467885, 0.0282333327075949)
1(0.02817579676918752, 0.030818639631456774)
1(0.1501226226629484, 0.15274976137774)
1(0.03686897453270314, 0.039475108018081656)
1(0.12058400234878085, 0.12316938431009243)
1(0.1271841138128832, 0.12973150609066653)
1(0.11295930209050933, 0.11549330666381537)
1(0.025212836498720533, 0.027720331799325582)
1(0.17331184508236477, 0.17577916413016384)
1(0.030075468857948037, 0.03253533537047607)
1(0.03143097504065129, 0.03388281196353577)
1(0.09320130923019547, 0.09564727859192501)
1(0.11526972295453085, 0.11770985180852692)
1(0.032935849774458695, 0.0353719788913942)
1(0.02480604659693205, 0.027234940064157134)
1(0.030423443402713565, 0.03284523114088241)
1(0.02651776551729975, 0.02891711703431523)
1(0.1125145031953072, 0.11490309508967596)
1(0.028100565483618414, 0.03042211333072421)
1(0.12497183262105187, 0.12724112378341204)
1(0.028128469909403445, 0.030375451709251572)
1(0.03697184690750849, 0.03920828787248371)
1(0.11592834184013129, 0.11814238553455175)
1(0.033209390762017794, 0.03539945381027229)
1(0.02705997205615051, 0.029246654448745787)
1(0.027668336876132696, 0.029848768808266538)
1(0.02738654349550704, 0.029519058678155376)
1(0.038561676010833046, 0.040694134035224545)
1(0.1188200397998303, 0.12091365715480899)
1(0.1216557558140847, 0.1237067336718374)
1(0.027097622012179464, 0.029139329601860307)
1(0.025948162881510622, 0.02798652944657765)
1(0.11054210987554232, 0.11256066229607103)
1(0.11890928555022594, 0.12091365715480899)
1(0.028388515010084547, 0.030375451709251572)
1(0.13726960629387058, 0.1392472180411253)
1(0.02577136396376805, 0.027744754600149184)
1(0.026463872148059116, 0.02839256074793811)
1(0.16415606228963606, 0.16607317526348286)
1(0.03641283756737993, 0.03832620708944819)
1(0.02695911989793587, 0.028843583536693845)
1(0.026206322091372032, 0.028087103011137683)
1(0.026291152990877878, 0.028150483500604145)
1(0.030222151051706118, 0.03204783908684173)
1(0.025802873919685998, 0.027575563744680114)
1(0.03127829602623511, 0.03303093873716873)
1(0.02626847333805103, 0.02801309650973224)
1(0.02902550363760911, 0.03076522520721231)
1(0.029955711593140845, 0.03167466361090972)
1(0.029697605566186194, 0.03141156313063601)
1(0.02831564399681026, 0.03000538020666721)
1(0.029753330975225548, 0.03143724426493639)
1(0.027391791489704265, 0.02901770617623768)
1(0.026710494120339663, 0.028319879959743884)
1(0.02812209920792158, 0.029727879373082956)
1(0.02638677922445332, 0.027990416427402076)
1(0.02855613788375338, 0.030158770498339132)
1(0.026393348221985805, 0.027990416427402076)
1(0.10097268522270741, 0.10255321002542227)
1(0.03179574209116531, 0.03335395025654084)
1(0.10101451422954456, 0.10255321002542227)
1(0.1115545173889285, 0.11308258632213714)
1(0.03540287138449448, 0.03692815026809444)
1(0.1246127506209932, 0.1261282417533754)
1(0.15821491153813635, 0.15970086255969376)
1(0.11593904597426027, 0.11737455550852913)
1(0.03336091132017479, 0.034788212973730616)
1(0.04025509674091226, 0.04167789319857282)
1(0.03782004641229257, 0.039240510233787974)
1(0.11073799766080555, 0.11215602254214983)
1(0.03283580143396629, 0.0342222567728365)
1(0.1150007319060308, 0.11637895176951417)
1(0.028654588852079298, 0.03002415838459143)
1(0.03558541536853619, 0.03695389443415579)
1(0.027358575166811498, 0.02869297541215147)
1(0.02951357935759257, 0.030804415603299502)
1(0.03371556318638319, 0.03500131074033042)
1(0.02783803884372302, 0.029119794467759634)
1(0.028851586878910065, 0.030132061768187345)
1(0.11645279781394681, 0.11773128957042148)
1(0.11303808147031073, 0.11430469468243865)
1(0.032253342355687525, 0.033501985589631904)
1(0.11777413087908076, 0.11902016962484359)
1(0.029906669161544015, 0.0311457543608739)
1(0.14976999322239554, 0.1509932919669874)
1(0.12539045144657857, 0.12658228180899256)
1(0.033103536323624436, 0.03429372064728836)
1(0.027946027505290467, 0.029130011099930363)
1(0.11938965929509376, 0.12057288866588264)
1(0.027857163232475585, 0.029038499964771446)
1(0.12223808871535517, 0.1234114244428433)
1(0.03983112793990666, 0.040980186213635354)
1(0.13472072826672415, 0.13586310881867683)
1(0.03935284780923652, 0.04049290835251752)
1(0.1108025130314607, 0.11190318917125677)
1(0.03133424576435361, 0.03240939509817333)
1(0.029114560410477813, 0.030181097434446958)
1(0.1227352248339555, 0.12379352007704224)
1(0.11914930614845236, 0.12020696768210849)
1(0.11486313363724189, 0.11591844867567082)
1(0.03379238754994785, 0.03483932366941391)
1(0.02712310328737717, 0.028150483500604145)
1(0.029072312540343207, 0.03009814980753573)
1(0.04077174251048088, 0.04178678882753344)
1(0.037344536591121, 0.0383592065178176)
1(0.026398208314418043, 0.02740630400213764)
1(0.030707439791478167, 0.03169934506043637)
1(0.03559721337550879, 0.03658160236461807)
1(0.025582542159282406, 0.026539127868116002)
1(0.15786732284160887, 0.15882319744133885)
1(0.10773238014868647, 0.1086844566930436)
1(0.03626343960557519, 0.03718722551579839)
1(0.028593412736010043, 0.029504827465458003)
1(0.031622498982902744, 0.03253365253568452)
1(0.03137338414548756, 0.03228167012418199)
1(0.03251584760170487, 0.03341716652462457)
1(0.035108556789735845, 0.03600062994327483)
1(0.02891732076583666, 0.02978340330522251)
1(0.03151339265658912, 0.0323750820429133)
1(0.1107998375988202, 0.11165411476014551)
1(0.029647313526628784, 0.0304990604733668)
1(0.032683167922967354, 0.03352099003817635)
1(0.027809129433423684, 0.028644677098924303)
1(0.02618925684595693, 0.0270150813436654)
1(0.03796289956859351, 0.038787211939292306)
1(0.12509451725646795, 0.12591636996145406)
1(0.028116953334444243, 0.02893556546953975)
1(0.032672007193576866, 0.03349051489727054)
1(0.12771153359836743, 0.1285258434304273)
1(0.03282069902981396, 0.03361988808034612)
1(0.02978220182024015, 0.030571076038764314)
1(0.11994750412703266, 0.12073302092098406)
1(0.02511422238132527, 0.025893197847180315)
1(0.13923084492921772, 0.13998183269366654)
1(0.03013185772334616, 0.03087105969577417)
1(0.10182346967472589, 0.10254985015357314)
1(0.034194327556763125, 0.03491675895255559)
1(0.12243874252779956, 0.12313963147294214)
1(0.1326570665174259, 0.13334570277873467)
1(0.030884951660094858, 0.03156985041524369)
1(0.12132384328613839, 0.12195239985926369)
1(0.03135420618688154, 0.031979432502976114)
1(0.036074408458877584, 0.03669023392837623)
1(0.029070551802013483, 0.029682310062527823)
1(0.027451335187916506, 0.028055959268507555)
1(0.0323037934587397, 0.032891680080627886)
1(0.025704250359727093, 0.02627015475584268)
1(0.034979059072405956, 0.03554287478895605)
1(0.02730791085856774, 0.02784627448210612)
1(0.13000498313677497, 0.1305344151146378)
1(0.04977027145246194, 0.05029353280160841)
1(0.12534955543145995, 0.12586691639052974)
1(0.030422216655115974, 0.030921682774759016)
1(0.036438277716533324, 0.03693262076008877)
1(0.11207313617755663, 0.11256066229607103)
1(0.026836547501623068, 0.027307206286001768)
1(0.029433152935814274, 0.029903401867336647)
1(0.030313976616765614, 0.030776922556357462)
1(0.030663703338684206, 0.03112246897662948)
1(0.029236127985844906, 0.029682310062527823)
1(0.034318957554698735, 0.03475428230763861)
1(0.04508293184452981, 0.0455153460435107)
1(0.0350449682891661, 0.03546859084877274)
1(0.11675865728080886, 0.11718204114753598)
1(0.03056119875654015, 0.030981121947768604)
1(0.0355490168702753, 0.03596502646375639)
1(0.02881766396842347, 0.029232327949838852)
1(0.026443411353159568, 0.026854356406603483)
1(0.027340357204199472, 0.027738653906538152)
1(0.0313028841018865, 0.03169934506043637)
1(0.02550024325885718, 0.025893197847180315)
1(0.023795650862331007, 0.024188122775434487)
1(0.03049479363912739, 0.030878101528489677)
1(0.042117182101121135, 0.04248216070720249)
1(0.028479260157668603, 0.02883952347370337)
1(0.03439166437378889, 0.034746910647820095)
1(0.03332844434811404, 0.033679692665253586)
1(0.03401859225263524, 0.03436876841196648)
1(0.027945605767700585, 0.028294966172873103)
1(0.03169825038644729, 0.03204541478842236)
1(0.03986749123255148, 0.04020909519210624)
1(0.09922309198404722, 0.09956100064455302)
1(0.030629074874689386, 0.030954697414108827)
1(0.027185131059893945, 0.027508449037632148)
1(0.1323601511070289, 0.13268173158607424)
1(0.02924352163405037, 0.02956158151743387)
1(0.027274279401896355, 0.02758737231299311)
1(0.0335613869595728, 0.03387298376756386)
1(0.12083519381397406, 0.12114429780253932)
1(0.029497134831762053, 0.02980377618153509)
1(0.02921496124736153, 0.029519058678155376)
1(0.03850823089213161, 0.038812157655063885)
1(0.02861274259998174, 0.028914838551828956)
1(0.02975644170897892, 0.03004466405022725)
1(0.034914485018007126, 0.03520147244493304)
1(0.040312751353939025, 0.04059369777008775)
1(0.029973299763200234, 0.030250031710400846)
1(0.027692717112240802, 0.02796878474409873)
1(0.0735420440673957, 0.07380560263718819)
1(0.11566699825865336, 0.11592560921698832)
1(0.19034589752075642, 0.19058765012889828)
1(0.10855274106836002, 0.10876966150315065)
1(0.1270257836674001, 0.12724112378341204)
1(0.029032169479908984, 0.029243665341798075)
1(0.02909875164193498, 0.029309840936595607)
1(0.15762713393076888, 0.15783058090671304)
1(0.03143195369637412, 0.03163327801999626)
1(0.034235763418274966, 0.03443133705413621)
1(0.030850657508848956, 0.031041961510627356)
1(0.02991453495154425, 0.030081705903825782)
1(0.02657101924201822, 0.02673558018510815)
1(0.027595762935171637, 0.027738653906538152)
1(0.03422051770680915, 0.03436087195822576)
1(0.030037451853420643, 0.03016958879278984)
1(0.03288742076224077, 0.03301551097087142)
1(0.026948914723799552, 0.02707407685782305)
1(0.03186049362160461, 0.031979432502976114)
1(0.027862348512405283, 0.027960359716183037)
1(0.03137069018851457, 0.031465737469967975)
1(0.11795385448542867, 0.11804816145816537)
1(0.031914550812697326, 0.03200624144947281)
1(0.03670667957255531, 0.03679680908648586)
1(0.036233461065600915, 0.03632159455695921)
1(0.12246300199044485, 0.12254539697857479)
1(0.029927469483225548, 0.03000538020666721)
1(0.029204615177126803, 0.029279127658317843)
1(0.027654721781622822, 0.027724877315769746)
1(0.127942923357498, 0.12801143113076485)
1(0.15272638041511713, 0.15277767797839303)
1(0.027194982492055944, 0.027234940064157134)
1(0.11684265607176872, 0.11687965036883842)
1(0.026885067935718425, 0.026917756378197537)
1(0.03433087183709477, 0.03436002997095014)
1(0.027687949560688936, 0.027712551168072436)
1(0.1334084906334022, 0.13343074813350014)
1(0.13834807598769824, 0.1383587169174323)
1(0.02883177890429178, 0.02883952347370337)
1(0.02999855429213383, 0.03000538020666721)
1(0.029026347420346144, 0.02902716872848887)
1(0.12456678301619994, 0.12456726453998312)
0(0.0, inf)
0(0.0, 5.568837897910281)
0(0.0, 0.6277067351701577)
0(0.0, 0.5631146737030185)
0(0.0, 0.2921971605846236)
0(0.0, 0.26106031696731)
0(0.0, 0.2542399497499165)
0(0.0, 0.25077269954635356)
0(0.0, 0.23894211549830793)
0(0.0, 0.22905539092486826)
0(0.0, 0.2185089245414524)
0(0.0, 0.20093387335694482)
0(0.0, 0.1982241961385482)
0(0.0, 0.19380048885904488)
0(0.0, 0.18736366991565584)
0(0.0, 0.180751098556779)
0(0.0, 0.17596871616112772)
0(0.0, 0.1708050696915501)
0(0.0, 0.16985626799540016)
0(0.0, 0.16943331077733442)
0(0.0, 0.16551743862800294)
0(0.0, 0.1654121502425962)
0(0.0, 0.16455082209066502)
0(0.0, 0.16300754720206367)
0(0.0, 0.1626943180438785)
0(0.0, 0.16177328874937616)
0(0.0, 0.16060625490898653)
0(0.0, 0.15843575244118072)
0(0.0, 0.15804445608708637)
0(0.0, 0.15756408297184435)
0(0.0, 0.155877719175297)
0(0.0, 0.154908978527647)
0(0.0, 0.15487754201543025)
0(0.0, 0.15176650941483275)
0(0.0, 0.15116756426921296)
0(0.0, 0.15103717383399085)
0(0.0, 0.14503781388351086)
0(0.0, 0.14491087737088992)
0(0.0, 0.14487907837852662)
0(0.0, 0.14244720482250173)
0(0.0, 0.14195637158717936)
0(0.0, 0.14193725552400538)
0(0.0, 0.14106647882886114)
0(0.0, 0.14060643812751616)
0(0.0, 0.13993675811109427)
0(0.0, 0.13721278100298415)
0(0.0, 0.1356004175693707)
0(0.0, 0.13542273037812202)
0(0.0, 0.1352630946596258)
0(0.0, 0.13427874675301985)
0(0.0, 0.13317454587480762)
0(0.0, 0.13181431892074916)
0(0.0, 0.13139002722581578)
0(0.0, 0.13129853352378879)
0(0.0, 0.1308712712163082)
0(0.0, 0.13038822171178371)
0(0.0, 0.12891614357819137)
0(0.0, 0.12875508729132604)
0(0.0, 0.12850379203224058)
0(0.0, 0.12840351003688044)
0(0.0, 0.12745180378448293)
0(0.0, 0.1266408203811688)
0(0.0, 0.12533221718382065)
0(0.0, 0.12528188516528202)
0(0.0, 0.12496426696315781)
0(0.0, 0.12439552242922716)
0(0.0, 0.12368045422496636)
0(0.0, 0.12364723081824801)
0(0.0, 0.1233815690340389)
0(0.0, 0.12313697452667845)
0(0.0, 0.1231118113316322)
0(0.0, 0.12271305978579157)
0(0.0, 0.12248373893136764)
0(0.0, 0.12215910586777322)
0(0.0, 0.12213867468219211)
0(0.0, 0.12192691573289083)
0(0.0, 0.1213161865409929)
0(0.0, 0.12104065423601121)
0(0.0, 0.12021779809826581)
0(0.0, 0.1201214107831267)
0(0.0, 0.12007485883327729)
0(0.0, 0.12006017871220213)
0(0.0, 0.11995721618441892)
0(0.0, 0.11988408538826498)
0(0.0, 0.11958360457578314)
0(0.0, 0.1194763741250311)
0(0.0, 0.11943178604254436)
0(0.0, 0.1193797934232144)
0(0.0, 0.11909220937113545)
0(0.0, 0.1186293064842446)
0(0.0, 0.11802316232093576)
0(0.0, 0.11778600560139028)
0(0.0, 0.11747231941331367)
0(0.0, 0.11744358019185536)
0(0.0, 0.11676551251811053)
0(0.0, 0.11637769382529092)
0(0.0, 0.11614030457214933)
0(0.0, 0.11574910854830794)
0(0.0, 0.11538801464978339)
0(0.0, 0.11531701584265064)
0(0.0, 0.11520525030790975)
0(0.0, 0.11492774068429101)
0(0.0, 0.11473375810232636)
0(0.0, 0.11465727054206326)
0(0.0, 0.11462183895350654)
0(0.0, 0.11457354816542115)
0(0.0, 0.11434804557619556)
0(0.0, 0.1141846558627359)
0(0.0, 0.11408198649007795)
0(0.0, 0.11373111033006011)
0(0.0, 0.11320306118424002)
0(0.0, 0.11284301603618767)
0(0.0, 0.11272701112880881)
0(0.0, 0.11271691580408404)
0(0.0, 0.11270634321534376)
0(0.0, 0.11249113350153477)
0(0.0, 0.1120154981364306)
0(0.0, 0.11164907114232499)
0(0.0, 0.1115105559826525)
0(0.0, 0.1114689381135702)
0(0.0, 0.11132606813308484)
0(0.0, 0.11130048079440155)
0(0.0, 0.11128673697428916)
0(0.0, 0.11091620535563716)
0(0.0, 0.11035917744839216)
0(0.0, 0.1103401878653332)
0(0.0, 0.11002443310643463)
0(0.0, 0.10974209582959728)
0(0.0, 0.10958982203047156)
0(0.0, 0.10941666830442057)
0(0.0, 0.10927480406607876)
0(0.0, 0.10915837784138065)
0(0.0, 0.10906753649065766)
0(0.0, 0.10857567253716799)
0(0.0, 0.10852213672289165)
0(0.0, 0.10826248073583629)
0(0.0, 0.10799800816001962)
0(0.0, 0.10780355349695848)
0(0.0, 0.10748909713423564)
0(0.0, 0.1074611907950684)
0(0.0, 0.10711834524484451)
0(0.0, 0.10710555843821823)
0(0.0, 0.10710025181253899)
0(0.0, 0.1069633968006802)
0(0.0, 0.10677958473712054)
0(0.0, 0.10651444665134151)
0(0.0, 0.10647119589266718)
0(0.0, 0.10637456060598555)
0(0.0, 0.10628052988663976)
0(0.0, 0.10624905056836596)
0(0.0, 0.10597582476303542)
0(0.0, 0.10573478228048777)
0(0.0, 0.10555377560913623)
0(0.0, 0.10536439725399012)
0(0.0, 0.10525442352689242)
0(0.0, 0.10502137477902616)
0(0.0, 0.10478948403446246)
0(0.0, 0.10472537059988013)
0(0.0, 0.10424855860140403)
0(0.0, 0.10406565727525723)
0(0.0, 0.10349556163896842)
0(0.0, 0.10326539194135818)
0(0.0, 0.10302072585389285)
0(0.0, 0.10292916663585165)
0(0.0, 0.10273588345680035)
0(0.0, 0.10254822502271216)
0(0.0, 0.10241185486300143)
0(0.0, 0.10216198908484216)
0(0.0, 0.10204956232558794)
0(0.0, 0.10184530910218272)
0(0.0, 0.10172302863002683)
0(0.0, 0.10157878829419659)
0(0.0, 0.10124838457591061)
0(0.0, 0.10093885461569616)
0(0.0, 0.10063103879860856)
0(0.0, 0.10060011706412668)
0(0.0, 0.10045340433628956)
0(0.0, 0.10045300974448969)
0(0.0, 0.10025111620423302)
0(0.0, 0.10023607186979554)
0(0.0, 0.09983166586363487)
0(0.0, 0.09980237280784361)
0(0.0, 0.0991274793191002)
0(0.0, 0.09911459654525002)
0(0.0, 0.0982756282835471)
0(0.0, 0.09808833548074913)
0(0.0, 0.09807010377310062)
0(0.0, 0.09796271095035489)
0(0.0, 0.09778499901258601)
0(0.0, 0.09774478391186986)
0(0.0, 0.09754593079178685)
0(0.0, 0.09717196688087677)
0(0.0, 0.09713587829205117)
0(0.0, 0.09710108163607307)
0(0.0, 0.09684416813990014)
0(0.0, 0.09664484838856788)
0(0.0, 0.09648590541907501)
0(0.0, 0.09645517727567039)
0(0.0, 0.09638419953924515)
0(0.0, 0.09623504139061999)
0(0.0, 0.09602611590054001)
0(0.0, 0.09575875790992178)
0(0.0, 0.09526071366282825)
0(0.0, 0.09450952660378213)
0(0.0, 0.09333660421413818)
0(0.0, 0.09255771550766825)
0(0.0, 0.09199772324036538)
0(0.0, 0.09153935580648576)
0(0.0, 0.09133802310791592)
0(0.0, 0.09108340036093947)
0(0.0, 0.09107180427754276)
0(0.0, 0.09099728278065695)
0(0.0, 0.09077710369235101)
0(0.0, 0.08796063637357195)
0(0.0, 0.08784800438471657)
0(0.0, 0.08782861771370312)
0(0.0, 0.08646491837717156)
0(0.0, 0.08487829730652971)
0(0.0, 0.08444942881931225)
0(0.0, 0.0813141601620347)
0(0.0, 0.08046209761365267)
0(0.0, 0.07517638388752419)
0(0.0, 0.0724935268191182)
0(0.0, 0.06862501676278891)
0(0.0, 0.06564407030528151)
0(0.0, 0.062034013682772685)
0(0.0, 0.0531253279228854)
0(0.0, 0.052916354812791194)
0(0.0, 0.05155739511658626)
0(0.0, 0.05000916826059242)
0(0.0, 0.04866637254991394)
0(0.0, 0.04792584018154753)
0(0.0, 0.0471593199589658)
0(0.0, 0.04677091267837846)
0(0.0, 0.042034863653471144)
0(0.0, 0.03884528017250493)
0(0.0, 0.03879188099526929)
0(0.0, 0.038331538362965094)
0(0.0, 0.037972975102869164)
0(0.0, 0.03785909946952509)
0(0.0, 0.03784459618767914)
0(0.0, 0.03762978997678581)
0(0.0, 0.037093149738604655)
0(0.0, 0.036592230390118594)
0(0.0, 0.03624209328698598)
0(0.0, 0.0361663918370276)
0(0.0, 0.03610295707650192)
0(0.0, 0.036061595109895116)
0(0.0, 0.035604429479870844)
0(0.0, 0.03553033313970507)
0(0.0, 0.03513043661864902)
0(0.0, 0.034798578645301455)
0(0.0, 0.03463900863014089)
0(0.0, 0.03456276593793916)
0(0.0, 0.0344466635765481)
0(0.0, 0.03439759036172465)
0(0.0, 0.03433169102213309)
0(0.0, 0.03394748910007873)
0(0.0, 0.03394623111871594)
0(0.0, 0.03392378320751779)
0(0.0, 0.0335757854350669)
0(0.0, 0.03334905673332616)
0(0.0, 0.0333366457538467)
0(0.0, 0.03324160249556244)
0(0.0, 0.03322068637516909)
0(0.0, 0.03321308503092451)
0(0.0, 0.03307382158059657)
0(0.0, 0.03258033473013846)
0(0.0, 0.03255152688953732)
0(0.0, 0.03225763563719436)
0(0.0, 0.03224757703395709)
0(0.0, 0.03203704108174418)
0(0.0, 0.03196524915687083)
0(0.0, 0.031893649676319524)
0(0.0, 0.031718249217961327)
0(0.0, 0.03157320310071216)
0(0.0, 0.031501630409627224)
0(0.0, 0.030975113384145492)
0(0.0, 0.03088074453268425)
0(0.0, 0.03086682485472123)
0(0.0, 0.03083812655354568)
0(0.0, 0.030624355653715907)
0(0.0, 0.03058258276509269)
0(0.0, 0.030466524726829734)
0(0.0, 0.0301999290339863)
0(0.0, 0.030180537986745453)
0(0.0, 0.030138951756652016)
0(0.0, 0.0301317170426735)
0(0.0, 0.030024698508045365)
0(0.0, 0.029921415164649606)
0(0.0, 0.029837218966568945)
0(0.0, 0.029727267304856836)
0(0.0, 0.029522902513509)
0(0.0, 0.0294610866866838)
0(0.0, 0.029421668578186542)
0(0.0, 0.02940642085911968)
0(0.0, 0.029367452573405364)
0(0.0, 0.029296770431538267)
0(0.0, 0.02928482792574987)
0(0.0, 0.029257756537846867)
0(0.0, 0.0292231815034444)
0(0.0, 0.02920978912423393)
0(0.0, 0.029136912013739455)
0(0.0, 0.02909422648959507)
0(0.0, 0.029022672954960332)
0(0.0, 0.028936161344146914)
0(0.0, 0.028858912054523005)
0(0.0, 0.02873235141582697)
0(0.0, 0.02871192062888725)
0(0.0, 0.028686902664180593)
0(0.0, 0.028636801551465925)
0(0.0, 0.028635014956579045)
0(0.0, 0.028549731889672577)
0(0.0, 0.028490588379871885)
0(0.0, 0.028432840660489858)
0(0.0, 0.02840207400916883)
0(0.0, 0.02839363671572121)
0(0.0, 0.028232268403452672)
0(0.0, 0.02822664682305473)
0(0.0, 0.02816706077367283)
0(0.0, 0.028135429764699214)
0(0.0, 0.02806515245358275)
0(0.0, 0.027934009534606848)
0(0.0, 0.027921043759332315)
0(0.0, 0.027908085096821102)
0(0.0, 0.027875435266525677)
0(0.0, 0.027767518887226443)
0(0.0, 0.027764552249335078)
0(0.0, 0.027741955064702114)
0(0.0, 0.027701538420244157)
0(0.0, 0.027645162637359003)
0(0.0, 0.027339494103826644)
0(0.0, 0.027311361436182978)
0(0.0, 0.027208423311020528)
0(0.0, 0.027185311401637314)
0(0.0, 0.027087192534106495)
0(0.0, 0.02705341417007044)
0(0.0, 0.027009904421972507)
0(0.0, 0.027008113392189663)
0(0.0, 0.026953849741759916)
0(0.0, 0.02690621331429988)
0(0.0, 0.026870422403571365)
0(0.0, 0.026834732226437192)
0(0.0, 0.026672777392494802)
0(0.0, 0.026564598483182232)
0(0.0, 0.02651424055500005)
0(0.0, 0.02648151783914789)
0(0.0, 0.02642273220227883)
0(0.0, 0.02639168327189065)
0(0.0, 0.02632950857317147)
0(0.0, 0.02632644277171947)
0(0.0, 0.02628424064168784)
0(0.0, 0.026274077159095393)
0(0.0, 0.02625712102258017)
0(0.0, 0.026250549317350463)
0(0.0, 0.026239388242078502)
0(0.0, 0.026157871708292542)
0(0.0, 0.02609243586726636)
0(0.0, 0.026020740632959036)
0(0.0, 0.026020281904611784)
0(0.0, 0.025965601285097725)
0(0.0, 0.02594240288561159)
0(0.0, 0.02591251395245818)
0(0.0, 0.025883328767890935)
0(0.0, 0.02578950487487412)
0(0.0, 0.02577472847541432)
0(0.0, 0.025703745049859863)
0(0.0, 0.025698063909498883)
0(0.0, 0.025679997324542292)
0(0.0, 0.025669178816580988)
0(0.0, 0.025604315715527185)
0(0.0, 0.025538918039812696)
0(0.0, 0.02552279526915438)
0(0.0, 0.025444334493633692)
0(0.0, 0.025438446650093642)
0(0.0, 0.025436094199640342)
0(0.0, 0.025395354385977315)
0(0.0, 0.02535301366963081)
0(0.0, 0.0253422428903213)
0(0.0, 0.02521737814959517)
0(0.0, 0.02521627731839488)
0(0.0, 0.025201066486496)
0(0.0, 0.025144215514165538)
0(0.0, 0.025100405200533304)
0(0.0, 0.025047956989590916)
0(0.0, 0.02503906125691609)
0(0.0, 0.024965041012723205)
0(0.0, 0.024886043556013607)
0(0.0, 0.024884368711724014)
0(0.0, 0.024840494466693147)
0(0.0, 0.024784927960561923)
0(0.0, 0.024777147787822095)
0(0.0, 0.024686602312888252)
0(0.0, 0.024643186048855018)
0(0.0, 0.024630660729366594)
0(0.0, 0.0246095715040578)
0(0.0, 0.024585893507008648)
0(0.0, 0.024544775847910018)
0(0.0, 0.024541221671871696)
0(0.0, 0.024537763821888395)
0(0.0, 0.024468300952139657)
0(0.0, 0.024445778591833455)
0(0.0, 0.02439955100596444)
0(0.0, 0.02422070732737792)
0(0.0, 0.02411666301766393)
0(0.0, 0.024040282192403322)
0(0.0, 0.02393565078158845)
0(0.0, 0.023924900683585878)
0(0.0, 0.023725052510085463)
0(0.0, 0.02371456216273533)
0(0.0, 0.023707388354382092)
0(0.0, 0.02370301731667088)
0(0.0, 0.023685978567236934)
0(0.0, 0.023643489826528565)
0(0.0, 0.023544131260760756)
0(0.0, 0.02345553996504203)
0(0.0, 0.023284114292576343)
0(0.0, 0.023278900405516025)
0(0.0, 0.02327783559742595)
0(0.0, 0.023082373290071546)
0(0.0, 0.023031107619475574)
0(0.0, 0.022656253803123524)
0(0.0, 0.022609409791087044)
0(0.0, 0.02254595722740334)
0(0.0, 0.022508948231978267)
0(0.0, 0.022494344828945897)
0(0.0, 0.022481353413179427)
0(0.0, 0.02210140309138764)
0(0.0, 0.021671990560001374)
0(0.0, 0.021622216777321217)
0(0.0, 0.02065551633935538)
0(0.0, 0.020503159610935916)
