1(0.08037450547558067, 0.12365385166353782)
1(0.10651508537885035, 0.13499313861062157)
1(0.14497334188471844, 0.17328324502109493)
1(0.1442814131929867, 0.17088067176998434)
1(0.1494205334045241, 0.17515125838456558)
1(0.21639736907695595, 0.24200478504792444)
1(0.17549905375832264, 0.20096187837999557)
1(0.10049907665907676, 0.12446279960530915)
1(0.17187620609529697, 0.1953415566204455)
1(0.1272997503287554, 0.15059797842922562)
1(0.12264680253319105, 0.1453008683373893)
1(0.14147676421137412, 0.16328196286513041)
1(0.16181993297151032, 0.1831237294082727)
1(0.1553261079545044, 0.17626306069332776)
1(0.10473082028193326, 0.12553868840083737)
1(0.14178168276270875, 0.1624476831835422)
1(0.12125212832066501, 0.14191419049916432)
1(0.11693050546340966, 0.13683214715508085)
1(0.15202791246715708, 0.1716477126221181)
1(0.1670646218585381, 0.1863670803728894)
1(0.21036305340802242, 0.22932148108546124)
1(0.16895115975844588, 0.18782041025417484)
1(0.1593527376441901, 0.17783750679001142)
1(0.10438944151489615, 0.12265450156963165)
1(0.09228241679903404, 0.11006974201764175)
1(0.14890622795307706, 0.16661393789265955)
1(0.15529358821552108, 0.172709542616854)
1(0.0872137907912296, 0.10358773252704334)
1(0.1667465385836352, 0.18301244625514312)
1(0.18245771754110285, 0.1979296423945781)
1(0.12431631762361195, 0.13962438731915872)
1(0.14430680583558597, 0.1593447485091276)
1(0.08587193634212242, 0.10077625488410313)
1(0.10303133518535967, 0.11778501148379616)
1(0.2010752224313821, 0.21577433021825754)
1(0.15551493062957378, 0.17002439179515372)
1(0.13591400902984252, 0.15014277414577715)
1(0.09005785664361898, 0.10422774955233305)
1(0.1274514231090682, 0.14145940164923343)
1(0.13997806101040944, 0.1539449228990788)
1(0.09103461497157617, 0.10422774955233305)
1(0.18596976290687328, 0.19865615111999246)
1(0.12468271705163791, 0.13733789361808513)
1(0.08835236993286155, 0.10072496457280555)
1(0.18393081277067913, 0.1957090872415963)
1(0.0985912327475511, 0.11002375286494193)
1(0.14538606671439147, 0.1567626576858382)
1(0.09598851042757728, 0.10686767266736097)
1(0.16246095205114097, 0.17330086630271035)
1(0.09085526167553726, 0.10147836551212597)
1(0.11970766442430736, 0.13007101841338442)
1(0.18381981082302035, 0.19412735384833646)
1(0.10498892051969433, 0.11511659911721439)
1(0.10509233814696939, 0.11518068115377522)
1(0.09019197448376537, 0.10026445431625097)
1(0.11521503582518222, 0.12527664444746134)
1(0.11639645581324953, 0.12569295054501672)
1(0.15973695995292525, 0.168936875159318)
1(0.1270150905721067, 0.13615655662468273)
1(0.1100236693232608, 0.11902224273844053)
1(0.17173098436176137, 0.18069178155127408)
1(0.12029549457504418, 0.12889316649831606)
1(0.27865222550505564, 0.28706217629082564)
1(0.13104396570960375, 0.13929700279592594)
1(0.14674512018343366, 0.1549695661253051)
1(0.17772328954987038, 0.1859227002796643)
1(0.14790959093858458, 0.15578635692836573)
1(0.1096430389105344, 0.1174367052345413)
1(0.09317980637260714, 0.10069436389238828)
1(0.2186322840159639, 0.22601051851681764)
1(0.09196489628638682, 0.09929647932926366)
1(0.1460335198542133, 0.1532810776944724)
1(0.1408019445006573, 0.14801259139195155)
1(0.11075590043539008, 0.11794511875155467)
1(0.0902380690032768, 0.09734947833150842)
1(0.16483437381566246, 0.17184307755403339)
1(0.18701717347442326, 0.19398416121098017)
1(0.12156148424162405, 0.12849561279631194)
1(0.14643714437494082, 0.1532810776944724)
1(0.08916141749301054, 0.09592721346897015)
1(0.21908475969210262, 0.22570624355731628)
1(0.14368820503422264, 0.15028596140185535)
1(0.11321115091398037, 0.11976848773022097)
1(0.14789824037772037, 0.15431280504321343)
1(0.1695427420654091, 0.1759127758286303)
1(0.1767780195494275, 0.1831237294082727)
1(0.1303956300172543, 0.1365256591131797)
1(0.16118172707557976, 0.16730953794769987)
1(0.21525552921181246, 0.22136742023765588)
1(0.15583122275423023, 0.16177734433276625)
1(0.18629482739343373, 0.19223263707326976)
1(0.1395659903426365, 0.1453008683373893)
1(0.09058613006116067, 0.09626894083165627)
1(0.11072373892801168, 0.11634036999486863)
1(0.14711095040420463, 0.1526053176397869)
1(0.14457278193701595, 0.15002808285816838)
1(0.11251111227030675, 0.11794511875155467)
1(0.14606576783181924, 0.15138019661777724)
1(0.0150379101374426, 0.020155884924999312)
1(0.16003226550398209, 0.16508460599418384)
1(0.0967308546379474, 0.10175209651008299)
1(0.13676401661323423, 0.14161179574258798)
1(0.1285590459962972, 0.1333329547184262)
1(0.11581657196906747, 0.12056892308000944)
1(0.14283769902668586, 0.14757725824959356)
1(0.12103368216728738, 0.1255082625520194)
1(0.09599705894553245, 0.10042497583883259)
1(0.013622536029910703, 0.017935158869890055)
1(0.10022577188447268, 0.10453237912022684)
1(0.11339013527260089, 0.11748456301277288)
1(0.23554927484790467, 0.23959695779702916)
1(0.13903225274041575, 0.1430431621125985)
1(0.011948093008315674, 0.015823840814484513)
1(0.014345963893365066, 0.01820947468141143)
1(0.015789123314164044, 0.019651410538542358)
1(0.18293768622314677, 0.1867558340446227)
1(0.10941663456378514, 0.11318545863512286)
1(0.1584174987199024, 0.16211538317254215)
1(0.1365213681342291, 0.14012977832664242)
1(0.09384905584731862, 0.09742066855188791)
1(0.10370647593579263, 0.10709508747629748)
1(0.0971883322688627, 0.10054697241717181)
1(0.11212801070512723, 0.11543881009391332)
1(0.12549096490266765, 0.12879333596132048)
1(0.013803855279670207, 0.01706692535188803)
1(0.11400923279524333, 0.11722195022026849)
1(0.01601664784463208, 0.019190166852835033)
1(0.10050358986281016, 0.10361720626840887)
1(0.014482306853523697, 0.017582340739131563)
1(0.20514676384600639, 0.2082396477886077)
1(0.012869005037067338, 0.01595538046901135)
1(0.021756780151682698, 0.02480498073561599)
1(0.01923633264589142, 0.02225248374189559)
1(0.121591402032167, 0.12458260924356235)
1(0.17327668634539395, 0.17626306069332776)
1(0.16786197900973954, 0.17079802626843965)
1(0.11781411765444982, 0.12071044145597754)
1(0.021536967348612546, 0.024417441409533946)
1(0.0221034518099541, 0.02495629717829062)
1(0.14793993300561448, 0.15069684994939414)
1(0.015616907501671773, 0.018368221978991683)
1(0.022345813214398103, 0.025011029209927038)
1(0.022046085437788965, 0.02468559819502647)
1(0.013514968590844112, 0.016110316631092414)
1(0.014538858934081689, 0.017131267326229938)
1(0.1141890699519511, 0.11669259123001163)
1(0.01722505738484459, 0.019676372313971346)
1(0.017838063870219578, 0.020242979541762574)
1(0.11813957645744766, 0.12053836461085443)
1(0.11972696839230124, 0.12208931882990948)
1(0.015104394529443232, 0.017441406633291967)
1(0.15592674499232273, 0.15824108426142358)
1(0.013242881855032085, 0.015463499594400187)
1(0.17545016913699396, 0.1776695898801468)
1(0.014755073127175833, 0.016973870677286618)
1(0.12755845861509996, 0.1297524558618114)
1(0.023784280460215967, 0.025973767387673763)
1(0.01441204893000092, 0.016587809693310307)
1(0.13455841403208624, 0.13667185277912175)
1(0.1597612865769773, 0.1618683605247151)
1(0.019125211930160924, 0.021230466235970247)
1(0.013543191520352327, 0.015623299715382455)
1(0.0814278042895702, 0.08349396348010729)
1(0.11086975683283762, 0.11293436901921372)
1(0.014573086651285982, 0.01662835382345551)
1(0.023127211773258716, 0.025162947885767117)
1(0.029776281928434845, 0.03179260189974875)
1(0.013910532098750927, 0.015919820536425378)
1(0.015474789710607006, 0.017482610233509166)
1(0.02056984460739608, 0.022552464263453142)
1(0.15862313379412385, 0.1605797651894092)
1(0.01932074446212595, 0.021241083444587194)
1(0.017789902125224022, 0.01969800824514445)
1(0.018065745550276624, 0.019970524688857405)
1(0.1288664783173008, 0.1307530984428208)
1(0.016573304865389216, 0.018455112586482914)
1(0.022666920163805115, 0.024541529010843277)
1(0.015550993305441851, 0.017424704061378304)
1(0.015026142380185847, 0.016880266240297925)
1(0.01498859454470558, 0.016800729150433957)
1(0.015880267974301532, 0.017663063388922318)
1(0.012866498213067956, 0.014627526143854652)
1(0.029132644466618784, 0.030871847767221627)
1(0.020449328553445167, 0.022167764754910557)
1(0.016494711283674746, 0.018180442237152206)
1(0.01616457337604782, 0.017845225313258828)
1(0.017194726016890427, 0.01887203280045635)
1(0.013773600343978343, 0.015420530357346807)
1(0.1196982688403142, 0.12133687555517703)
1(0.015635053808697452, 0.017267967296590858)
1(0.03045574665546935, 0.0320805648759237)
1(0.01689388295900318, 0.018517028868154428)
1(0.02817197340789801, 0.02977665696552234)
1(0.11189331180549489, 0.1134889620682289)
1(0.015909065225302776, 0.017482361907023902)
1(0.015781534145421494, 0.017354526572547324)
1(0.0208226459144365, 0.0223600975376671)
1(0.014638929730691363, 0.016171795470670602)
1(0.014897039615475505, 0.016397642129073686)
1(0.013673743487231382, 0.015161821911765738)
1(0.015151698092351396, 0.016587809693310307)
1(0.018393601626034095, 0.01982819412032777)
1(0.012033188662679106, 0.01346568233036638)
1(0.11827628652062916, 0.11968227438667911)
1(0.13328106066984036, 0.13468602003642927)
1(0.01065547563506053, 0.011984031937544604)
1(0.13968461748286165, 0.1410004163846169)
1(0.01648697371516883, 0.0177948494851079)
1(0.018731638416984664, 0.02003283716608506)
1(0.17866456098992645, 0.17993100696788455)
1(0.016309367751069614, 0.01756884361139277)
1(0.10235034494471784, 0.10358773252704334)
1(0.013632294470078965, 0.014838102946434284)
1(0.08926137756788177, 0.09046008981343734)
1(0.013968982553211218, 0.015161821911765738)
1(0.01747535716954185, 0.018661100563728272)
1(0.1787136029426466, 0.17988325355413248)
1(0.017240797884242598, 0.01836799240953113)
1(0.0159475231830849, 0.017061167589411563)
1(0.10905501801995332, 0.11012309405323895)
1(0.016030861866970447, 0.017086823318062994)
1(0.01681394696950922, 0.017850682922660788)
1(0.018162424600738136, 0.019190166852835033)
1(0.016635089752189636, 0.01765077384482494)
1(0.016806345185424565, 0.01781167063113409)
1(0.17209093674208586, 0.17308479817045386)
1(0.014592071496406178, 0.015585870814116332)
1(0.013688131158068328, 0.014671629872684)
1(0.01736840816357188, 0.018326639518278953)
1(0.020907662349292755, 0.02184992597242963)
1(0.18798388644303965, 0.18891006287351986)
1(0.015839245069142915, 0.016756703064435663)
1(0.016474620911943627, 0.017391812456911793)
1(0.018450671224658155, 0.019358154164501706)
1(0.02280407703764087, 0.023707817550429167)
1(0.018184472891862424, 0.019057558963864185)
1(0.015514436090922068, 0.01637160499730772)
1(0.10950158029427604, 0.11032944871244965)
1(0.01517385969841245, 0.01599510109340263)
1(0.022479516864551297, 0.02327419736962255)
1(0.1757411806060699, 0.1765315111992274)
1(0.023633900586805034, 0.024413999484245386)
1(0.025443280937687662, 0.02621208932927399)
1(0.021568520886289466, 0.022332786597991205)
1(0.016902426577636187, 0.017632345632446422)
1(0.01473926540540016, 0.015463499594400187)
1(0.11832767775532793, 0.11902224273844053)
1(0.014738418112362428, 0.015420530357346807)
1(0.01975987169365856, 0.02041229332631378)
1(0.015481113968428883, 0.01612393234663012)
1(0.011507584000372328, 0.012134300415584387)
1(0.017931503086371703, 0.01853827403466224)
1(0.01585430637108931, 0.016404376274723353)
1(0.016419613367807506, 0.016967976158160925)
1(0.02070779568714165, 0.021245139728954476)
1(0.015740783099967737, 0.016272304045636732)
1(0.1321917591989208, 0.13269540131856739)
1(0.017159448665938326, 0.017663063388922318)
1(0.017527350701900035, 0.018027048569135062)
1(0.022105064562109367, 0.022599514993350223)
1(0.016185655809943134, 0.016675796392489617)
1(0.016612488509814782, 0.01706692535188803)
1(0.017191059196533742, 0.017638092804246885)
1(0.01891507363741063, 0.019358154164501706)
1(0.22110531268844136, 0.22154367171905276)
1(0.08935109505512107, 0.08977986539952687)
1(0.01849596116527441, 0.01891647359078885)
1(0.027743591404340573, 0.02816405419028989)
1(0.018573591311684012, 0.01898927048324761)
1(0.015861087365932836, 0.016272304045636732)
1(0.011370297967294829, 0.011748798335492028)
1(0.13081694778909592, 0.1311951581608255)
1(0.01773294071609033, 0.018110290725208644)
1(0.015652934584854505, 0.016028564870789297)
1(0.015531548846701382, 0.015907083247143072)
1(0.012653839582536519, 0.01301195788878673)
1(0.01655814041160708, 0.01688894102161287)
1(0.01491003206097341, 0.015225885604465472)
1(0.011590198015013264, 0.011884573424323142)
1(0.017524960235722142, 0.017806421874574707)
1(0.18893977411285412, 0.18920161538619895)
1(0.019568741089688535, 0.019818437751081497)
1(0.0205401030334883, 0.02078631101669781)
1(0.11700523205112356, 0.1172339593566123)
1(0.015638423728331796, 0.01585407674512951)
1(0.02171605982416247, 0.02192175655676598)
1(0.020959518183460646, 0.02116464623432912)
1(0.02377787214070637, 0.02397480118475248)
1(0.0128345728350433, 0.013021391635249735)
1(0.026009165826443192, 0.02618817579232935)
1(0.15913812526621807, 0.15930030501520887)
1(0.11355090024854297, 0.11371030131055726)
1(0.01125668864679552, 0.01141532696613945)
1(0.018029461174173034, 0.018180442237152206)
1(0.01860466093040325, 0.018739108131440307)
1(0.01647966204765694, 0.01661309811749334)
1(0.014480595066846291, 0.014603351148083976)
1(0.016770826691102747, 0.01688894102161287)
1(0.021638646122949412, 0.021737220497068943)
1(0.021661507113489464, 0.02175116202805283)
1(0.017348100289666712, 0.017436865136818303)
1(0.016517238738382067, 0.016600171953260023)
1(0.018779970648651223, 0.018849425278370635)
1(0.011431084153343485, 0.011483037599750001)
1(0.021182390178655752, 0.021222969344312004)
1(0.015827366731564263, 0.01585407674512951)
1(0.017050176376896986, 0.01706692535188803)
1(0.01658928714027441, 0.016600171953260023)
0(0.0, inf)
0(0.0, 0.8701153722506618)
0(0.0, 0.7939796507690139)
0(0.0, 0.39943951812227474)
0(0.0, 0.26117632584523276)
0(0.0, 0.26077202748017736)
0(0.0, 0.21131535253671918)
0(0.0, 0.19525899673439484)
0(0.0, 0.19422057345146304)
0(0.0, 0.19308123575365788)
0(0.0, 0.1901830400404425)
0(0.0, 0.18531697975779227)
0(0.0, 0.18334865375437293)
0(0.0, 0.1823573664574063)
0(0.0, 0.18210502657280614)
0(0.0, 0.18092442808271403)
0(0.0, 0.180244910616423)
0(0.0, 0.17513863432798837)
0(0.0, 0.17421609025593143)
0(0.0, 0.17315795362149056)
0(0.0, 0.17112881602727925)
0(0.0, 0.17034427464308588)
0(0.0, 0.1690400636088406)
0(0.0, 0.16784123504369763)
0(0.0, 0.16585591094933916)
0(0.0, 0.16533892119138793)
0(0.0, 0.16381259812231297)
0(0.0, 0.16214211011411261)
0(0.0, 0.15896689862231972)
0(0.0, 0.1584085308520451)
0(0.0, 0.15741766213802388)
0(0.0, 0.15688146747164777)
0(0.0, 0.15617307811358272)
0(0.0, 0.15586056034135787)
0(0.0, 0.15580145426911518)
0(0.0, 0.15020741483613487)
0(0.0, 0.1498758090375587)
0(0.0, 0.1493268773555323)
0(0.0, 0.14912399606616866)
0(0.0, 0.14682751167087205)
0(0.0, 0.14664326332748756)
0(0.0, 0.14644887957783204)
0(0.0, 0.14586417345793756)
0(0.0, 0.14514239001775842)
0(0.0, 0.14510189089158654)
0(0.0, 0.14470571615381955)
0(0.0, 0.14452765310755122)
0(0.0, 0.14448011891664458)
0(0.0, 0.14336699304931688)
0(0.0, 0.14335080058282357)
0(0.0, 0.14309719425399292)
0(0.0, 0.14219193630367222)
0(0.0, 0.14165840076190883)
0(0.0, 0.14132740055821935)
0(0.0, 0.13985181115483936)
0(0.0, 0.13894799401581337)
0(0.0, 0.13875172618172849)
0(0.0, 0.13829041815680698)
0(0.0, 0.13800691425222833)
0(0.0, 0.13787704139273305)
0(0.0, 0.13783593644008452)
0(0.0, 0.1371399549721518)
0(0.0, 0.13659091994428096)
0(0.0, 0.13466736481444375)
0(0.0, 0.1345708782813404)
0(0.0, 0.13448708749020077)
0(0.0, 0.13437551815614246)
0(0.0, 0.13345486637953086)
0(0.0, 0.1327540106327666)
0(0.0, 0.13236490796896827)
0(0.0, 0.13127283022109615)
0(0.0, 0.1308469564906487)
0(0.0, 0.129816307801222)
0(0.0, 0.12974029714782542)
0(0.0, 0.1276660751392813)
0(0.0, 0.1268276368875163)
0(0.0, 0.1267076716705371)
0(0.0, 0.12630208710487723)
0(0.0, 0.12628936068128438)
0(0.0, 0.12627442641512787)
0(0.0, 0.12589951030949775)
0(0.0, 0.1254017297231269)
0(0.0, 0.12431892788790311)
0(0.0, 0.12303688508887622)
0(0.0, 0.12256099102474372)
0(0.0, 0.12255439350498765)
0(0.0, 0.12156262112396254)
0(0.0, 0.12095412928876548)
0(0.0, 0.12026192275723657)
0(0.0, 0.12021579482018263)
0(0.0, 0.11939378379678844)
0(0.0, 0.11911414346849891)
0(0.0, 0.11890012405985684)
0(0.0, 0.11846942887945777)
0(0.0, 0.11787831240249114)
0(0.0, 0.11724620632383909)
0(0.0, 0.11724516989827227)
0(0.0, 0.11692418228854429)
0(0.0, 0.11685392702310693)
0(0.0, 0.11651959958719527)
0(0.0, 0.1164223517416948)
0(0.0, 0.11589042592331888)
0(0.0, 0.11576737689745964)
0(0.0, 0.11552181042768483)
0(0.0, 0.11469636714342024)
0(0.0, 0.11411544505777216)
0(0.0, 0.11318367071728597)
0(0.0, 0.11261727115556042)
0(0.0, 0.11246280094606953)
0(0.0, 0.11198378454243585)
0(0.0, 0.11188306586158625)
0(0.0, 0.11177904925951798)
0(0.0, 0.11150633899647022)
0(0.0, 0.10968506791421384)
0(0.0, 0.10968131805157177)
0(0.0, 0.1094047609213804)
0(0.0, 0.10824410563889308)
0(0.0, 0.10823584288904853)
0(0.0, 0.10777671766091579)
0(0.0, 0.10739723335971973)
0(0.0, 0.10630638387792435)
0(0.0, 0.10610718691557774)
0(0.0, 0.10536916920037687)
0(0.0, 0.10513884607745727)
0(0.0, 0.10506777951613888)
0(0.0, 0.104788361695071)
0(0.0, 0.10407042608508987)
0(0.0, 0.10334202735834286)
0(0.0, 0.10246926959785518)
0(0.0, 0.102420551414942)
0(0.0, 0.10206414120396035)
0(0.0, 0.10118084409855688)
0(0.0, 0.1008140802852503)
0(0.0, 0.10036454967294739)
0(0.0, 0.10016015721698546)
0(0.0, 0.09894750558706211)
0(0.0, 0.09882129269045536)
0(0.0, 0.09877310924877636)
0(0.0, 0.09871186233811702)
0(0.0, 0.09846033544222876)
0(0.0, 0.09797060318222539)
0(0.0, 0.09792861264704555)
0(0.0, 0.09776735398191261)
0(0.0, 0.09772102938732863)
0(0.0, 0.09751134865695565)
0(0.0, 0.09744701183847526)
0(0.0, 0.09642536206378127)
0(0.0, 0.09622171745461461)
0(0.0, 0.0957681925664341)
0(0.0, 0.09532675487339815)
0(0.0, 0.09471773432872477)
0(0.0, 0.09372774615553836)
0(0.0, 0.09285220508646874)
0(0.0, 0.09245302189065652)
0(0.0, 0.09217236236078352)
0(0.0, 0.0917559326916556)
0(0.0, 0.09103446422102013)
0(0.0, 0.09097749065054983)
0(0.0, 0.09012366684317763)
0(0.0, 0.089702475723892)
0(0.0, 0.08965000400328615)
0(0.0, 0.0894614156065009)
0(0.0, 0.08904751139746192)
0(0.0, 0.08883871680988542)
0(0.0, 0.08860701062304233)
0(0.0, 0.08780854534830418)
0(0.0, 0.08733189438160771)
0(0.0, 0.08695602156956073)
0(0.0, 0.08668259245657006)
0(0.0, 0.08641943114430917)
0(0.0, 0.08637754085573623)
0(0.0, 0.08615580396366995)
0(0.0, 0.0857824623243193)
0(0.0, 0.085782321456078)
0(0.0, 0.08568294001481624)
0(0.0, 0.08562806168263648)
0(0.0, 0.08481742547514715)
0(0.0, 0.08469402388381331)
0(0.0, 0.08432210786047545)
0(0.0, 0.08428673995490488)
0(0.0, 0.0841747448711091)
0(0.0, 0.08395632454081103)
0(0.0, 0.08382501469315917)
0(0.0, 0.08337187329819185)
0(0.0, 0.08326256338180626)
0(0.0, 0.08241850302393106)
0(0.0, 0.08195111432455893)
0(0.0, 0.08165894656738393)
0(0.0, 0.08128172568642256)
0(0.0, 0.08096919970709482)
0(0.0, 0.08075840996755679)
0(0.0, 0.080702518640129)
0(0.0, 0.0804406616364024)
0(0.0, 0.08036321515651779)
0(0.0, 0.08031771293308798)
0(0.0, 0.08028884583432383)
0(0.0, 0.08009837222043303)
0(0.0, 0.0799511999573963)
0(0.0, 0.07786092625330199)
0(0.0, 0.07741209160832474)
0(0.0, 0.07676621114611526)
0(0.0, 0.07605696836472242)
0(0.0, 0.0751665389480205)
0(0.0, 0.0750573630326048)
0(0.0, 0.07471962709608393)
0(0.0, 0.07406380833975224)
0(0.0, 0.07353172564069421)
0(0.0, 0.07243425438757112)
0(0.0, 0.07183828797297864)
0(0.0, 0.07178980958234138)
0(0.0, 0.07152565632640262)
0(0.0, 0.07149243679501671)
0(0.0, 0.07073711451062381)
0(0.0, 0.06990984685443902)
0(0.0, 0.06898506407151161)
0(0.0, 0.06834876557611247)
0(0.0, 0.06811768964396081)
0(0.0, 0.06736663048018798)
0(0.0, 0.0649103736461627)
0(0.0, 0.06424711706598751)
0(0.0, 0.06153671185949716)
0(0.0, 0.060643183626172825)
0(0.0, 0.053307893194891154)
0(0.0, 0.04982951596125862)
0(0.0, 0.04906628788198264)
0(0.0, 0.04753041688853066)
0(0.0, 0.046671001806912416)
0(0.0, 0.046169489824195775)
0(0.0, 0.04264028387544416)
0(0.0, 0.04237113689599603)
0(0.0, 0.03831095869114365)
0(0.0, 0.038176788979157106)
0(0.0, 0.03681249872542991)
0(0.0, 0.033636186617575614)
0(0.0, 0.03288285415818626)
0(0.0, 0.029210196564918856)
0(0.0, 0.029005310877375012)
0(0.0, 0.02823297915437739)
0(0.0, 0.025735809109638574)
0(0.0, 0.02479764864030498)
0(0.0, 0.024745549975476733)
0(0.0, 0.023736979713380735)
0(0.0, 0.023636776520945757)
0(0.0, 0.023330857008506234)
0(0.0, 0.022886971936880385)
0(0.0, 0.022873527760773116)
0(0.0, 0.02284857731315182)
0(0.0, 0.02227989459093138)
0(0.0, 0.021731115843312)
0(0.0, 0.021345100896707825)
0(0.0, 0.020908518262663267)
0(0.0, 0.02089280866199328)
0(0.0, 0.020852619910746273)
0(0.0, 0.02071660509994433)
0(0.0, 0.02050629424031636)
0(0.0, 0.02026419086990572)
0(0.0, 0.02014294999273969)
0(0.0, 0.01945702836850227)
0(0.0, 0.019441014586458083)
0(0.0, 0.01916412661527045)
0(0.0, 0.019070746614806677)
0(0.0, 0.019026106722690006)
0(0.0, 0.018949023827660505)
0(0.0, 0.018928825406048788)
0(0.0, 0.01880590904163082)
0(0.0, 0.018710113293457398)
0(0.0, 0.018693970988694297)
0(0.0, 0.01862118684795011)
0(0.0, 0.018465565507296722)
0(0.0, 0.01838879199347976)
0(0.0, 0.018355235248983637)
0(0.0, 0.018068021715346494)
0(0.0, 0.018059175174141906)
0(0.0, 0.01804747016181618)
0(0.0, 0.017872787277970925)
0(0.0, 0.017806964629093924)
0(0.0, 0.017772547385491166)
0(0.0, 0.017677712461519834)
0(0.0, 0.017532173993114686)
0(0.0, 0.017377008996831034)
0(0.0, 0.017359654850305883)
0(0.0, 0.017236478259491927)
0(0.0, 0.017191534829689714)
0(0.0, 0.017085301357802174)
0(0.0, 0.01706752557549851)
0(0.0, 0.016991291761054184)
0(0.0, 0.016954676790501333)
0(0.0, 0.01693893571846128)
0(0.0, 0.016719760422149288)
0(0.0, 0.016691004129729348)
0(0.0, 0.016672479888056313)
0(0.0, 0.016660105746908238)
0(0.0, 0.016580899766348023)
0(0.0, 0.01650508030092357)
0(0.0, 0.01647742854143286)
0(0.0, 0.01643187714568284)
0(0.0, 0.016402609366183984)
0(0.0, 0.0163842658706993)
0(0.0, 0.01627210212482244)
0(0.0, 0.016255387760051532)
0(0.0, 0.016153674715070676)
0(0.0, 0.01612683585110619)
0(0.0, 0.01607896357845584)
0(0.0, 0.015981881892201955)
0(0.0, 0.01583920163896413)
0(0.0, 0.01579395868328215)
0(0.0, 0.01563538222769434)
0(0.0, 0.015522994322503147)
0(0.0, 0.01551557837610218)
0(0.0, 0.015501942162118643)
0(0.0, 0.015459785646825819)
0(0.0, 0.01538165905824218)
0(0.0, 0.015375811206622125)
0(0.0, 0.015324045795742758)
0(0.0, 0.015205032353217574)
0(0.0, 0.015129229305863245)
0(0.0, 0.015089060794323372)
0(0.0, 0.015057527781297653)
0(0.0, 0.015052271824479435)
0(0.0, 0.0150062167400008)
0(0.0, 0.01497072481493833)
0(0.0, 0.014790127192000901)
0(0.0, 0.014654044345253081)
0(0.0, 0.014639901955793011)
0(0.0, 0.01457387420117029)
0(0.0, 0.014568098822449138)
0(0.0, 0.014555096260843614)
0(0.0, 0.014479998732151556)
0(0.0, 0.0144243563852674)
0(0.0, 0.014356540552710073)
0(0.0, 0.014303541360287442)
0(0.0, 0.0142820312802181)
0(0.0, 0.014280598857636218)
0(0.0, 0.014169541854873735)
0(0.0, 0.014163872999672589)
0(0.0, 0.014130027150117797)
0(0.0, 0.014082444678278572)
0(0.0, 0.014076890661805286)
0(0.0, 0.014068491868410193)
0(0.0, 0.014002689240343535)
0(0.0, 0.013989415715883635)
0(0.0, 0.013963629891199258)
0(0.0, 0.013953107544646626)
0(0.0, 0.013888951204299449)
0(0.0, 0.013849021968251773)
0(0.0, 0.013841541419632453)
0(0.0, 0.013831715339817752)
0(0.0, 0.013651014056616506)
0(0.0, 0.013641252664068015)
0(0.0, 0.013581860053231809)
0(0.0, 0.013550869901787221)
0(0.0, 0.013426771360977141)
0(0.0, 0.013374591261622326)
0(0.0, 0.013358538915338447)
0(0.0, 0.013351398854639207)
0(0.0, 0.013315948941509892)
0(0.0, 0.013302720886175345)
0(0.0, 0.013296388130057735)
0(0.0, 0.013266915228445919)
0(0.0, 0.0131861335107204)
0(0.0, 0.013125548242508445)
0(0.0, 0.013021292832365083)
0(0.0, 0.012978282931707996)
0(0.0, 0.012904166812923501)
0(0.0, 0.012844480644002232)
0(0.0, 0.012807273945143471)
0(0.0, 0.012783427026171523)
0(0.0, 0.01274401347158749)
0(0.0, 0.012720183297741383)
0(0.0, 0.012658144426822004)
0(0.0, 0.012518504067027147)
0(0.0, 0.012485597556559758)
0(0.0, 0.01243220517624477)
0(0.0, 0.012409526915112101)
0(0.0, 0.012395178040593424)
0(0.0, 0.012388648736219143)
0(0.0, 0.012372184804993802)
0(0.0, 0.012339784805244447)
0(0.0, 0.012308408021185824)
0(0.0, 0.0122995757294736)
0(0.0, 0.012266407871099005)
0(0.0, 0.012230291242288471)
0(0.0, 0.012171985551328812)
0(0.0, 0.012113296045175304)
0(0.0, 0.012109313432553725)
0(0.0, 0.012031221771955036)
0(0.0, 0.012019654439489935)
0(0.0, 0.011995279363863798)
0(0.0, 0.011947808485164968)
0(0.0, 0.011881806290588326)
0(0.0, 0.011697717768101246)
0(0.0, 0.0116451720464259)
0(0.0, 0.011531089553544316)
0(0.0, 0.011521664569071444)
0(0.0, 0.011487751454694939)
0(0.0, 0.011404296464606056)
0(0.0, 0.011316170075756138)
0(0.0, 0.011300854537887872)
0(0.0, 0.011295704425128616)
0(0.0, 0.011224683330091079)
0(0.0, 0.011067551786542507)
0(0.0, 0.011063027348070076)
0(0.0, 0.011006630598180522)
0(0.0, 0.010951158162928354)
0(0.0, 0.010935759650796073)
0(0.0, 0.010841200563663111)
0(0.0, 0.010800589122870186)
0(0.0, 0.010787683808727522)
0(0.0, 0.010777676819653914)
0(0.0, 0.01065383357804317)
0(0.0, 0.010632785502772801)
0(0.0, 0.010593082320659253)
0(0.0, 0.010369518417702506)
0(0.0, 0.010342827392934018)
0(0.0, 0.010278347041938085)
0(0.0, 0.010268644555125328)
0(0.0, 0.009989796990388489)
0(0.0, 0.009945827516824157)
0(0.0, 0.009854272175052858)
0(0.0, 0.009497080869199093)
0(0.0, 0.009401456153227072)
0(0.0, 0.009378838404570988)
0(0.0, 0.009209544675749859)
0(0.0, 0.008928219167043339)
0(0.0, 0.008762272886567168)
0(0.0, 0.008599468891101747)
0(0.0, 0.007159927444677638)
0(0.0, 0.0031021007694378433)
0(0.0, 0.0017231421163986793)
0(0.0, 0.0017098886911416367)
0(0.0, 0.001620970063326399)
0(0.0, 0.0005836976443994724)
