1(0.13998359573832264, 0.16978273296229962)
1(0.14375906200995414, 0.1653389051771158)
1(0.06358324101844837, 0.08468442325581904)
1(0.08413950264724623, 0.10406943298333948)
1(0.08597287175664203, 0.10492646859670507)
1(0.09498979443489286, 0.11386480475387106)
1(0.09480610590201377, 0.11360494531532961)
1(0.07410765612066827, 0.09265811056074325)
1(0.06390519233904879, 0.08187315334919709)
1(0.08543993006248463, 0.10312576744408553)
1(0.07558953807738378, 0.0920148659782637)
1(0.07948210825412161, 0.09573832291066964)
1(0.06701129003829132, 0.08186421834423574)
1(0.08546382572629418, 0.10001612653785252)
1(0.07621499496616779, 0.09044871706711943)
1(0.08008549318662095, 0.09396631414147338)
1(0.07900443470136875, 0.09226065597646926)
1(0.05502475065233292, 0.06814526969107804)
1(0.0931785599876136, 0.10600261506154518)
1(0.06903997219057068, 0.08153687740013105)
1(0.08679282474982375, 0.09919169325640953)
1(0.1167401922807848, 0.12911049587675016)
1(0.06401460622789035, 0.076215404842506)
1(0.093826768299891, 0.10526320057625638)
1(0.07974958630928841, 0.09111433086211917)
1(0.07211373274009092, 0.08344509331193006)
1(0.07716451383368017, 0.08848922708850937)
1(0.08808474281334988, 0.09936827899469358)
1(0.06677163801799879, 0.07787932518197127)
1(0.08495299681071244, 0.09572794815241525)
1(0.0901678194474308, 0.10079036053056423)
1(0.11604869757273117, 0.1265832826807658)
1(0.09811906296691708, 0.10861403134718062)
1(0.07846115592689673, 0.08893479557818029)
1(0.05638502042095361, 0.0664050328945418)
1(0.0600980112200723, 0.06997433313757462)
1(0.07858779707958263, 0.08836812249786452)
1(0.06498649639525733, 0.074579007681989)
1(0.0868830637357445, 0.09643051843934969)
1(0.05883427480176684, 0.06808314718542918)
1(0.075013053990584, 0.08424594815019815)
1(0.093639590013196, 0.10259187306034356)
1(0.17214028492014677, 0.181063969925224)
1(0.07374935546207262, 0.08261438917228281)
1(0.07419437105785343, 0.08292087386922142)
1(0.06939013126255411, 0.0780020650679939)
1(0.04747937891841647, 0.05599277198925601)
1(0.07989122436966556, 0.0883590269794029)
1(0.07894624799868466, 0.08739033579988531)
1(0.0750740862942677, 0.08342595320422197)
1(0.05387969578204177, 0.06212297271219991)
1(0.07663321425909264, 0.08479512681682233)
1(0.07744406057149833, 0.08557814911539652)
1(0.07329462126265296, 0.08126873611393781)
1(0.0765715044128562, 0.08441978209836387)
1(0.07702189440689255, 0.08479512681682233)
1(0.08250136618468817, 0.0902066720401512)
1(0.07522707858834154, 0.08261438917228281)
1(0.059060706404275076, 0.06642333057757199)
1(0.09337924735632919, 0.10062505974306257)
1(0.09624807197236429, 0.10335582201726445)
1(0.07056960417249003, 0.07755990337169882)
1(0.09630985898099387, 0.10323558208805783)
1(0.08414733136701091, 0.09091030644538667)
1(0.04324517147540774, 0.04973676596383325)
1(0.08641583521372387, 0.09289984886468972)
1(0.08476074722829074, 0.090998824900409)
1(0.0676504001555639, 0.07383278461921072)
1(0.08375351145173104, 0.08956061333204346)
1(0.11297511654931669, 0.11840041859681116)
1(0.09653137248173693, 0.10149643659366847)
1(0.09437200225882714, 0.0993011569565132)
1(0.008321559523456479, 0.013240127375774069)
1(0.12460394294130106, 0.1294671956408704)
1(0.08401082391950332, 0.08869014149106647)
1(0.07451060822913258, 0.07911980538342123)
1(0.015315722555917843, 0.019753542161770277)
1(0.04852718160809999, 0.052921176925741165)
1(0.058544510884399714, 0.06293574608223562)
1(0.07697312281858415, 0.08112522161312408)
1(0.09153195864065888, 0.09564653738847617)
1(0.07537004906972189, 0.07948431880829199)
1(0.07275479335916213, 0.07686643261045123)
1(0.08816650565297135, 0.0922559822713408)
1(0.07421369601461758, 0.07823191816647057)
1(0.08282772270872507, 0.08672133827059336)
1(0.10787407397370663, 0.11174552380826053)
1(0.01154660743812641, 0.015394414368042342)
1(0.043714708665303026, 0.04754506597673325)
1(0.07294551567505259, 0.07672841485746495)
1(0.08862434542570818, 0.09239165945863104)
1(0.014129392351605152, 0.017847588426700756)
1(0.1559316990420796, 0.1595935327986111)
1(0.07475503779759674, 0.07837632656708182)
1(0.08508672262874728, 0.08869014149106647)
1(0.0777712732805671, 0.08136327358389273)
1(0.015827107246859096, 0.019290437643006864)
1(0.00874568534584308, 0.012177511145500475)
1(0.016480692505223216, 0.019753542161770277)
1(0.091169815115691, 0.09442931127145981)
1(0.09153663744647611, 0.09478140343128683)
1(0.05312637120025543, 0.05633749092321838)
1(0.053291137270097044, 0.05648049260181953)
1(0.08599221810101199, 0.08917570253213258)
1(0.013466036995876784, 0.01661735050256219)
1(0.04191665355288776, 0.044943579029759095)
1(0.08311901626112317, 0.08614257565297678)
1(0.06841053964087895, 0.07140225659491628)
1(0.043071789674128946, 0.04600372773746997)
1(0.012568985157778823, 0.01540025649434662)
1(0.013682120777905982, 0.016498458995667376)
1(0.0861959279811293, 0.0889871399114135)
1(0.05666676474416832, 0.0594473718277877)
1(0.07389704971052335, 0.07661688586331916)
1(0.011225240108499013, 0.013930064236178485)
1(0.009900461500108038, 0.012600818923058865)
1(0.010258643726756667, 0.012951221473046837)
1(0.0979966440373069, 0.10062505974306257)
1(0.011684559346535006, 0.01430624193693164)
1(0.017462466100626073, 0.02006644742743946)
1(0.010390325820432644, 0.012962484035283883)
1(0.06334413700929697, 0.06587672898099961)
1(0.08315571634965313, 0.08568186687430301)
1(0.013300565680518739, 0.01581938281642359)
1(0.018707019816592507, 0.021177251101889505)
1(0.0148384535994327, 0.017196693938332897)
1(0.0130405983095786, 0.01539005328131815)
1(0.0654911272346681, 0.06783940510437292)
1(0.008517765105908848, 0.010819942102133995)
1(0.0887095134557625, 0.090998824900409)
1(0.009948140043923637, 0.012217643708954173)
1(0.010695468143087972, 0.012964493562285573)
1(0.02036362575330708, 0.022618880987633427)
1(0.020965621153931746, 0.023152847885960948)
1(0.015067943037186171, 0.017196693938332897)
1(0.012251890531619458, 0.01435137099027406)
1(0.009480841439726828, 0.011567220647981546)
1(0.006543062581029657, 0.00846435870107598)
1(0.07584184010901573, 0.07775601367633567)
1(0.01745182133805656, 0.019299290980192674)
1(0.051444888546768985, 0.0532553391348779)
1(0.08299236882767791, 0.08479512681682233)
1(0.1008099559774085, 0.10254629113647107)
1(0.013485842928170233, 0.015198276844176961)
1(0.010379446487563837, 0.012066423443950147)
1(0.09841226685028659, 0.10008472803867441)
1(0.09955615035758669, 0.10122403552976744)
1(0.07176455658434444, 0.0734155110492074)
1(0.016795323849203347, 0.01844410290501508)
1(0.06366228561677134, 0.06530901042210324)
1(0.009812033939813891, 0.011455924017545804)
1(0.013608745378781983, 0.015243266533781497)
1(0.057422255636277786, 0.05905459254294687)
1(0.08747939393501147, 0.08911087734148282)
1(0.05007989818089442, 0.05167498002161375)
1(0.01302784272409585, 0.014599957950917841)
1(0.10662702337292163, 0.10817913305924143)
1(0.011010090571587972, 0.012548576581409732)
1(0.008282306234722703, 0.009812924172971527)
1(0.01676828684032272, 0.01827146297488147)
1(0.09511297144244113, 0.0965921678131666)
1(0.06859872185397309, 0.06997433313757462)
1(0.05854855169375095, 0.05991760124391954)
1(0.009115469284709743, 0.01047123601813238)
1(0.01005439373709105, 0.01139515470232555)
1(0.010636966305088147, 0.011877320174805472)
1(0.07258563404477636, 0.07382322051569001)
1(0.10276726322394225, 0.10398741370602183)
1(0.013230100933779965, 0.014446499411935432)
1(0.022413620508588417, 0.023625724963784234)
1(0.008656542406524914, 0.009865186088685585)
1(0.10830321230924567, 0.10950619696814656)
1(0.016580272420869457, 0.0177349616474326)
1(0.013043641598314393, 0.014181369248871367)
1(0.011684007543924735, 0.012798131603310559)
1(0.0105345539215006, 0.011638173974912291)
1(0.00750723420933086, 0.008599864319069006)
1(0.0210023199619066, 0.02209175845682454)
1(0.058434765286263124, 0.0594655128259447)
1(0.08666317397651169, 0.08767961545920666)
1(0.012922527491956104, 0.01393674183220961)
1(0.010510492146526551, 0.011498758261971997)
1(0.009442769427358999, 0.010402920480538369)
1(0.11673476779444669, 0.1176762435881914)
1(0.0611980633941811, 0.06212549151890001)
1(0.07438515076491836, 0.07531178877757017)
1(0.014908605212110349, 0.015800352441210253)
1(0.08571844522466854, 0.08659838311533896)
1(0.10022326606383125, 0.1010751565477862)
1(0.01445644548129521, 0.015292869609118465)
1(0.04451621887385948, 0.04533637766057186)
1(0.011594113281481078, 0.012368541232586905)
1(0.09298574294183681, 0.09375454504967096)
1(0.07127920307101654, 0.07204260658525408)
1(0.016071998764934703, 0.016828589072215405)
1(0.015526582381666376, 0.016266062119262625)
1(0.016323554667630136, 0.017052297426509933)
1(0.011674851273781206, 0.012396117726099165)
1(0.05854190040178231, 0.05925886114866308)
1(0.07399119180823022, 0.0747052457617966)
1(0.012431467577810218, 0.013137094005680638)
1(0.0645168384599023, 0.06522045280969191)
1(0.017086831447010398, 0.017778581927369252)
1(0.010517281582213434, 0.011201472207413188)
1(0.015227297712153365, 0.015890418525837613)
1(0.01032516257084759, 0.010968489313567753)
1(0.014027918230312797, 0.014658545743053586)
1(0.0951566279908117, 0.095742036433491)
1(0.018851448047554342, 0.01941749844934637)
1(0.015215780209776653, 0.015779906246886632)
1(0.010083788576860098, 0.0106274247171122)
1(0.008836958001031459, 0.00937777127419337)
1(0.007969523181062033, 0.008493543520829316)
1(0.009157488771332156, 0.009670559012170066)
1(0.010791245116382076, 0.011289346876471651)
1(0.10058978907390137, 0.10104531921293614)
1(0.013970952289083516, 0.014424260332945193)
1(0.010946227489684657, 0.011331523880110606)
1(0.009348023789809923, 0.009719796893069566)
1(0.008914807741996822, 0.00928107657520949)
1(0.017275588051266055, 0.017630088407603495)
1(0.01138534225147636, 0.01172362733150445)
1(0.007625342742999419, 0.007951465007933645)
1(0.00807941779496546, 0.008401093392762626)
1(0.013038835951107552, 0.013311211885142393)
1(0.007549823199205941, 0.007818807838986919)
1(0.011079756937553698, 0.011345274544297124)
1(0.007669510477874564, 0.007928619130254555)
1(0.011429207658436913, 0.01167940873454254)
1(0.05276432072656112, 0.05301244067702726)
1(0.010746004017326283, 0.010978799808580186)
1(0.08692099639557083, 0.08715352943696597)
1(0.008369501972019022, 0.008599864319069006)
1(0.010758765272205095, 0.010978799808580186)
1(0.011149712603627737, 0.011360674351134525)
1(0.0658430671231981, 0.06605229531057943)
1(0.011673396492849486, 0.011865764758230757)
1(0.0154228991576294, 0.015571532352496309)
1(0.015874851445322302, 0.016020279588150332)
1(0.014750099717909082, 0.01487210718571852)
1(0.01540435635360815, 0.01551893080283595)
1(0.012868187963946731, 0.012962484035283883)
1(0.018562564552089267, 0.01864776428689585)
1(0.016645722186836465, 0.016714863233186272)
1(0.06439667878245425, 0.06446361030949888)
1(0.010364312950895238, 0.010407555831958182)
1(0.06699716821846691, 0.06703207494641672)
1(0.008834147344919385, 0.008861276081323255)
1(0.007632235421796696, 0.0076537409858637995)
1(0.018710076019192945, 0.01873026113483911)
1(0.007467765496995904, 0.007470064251117292)
0(0.0, inf)
0(0.0, 1.0191294276898724)
0(0.0, 0.38159228099041875)
0(0.0, 0.1917461659114984)
0(0.0, 0.13947528953223431)
0(0.0, 0.13901043395273271)
0(0.0, 0.13737535889448205)
0(0.0, 0.1360354569793374)
0(0.0, 0.1277378588229927)
0(0.0, 0.1272765916032892)
0(0.0, 0.12651226436685725)
0(0.0, 0.1209913814723087)
0(0.0, 0.11882124836223396)
0(0.0, 0.11739897821519929)
0(0.0, 0.1116280700667579)
0(0.0, 0.10829561435430446)
0(0.0, 0.10735556181105854)
0(0.0, 0.10549725001638977)
0(0.0, 0.10185349618871864)
0(0.0, 0.09728771796297064)
0(0.0, 0.09671228067142368)
0(0.0, 0.09618632735103727)
0(0.0, 0.09575128436442615)
0(0.0, 0.09535128322373732)
0(0.0, 0.09275969278813678)
0(0.0, 0.0912235676860802)
0(0.0, 0.09109358769236742)
0(0.0, 0.09002704903077086)
0(0.0, 0.08716653614909786)
0(0.0, 0.08636822959372714)
0(0.0, 0.08585279509623012)
0(0.0, 0.08541908058806791)
0(0.0, 0.08517906524406438)
0(0.0, 0.08448526556562264)
0(0.0, 0.08442655301584367)
0(0.0, 0.08419692012316593)
0(0.0, 0.08416506747198371)
0(0.0, 0.08363545160317454)
0(0.0, 0.08284735745754235)
0(0.0, 0.08283336374366657)
0(0.0, 0.08276062183002497)
0(0.0, 0.08274202248620144)
0(0.0, 0.08178093068911685)
0(0.0, 0.08176471420985632)
0(0.0, 0.08174532163812354)
0(0.0, 0.08158937289487567)
0(0.0, 0.08141151050382411)
0(0.0, 0.08139311145830852)
0(0.0, 0.08137112459344853)
0(0.0, 0.08103025215509907)
0(0.0, 0.08035217260219785)
0(0.0, 0.0796771700922857)
0(0.0, 0.07958332977839977)
0(0.0, 0.07951055171207078)
0(0.0, 0.07852041261653786)
0(0.0, 0.07833311183674996)
0(0.0, 0.07801456550723485)
0(0.0, 0.07779952513873412)
0(0.0, 0.07736216953596842)
0(0.0, 0.07730043466745107)
0(0.0, 0.0771108925217272)
0(0.0, 0.07707524151046996)
0(0.0, 0.07645859706267011)
0(0.0, 0.07634823462879126)
0(0.0, 0.07621050964066112)
0(0.0, 0.07594542488769596)
0(0.0, 0.07580777188058774)
0(0.0, 0.07552314678436656)
0(0.0, 0.07550767516205192)
0(0.0, 0.07549453402022244)
0(0.0, 0.0748869812699815)
0(0.0, 0.07467999835949202)
0(0.0, 0.07462782584955874)
0(0.0, 0.07453265706348133)
0(0.0, 0.07442207259387246)
0(0.0, 0.07412807305380709)
0(0.0, 0.07386019572102431)
0(0.0, 0.07277011795443489)
0(0.0, 0.07260330026957729)
0(0.0, 0.07253039999498645)
0(0.0, 0.07204921707456358)
0(0.0, 0.07157897397503954)
0(0.0, 0.07140161385230037)
0(0.0, 0.07138401267454508)
0(0.0, 0.07127926839301157)
0(0.0, 0.07122949892286079)
0(0.0, 0.07088529826379952)
0(0.0, 0.07086069045097532)
0(0.0, 0.07083526888732816)
0(0.0, 0.07023000822552383)
0(0.0, 0.06970801638133117)
0(0.0, 0.06958594487639569)
0(0.0, 0.06948873949033807)
0(0.0, 0.0693777649878744)
0(0.0, 0.06892658314751055)
0(0.0, 0.06879533377759328)
0(0.0, 0.06860585316837653)
0(0.0, 0.06853416831388515)
0(0.0, 0.06799492288674247)
0(0.0, 0.06756055998220611)
0(0.0, 0.06746217815651934)
0(0.0, 0.06702970055732405)
0(0.0, 0.06669668867406509)
0(0.0, 0.06649154387885681)
0(0.0, 0.06648177603537442)
0(0.0, 0.06624705583945412)
0(0.0, 0.06619323490980689)
0(0.0, 0.066185708504655)
0(0.0, 0.06609930988930346)
0(0.0, 0.0657787524149539)
0(0.0, 0.06560661664882605)
0(0.0, 0.06531647159451048)
0(0.0, 0.06525696929052305)
0(0.0, 0.06487999193703986)
0(0.0, 0.06442163901835118)
0(0.0, 0.06439175246334217)
0(0.0, 0.06435082895419653)
0(0.0, 0.06433935016967596)
0(0.0, 0.06411359279726325)
0(0.0, 0.06371205635775457)
0(0.0, 0.06370150086757675)
0(0.0, 0.06360235898726119)
0(0.0, 0.06355355014857555)
0(0.0, 0.0631413043623773)
0(0.0, 0.06294868586026425)
0(0.0, 0.06285432432112348)
0(0.0, 0.06253098638865962)
0(0.0, 0.06221520080282539)
0(0.0, 0.06209682330429267)
0(0.0, 0.06186521318231131)
0(0.0, 0.06174381754516178)
0(0.0, 0.061595011971442015)
0(0.0, 0.061584886231043745)
0(0.0, 0.061567595446841206)
0(0.0, 0.06156340425733209)
0(0.0, 0.06126589269676186)
0(0.0, 0.06026284783724056)
0(0.0, 0.060212338044999036)
0(0.0, 0.05995343254732599)
0(0.0, 0.059727582803442814)
0(0.0, 0.05969363837477637)
0(0.0, 0.05947731987232774)
0(0.0, 0.05927938472876648)
0(0.0, 0.05849501889547959)
0(0.0, 0.057989300857916315)
0(0.0, 0.057843889257892744)
0(0.0, 0.05784024942316468)
0(0.0, 0.05771269212290209)
0(0.0, 0.05758067709810466)
0(0.0, 0.05704039503987368)
0(0.0, 0.05618777093193783)
0(0.0, 0.05614079462643484)
0(0.0, 0.05590422217379942)
0(0.0, 0.05567921124382247)
0(0.0, 0.05523839670038766)
0(0.0, 0.055062238119381046)
0(0.0, 0.05444823260648224)
0(0.0, 0.05444376811164464)
0(0.0, 0.05442631393774766)
0(0.0, 0.05442371031418758)
0(0.0, 0.05430360846776594)
0(0.0, 0.05414936258577585)
0(0.0, 0.05411080963299797)
0(0.0, 0.054043160968627935)
0(0.0, 0.05394124316788085)
0(0.0, 0.05387471143769473)
0(0.0, 0.05383957120491312)
0(0.0, 0.05349228107866788)
0(0.0, 0.05339243136666494)
0(0.0, 0.05313129310418896)
0(0.0, 0.053008185977416855)
0(0.0, 0.052770324316987915)
0(0.0, 0.052567165341866784)
0(0.0, 0.052371071354768706)
0(0.0, 0.052212958015267374)
0(0.0, 0.05177298428018651)
0(0.0, 0.05174271579645684)
0(0.0, 0.05170251339877385)
0(0.0, 0.051652504098641194)
0(0.0, 0.05113646865212351)
0(0.0, 0.05100919660397618)
0(0.0, 0.05087969300602746)
0(0.0, 0.05087602357450194)
0(0.0, 0.0505614190687369)
0(0.0, 0.049132320663080375)
0(0.0, 0.04904399494722389)
0(0.0, 0.04881013004197732)
0(0.0, 0.048228995894329385)
0(0.0, 0.04800878350888216)
0(0.0, 0.047610008050089414)
0(0.0, 0.04712561036656315)
0(0.0, 0.047078265958253485)
0(0.0, 0.04662470102001781)
0(0.0, 0.0464432699072761)
0(0.0, 0.04621498750970132)
0(0.0, 0.04618739148620343)
0(0.0, 0.045900695164062144)
0(0.0, 0.045769532832797166)
0(0.0, 0.04525826768209662)
0(0.0, 0.04514578260941193)
0(0.0, 0.04438343592382199)
0(0.0, 0.044257520109324044)
0(0.0, 0.043930784623212205)
0(0.0, 0.04361231853723746)
0(0.0, 0.04302455520604209)
0(0.0, 0.0422536611033727)
0(0.0, 0.04183318710284745)
0(0.0, 0.04157992367554386)
0(0.0, 0.041492817523939296)
0(0.0, 0.04101145125572625)
0(0.0, 0.040940245628441674)
0(0.0, 0.04087679632465102)
0(0.0, 0.040276729841483894)
0(0.0, 0.04024757163107262)
0(0.0, 0.039336972456070485)
0(0.0, 0.03871949643102024)
0(0.0, 0.03792430575835248)
0(0.0, 0.03674437429218691)
0(0.0, 0.03595915155183271)
0(0.0, 0.03504634252994354)
0(0.0, 0.03436174623683741)
0(0.0, 0.03029620292909352)
0(0.0, 0.02946208952767093)
0(0.0, 0.02907925747310769)
0(0.0, 0.02748045672638577)
0(0.0, 0.027017621862943653)
0(0.0, 0.026152891188101268)
0(0.0, 0.024838762428498362)
0(0.0, 0.022985925666853313)
0(0.0, 0.02297878643865736)
0(0.0, 0.022793737581758067)
0(0.0, 0.02179330187485007)
0(0.0, 0.021754693719341467)
0(0.0, 0.021002160147657767)
0(0.0, 0.02090932174408444)
0(0.0, 0.02048493400249629)
0(0.0, 0.020289016933647264)
0(0.0, 0.019432561364234324)
0(0.0, 0.01871522943081927)
0(0.0, 0.018534745848986067)
0(0.0, 0.018496403979928577)
0(0.0, 0.0176499747178952)
0(0.0, 0.017358613728697514)
0(0.0, 0.016524779123591182)
0(0.0, 0.016365165378613655)
0(0.0, 0.016055499652086525)
0(0.0, 0.01596974151668551)
0(0.0, 0.015894726144552784)
0(0.0, 0.01579430466165066)
0(0.0, 0.015625622512577486)
0(0.0, 0.01547860563808856)
0(0.0, 0.015279731848040545)
0(0.0, 0.014760954811981808)
0(0.0, 0.014690954232068232)
0(0.0, 0.01464769140680855)
0(0.0, 0.014626891484106674)
0(0.0, 0.014526026349057974)
0(0.0, 0.014400689500561503)
0(0.0, 0.014237378252237365)
0(0.0, 0.014154698231914065)
0(0.0, 0.014136625700243433)
0(0.0, 0.01409852927753319)
0(0.0, 0.013952340772618088)
0(0.0, 0.013761419333964242)
0(0.0, 0.013690122789528636)
0(0.0, 0.013197999731141774)
0(0.0, 0.013142218235667968)
0(0.0, 0.013127446330701176)
0(0.0, 0.01306852856556795)
0(0.0, 0.012864479601888523)
0(0.0, 0.012834240339544167)
0(0.0, 0.0126234746392484)
0(0.0, 0.012564988280678757)
0(0.0, 0.01248108048543528)
0(0.0, 0.012436607358455753)
0(0.0, 0.012254718797290565)
0(0.0, 0.012228818092756555)
0(0.0, 0.012211684210563956)
0(0.0, 0.012115321278067248)
0(0.0, 0.012065162092319115)
0(0.0, 0.012006385662855279)
0(0.0, 0.011843155769666547)
0(0.0, 0.011680222931991335)
0(0.0, 0.011626608982406084)
0(0.0, 0.011566993979701623)
0(0.0, 0.011546304543174957)
0(0.0, 0.011442140694467695)
0(0.0, 0.011390675848583331)
0(0.0, 0.011340909100769792)
0(0.0, 0.011048996089311203)
0(0.0, 0.01104436598402636)
0(0.0, 0.01099432564970848)
0(0.0, 0.010992000789146306)
0(0.0, 0.010870507152363484)
0(0.0, 0.010824396898505562)
0(0.0, 0.010770350668914963)
0(0.0, 0.010751776420015902)
0(0.0, 0.01072329694027685)
0(0.0, 0.010614127190930023)
0(0.0, 0.010587069314305309)
0(0.0, 0.010581813525746053)
0(0.0, 0.010546717637830327)
0(0.0, 0.010546186313996841)
0(0.0, 0.010514565229763684)
0(0.0, 0.010491868053903675)
0(0.0, 0.010470803506905546)
0(0.0, 0.010343050315733904)
0(0.0, 0.010317707857623648)
0(0.0, 0.010301844570488772)
0(0.0, 0.010239137214571259)
0(0.0, 0.010216499682314084)
0(0.0, 0.010175075541876466)
0(0.0, 0.0101012438201733)
0(0.0, 0.010048825035029796)
0(0.0, 0.010046190521296072)
0(0.0, 0.01000126523997491)
0(0.0, 0.009990130408413678)
0(0.0, 0.009873498352818588)
0(0.0, 0.009775243457009974)
0(0.0, 0.009670121182977054)
0(0.0, 0.009667828322590832)
0(0.0, 0.009642992840823816)
0(0.0, 0.009636858640936441)
0(0.0, 0.009630465367234997)
0(0.0, 0.009622184872008055)
0(0.0, 0.009540703734489675)
0(0.0, 0.009470977642861311)
0(0.0, 0.009404918004976559)
0(0.0, 0.009343895060888063)
0(0.0, 0.00930411025655764)
0(0.0, 0.009266427424075019)
0(0.0, 0.009250647261689893)
0(0.0, 0.009196912874980367)
0(0.0, 0.009132281909475348)
0(0.0, 0.009128058924525173)
0(0.0, 0.009058124534982892)
0(0.0, 0.008975721332273201)
0(0.0, 0.008961046495994496)
0(0.0, 0.008912617935225242)
0(0.0, 0.008911385881424705)
0(0.0, 0.008848230048805084)
0(0.0, 0.008762410013621436)
0(0.0, 0.008726227726133629)
0(0.0, 0.008723996370069709)
0(0.0, 0.008686540581686386)
0(0.0, 0.008670847474101517)
0(0.0, 0.008541584191541607)
0(0.0, 0.008503770246892417)
0(0.0, 0.008437102221316328)
0(0.0, 0.008380065841229634)
0(0.0, 0.008315362989121278)
0(0.0, 0.008303415044569773)
0(0.0, 0.008251598938109228)
0(0.0, 0.008232020774860738)
0(0.0, 0.008229056556264824)
0(0.0, 0.008036710029691974)
0(0.0, 0.007996299845657306)
0(0.0, 0.00797625681275127)
0(0.0, 0.007971076800714294)
0(0.0, 0.007968784099577686)
0(0.0, 0.007955689547963107)
0(0.0, 0.007899586105567957)
0(0.0, 0.007898356700731357)
0(0.0, 0.007896020403031279)
0(0.0, 0.007895789085290317)
0(0.0, 0.007862363525921512)
0(0.0, 0.00784159879211832)
0(0.0, 0.007800706127192636)
0(0.0, 0.007753216505872906)
0(0.0, 0.00774219643270313)
0(0.0, 0.007722678952727713)
0(0.0, 0.007688623736961331)
0(0.0, 0.007640250403090798)
0(0.0, 0.007532206139200803)
0(0.0, 0.0074972181834246365)
0(0.0, 0.007469802246974355)
0(0.0, 0.007441449372946218)
0(0.0, 0.007371615440854962)
0(0.0, 0.007352430999109205)
0(0.0, 0.007319125323339559)
0(0.0, 0.0073036765141696325)
0(0.0, 0.007252682512770781)
0(0.0, 0.00724786634044039)
0(0.0, 0.007169514523700737)
0(0.0, 0.0071031630536636525)
0(0.0, 0.007102372139776825)
0(0.0, 0.007050385830229211)
0(0.0, 0.00695679657548387)
0(0.0, 0.006894203131320498)
0(0.0, 0.006804185722588452)
0(0.0, 0.006666232918496107)
0(0.0, 0.006619718893972615)
0(0.0, 0.0066061542189000955)
0(0.0, 0.006497824632582083)
0(0.0, 0.00648646778245443)
0(0.0, 0.0064234188971372674)
0(0.0, 0.006409251065633614)
0(0.0, 0.006353644826570526)
0(0.0, 0.006340319240757619)
0(0.0, 0.006331659468988948)
0(0.0, 0.006314597537038891)
0(0.0, 0.006240314736437713)
0(0.0, 0.006132165672902312)
0(0.0, 0.006121640467616762)
0(0.0, 0.006096485247280126)
0(0.0, 0.006094894738930767)
0(0.0, 0.006061772098979179)
0(0.0, 0.006060346069441724)
0(0.0, 0.006034270229945848)
0(0.0, 0.005976129313667311)
0(0.0, 0.005914095711690437)
0(0.0, 0.005831681542086575)
0(0.0, 0.005822085158291301)
0(0.0, 0.005763807518838315)
0(0.0, 0.005626045741533137)
0(0.0, 0.005625663941056236)
0(0.0, 0.005533803480029853)
0(0.0, 0.005497898845713833)
0(0.0, 0.005487570859908697)
0(0.0, 0.005474694403948321)
0(0.0, 0.005466173051085876)
0(0.0, 0.0052802877358589795)
0(0.0, 0.005269821654967255)
0(0.0, 0.005207141393957504)
0(0.0, 0.005153449139216448)
0(0.0, 0.004993220152750277)
0(0.0, 0.004897835046728138)
0(0.0, 0.0042118698176834)
0(0.0, 0.003864833238170773)
0(0.0, 0.0035958565778759777)
0(0.0, 0.003378749856024821)
0(0.0, 0.0033335311704257853)
