1(1.2822075897024081, 1.4542815636920172)
1(0.09467385484088442, 0.13176650175421334)
1(0.09417823217636268, 0.12232729769611017)
1(0.0982231984351507, 0.12037093077221905)
1(0.06877653285980356, 0.09023135522431602)
1(0.0762655374871386, 0.0961071416160515)
1(0.07106119192673921, 0.08922336935535591)
1(0.06835924365068147, 0.08565088950291977)
1(0.1055893718031512, 0.1223183623168621)
1(0.08482373683155442, 0.10101224401950915)
1(0.11148939129167001, 0.12683886247841647)
1(0.07139345397491415, 0.08632785826555045)
1(0.10956172370320427, 0.124454447773241)
1(0.07997477548845933, 0.09476785574322144)
1(0.05313617775225332, 0.06742604609511293)
1(0.08764535060924583, 0.10159599656665297)
1(0.06863180974654115, 0.08230612342337784)
1(0.07669929733768088, 0.09030077886009102)
1(0.06772388627004533, 0.08106554552251277)
1(0.07245214840445102, 0.08562034750145198)
1(0.10975905522769636, 0.12274288315902215)
1(0.10260619175052532, 0.11553076557864472)
1(0.05419030266360758, 0.0670952282019015)
1(0.10229997881418929, 0.11472004498580479)
1(0.06517852126916635, 0.07705446341578182)
1(0.061075288307105846, 0.07293804512025881)
1(0.0745717211246203, 0.08643327910602128)
1(0.07209503221688407, 0.08359855722312548)
1(0.10810621340405013, 0.11954895940096266)
1(0.09462712792892314, 0.10584997953381448)
1(0.07069716597277254, 0.08181885238304365)
1(0.08650668558298347, 0.09753739871019118)
1(0.0733178684820941, 0.08422578029352912)
1(0.14599214374289848, 0.15654135446220363)
1(0.07437755959376091, 0.08485042187012992)
1(0.06065335756225043, 0.0710581823163896)
1(0.07083913550709797, 0.08119055334495984)
1(0.05254417135959444, 0.06273553961242062)
1(0.07457742195689754, 0.08461887949997271)
1(0.09921124777144696, 0.1092368217979166)
1(0.12087638826677183, 0.13082279421470444)
1(0.09410067556061841, 0.10402036239656864)
1(0.06322896416086021, 0.07276509713846901)
1(0.0850552420012084, 0.0945688722922794)
1(0.08176140803198595, 0.09127458958948476)
1(0.10604815794452438, 0.11553076557864472)
1(0.08583047601216776, 0.09525726010364743)
1(0.07879807486864943, 0.08820656449204356)
1(0.11228592296681295, 0.12152905348229137)
1(0.06352756243822144, 0.07273514518251412)
1(0.08485359388785507, 0.0940140755451262)
1(0.09752316063900279, 0.10655443180220903)
1(0.07785776380769838, 0.08686808649723321)
1(0.07644672475423409, 0.08536087729091679)
1(0.08363678882313097, 0.09239289900572878)
1(0.12390458727113662, 0.13263709340188645)
1(0.09553761002435157, 0.10419745013685944)
1(0.07251525233528278, 0.0810198292264176)
1(0.08476976976294825, 0.09319147613455314)
1(0.05823047166194539, 0.06638431024191771)
1(0.06106481490988003, 0.06921772506368484)
1(0.07210058923134888, 0.08006592079559782)
1(0.07567905787896578, 0.08357980777574048)
1(0.052619383415598575, 0.06051306701546588)
1(0.05924975350966555, 0.06702798358382056)
1(0.06463956321952558, 0.07235752325234002)
1(0.07931005425847948, 0.08702550938425402)
1(0.05971906777045555, 0.0670952282019015)
1(0.07448203007675214, 0.08181373398486724)
1(0.05752612022385084, 0.06470494144508798)
1(0.06381611810839982, 0.07080155681675426)
1(0.07754326391748645, 0.08432808021734728)
1(0.12372825284630207, 0.1304092701187336)
1(0.07397258206219859, 0.08050615575465947)
1(0.06414488375285132, 0.07067385954119199)
1(0.0793853497416197, 0.0859041538441273)
1(0.09325090659228141, 0.09972434025334986)
1(0.05945841464880908, 0.0659018032042914)
1(0.07224071665816156, 0.07868117096698612)
1(0.07770461704466958, 0.08408736480099244)
1(0.05760654666098408, 0.0639246076129717)
1(0.0699330014385825, 0.07616540535527594)
1(0.07384787397505321, 0.08006779394177777)
1(0.014954655975276676, 0.0210916007372286)
1(0.022905093468884252, 0.029034051636761204)
1(0.12389236803987591, 0.12997614660059686)
1(0.011714105087042848, 0.017732503535841437)
1(0.06439069309527257, 0.07027372660373443)
1(0.10124104533629397, 0.1070852312479662)
1(0.12010226602733765, 0.12588166798573297)
1(0.017016443184045937, 0.022628921613662367)
1(0.08778918920930012, 0.09339190859091451)
1(0.058486605147234805, 0.06401998268020592)
1(0.07777527649702864, 0.08311993557290431)
1(0.06710688774504625, 0.07244841416164016)
1(0.06114586708033409, 0.0664777959345727)
1(0.02300051975125539, 0.028301026891587755)
1(0.11960512041274018, 0.12466963027936295)
1(0.07417515972440092, 0.0792252372274338)
1(0.028305505326323255, 0.03332239369436485)
1(0.09234042170891044, 0.09734808880417933)
1(0.0905514781648562, 0.0955526168941353)
1(0.07046306183724327, 0.07542898935021769)
1(0.0738644373919004, 0.07873049508169905)
1(0.07419764513886551, 0.07898323393111017)
1(0.016815470408380162, 0.021515421107973998)
1(0.06103300578112658, 0.06573219064836944)
1(0.0666658437013764, 0.07136284094702683)
1(0.06412839768496825, 0.0687637503472438)
1(0.01677823500484854, 0.02140331138591811)
1(0.010484120211775583, 0.015033903278705352)
1(0.1305938829876221, 0.13507026182068593)
1(0.026208776297514724, 0.030576661522018433)
1(0.058577557762043764, 0.06293158217007866)
1(0.1261663647742458, 0.13049137294587188)
1(0.05701582958446705, 0.06127378731157018)
1(0.09099215832079066, 0.09524575357546605)
1(0.06897091706815894, 0.07321290838313255)
1(0.06625939884953769, 0.07045913697421635)
1(0.12507733515640262, 0.12923526657001383)
1(0.014293484079097696, 0.018312473296952847)
1(0.06841288519646538, 0.07243116978370912)
1(0.07938549545437956, 0.08337068712572071)
1(0.06308303505580126, 0.06702798358382056)
1(0.09220408141239589, 0.09609031145744062)
1(0.09445498838988209, 0.09828764445644356)
1(0.08230634212518917, 0.08611482198311271)
1(0.08657289576123639, 0.090326712011775)
1(0.08328240086822669, 0.08702550938425402)
1(0.06876963399878855, 0.07244841416164016)
1(0.014053610361317803, 0.017667519864050796)
1(0.01022558422651254, 0.013831215810457542)
1(0.011484906769243297, 0.015033903278705352)
1(0.06674514453689573, 0.07027372660373443)
1(0.10678477316824342, 0.1102858837612527)
1(0.04612350611369531, 0.0495495302845973)
1(0.06764705079196665, 0.0710581823163896)
1(0.06827484326462008, 0.07157386345431449)
1(0.08016844316790417, 0.08339571303861826)
1(0.07667347789804047, 0.07989603519131139)
1(0.012402366354642536, 0.015588473279529613)
1(0.08816807914522073, 0.09118978560418589)
1(0.07227071665465079, 0.07527670092395577)
1(0.06726573757264409, 0.07026302520466388)
1(0.08676578219971831, 0.08966045552887503)
1(0.018399503909485748, 0.02120494343311241)
1(0.09306133332556865, 0.09583663386207808)
1(0.07831868907411932, 0.0810246766420698)
1(0.016897067646416186, 0.019563106467631042)
1(0.08096036561946784, 0.08357928905187384)
1(0.07361747297774768, 0.07622985362056167)
1(0.10495012253682234, 0.10754899626342063)
1(0.06327203712502749, 0.06586687891569154)
1(0.014502815643535616, 0.01705851977760242)
1(0.10050993096350902, 0.1030560432502221)
1(0.013371476007187133, 0.01590734925870041)
1(0.047290622780991054, 0.04980242587964878)
1(0.07500222139857948, 0.07749419522139289)
1(0.06238917318602111, 0.06487702651981497)
1(0.0627814680119646, 0.06524645569801124)
1(0.011877096731099268, 0.014327552898450557)
1(0.08051777626486545, 0.08293204980360447)
1(0.015028822510328665, 0.017411891653198897)
1(0.059004318705143555, 0.061387211780710826)
1(0.012414490794791844, 0.0147680271773869)
1(0.014119107056269509, 0.016453151566668378)
1(0.025161440985844385, 0.027488461936904796)
1(0.009388707834189103, 0.01169388819744499)
1(0.07093691650034673, 0.07317454367151166)
1(0.010983949736070753, 0.013215538084956013)
1(0.010739337458954057, 0.012893607546451413)
1(0.014045087964939751, 0.01618382582929956)
1(0.06337493587344079, 0.06550922576624774)
1(0.01262976548292627, 0.014760725278687992)
1(0.010719362841728142, 0.012821359069724703)
1(0.009105006172277719, 0.01115066008337795)
1(0.010803380783027228, 0.012834504301711402)
1(0.017840397228305327, 0.019851913175986335)
1(0.010959715516881685, 0.012959693445819487)
1(0.06092480826049518, 0.06290122399778408)
1(0.011172456115626672, 0.013101348932151424)
1(0.014877972483400281, 0.01675369144753691)
1(0.01594754084509764, 0.01781359441343222)
1(0.008523754096389946, 0.010370875151118342)
1(0.06114543997264055, 0.06290122399778408)
1(0.011213567204807817, 0.012968943653359322)
1(0.010173480485682118, 0.011895215695462591)
1(0.08863589153809814, 0.09033352041327725)
1(0.06984083995619628, 0.07152464868289599)
1(0.08003451874539402, 0.08170851890740471)
1(0.009958865626118696, 0.01162163205396105)
1(0.011447500364148766, 0.01310055970560986)
1(0.010987391533740842, 0.012572499482224053)
1(0.07843654468654204, 0.08000131043775394)
1(0.016164214443545877, 0.017717148416358408)
1(0.08805161368003467, 0.08956510654093541)
1(0.07623239243262225, 0.07774090753442953)
1(0.01078404488693463, 0.012260098930840457)
1(0.07075651854825538, 0.07223223298251635)
1(0.011730048877878096, 0.013162805142257428)
1(0.04670436088678909, 0.04811142130350066)
1(0.010969649331242337, 0.012371209907944825)
1(0.023320267833863206, 0.024708752692494063)
1(0.0199921836040583, 0.021375846482146854)
1(0.010876221765488192, 0.012250706377844423)
1(0.0938403359076384, 0.09520802517334392)
1(0.01020730453288965, 0.011563447871874022)
1(0.009753802892631835, 0.011107562901051415)
1(0.013780910378181188, 0.01513408355328949)
1(0.014046099869535977, 0.01539331078881856)
1(0.011632163430055131, 0.012922798201023267)
1(0.016029316127666893, 0.017276440993954978)
1(0.017223427455502982, 0.018468155620515514)
1(0.09847384582367713, 0.09968229038213072)
1(0.020281636656513835, 0.02148215993172775)
1(0.012279602505981368, 0.013466344279205233)
1(0.07237354564093668, 0.07355837320458725)
1(0.01391042616643523, 0.015086836938359438)
1(0.06880808051778331, 0.0699707718784699)
1(0.014536458379726946, 0.01569269843635046)
1(0.010570707736060836, 0.01172544740553938)
1(0.014249922913668667, 0.01539331078881856)
1(0.010510027140692935, 0.01162623332567514)
1(0.08562123818390444, 0.08671911200370208)
1(0.008532966409589449, 0.009624430182881838)
1(0.013324630926668246, 0.014403916397033756)
1(0.08414012772130208, 0.0852001825077201)
1(0.017239555348052327, 0.018299468264220797)
1(0.011229886574724568, 0.012273566838996053)
1(0.00968949068561531, 0.010723402266350712)
1(0.011332344782655768, 0.012353823142722598)
1(0.09513818919919925, 0.096147660662258)
1(0.06596796885119127, 0.06697335214633826)
1(0.012553072733693105, 0.013541836931484141)
1(0.014685432682764898, 0.015629908082515076)
1(0.013519087149172604, 0.014463391641036272)
1(0.11460172144253711, 0.11553076557864472)
1(0.012734967502133099, 0.01365880486458193)
1(0.06980542778201604, 0.07070524573937909)
1(0.011357869743750748, 0.012252368017893756)
1(0.011387768073534366, 0.012273566838996053)
1(0.07583285672183415, 0.07671658747900312)
1(0.0093909481105654, 0.010257690379241846)
1(0.013268989771653472, 0.0141126758115655)
1(0.01553515069278133, 0.016375506375534754)
1(0.012847969811625393, 0.013684204892672414)
1(0.014969995723513208, 0.015799970769011962)
1(0.015765408234692524, 0.016573747619688883)
1(0.07279227310710701, 0.07356388751392429)
1(0.006778267294158868, 0.007536306377833202)
1(0.013906984763635943, 0.014563601693992068)
1(0.00897953197077006, 0.009624430182881838)
1(0.012562369166335463, 0.013166146969013637)
1(0.008669403836624956, 0.009251828112939675)
1(0.08463656603872904, 0.08519039257057914)
1(0.16564915237654942, 0.166188952089787)
1(0.06644695985374838, 0.06694680654903085)
1(0.01620526713418846, 0.016696058135513447)
1(0.08796486854007768, 0.0884521196426824)
1(0.013873265730940276, 0.01435066566852683)
1(0.01366362695729506, 0.014129576362632568)
1(0.05692953629187758, 0.05739026762108579)
1(0.01516528907852499, 0.015623771346935156)
1(0.08918925406174993, 0.08963288870620223)
1(0.013183881348619253, 0.01362558916325396)
1(0.020946297806130887, 0.021365497281325085)
1(0.06491543144116874, 0.06533237717812435)
1(0.0163665562614832, 0.016780317655959)
1(0.014688465657922367, 0.015096141162940224)
1(0.017116821369372093, 0.017524037658201208)
1(0.011125260065213194, 0.011530619943407205)
1(0.008124561585719947, 0.008517358654240526)
1(0.014748961107543312, 0.015134476453733448)
1(0.01703648974501981, 0.017411891653198897)
1(0.015865980691216364, 0.01622828747392968)
1(0.00876848488493387, 0.009120910250571046)
1(0.07899195929837644, 0.07934242407118597)
1(0.07186008982086278, 0.0722101245782113)
1(0.016347106108913656, 0.016696058135513447)
1(0.011455032734906334, 0.01180031602291609)
1(0.013042264460878195, 0.013385478767763526)
1(0.016868478518320074, 0.017156382936922898)
1(0.05348597012392187, 0.053771678121589006)
1(0.08873567270399974, 0.08900712842176273)
1(0.10429505417829965, 0.10455126194437259)
1(0.07201836749590818, 0.07226408302728404)
1(0.01621772999856652, 0.016453151566668378)
1(0.015187019899894572, 0.015421498169756798)
1(0.009233926739456888, 0.009456010792665337)
1(0.05384461436659682, 0.054054798163444606)
1(0.011655976039300686, 0.011857377324230534)
1(0.012178561337417237, 0.012378755462449043)
1(0.011974602705122295, 0.012145209054047812)
1(0.016411812850621543, 0.016573747619688883)
1(0.07366455066935196, 0.07381348127567089)
1(0.014465583905422297, 0.014586784930864627)
1(0.01180434706966782, 0.011919420211216836)
1(0.00927688871880139, 0.009376612807429963)
1(0.0856843303165149, 0.08577423045654542)
1(0.08653762719336977, 0.08661589415824622)
1(0.04931410546193804, 0.04938051342543248)
1(0.006874263062016772, 0.006939533421136179)
1(0.014647217122006229, 0.014703363157024474)
1(0.013435539872012181, 0.013438519048795117)
1(0.012252265740292922, 0.012252368017893756)
0(0.0, inf)
0(0.0, 1.0208688741218421)
0(0.0, 0.18819126050726742)
0(0.0, 0.16506176410279583)
0(0.0, 0.1495032864417064)
0(0.0, 0.13766314159862814)
0(0.0, 0.12364213978954564)
0(0.0, 0.1181720260805238)
0(0.0, 0.11780360769286868)
0(0.0, 0.11333117438545026)
0(0.0, 0.11309457578074367)
0(0.0, 0.11112455674288124)
0(0.0, 0.11082306468715963)
0(0.0, 0.11059236349964896)
0(0.0, 0.10788808558973484)
0(0.0, 0.10706892113674116)
0(0.0, 0.10342311925949765)
0(0.0, 0.10234019893391466)
0(0.0, 0.10031833178109528)
0(0.0, 0.09861212228686156)
0(0.0, 0.0972902456701763)
0(0.0, 0.09649429010549926)
0(0.0, 0.09625545803581859)
0(0.0, 0.09490497711572887)
0(0.0, 0.09429527667911874)
0(0.0, 0.09396565754827668)
0(0.0, 0.0938929017930421)
0(0.0, 0.09325428926966117)
0(0.0, 0.09163080842112314)
0(0.0, 0.091503568705111)
0(0.0, 0.09136989489438452)
0(0.0, 0.09108612474173672)
0(0.0, 0.09001164313567345)
0(0.0, 0.08771056307553304)
0(0.0, 0.08762438816572982)
0(0.0, 0.08542423211271477)
0(0.0, 0.0848390296403072)
0(0.0, 0.08396434129826158)
0(0.0, 0.08395052755327759)
0(0.0, 0.08387350740066835)
0(0.0, 0.08385247883990832)
0(0.0, 0.08349137402684303)
0(0.0, 0.0831529242298168)
0(0.0, 0.08209570137249822)
0(0.0, 0.08208218800841283)
0(0.0, 0.08204092713840094)
0(0.0, 0.08194040582360096)
0(0.0, 0.08156987093577162)
0(0.0, 0.0806539424895053)
0(0.0, 0.08038334051707052)
0(0.0, 0.07987693079038993)
0(0.0, 0.0787738772502321)
0(0.0, 0.07789308811041595)
0(0.0, 0.0775878170963521)
0(0.0, 0.0772280218298923)
0(0.0, 0.07714242982661967)
0(0.0, 0.07659008083282859)
0(0.0, 0.07542922912637118)
0(0.0, 0.07530984398525875)
0(0.0, 0.07514887978911677)
0(0.0, 0.07471761096541318)
0(0.0, 0.07440654269473423)
0(0.0, 0.07429401208496189)
0(0.0, 0.07407156100611612)
0(0.0, 0.07395459163055151)
0(0.0, 0.07323291418829225)
0(0.0, 0.0730896432800896)
0(0.0, 0.07241335590438525)
0(0.0, 0.0721175431081037)
0(0.0, 0.07199673302553289)
0(0.0, 0.07195407253103003)
0(0.0, 0.07152784914818078)
0(0.0, 0.07146312500030028)
0(0.0, 0.0712961074636268)
0(0.0, 0.07103210750501698)
0(0.0, 0.07098879764010013)
0(0.0, 0.0709326760915856)
0(0.0, 0.07059636422336746)
0(0.0, 0.07038164533698277)
0(0.0, 0.0701873556429411)
0(0.0, 0.0701807597723032)
0(0.0, 0.06989053596509343)
0(0.0, 0.06970191781938595)
0(0.0, 0.06957109418305951)
0(0.0, 0.06878009100817206)
0(0.0, 0.06843817108142203)
0(0.0, 0.06837087430092492)
0(0.0, 0.0682446467377783)
0(0.0, 0.06810692789542427)
0(0.0, 0.06809384442488131)
0(0.0, 0.06763420479677174)
0(0.0, 0.06748431930894616)
0(0.0, 0.06736939803335706)
0(0.0, 0.06717271563821181)
0(0.0, 0.0671428494048204)
0(0.0, 0.06669844714291928)
0(0.0, 0.06638045483780863)
0(0.0, 0.06623514272243736)
0(0.0, 0.06615513179443278)
0(0.0, 0.06603263293522776)
0(0.0, 0.0655471450774553)
0(0.0, 0.06542182425085574)
0(0.0, 0.06537187885026641)
0(0.0, 0.0652213706496263)
0(0.0, 0.06482615463413488)
0(0.0, 0.06461371282636075)
0(0.0, 0.06452272153646321)
0(0.0, 0.06447732913077064)
0(0.0, 0.06435734143403837)
0(0.0, 0.0642763623499778)
0(0.0, 0.0638859065554176)
0(0.0, 0.06370577579332137)
0(0.0, 0.06365270778545606)
0(0.0, 0.06363943894889323)
0(0.0, 0.06339790807582191)
0(0.0, 0.06278896309996229)
0(0.0, 0.06268814580328719)
0(0.0, 0.0626281949598615)
0(0.0, 0.06256178606250273)
0(0.0, 0.062501602592417)
0(0.0, 0.06211496499720026)
0(0.0, 0.061988389752986484)
0(0.0, 0.06174441903879724)
0(0.0, 0.061611347893566926)
0(0.0, 0.061610171838042294)
0(0.0, 0.061466698558732435)
0(0.0, 0.0614288982142136)
0(0.0, 0.06108102458552067)
0(0.0, 0.06104134230951885)
0(0.0, 0.06074887088697489)
0(0.0, 0.06056476444378989)
0(0.0, 0.060547387318297785)
0(0.0, 0.060534635108198565)
0(0.0, 0.06007159869867884)
0(0.0, 0.059759008453091234)
0(0.0, 0.059565684041255174)
0(0.0, 0.0591749699819889)
0(0.0, 0.058985771098702955)
0(0.0, 0.05870672779311881)
0(0.0, 0.058704355530283414)
0(0.0, 0.058674315104025654)
0(0.0, 0.058638428407161935)
0(0.0, 0.05854719078315129)
0(0.0, 0.05784149966421104)
0(0.0, 0.057053652294252966)
0(0.0, 0.05701468762458295)
0(0.0, 0.056993964849637146)
0(0.0, 0.05690591562072833)
0(0.0, 0.05625339006825403)
0(0.0, 0.05617801914246179)
0(0.0, 0.055847321292452734)
0(0.0, 0.05582013386727036)
0(0.0, 0.055651139480342504)
0(0.0, 0.055335457023104495)
0(0.0, 0.05523309735198012)
0(0.0, 0.055228204070730036)
0(0.0, 0.05502755819976446)
0(0.0, 0.055027457584915784)
0(0.0, 0.05466860144836905)
0(0.0, 0.05451045571129831)
0(0.0, 0.05426777725563847)
0(0.0, 0.05388285696344364)
0(0.0, 0.05377643982998892)
0(0.0, 0.05346339902523467)
0(0.0, 0.05337109994842315)
0(0.0, 0.05319324630558142)
0(0.0, 0.05293223403159719)
0(0.0, 0.052823664361517086)
0(0.0, 0.052638872094793565)
0(0.0, 0.05223576245813211)
0(0.0, 0.05200858601133851)
0(0.0, 0.05178111093752813)
0(0.0, 0.05163783811347822)
0(0.0, 0.051621853545933405)
0(0.0, 0.05159303275939564)
0(0.0, 0.051043091444030964)
0(0.0, 0.05092028648928981)
0(0.0, 0.05087098753432284)
0(0.0, 0.05085681624774496)
0(0.0, 0.050361562754671185)
0(0.0, 0.050325377877471156)
0(0.0, 0.050094653307012904)
0(0.0, 0.0500831572585414)
0(0.0, 0.04996022914359066)
0(0.0, 0.04951157682126828)
0(0.0, 0.049371400804756105)
0(0.0, 0.049028129945385635)
0(0.0, 0.04851865353297913)
0(0.0, 0.048374065122864685)
0(0.0, 0.047825425242696284)
0(0.0, 0.04745426317965007)
0(0.0, 0.0474138789669688)
0(0.0, 0.04732811966187844)
0(0.0, 0.04723372839212436)
0(0.0, 0.04656654790792303)
0(0.0, 0.0465415621776879)
0(0.0, 0.04566770878097437)
0(0.0, 0.04565320708633447)
0(0.0, 0.04559705367747724)
0(0.0, 0.04551316258342519)
0(0.0, 0.04539475681517846)
0(0.0, 0.04517641368458314)
0(0.0, 0.04479611065858191)
0(0.0, 0.044691435868075335)
0(0.0, 0.04452739865896327)
0(0.0, 0.04413196089066351)
0(0.0, 0.043801449118219926)
0(0.0, 0.0432501882150621)
0(0.0, 0.0431141268851748)
0(0.0, 0.04293944357152646)
0(0.0, 0.0426397634972453)
0(0.0, 0.04125498730916166)
0(0.0, 0.04085415587830987)
0(0.0, 0.04042615369263103)
0(0.0, 0.04017720638552158)
0(0.0, 0.04011372628097443)
0(0.0, 0.039843908619439095)
0(0.0, 0.03944359261247565)
0(0.0, 0.038928270122039366)
0(0.0, 0.03833043809055314)
0(0.0, 0.03755821899249012)
0(0.0, 0.03205720850657223)
0(0.0, 0.03182536569675065)
0(0.0, 0.031750081061367674)
0(0.0, 0.02820179185934124)
0(0.0, 0.027085774922583683)
0(0.0, 0.025392910459982043)
0(0.0, 0.024947110490024405)
0(0.0, 0.021255259315481667)
0(0.0, 0.02056079847196568)
0(0.0, 0.019904555894309284)
0(0.0, 0.019660997634066812)
0(0.0, 0.019539649210049248)
0(0.0, 0.019370894384261872)
0(0.0, 0.01866103055059065)
0(0.0, 0.01824630002731642)
0(0.0, 0.01786294207037642)
0(0.0, 0.017570435287423747)
0(0.0, 0.01662736958422284)
0(0.0, 0.0160654957687828)
0(0.0, 0.01585155939252425)
0(0.0, 0.015651287561380012)
0(0.0, 0.014749205038458446)
0(0.0, 0.014463026999594786)
0(0.0, 0.014315406646559059)
0(0.0, 0.014183017198373449)
0(0.0, 0.014106555067156745)
0(0.0, 0.014067627399084737)
0(0.0, 0.013971659552591942)
0(0.0, 0.013922190645759058)
0(0.0, 0.013876450296530285)
0(0.0, 0.013854886489062634)
0(0.0, 0.013850546137985864)
0(0.0, 0.0137628744755397)
0(0.0, 0.013678883606336734)
0(0.0, 0.013611533546960097)
0(0.0, 0.013590158929863372)
0(0.0, 0.013588319118040704)
0(0.0, 0.013560338266932037)
0(0.0, 0.013476892583972333)
0(0.0, 0.013288550728669746)
0(0.0, 0.013241673388784014)
0(0.0, 0.012962895939337082)
0(0.0, 0.012847923282788054)
0(0.0, 0.01282887107866082)
0(0.0, 0.012755579733176314)
0(0.0, 0.01250410179898731)
0(0.0, 0.012404748638306207)
0(0.0, 0.012320540646987066)
0(0.0, 0.012289090292464944)
0(0.0, 0.01217782101537912)
0(0.0, 0.01216211708034065)
0(0.0, 0.012096411590521994)
0(0.0, 0.0120527087764698)
0(0.0, 0.01198886600119542)
0(0.0, 0.011939383714432372)
0(0.0, 0.011856365860394402)
0(0.0, 0.011845941713859554)
0(0.0, 0.011834745685418868)
0(0.0, 0.011792249033013014)
0(0.0, 0.01177858785639263)
0(0.0, 0.011714356562728456)
0(0.0, 0.011585310641006985)
0(0.0, 0.011538301061668421)
0(0.0, 0.011529796709460527)
0(0.0, 0.011524704371888461)
0(0.0, 0.01146341810798368)
0(0.0, 0.011454731062577439)
0(0.0, 0.01140134436399698)
0(0.0, 0.011385503302624889)
0(0.0, 0.011337545077883093)
0(0.0, 0.011319222547417462)
0(0.0, 0.011288693959755958)
0(0.0, 0.011284592684145833)
0(0.0, 0.01125356394572985)
0(0.0, 0.011229456521809178)
0(0.0, 0.011221668068268187)
0(0.0, 0.011173688734380183)
0(0.0, 0.011167761858755676)
0(0.0, 0.011077570982453877)
0(0.0, 0.0110692047467148)
0(0.0, 0.011045278163233863)
0(0.0, 0.011036154357048078)
0(0.0, 0.011025544503810214)
0(0.0, 0.010871471518123954)
0(0.0, 0.010760976769627728)
0(0.0, 0.010755174867764894)
0(0.0, 0.010748946131084347)
0(0.0, 0.010715410053355523)
0(0.0, 0.01067933610773164)
0(0.0, 0.010634252954950796)
0(0.0, 0.010611435235339584)
0(0.0, 0.010505227299981934)
0(0.0, 0.010501904341282176)
0(0.0, 0.010459000634448934)
0(0.0, 0.010434806872357094)
0(0.0, 0.010417577710354231)
0(0.0, 0.010395932430743438)
0(0.0, 0.010384789076458456)
0(0.0, 0.010354204866201089)
0(0.0, 0.01029630778950874)
0(0.0, 0.010224613683386563)
0(0.0, 0.010216196242735509)
0(0.0, 0.010214543781520313)
0(0.0, 0.010207061050350519)
0(0.0, 0.010194181053590268)
0(0.0, 0.010143935356431655)
0(0.0, 0.010121792985897993)
0(0.0, 0.010039254908180695)
0(0.0, 0.01000055912719211)
0(0.0, 0.009876785630135942)
0(0.0, 0.00983421381133942)
0(0.0, 0.00981819721975341)
0(0.0, 0.00973225977769654)
0(0.0, 0.009716926612495014)
0(0.0, 0.009607415006784081)
0(0.0, 0.009607392913923096)
0(0.0, 0.009577273932546704)
0(0.0, 0.0095375037731259)
0(0.0, 0.009419672986985428)
0(0.0, 0.009371397504436496)
0(0.0, 0.009370494796728468)
0(0.0, 0.00936489663414053)
0(0.0, 0.009359094619086794)
0(0.0, 0.009353542119745484)
0(0.0, 0.009345324200070615)
0(0.0, 0.009319929603062382)
0(0.0, 0.009285019052186705)
0(0.0, 0.009266681118274112)
0(0.0, 0.00922951583446563)
0(0.0, 0.009205744562122864)
0(0.0, 0.009190201697899414)
0(0.0, 0.009159853476311985)
0(0.0, 0.009076390295872816)
0(0.0, 0.009055641670352221)
0(0.0, 0.008903155649250594)
0(0.0, 0.008875376662070389)
0(0.0, 0.008854942925946685)
0(0.0, 0.008803449554651732)
0(0.0, 0.00879965472760369)
0(0.0, 0.008786428367334564)
0(0.0, 0.008766266570384484)
0(0.0, 0.00875194377278854)
0(0.0, 0.00874421168238404)
0(0.0, 0.008739023157864234)
0(0.0, 0.008715112862459629)
0(0.0, 0.0086806323138926)
0(0.0, 0.008604407327283625)
0(0.0, 0.008589608747179178)
0(0.0, 0.008534286022170212)
0(0.0, 0.008523806225639974)
0(0.0, 0.008484352220428537)
0(0.0, 0.008467690282083606)
0(0.0, 0.008410303187583623)
0(0.0, 0.008391220205168026)
0(0.0, 0.008358982895443123)
0(0.0, 0.008353936679264207)
0(0.0, 0.008296310830600784)
0(0.0, 0.008213008094524632)
0(0.0, 0.008207343904400477)
0(0.0, 0.008146195843806603)
0(0.0, 0.008075788403363315)
0(0.0, 0.00801325813849152)
0(0.0, 0.00799768111978505)
0(0.0, 0.007958703740878148)
0(0.0, 0.007933000046381977)
0(0.0, 0.007877227641880369)
0(0.0, 0.007876640296398785)
0(0.0, 0.0075920974365835114)
0(0.0, 0.007569166285211426)
0(0.0, 0.007543330540882187)
0(0.0, 0.007542350048160729)
0(0.0, 0.007519661665411959)
0(0.0, 0.007504573017344085)
0(0.0, 0.007458734314102822)
0(0.0, 0.0074573963408303134)
0(0.0, 0.00745488034637054)
0(0.0, 0.00743447132055941)
0(0.0, 0.007337836195857594)
0(0.0, 0.007283799176817984)
0(0.0, 0.007243248847630612)
0(0.0, 0.007242054067646775)
0(0.0, 0.007204330521790592)
0(0.0, 0.007133516231318193)
0(0.0, 0.0069865843882668255)
0(0.0, 0.00691949897015498)
0(0.0, 0.006864545431476965)
0(0.0, 0.006857780142277559)
0(0.0, 0.006852679390304872)
0(0.0, 0.006786893013253081)
0(0.0, 0.006781448386637079)
0(0.0, 0.006709784856093304)
0(0.0, 0.006647415941054224)
0(0.0, 0.006575865992440866)
0(0.0, 0.006197333468028865)
0(0.0, 0.006163241605501746)
0(0.0, 0.006157372602826117)
0(0.0, 0.0061241218666732156)
0(0.0, 0.006068220788002843)
0(0.0, 0.0060203653017385506)
0(0.0, 0.005948635006888026)
0(0.0, 0.0057918588198957455)
0(0.0, 0.005740422566188785)
0(0.0, 0.005710932699442117)
0(0.0, 0.00568819387515751)
0(0.0, 0.005363232563085241)
0(0.0, 0.005355335003127126)
0(0.0, 0.0050747502747856554)
0(0.0, 0.005024283543614061)
0(0.0, 0.004649383076081648)
0(0.0, 0.004601211044379605)
0(0.0, 0.004579782512861286)
