1(0.5749624448480991, 1.080754813271748)
1(0.21640773098096178, 0.28525433723965865)
1(0.17953993501447996, 0.23384628077199954)
1(0.1628352723421217, 0.21337276571597497)
1(0.31162911742318744, 0.36196429616250814)
1(0.2098011437353885, 0.25943693291632564)
1(0.20886131468927782, 0.2579786557549385)
1(0.1690758770119516, 0.21722914626971435)
1(0.29872374512329036, 0.34597252732331796)
1(0.2737655235586891, 0.319204302065099)
1(0.28645360397672415, 0.330825775380196)
1(0.21093058075933735, 0.25502699908041615)
1(0.18971657498753325, 0.23202116688837682)
1(0.22049937899345184, 0.2627877837943883)
1(0.19502135956204492, 0.23728234698457673)
1(0.1817033740027394, 0.22396428699380755)
1(0.4964581975200131, 0.5383584639583238)
1(0.15534320601408413, 0.19717275201422746)
1(0.16358604239665286, 0.2053786866441154)
1(0.1389090336462001, 0.1806407113861188)
1(0.16806460631208409, 0.2078499597357305)
1(0.18774293756701577, 0.2275156276964404)
1(0.17744941394287894, 0.21716696599480245)
1(0.31480288439524784, 0.3544404912726292)
1(0.23648451441573248, 0.27611643617151727)
1(0.19390301619686034, 0.23202116688837682)
1(0.17660776598445782, 0.21388029932639918)
1(0.20399351936102217, 0.24111285813176475)
1(0.18854736565443586, 0.22460340235094955)
1(0.18217902775489225, 0.21793958891641085)
1(0.14373394591051392, 0.1792549197412363)
1(0.16465273714622375, 0.19952969022295985)
1(0.2231518932826151, 0.2579786557549385)
1(0.17712669104098133, 0.211614672518337)
1(0.13576884924995802, 0.1690270265637419)
1(0.20468426435925524, 0.23728234698457673)
1(0.16075585646127588, 0.1933222544556179)
1(0.1543191283108275, 0.1868676186341366)
1(0.19420099638398158, 0.22645574631070065)
1(0.16827662406360067, 0.1998353121170271)
1(0.16807581687091233, 0.19945912759028717)
1(0.24782878064853742, 0.27880086799048986)
1(0.22787724863812964, 0.25866873026753023)
1(0.15359157875539198, 0.18416110674109198)
1(0.1394743376395312, 0.1697426065430847)
1(0.1774497239784989, 0.2076996755733187)
1(0.12138198549354873, 0.15135029934021638)
1(0.213245430194967, 0.24316718096182632)
1(0.16358770750199492, 0.19332909899152606)
1(0.2649866595522484, 0.2944995397660253)
1(0.11831565821257872, 0.14770315055014005)
1(0.16158538562442382, 0.19073825097819264)
1(0.21973491226069752, 0.24884079054786923)
1(0.15977362371252468, 0.18881835561692362)
1(0.24845230755395498, 0.2774735167483955)
1(0.12658091562602092, 0.15546579378835712)
1(0.3459949030239239, 0.37477521921933055)
1(0.2594122013831872, 0.28771895392847857)
1(0.12585728969531407, 0.15390485863061587)
1(0.2198501790085079, 0.24777909458544034)
1(0.18056489625865413, 0.20829169620008736)
1(0.25909691242041644, 0.2865747368454017)
1(0.19718138965427412, 0.22429468482516546)
1(0.11545502963906207, 0.14247563898336013)
1(0.11607641387819356, 0.1423905656978367)
1(0.09598358830738207, 0.12188145028692321)
1(0.14249175645658063, 0.16836129751610984)
1(0.13959907562389196, 0.16534533280514918)
1(0.18620556975786096, 0.21168471342965856)
1(0.14390090123404453, 0.16921861467504618)
1(0.1838125179115916, 0.20905160021282443)
1(0.15510951590329258, 0.18016385518629308)
1(0.17601298368033513, 0.2010459427040734)
1(0.18249481463106076, 0.20752338461389186)
1(0.29618265256470755, 0.32119586722039606)
1(0.14804524415669962, 0.17278686757702488)
1(0.1987302687168, 0.22336522751539623)
1(0.23676434756866904, 0.2612180628941335)
1(0.34754099306132735, 0.37151068867052717)
1(0.15542897077786388, 0.17912404134923476)
1(0.11019521653762099, 0.13376901610312986)
1(0.21582677232658032, 0.23934825258928139)
1(0.18691797713383063, 0.2104154279113598)
1(0.10555131442784205, 0.12850215297239687)
1(0.1869651482561857, 0.20954802922877858)
1(0.1747632704132659, 0.19724041286607008)
1(0.2382389431765929, 0.26067742893938883)
1(0.23691023176162418, 0.25931606280621244)
1(0.1619297511831852, 0.18418024080126205)
1(0.1298628449714606, 0.15204837775713964)
1(0.10609308202132839, 0.12821038389715045)
1(0.15092328888367101, 0.17259032172145417)
1(0.11789260269730328, 0.1393591985002307)
1(0.08737945927766821, 0.10879202672736543)
1(0.18503660096743846, 0.20640936988056735)
1(0.2545933374436814, 0.2759442049299097)
1(0.10786567799055669, 0.1289766343819594)
1(0.14164366258694294, 0.16233348954390392)
1(0.20780307935226805, 0.22846481216922743)
1(0.21174504955739992, 0.23235555970152866)
1(0.21503076128790166, 0.23552430318702644)
1(0.17441925096561584, 0.19462231954427234)
1(0.17954260807871192, 0.19957277203685764)
1(0.19764121064470075, 0.21742132252037905)
1(0.07960423107451697, 0.09927803390190693)
1(0.19789683889178, 0.2175089176723416)
1(0.10217392364294253, 0.12075570195438279)
1(0.15578537158649153, 0.1739134023037625)
1(0.20770515151289293, 0.22578404919510997)
1(0.2094766306564343, 0.22735924082055858)
1(0.2417517463961809, 0.2592296420356749)
1(0.15353759915528964, 0.17096607499867666)
1(0.11079774658954744, 0.12821038389715045)
1(0.0824180890392312, 0.0998036723400505)
1(0.11765840294051833, 0.13503505658762727)
1(0.1228183198335675, 0.14017829220729372)
1(0.11048854356426996, 0.12772251938630075)
1(0.07637907373423136, 0.0934124816538272)
1(0.19399978321393962, 0.2108683081603051)
1(0.13637230069997852, 0.1532199615187383)
1(0.20116770404402917, 0.21793958891641085)
1(0.19648831204702544, 0.21321153576191065)
1(0.12354912189787182, 0.14017829220729372)
1(0.07807952594395284, 0.09431804474809358)
1(0.13715261317070637, 0.15337471236184474)
1(0.11882265686307225, 0.13488402830731538)
1(0.14323183833796282, 0.1592437742248093)
1(0.1928563440586677, 0.208801772308836)
1(0.08313712409466745, 0.09887008358286964)
1(0.254036342756479, 0.2697624974863664)
1(0.1179264966360749, 0.1333908803065621)
1(0.12877516029217073, 0.14420982700232465)
1(0.24847239155177547, 0.2638987446249502)
1(0.11965069401333217, 0.13502344994977766)
1(0.23836576501200324, 0.2535900266696334)
1(0.07000398200473068, 0.08517396092331819)
1(0.15344297459483447, 0.16850577049087923)
1(0.2018955302838712, 0.21680036579752648)
1(0.09189496394188634, 0.10653676714031646)
1(0.121934933732041, 0.13634930080969476)
1(0.1502474392968205, 0.16461300693732495)
1(0.06725439339825134, 0.0816166008321424)
1(0.19281298733602592, 0.20716803488352586)
1(0.07905784630804669, 0.09311528845273254)
1(0.07406318079474206, 0.08808802720921671)
1(0.153798789924245, 0.1677064229616988)
1(0.15292384171507856, 0.16682907084098664)
1(0.08721490501122842, 0.10105017193466648)
1(0.16021424223525005, 0.1740366468417167)
1(0.08101223579129924, 0.0948209503359756)
1(0.07293444917519087, 0.08671777638156275)
1(0.1655856395182378, 0.179324951481306)
1(0.1619380347972077, 0.1755485620231899)
1(0.20566391020041652, 0.21915866835110887)
1(0.18946915154171118, 0.202861719139513)
1(0.2129087301647702, 0.22620218088749056)
1(0.23551325498336861, 0.24874998259067438)
1(0.15295755150245438, 0.16607924034759736)
1(0.14081048351982217, 0.15372161319563138)
1(0.1692450869957971, 0.1821436275670375)
1(0.24622462031774994, 0.2591142475701369)
1(0.07965480149721826, 0.0925110839792237)
1(0.1818473906012883, 0.19462231954427234)
1(0.07327191105961195, 0.08589720207572182)
1(0.12439569815475071, 0.13692090132064783)
1(0.1744051723487413, 0.1869043385531577)
1(0.23977061820162382, 0.2521689541529535)
1(0.17926342717365729, 0.19165685091356843)
1(0.18649984040516376, 0.19888163594375796)
1(0.06776253404102905, 0.07994268525458381)
1(0.09015921091067769, 0.10230916469347673)
1(0.1121149347762791, 0.12417465333570377)
1(0.3214407488071389, 0.3334910353606121)
1(0.2595538919440844, 0.27150716255521024)
1(0.2614299618980057, 0.27332776910386947)
1(0.07296906853006846, 0.08483127055422535)
1(0.22224097849826496, 0.2339837243599786)
1(0.3267094498935109, 0.3383307554730669)
1(0.19860236678119436, 0.2101875931947873)
1(0.2763604425398227, 0.28785797730484075)
1(0.3381012437722407, 0.34935243965497575)
1(0.21514814464617227, 0.2263803709406632)
1(0.18143393036639788, 0.19262978648523232)
1(0.11318618285310733, 0.12431814008858788)
1(0.13978803822537267, 0.15084571167878114)
1(0.09587561127050015, 0.1068019802791974)
1(0.1880640592982712, 0.19889235641935143)
1(0.2635562418210641, 0.2743594848996652)
1(0.24538839131836243, 0.2561336942453528)
1(0.08234372761730746, 0.09300472282914163)
1(0.2539307832812564, 0.26445710371781184)
1(0.16765376944015553, 0.17817082073637613)
1(0.06851739821979264, 0.07902171612080655)
1(0.16727067547146413, 0.17763661872963643)
1(0.08223748100641137, 0.09260260322599523)
1(0.19750323157933847, 0.20785054837627392)
1(0.24842214454027378, 0.2587096732870644)
1(0.07562477567882508, 0.08590935320447113)
1(0.1814367423707811, 0.19168149610395313)
1(0.09830491510452977, 0.10839739210035093)
1(0.14564989457783328, 0.15546579378835712)
1(0.10805012835420846, 0.11784659858738378)
1(0.2058794587535836, 0.21563128150534017)
1(0.24646790780190275, 0.2561336942453528)
1(0.127081698959995, 0.1367456275509471)
1(0.15290499897222332, 0.16252536452098953)
1(0.072935728618998, 0.08254547681140978)
1(0.21395297048424955, 0.2235524838991274)
1(0.3341830939990952, 0.3437099824487905)
1(0.20622827048522396, 0.21563128150534017)
1(0.09431452533324447, 0.10371748214093124)
1(0.12563295020036314, 0.13502344994977766)
1(0.11574818757209204, 0.1251311165296799)
1(0.21570000459913408, 0.2250457226245055)
1(0.07351172470818412, 0.08280982431502504)
1(0.24296675282217906, 0.2521689541529535)
1(0.2101807149543221, 0.21934749653065733)
1(0.33850910316893956, 0.34762225864508767)
1(0.07080711107100912, 0.07987598331108392)
1(0.19698625356269084, 0.20600344032230278)
1(0.0829639620364715, 0.09189863554676148)
1(0.09317869571018567, 0.10210624127288193)
1(0.11820073009866194, 0.12705920609518528)
1(0.09225636114908264, 0.10111059436629677)
1(0.17797962903201425, 0.1866836884591937)
1(0.12500698345977113, 0.1336250084329237)
1(0.12857632235772587, 0.1371474166946669)
1(0.10823868599194442, 0.11679416005025467)
1(0.24462320049625252, 0.25311961409830686)
1(0.06442234854366258, 0.07289901504247642)
1(0.2173385035544092, 0.22578404919510997)
1(0.09470667095024987, 0.1031398037398642)
1(0.14956575659080928, 0.15796683818753243)
1(0.1837015841892341, 0.19208342422964197)
1(0.2708481454374315, 0.2791639987358896)
1(0.20620426525507418, 0.21425554510081635)
1(0.07727658374021407, 0.08530341729888447)
1(0.12700867662312332, 0.13502344994977766)
1(0.1151122000346051, 0.12304730982854672)
1(0.06779500754978807, 0.0757045713303659)
1(0.1924996590211402, 0.20035019475566362)
1(0.10937225515003501, 0.11717086995394344)
1(0.22277083295072275, 0.23041297554810214)
1(0.07453308829924066, 0.08215104090321956)
1(0.13652446733099344, 0.14404567212321528)
1(0.13901680812260409, 0.14642584252125557)
1(0.17097204901752194, 0.1782610989751262)
1(0.12357587193201891, 0.1308431776561224)
1(0.12882123979535431, 0.13601268719808146)
1(0.1847563422317261, 0.19185629035881357)
1(0.08507294294793266, 0.09212904031966085)
1(0.22536977320074292, 0.23213009561990416)
1(0.21269950799585025, 0.21934749653065733)
1(0.07814211738181986, 0.08476590478527624)
1(0.09145003499372206, 0.09795387396183886)
1(0.36125555903776463, 0.36769098557383173)
1(0.22863534557546783, 0.23504841721888736)
1(0.0858974769525257, 0.09230744036382288)
1(0.08156010273060588, 0.08793581209415957)
1(0.10376435541073259, 0.11013608297517485)
1(0.09460843302740163, 0.10094569920869068)
1(0.31139458726220115, 0.3177133541195325)
1(0.07278777331461761, 0.0790781936150875)
1(0.10911474017033929, 0.11536580572744026)
1(0.0669084660240129, 0.07315070456663375)
1(0.11917182217656508, 0.12540526037959743)
1(0.20148477205979853, 0.2076996755733187)
1(0.16061616886263386, 0.16682907084098664)
1(0.11554710147284086, 0.12174440855781754)
1(0.11930235990229354, 0.12549778977899428)
1(0.15860095643545713, 0.164777827229856)
1(0.2941084221153477, 0.3002633012658553)
1(0.07364668450565937, 0.07978712821148914)
1(0.16610327373030764, 0.17222666938654196)
1(0.22200902103435172, 0.2280953059908809)
1(0.1414582220338717, 0.1475296049633842)
1(0.08084352572219267, 0.08687035126226039)
1(0.4086380906637609, 0.41459388994754276)
1(0.2652008435726564, 0.270997279684017)
1(0.11850139133777648, 0.124193375737921)
1(0.15087592328627208, 0.15655196140972938)
1(0.11875925568424694, 0.1244273735202589)
1(0.15649717099390947, 0.16216492208592725)
1(0.1414638491292507, 0.1470713699808196)
1(0.11166585378424165, 0.11724227948542298)
1(0.18596128553541202, 0.19153217758648378)
1(0.09002689643340223, 0.09559140949711076)
1(0.7314980127354709, 0.7368088254845763)
1(0.185817871450917, 0.19092476099213218)
1(0.2389765556159591, 0.24386849479560413)
1(0.10381923262508441, 0.10868185511306061)
1(0.13148526929492887, 0.13621879465236786)
1(0.11368479816476884, 0.1183738280590324)
1(0.11534826386554697, 0.1200329949206409)
1(0.1421044885042404, 0.14678703098063273)
1(0.31966852009016666, 0.32433884778835376)
1(0.12663980304127587, 0.13126531319266377)
1(0.09248656839805147, 0.09709925936621333)
1(0.19164498059753343, 0.19620156746309914)
1(0.21994609514580532, 0.22446331604216374)
1(0.11818192550397078, 0.12267735420009496)
1(0.21893354536296672, 0.2234099208819057)
1(0.16515032946131947, 0.16950265622458105)
1(0.14544748148285458, 0.14966874400916685)
1(0.1941434370855175, 0.19835893031940566)
1(0.08820389179305699, 0.09230744036382288)
1(0.12301101913368773, 0.12710920674249782)
1(0.1515740660278233, 0.15553223909557068)
1(0.11142030829194838, 0.11536580572744026)
1(0.20505857691960316, 0.20893789095828197)
1(0.12080187718063562, 0.12461195170156125)
1(0.13753400590413845, 0.1412250907667586)
1(0.20462190908486377, 0.2082899267436027)
1(0.13010648326513286, 0.13376901610312986)
1(0.09950599646252745, 0.10316314092299372)
1(0.13056278883614703, 0.13420589316407394)
1(0.242748067788651, 0.2463385089769634)
1(0.2266049778654804, 0.2301547844797811)
1(0.0892908046523907, 0.09254245866252553)
1(0.13297059226815966, 0.13621879465236786)
1(0.22138763498654646, 0.22436031468166073)
1(0.1413475175440757, 0.14420982700232465)
1(0.32342333469979967, 0.3262719151875305)
1(0.06335277310833043, 0.0661008177732233)
1(0.12344218628754178, 0.12603067894291375)
1(0.25199913867298895, 0.2545507709049818)
1(0.2169485368629438, 0.21948683239980737)
1(0.11066466344456949, 0.11319927956636533)
1(0.09630840565686416, 0.09880455396036392)
1(0.15573511752242108, 0.15822982597890345)
1(0.11928310360205163, 0.12174440855781754)
1(0.19472311912210416, 0.1971447153179684)
1(0.2458170637695195, 0.24818184049439274)
1(0.37253215006331397, 0.3748845438903313)
1(0.13631992574762808, 0.13858735231408437)
1(0.09091098802542985, 0.09311528845273254)
1(0.21523320041224347, 0.2174228606918639)
1(0.19059427046719257, 0.1927804229765806)
1(0.09939499546941877, 0.10156124735383298)
1(0.0882693670585144, 0.09041470246735817)
1(0.15725047361621747, 0.15938772823579495)
1(0.12057484377777083, 0.12265681397674477)
1(0.12057398930401342, 0.12262595716154501)
1(0.1653787458419258, 0.16739522318101363)
1(0.15954254341476726, 0.16150622018874927)
1(0.13307705058290453, 0.13502344994977766)
1(0.2688322817513312, 0.27077712716837976)
1(0.10200021744439314, 0.1039425513234471)
1(0.19852021808087106, 0.20043259914257605)
1(0.1604769903458788, 0.16238822306534617)
1(0.16575987894597766, 0.167614773921254)
1(0.06772889071918231, 0.06958048843084375)
1(0.14952767661783262, 0.15131761647850894)
1(0.15015664122297567, 0.15184728587799812)
1(0.09086504931547279, 0.09254245866252553)
1(0.10302258097584394, 0.10469094036966753)
1(0.09623561770583211, 0.09778582061398466)
1(0.08931719388063541, 0.09084546269760108)
1(0.24585038251818125, 0.2473593684160429)
1(0.12726140322069135, 0.1287646611514477)
1(0.09560636979940162, 0.09709925936621333)
1(0.19899275976564457, 0.20043259914257605)
1(0.07870729990948677, 0.08006550398164591)
1(0.20748975297158712, 0.20878778027182665)
1(0.1349772993337156, 0.13621879465236786)
1(0.16556829848227905, 0.1667870524608842)
1(0.0791597103766466, 0.0803553887722791)
1(0.20666806464204968, 0.20785054837627392)
1(0.11558971555695874, 0.11674087848549064)
1(0.2685173747220546, 0.269660761893852)
1(0.18046642409216596, 0.18160603608566017)
1(0.17840221016288693, 0.17952109331312072)
1(0.0947617599098316, 0.09567338799518155)
1(0.17983434194703507, 0.18069067183677257)
1(0.22271052680204706, 0.2235516579063569)
1(0.1670115896820229, 0.16773307146310434)
1(0.2285036956233254, 0.22920761537575118)
1(0.24817504597572293, 0.24884079054786923)
1(0.09664992657229321, 0.09729129840601658)
1(0.19472424385952491, 0.19530539971120253)
1(0.12485016842025931, 0.12542223400330132)
1(0.16618208989268657, 0.16664726411291475)
1(0.1912737656417508, 0.19168149610395313)
1(0.1781788880140397, 0.17857839670253783)
1(0.12230415947139772, 0.1226922596689346)
1(0.19064821287837275, 0.19094820553868552)
1(0.136147566531039, 0.13639814257690575)
1(0.20632453118369776, 0.2065659996888506)
1(0.14531614029948736, 0.14541705656041137)
1(0.16267222348699917, 0.1627131132959685)
1(0.1171237547687981, 0.11715629474471678)
0(0.0, inf)
0(0.0, 0.4786976849020439)
0(0.0, 0.46151233953698634)
0(0.0, 0.33393905317359995)
0(0.0, 0.3275770787101173)
0(0.0, 0.3183473679844624)
0(0.0, 0.31547917092449107)
0(0.0, 0.3145045534513047)
0(0.0, 0.3029082109855654)
0(0.0, 0.30186976652587094)
0(0.0, 0.30024387324137813)
0(0.0, 0.29621667616704717)
0(0.0, 0.2802228406937415)
0(0.0, 0.2791787183899396)
0(0.0, 0.27849629216475535)
0(0.0, 0.2695790356377994)
0(0.0, 0.26534977563696915)
0(0.0, 0.26106798490160144)
0(0.0, 0.2601418067499337)
0(0.0, 0.25708793482623815)
0(0.0, 0.2566199988701364)
0(0.0, 0.2533377900669477)
0(0.0, 0.24874027055271553)
0(0.0, 0.2436028296744036)
0(0.0, 0.24091547056435159)
0(0.0, 0.24004231960008082)
0(0.0, 0.23878664552478035)
0(0.0, 0.2386842338174895)
0(0.0, 0.23205379307178753)
0(0.0, 0.2297289681466229)
0(0.0, 0.22849472085552802)
0(0.0, 0.22784432844084113)
0(0.0, 0.22742935979836365)
0(0.0, 0.22575238472985215)
0(0.0, 0.22268260040813248)
0(0.0, 0.22264976114763602)
0(0.0, 0.22227332781931275)
0(0.0, 0.21995772235232625)
0(0.0, 0.21912932143641195)
0(0.0, 0.2185568949407678)
0(0.0, 0.214956141308286)
0(0.0, 0.21296706593090542)
0(0.0, 0.21120772744249217)
0(0.0, 0.21005039172875828)
0(0.0, 0.21003954007661563)
0(0.0, 0.20908323037149557)
0(0.0, 0.2077887489700172)
0(0.0, 0.2076681865201091)
0(0.0, 0.20753399783455817)
0(0.0, 0.20623540947509145)
0(0.0, 0.2018183331306458)
0(0.0, 0.20009262252250992)
0(0.0, 0.19856393892527568)
0(0.0, 0.19831333560991182)
0(0.0, 0.1975840556449665)
0(0.0, 0.19746940193441853)
0(0.0, 0.19652965931920563)
0(0.0, 0.19578345125282903)
0(0.0, 0.19418045293469588)
0(0.0, 0.193886611457887)
0(0.0, 0.19365351920759966)
0(0.0, 0.19349669939114378)
0(0.0, 0.19317332442637525)
0(0.0, 0.19295867921892973)
0(0.0, 0.19131907727684716)
0(0.0, 0.1905665055415181)
0(0.0, 0.18720935764356506)
0(0.0, 0.1867744436941594)
0(0.0, 0.18652901071311323)
0(0.0, 0.18644369489096058)
0(0.0, 0.18588680288053094)
0(0.0, 0.1858231193498514)
0(0.0, 0.18486492010530886)
0(0.0, 0.18466747634487635)
0(0.0, 0.18461444360526857)
0(0.0, 0.18457584833755325)
0(0.0, 0.18425880577681608)
0(0.0, 0.1828177070449315)
0(0.0, 0.1814887209661965)
0(0.0, 0.18113428104289953)
0(0.0, 0.18086627639376596)
0(0.0, 0.17995529234505026)
0(0.0, 0.17893995575840083)
0(0.0, 0.17817083328379835)
0(0.0, 0.17747675329096535)
0(0.0, 0.17658784054138743)
0(0.0, 0.17645290990035145)
0(0.0, 0.1761974437100705)
0(0.0, 0.17553754731267535)
0(0.0, 0.17393644071693048)
0(0.0, 0.17377469284023705)
0(0.0, 0.17322834407431076)
0(0.0, 0.17302368518290678)
0(0.0, 0.1728051846665537)
0(0.0, 0.1727244033854919)
0(0.0, 0.17202138274779877)
0(0.0, 0.17184359971593943)
0(0.0, 0.1709328214106388)
0(0.0, 0.17072323721753346)
0(0.0, 0.1702666335840145)
0(0.0, 0.1701362825013063)
0(0.0, 0.1698095231415213)
0(0.0, 0.16918653931141203)
0(0.0, 0.16885406117596657)
0(0.0, 0.16842441928618612)
0(0.0, 0.1673458102361861)
0(0.0, 0.16610357011432098)
0(0.0, 0.16606417280847285)
0(0.0, 0.1657949974671129)
0(0.0, 0.1654978445472275)
0(0.0, 0.165084053346221)
0(0.0, 0.16437915212509013)
0(0.0, 0.16401608939431134)
0(0.0, 0.16379394062311303)
0(0.0, 0.1636884424436763)
0(0.0, 0.1635848562462794)
0(0.0, 0.1633584339588764)
0(0.0, 0.16292602388516741)
0(0.0, 0.16256514580796322)
0(0.0, 0.16217173188143708)
0(0.0, 0.16195160460427216)
0(0.0, 0.16185092208896967)
0(0.0, 0.1610353885252872)
0(0.0, 0.1604461946731358)
0(0.0, 0.16035154841677468)
0(0.0, 0.16000625573802396)
0(0.0, 0.1591403193545483)
0(0.0, 0.1578505978724425)
0(0.0, 0.15709399147365288)
0(0.0, 0.15578600582894941)
0(0.0, 0.15573295513618268)
0(0.0, 0.1556948673016212)
0(0.0, 0.15512073730095777)
0(0.0, 0.15422012669926022)
0(0.0, 0.153644468481837)
0(0.0, 0.15353603660895243)
0(0.0, 0.15321697905323983)
0(0.0, 0.1531011665534172)
0(0.0, 0.15285099651952327)
0(0.0, 0.15245304423419248)
0(0.0, 0.15232057267296317)
0(0.0, 0.1521140063564308)
0(0.0, 0.15181504860373574)
0(0.0, 0.15139159668948587)
0(0.0, 0.1508200335821901)
0(0.0, 0.15041902582500177)
0(0.0, 0.1502021058672991)
0(0.0, 0.1500227454461861)
0(0.0, 0.14992688731775416)
0(0.0, 0.1498710355977949)
0(0.0, 0.14983543181889813)
0(0.0, 0.14980209639232966)
0(0.0, 0.1492977487040772)
0(0.0, 0.14848433382986015)
0(0.0, 0.1484792840103175)
0(0.0, 0.14779905432202856)
0(0.0, 0.14747640302362286)
0(0.0, 0.1474099095945507)
0(0.0, 0.1473796702982313)
0(0.0, 0.1468462253134386)
0(0.0, 0.1466967181244293)
0(0.0, 0.14668357535193222)
0(0.0, 0.14640122284787338)
0(0.0, 0.14611259887996342)
0(0.0, 0.1459803163659409)
0(0.0, 0.14530908684401023)
0(0.0, 0.14474094484627265)
0(0.0, 0.144196416035558)
0(0.0, 0.1435304022063807)
0(0.0, 0.14324351790048528)
0(0.0, 0.14254721720672392)
0(0.0, 0.14233139048802257)
0(0.0, 0.14203141267654906)
0(0.0, 0.14149310278189198)
0(0.0, 0.14037581584587888)
0(0.0, 0.13977520611913352)
0(0.0, 0.13934766493396156)
0(0.0, 0.1391768898474499)
0(0.0, 0.13916544046305634)
0(0.0, 0.13906946430465283)
0(0.0, 0.13895915862670616)
0(0.0, 0.13885542547938567)
0(0.0, 0.13883970304526694)
0(0.0, 0.13882890177331464)
0(0.0, 0.13878117751595864)
0(0.0, 0.13853651698385894)
0(0.0, 0.13766841272432695)
0(0.0, 0.1375011933879393)
0(0.0, 0.13749148856470372)
0(0.0, 0.13683188111131372)
0(0.0, 0.13659283672538214)
0(0.0, 0.13645675414260816)
0(0.0, 0.13643748028992275)
0(0.0, 0.13633684364511245)
0(0.0, 0.135411809273003)
0(0.0, 0.1351685622911648)
0(0.0, 0.13384653755802411)
0(0.0, 0.13335167975760465)
0(0.0, 0.1332762254224642)
0(0.0, 0.13308229239197877)
0(0.0, 0.13268896559779642)
0(0.0, 0.13208426740420698)
0(0.0, 0.1308928425680873)
0(0.0, 0.1308134066761284)
0(0.0, 0.12920026921798733)
0(0.0, 0.1291181749409962)
0(0.0, 0.12862786607751475)
0(0.0, 0.12847809776761465)
0(0.0, 0.12756290467243814)
0(0.0, 0.12736629471179073)
0(0.0, 0.12617945261613617)
0(0.0, 0.12600864061156325)
0(0.0, 0.1255347218137982)
0(0.0, 0.12512739373346016)
0(0.0, 0.12483009473195017)
0(0.0, 0.12469149557821069)
0(0.0, 0.12358311185815707)
0(0.0, 0.12333593987853952)
0(0.0, 0.12217249831713684)
0(0.0, 0.12137552786025552)
0(0.0, 0.12134724994311297)
0(0.0, 0.12041780187457352)
0(0.0, 0.12039840466120821)
0(0.0, 0.1203840521350531)
0(0.0, 0.11997311239687125)
0(0.0, 0.1199495797393696)
0(0.0, 0.11925640960241501)
0(0.0, 0.11919134917671548)
0(0.0, 0.11912410206318191)
0(0.0, 0.11831352030725573)
0(0.0, 0.11812393603174343)
0(0.0, 0.11788045475006026)
0(0.0, 0.11772072333882622)
0(0.0, 0.11758870108010955)
0(0.0, 0.11751824760826657)
0(0.0, 0.11743864924615677)
0(0.0, 0.11720197376687902)
0(0.0, 0.11720106786425122)
0(0.0, 0.11678825946793514)
0(0.0, 0.11677588144813456)
0(0.0, 0.11664227897897628)
0(0.0, 0.11640093787543715)
0(0.0, 0.11624685087050146)
0(0.0, 0.11590049068203556)
0(0.0, 0.11567909899798312)
0(0.0, 0.11506642875138329)
0(0.0, 0.11441227332003401)
0(0.0, 0.11440306838920422)
0(0.0, 0.11424708523588978)
0(0.0, 0.1138623948616364)
0(0.0, 0.11355115459851117)
0(0.0, 0.11354879051409894)
0(0.0, 0.11350237282847575)
0(0.0, 0.11312539399339994)
0(0.0, 0.11312140729916942)
0(0.0, 0.11310063847868113)
0(0.0, 0.11289263582326658)
0(0.0, 0.11262911913952667)
0(0.0, 0.11261172286552168)
0(0.0, 0.11206754058455948)
0(0.0, 0.1119371068245798)
0(0.0, 0.11129755168380673)
0(0.0, 0.11116965716432559)
0(0.0, 0.11101439510238964)
0(0.0, 0.11037756584076097)
0(0.0, 0.11036166457366092)
0(0.0, 0.11027531177965522)
0(0.0, 0.11027310332894302)
0(0.0, 0.10970122504043467)
0(0.0, 0.10968600085971147)
0(0.0, 0.10950464888704359)
0(0.0, 0.10922851116802446)
0(0.0, 0.10867128158345629)
0(0.0, 0.1082507512535531)
0(0.0, 0.10823148930377768)
0(0.0, 0.10765658017354074)
0(0.0, 0.10709811022923255)
0(0.0, 0.10708540970455183)
0(0.0, 0.10672081194017669)
0(0.0, 0.10655632716040242)
0(0.0, 0.10652243060818689)
0(0.0, 0.10618595359149186)
0(0.0, 0.10558656814757761)
0(0.0, 0.10515480145082912)
0(0.0, 0.10510877908101712)
0(0.0, 0.1050390867047385)
0(0.0, 0.10402219522722644)
0(0.0, 0.10399636364461995)
0(0.0, 0.10397143012779753)
0(0.0, 0.10393389614026072)
0(0.0, 0.10313339159896628)
0(0.0, 0.10310673078064236)
0(0.0, 0.10283003915982458)
0(0.0, 0.10257703623626524)
0(0.0, 0.10247555145509801)
0(0.0, 0.10142827432480739)
0(0.0, 0.1010352210830443)
0(0.0, 0.10078778893495122)
0(0.0, 0.09949100442466408)
0(0.0, 0.09901439062194206)
0(0.0, 0.09851795222235771)
0(0.0, 0.09846756943213941)
0(0.0, 0.0983067279175136)
0(0.0, 0.09754163097109214)
0(0.0, 0.09682875305888117)
0(0.0, 0.0960049494046753)
0(0.0, 0.09591670240762318)
0(0.0, 0.0957136456775366)
0(0.0, 0.09537744671630632)
0(0.0, 0.09524166052009764)
0(0.0, 0.09506684568731283)
0(0.0, 0.09506161308504735)
0(0.0, 0.09498299587304981)
0(0.0, 0.09471809675775167)
0(0.0, 0.0944118791667734)
0(0.0, 0.09422877583744793)
0(0.0, 0.09352412369529495)
0(0.0, 0.09339109837838167)
0(0.0, 0.09338114546371445)
0(0.0, 0.09304451504598665)
0(0.0, 0.09276635111521181)
0(0.0, 0.0922395984147899)
0(0.0, 0.09174602428897327)
0(0.0, 0.0914426997458131)
0(0.0, 0.09129351772426753)
0(0.0, 0.08876256320554043)
0(0.0, 0.08868542929228251)
0(0.0, 0.08818113405180361)
0(0.0, 0.08695234990060008)
0(0.0, 0.08599436909176084)
0(0.0, 0.08557892076829043)
0(0.0, 0.08513319701025268)
0(0.0, 0.08427054924767241)
0(0.0, 0.08403164491927628)
0(0.0, 0.08353652644387366)
0(0.0, 0.08325305556507168)
0(0.0, 0.08303448728485585)
0(0.0, 0.08300951640787402)
0(0.0, 0.08278998242803914)
0(0.0, 0.0825453023124294)
0(0.0, 0.08254190030662578)
0(0.0, 0.08178196509589175)
0(0.0, 0.08169891382660788)
0(0.0, 0.08046919934960528)
0(0.0, 0.08030130551188597)
0(0.0, 0.08001586531201699)
0(0.0, 0.08000986311824931)
0(0.0, 0.07942156301991543)
0(0.0, 0.07895545263690518)
0(0.0, 0.07873056233317599)
0(0.0, 0.07857797080424123)
0(0.0, 0.07829489492351227)
0(0.0, 0.07828337815307718)
0(0.0, 0.07770604300529249)
0(0.0, 0.07769361279485276)
0(0.0, 0.07742379469111738)
0(0.0, 0.0771172874909033)
0(0.0, 0.07697488740953795)
0(0.0, 0.07663100952150226)
0(0.0, 0.07647990868130328)
0(0.0, 0.07535777947100675)
0(0.0, 0.0747785532174633)
0(0.0, 0.07470190708408908)
0(0.0, 0.0746564458583554)
0(0.0, 0.07455664001231443)
0(0.0, 0.07443962629252132)
0(0.0, 0.07428257297030294)
0(0.0, 0.07382662895831926)
0(0.0, 0.07372850833705302)
0(0.0, 0.07338777834215249)
0(0.0, 0.07281791482426703)
0(0.0, 0.07279478556952335)
0(0.0, 0.07263030541124593)
0(0.0, 0.07255167728758216)
0(0.0, 0.0724090785598338)
0(0.0, 0.07228244299838038)
0(0.0, 0.07180301874408834)
0(0.0, 0.07177818588488982)
0(0.0, 0.0717239899852784)
0(0.0, 0.07143153936203128)
0(0.0, 0.07109844366191376)
0(0.0, 0.07104237265169522)
0(0.0, 0.0708449966657384)
0(0.0, 0.07077351878693516)
0(0.0, 0.07015680846202466)
0(0.0, 0.07004849259713375)
0(0.0, 0.06971419564906112)
0(0.0, 0.06937360420945882)
0(0.0, 0.06925129387831819)
0(0.0, 0.06811787507492184)
0(0.0, 0.0672274747305045)
0(0.0, 0.06658242021418925)
0(0.0, 0.06625391094804578)
0(0.0, 0.06580972147950881)
0(0.0, 0.0653337309478158)
0(0.0, 0.06489588361645415)
0(0.0, 0.06466026995550023)
0(0.0, 0.06446354824283362)
0(0.0, 0.0642103799318553)
0(0.0, 0.06362443781074845)
0(0.0, 0.0632589986207358)
0(0.0, 0.06321872269146511)
0(0.0, 0.06300408875560548)
0(0.0, 0.06300217602669345)
0(0.0, 0.06283563766064415)
0(0.0, 0.0612017209496345)
0(0.0, 0.06075115532665598)
0(0.0, 0.060579215981680035)
0(0.0, 0.06056543558891592)
0(0.0, 0.05987833724445368)
0(0.0, 0.05976995784963324)
0(0.0, 0.05965968709516045)
0(0.0, 0.05945055862855608)
0(0.0, 0.05789901847322487)
0(0.0, 0.05768121081307698)
0(0.0, 0.05754730925322671)
0(0.0, 0.055693174580674354)
0(0.0, 0.055131581872852053)
0(0.0, 0.05497334501697959)
0(0.0, 0.05424157900741544)
0(0.0, 0.054163883015136194)
0(0.0, 0.05340257125019876)
0(0.0, 0.050548029682144224)
0(0.0, 0.049460064644522905)
0(0.0, 0.049090588188281825)
0(0.0, 0.047762730335219494)
0(0.0, 0.045565650638973554)
0(0.0, 0.026605419583763057)
0(0.0, 0.021323087403207208)
0(0.0, 0.00903465085926991)
0(0.0, 0.002242030267649575)
0(0.0, 0.0019335126819908233)
