1(0.41937737599460045, 0.6129865727085635)
1(0.3648097346463095, 0.4924427880423512)
1(0.26507952677079705, 0.3804957793299406)
1(0.48767121331105556, 0.5986714133205795)
1(0.21485852585042364, 0.3253162401127804)
1(0.31956825604052563, 0.4290350372553964)
1(0.37149046275913133, 0.4799237933251992)
1(0.272156352337135, 0.3804957793299406)
1(0.34785135793603206, 0.45503843162300794)
1(0.46185562062377505, 0.5676175023004681)
1(0.3549928812540951, 0.44955024755195083)
1(0.35585864557764824, 0.44717453178198163)
1(0.5818524361122871, 0.6724331425674211)
1(0.42460474082935984, 0.5114716431548445)
1(0.3295608940934166, 0.4154188867377899)
1(0.41371017674423094, 0.49815203957348364)
1(0.3355963421263093, 0.41917631890530294)
1(0.48557093787807926, 0.5668630517554344)
1(0.2718428585488327, 0.3527659899982023)
1(0.3043688077243233, 0.38452829613729034)
1(0.4872796845107692, 0.5662946478878794)
1(0.4731783510462627, 0.5521420487483448)
1(0.35635954958289584, 0.43434742496475753)
1(0.3778150398574197, 0.4537720292447117)
1(0.3896688451422382, 0.4647464859178432)
1(0.4310059021499888, 0.5058380155102099)
1(0.24128635001511722, 0.3156341884113145)
1(0.2915693719069816, 0.3646917249743711)
1(0.3378490682810783, 0.4091996999101585)
1(0.2679456029725167, 0.33887581654175336)
1(0.25974751828574505, 0.33063074761783107)
1(0.3713744029865127, 0.4416020685211167)
1(0.39583048377804375, 0.46601854482700655)
1(0.2830167399089415, 0.35249219160983514)
1(0.29336910727846544, 0.3620904401432119)
1(0.25428996724739417, 0.32300212580715937)
1(0.4685906107913206, 0.5371570611402425)
1(0.3328315097718958, 0.4013415974010258)
1(0.43530010627395876, 0.5032769074732646)
1(0.3213308795703773, 0.3888286850404091)
1(0.4508737158873153, 0.5181471321707667)
1(0.44616906181325244, 0.513041076976265)
1(0.399183241288109, 0.46588520977876546)
1(0.29501595397349667, 0.36169460841593126)
1(0.34873043009648375, 0.4152618465079988)
1(0.3164331784029937, 0.381830347515453)
1(0.4774303362909593, 0.5415657337306429)
1(0.32113743403999284, 0.3847139657020501)
1(0.2545018206000623, 0.31791640247646535)
1(0.29314999664299246, 0.3563357740566916)
1(0.43405560526867903, 0.49685256813163037)
1(0.4427298136249713, 0.5054579162209036)
1(0.4683026482138489, 0.5300587462801944)
1(0.4717536913240781, 0.5331991522378794)
1(0.37528061715321137, 0.4366577271054749)
1(0.39412103604109294, 0.45546412313703444)
1(0.3830330734723558, 0.44296919281368763)
1(0.4481627508596986, 0.5070640386524217)
1(0.3442490653133181, 0.40212543843138604)
1(0.5192193263365743, 0.5765678369195285)
1(0.40643284855915707, 0.46360864008708913)
1(0.5058294484602917, 0.5628568153934578)
1(0.5730914720763358, 0.629968213411596)
1(0.24059404607883672, 0.29713402814711753)
1(0.3530505173951033, 0.40949743313506637)
1(0.31006999314429695, 0.36639379950808193)
1(0.2737607765434886, 0.3295326199077333)
1(0.5110980539755341, 0.5667778456119013)
1(0.45307983198346824, 0.5078151692842627)
1(0.41937567228270367, 0.47407724642772886)
1(0.3644344176814276, 0.4182665775894723)
1(0.24063773120732856, 0.2934433844787786)
1(0.35874042370647685, 0.4114468412677835)
1(0.23368178753200575, 0.28595262664951004)
1(0.39234988175671326, 0.4440044678856844)
1(0.5088684079571042, 0.5604425566183759)
1(0.3404838454407194, 0.3920292270345508)
1(0.31358290417573464, 0.36499336526197246)
1(0.5167342147054815, 0.5672759310654865)
1(0.4279139389066262, 0.47818701127969854)
1(0.23517984535809344, 0.2852705964082608)
1(0.459105445600517, 0.5089271160476164)
1(0.20245323025144235, 0.2522290193204343)
1(0.25655059646604683, 0.3062266643623862)
1(0.25332719653118685, 0.3029588249021211)
1(0.4277014189499049, 0.47701323551495023)
1(0.492414733709587, 0.5415657337306429)
1(0.44566427787596175, 0.4946396725909179)
1(0.29049456516028993, 0.33878506909801764)
1(0.3432626644382317, 0.3915253829369072)
1(0.494608974759834, 0.5425369527280419)
1(0.3684192729732323, 0.41634235909884687)
1(0.4131638537374178, 0.4600270750029799)
1(0.3844065557514442, 0.43081572561656056)
1(0.3868922076461764, 0.43320821677811094)
1(0.34433505647828533, 0.3904582106237714)
1(0.25249922543142256, 0.29860181546659414)
1(0.34378113705627744, 0.38959984318393737)
1(0.37988614203635507, 0.42525982174472987)
1(0.3016429833647881, 0.34695766940084394)
1(0.2852443099934615, 0.3303312418949237)
1(0.37455826771149237, 0.4193920542422821)
1(0.370155773366328, 0.4147004150117086)
1(0.42752656327738525, 0.4719474699663847)
1(0.4751995690962456, 0.5194654628101849)
1(0.35608675372093845, 0.3997645827888753)
1(0.6358450292298885, 0.6792809517812226)
1(0.36949781782976465, 0.41287691890363665)
1(0.42899615337049446, 0.47206633452167635)
1(0.43070140874031027, 0.47347359701444725)
1(0.35763316440359216, 0.3997645827888753)
1(0.34672862576457086, 0.38722366533274677)
1(0.3136183806413585, 0.35305733844233245)
1(0.47521647705293735, 0.5144908613129977)
1(0.38477986041806944, 0.42369805789094817)
1(0.40021307658904914, 0.43882495030641167)
1(0.5063100393997937, 0.5445792020515341)
1(0.42706657586779007, 0.4650395477909943)
1(0.2442605749265021, 0.28212333812129087)
1(0.500679813142297, 0.5383079088808319)
1(0.29540836550587046, 0.33257559336957165)
1(0.38136008116614994, 0.4182011627260219)
1(0.3918195719426083, 0.4286367702690741)
1(0.2794419142598915, 0.3157736632933522)
1(0.3199180190417983, 0.3560912597369539)
1(0.3181829986638507, 0.35401103643631493)
1(0.4407516811061446, 0.4762116053825062)
1(0.2127767710177254, 0.24790380815064705)
1(0.400239241445293, 0.4353039346088683)
1(0.24903525341092103, 0.2840389050857607)
1(0.3367850279028993, 0.37175707113096523)
1(0.4483733667134655, 0.4829635255918412)
1(0.32604597871571817, 0.3605971264302069)
1(0.331515215149086, 0.3660193854973013)
1(0.4680776043429895, 0.5025782106450308)
1(0.3132610425106088, 0.34738959984366224)
1(0.46020669382354407, 0.49416078995517154)
1(0.2762128074292983, 0.30984032927097616)
1(0.4535743821431243, 0.48708320320296605)
1(0.29382226370439546, 0.32719681869122463)
1(0.504440538767244, 0.5367188657230262)
1(0.1085827229370806, 0.1405701301314577)
1(0.38283352250704517, 0.4147856248110392)
1(0.2858280218279996, 0.3177443639279962)
1(0.555219245487507, 0.5867239106221024)
1(0.29027604250264016, 0.32125084359374323)
1(0.5091829446104927, 0.5400837330306456)
1(0.277728213161317, 0.30847565003323807)
1(0.23606503250957533, 0.26675517778265223)
1(0.126892121685109, 0.15748806357733147)
1(0.2686084423239592, 0.29900463016856105)
1(0.2974059359520891, 0.32719681869122463)
1(0.5162549764570041, 0.545878702901406)
1(0.35066855193901136, 0.3801899595172271)
1(0.49641002784617316, 0.5255748488993659)
1(0.35056229145468776, 0.379629280556698)
1(0.44559779476465733, 0.4745752059668401)
1(0.4089348283255715, 0.4379046097601287)
1(0.36904654818955285, 0.39777265729456757)
1(0.43448447684805735, 0.46320769291302744)
1(0.5695262825289255, 0.5982259922486082)
1(0.40056125842339896, 0.42925610768280686)
1(0.3582181836921495, 0.38646610385677194)
1(0.1942855873002547, 0.22235524739361678)
1(0.1008797298790981, 0.12876155780284615)
1(0.4211037761447509, 0.4489432846862138)
1(0.3610747401065023, 0.3888286850404091)
1(0.5283325078878368, 0.5558227699262489)
1(0.43838373147989773, 0.4657484088259247)
1(0.3332278698323511, 0.3603206292983866)
1(0.5169545082183786, 0.5440065656878132)
1(0.3110688349753795, 0.337939092179366)
1(0.259498585447012, 0.28629668767851046)
1(0.44267026252365804, 0.46927882551348243)
1(0.2246101953889289, 0.25076885571558205)
1(0.20048479158547694, 0.22660055163322368)
1(0.3194434510835108, 0.34545576387130517)
1(0.6664770170911407, 0.6923406062260051)
1(0.24382464837021978, 0.26959616146501686)
1(0.2031911891085041, 0.22862125406247835)
1(0.43990687235950476, 0.4650395477909943)
1(0.36890492069134717, 0.39371296513791976)
1(0.32920026632118204, 0.3538416689522673)
1(0.3214507202057586, 0.3459761118223196)
1(0.3712810314957299, 0.39577625341107503)
1(0.3446765778706281, 0.36903956973116836)
1(0.2560713887476179, 0.2803318347466357)
1(0.31770609777444614, 0.3418322153038723)
1(0.3262943473629374, 0.35039978556126394)
1(0.48279273988814186, 0.5064130226352893)
1(0.3308331252660415, 0.3542416806933858)
1(0.33435878458583657, 0.35774797108251055)
1(0.3395848192686247, 0.362873321846213)
1(0.10954019955702354, 0.13276107566754125)
1(0.3033616844085065, 0.3262741402884364)
1(0.39024741333501356, 0.41305554021553814)
1(0.35834870090244875, 0.37986532349921753)
1(0.37271235463213837, 0.39377593986961856)
1(0.38852916126566217, 0.4094580391477467)
1(0.8174027552295242, 0.8381579268792361)
1(0.7065654827137602, 0.7272972479175018)
1(0.3079226525764407, 0.3285483628076453)
1(0.3881398777728887, 0.4086738002280471)
1(0.2449168594239658, 0.2653449506723682)
1(0.5095718168335595, 0.5299925792971862)
1(0.3242975781284234, 0.34443237099822077)
1(0.1970449443858634, 0.21716372725492672)
1(0.30631241038581214, 0.32640487710706667)
1(0.4214496438466473, 0.44112791176406907)
1(0.3885121591056536, 0.40803799875057967)
1(0.3176296317884201, 0.3371344342885313)
1(0.43992669610054436, 0.4593648116262673)
1(0.314566972561079, 0.33382027702707184)
1(0.32957608960269635, 0.34875816083863354)
1(0.10087620705215095, 0.12003514969228746)
1(0.39948179114732574, 0.418560084309727)
1(0.47655401897120353, 0.49556437672467535)
1(0.4650107242545014, 0.48395987994550627)
1(0.327034804882294, 0.34545576387130517)
1(0.23551637065645914, 0.2538989732593441)
1(0.4430271546547827, 0.46117659775564257)
1(0.10195930230195116, 0.12002929006460716)
1(0.38303953291930826, 0.40099360837089015)
1(0.5422440760624987, 0.5600242226440021)
1(0.32844574467980925, 0.34587146168003613)
1(0.11298748231228695, 0.13038986260188)
1(0.10283129449528028, 0.12003514969228746)
1(0.31652332983340636, 0.33364469840149724)
1(0.3842380099353312, 0.4013415974010258)
1(0.32267718486245733, 0.33975885202487544)
1(0.2557374432648244, 0.2726005213056383)
1(0.4090329373205587, 0.42586590884151176)
1(0.42986200133882746, 0.44666881218986854)
1(0.35835951747378236, 0.3751067967081956)
1(0.5585210467080519, 0.5749765004401592)
1(0.39687896046140503, 0.41326138600308604)
1(0.423055810932091, 0.43930902293079155)
1(0.3901208408414506, 0.4059769883315154)
1(0.3359229556801483, 0.3517249923734167)
1(0.11089515052680554, 0.12666487580488717)
1(0.35862624410762745, 0.3740893283603366)
1(0.19689696775897936, 0.2122419249906473)
1(0.3229189604103816, 0.3382575366963273)
1(0.23351888839278756, 0.2487781534421557)
1(0.12248448993971484, 0.13771890773505358)
1(0.35435732192109504, 0.36934939831419533)
1(0.472242046828674, 0.4871447285565865)
1(0.40054348323307065, 0.4154188867377899)
1(0.26666912411395005, 0.2812148868812975)
1(0.3870933223919353, 0.4014904825905533)
1(0.2974852883007951, 0.311641069053225)
1(0.4287462498542076, 0.44287048755142244)
1(0.34872547677765964, 0.36260378264296433)
1(0.14936298431925565, 0.1631976216679467)
1(0.12106454014303569, 0.1347700982803438)
1(0.5445064032334401, 0.5579955346777994)
1(0.12428122016985022, 0.13773642855740098)
1(0.27439781203190183, 0.2878463559166421)
1(0.2347009049171559, 0.24814672253359904)
1(0.1317949681656133, 0.14522164533368087)
1(0.11143884816211114, 0.12486146250424002)
1(0.12248316166502238, 0.1358434424872791)
1(0.10208126911827387, 0.11539715985239796)
1(0.29696186774093347, 0.3101603372357349)
1(0.4446358940888876, 0.4577756831081543)
1(0.5035554158978566, 0.5166678655512873)
1(0.32495456381051324, 0.3378632152621366)
1(0.3880851353622564, 0.40099360837089015)
1(0.39452620342028477, 0.40739023857197754)
1(0.3235259449949358, 0.3363011442828501)
1(0.25259003603690766, 0.2653449506723682)
1(0.515354291769712, 0.5280816336980654)
1(0.11123053993399679, 0.12386612388480067)
1(0.3464725626538636, 0.3590088219025489)
1(0.5569882744954078, 0.569487199979875)
1(0.22299706258750362, 0.23546831188581896)
1(0.33001592470074026, 0.34240335608671035)
1(0.4462563716122364, 0.45863911937563795)
1(0.11537448412127904, 0.12753688078814185)
1(0.35962876362055063, 0.37169200070737307)
1(0.27359346352974334, 0.2855361217067145)
1(0.5905541048888732, 0.6020624543527792)
1(0.26245231876446273, 0.273874212672904)
1(0.10061283097221352, 0.11192447142512385)
1(0.48399898818446285, 0.49525509742860296)
1(0.34295936181881914, 0.354152440395746)
1(0.10585477191015757, 0.11694258326083429)
1(0.11027263128668419, 0.12131484610961385)
1(0.26573558965816146, 0.27676684510928906)
1(0.07800253251553535, 0.08902525111720194)
1(0.10904555757038903, 0.12000644393445214)
1(0.10914837927432552, 0.11992716493302602)
1(0.27424343044551025, 0.2850149862513167)
1(0.10044341180175409, 0.11097746325550017)
1(0.27506423909579725, 0.28557778548149737)
1(0.4646718911052543, 0.4749579325666937)
1(0.3351900275453018, 0.34545576387130517)
1(0.3183816712451618, 0.3285483628076453)
1(0.23165414474849855, 0.24181639994785253)
1(0.2223186843264544, 0.232384967674795)
1(0.1009245186182467, 0.11094412905986295)
1(0.08781746684477387, 0.09776525564172056)
1(0.34048454995208677, 0.3504218999679507)
1(0.14540055944029073, 0.1551370929381054)
1(0.12394263423248952, 0.13366809334893626)
1(0.39666796932322634, 0.40636744949011905)
1(0.11615520225136688, 0.12575010772998474)
1(0.13283646307287, 0.14235472152969353)
1(0.1117919815101176, 0.1212714834007953)
1(0.11393958180096819, 0.12331665407400483)
1(0.459848537209133, 0.4691218624733354)
1(0.11437564719167914, 0.12363285472296814)
1(0.28156236718209793, 0.2907412821160009)
1(0.2552887772647464, 0.2644153275758754)
1(0.10491010033513981, 0.11375527936809648)
1(0.2505991752590515, 0.2594421320362782)
1(0.3966648685200419, 0.40528555398832744)
1(0.24248602775648342, 0.2509413259477593)
1(0.4461919145801082, 0.4545589569210152)
1(0.37847092732781673, 0.3868212910380896)
1(0.33204500934919057, 0.3403879634589366)
1(0.5605529448778754, 0.5687221485455674)
1(0.10912670889025577, 0.11674030694961923)
1(0.4315174649130461, 0.43892767431897295)
1(0.24893059021958752, 0.2563191839612581)
1(0.40436518217662154, 0.4117364493098965)
1(0.3155046357893698, 0.3227216891832456)
1(0.3327509926708926, 0.3399642122579545)
1(0.4921325376879053, 0.49926232066567544)
1(0.33003859824013426, 0.3371344342885313)
1(0.5857319760869951, 0.5926362443879434)
1(0.11505135381525011, 0.12193365890714902)
1(0.36334692176123595, 0.3702055113506926)
1(0.34739307783382856, 0.3542416806933858)
1(0.1224787379653135, 0.12932401978814856)
1(0.5223576890165804, 0.5291553974986538)
1(0.31371646036029865, 0.3204925125298629)
1(0.10855022178943441, 0.1152261563681356)
1(0.22735130953198868, 0.23393907823269433)
1(0.19710845037499347, 0.20363812732131914)
1(0.2594970032602828, 0.26596589444313135)
1(0.11244573016906578, 0.11874821347002396)
1(0.27535479343653047, 0.28157541525129637)
1(0.539390463080551, 0.54522093168986)
1(0.38934974062834393, 0.3950806723812703)
1(0.4182384897463425, 0.4238633198923014)
1(0.33830256166613637, 0.34391512182487005)
1(0.12022867613302102, 0.12575010772998474)
1(0.3393763981134682, 0.3447641617360573)
1(0.3316413586233158, 0.33698627304860895)
1(0.5925957139019988, 0.5978667691450832)
1(0.11881697309236128, 0.12393349097144457)
1(0.32419860371704845, 0.32920523120003553)
1(0.2337354973268998, 0.2387229773827806)
1(0.12649990115260346, 0.13145415277461692)
1(0.3820509747006179, 0.3868886930454527)
1(0.6039058276818345, 0.608721279873233)
1(0.09278668345867436, 0.09751118694047711)
1(0.10480578604143598, 0.10952536127215884)
1(0.14140700628174396, 0.14611615299883873)
1(0.13083625122893583, 0.13545356377345563)
1(0.11881761074509067, 0.12340779027308946)
1(0.3443274582627116, 0.34890978578020004)
1(0.11683538596074905, 0.1214158861499014)
1(0.3718454128017853, 0.3763996297393012)
1(0.08433480268898952, 0.0888730848408319)
1(0.12197396716410214, 0.12650239964845778)
1(0.4206037547410789, 0.4251016999765709)
1(0.4229982025982979, 0.4274257746293951)
1(0.3253389974014359, 0.32975843335684296)
1(0.41608499686599987, 0.4201176439486157)
1(0.14323160799936463, 0.14709301436616418)
1(0.35627477900658167, 0.3599413881714272)
1(0.11196748723250471, 0.11550869370696881)
1(0.208032216367812, 0.21133168602800112)
1(0.08588986007191957, 0.0891795812296069)
1(0.30857913348988053, 0.31176586729421574)
1(0.47160637138321304, 0.4746705895387908)
1(0.38008337784318413, 0.38305561438478086)
1(0.5263190278128539, 0.529218962251955)
1(0.11682490924355149, 0.11960501435016668)
1(0.10716756405323768, 0.10994502652749572)
1(0.4056672141759494, 0.40838044542033103)
1(0.4634981467920145, 0.4660746990344471)
1(0.11707545419792509, 0.11960501435016668)
1(0.422154616466101, 0.42459550531584833)
1(0.44328723116846946, 0.44569352921942995)
1(0.2562538481473021, 0.2586585730946408)
1(0.13281456789313706, 0.1351993759336586)
1(0.11610328178475127, 0.11836063523687523)
1(0.4502567352845319, 0.4522782661420389)
1(0.14116407141990728, 0.14307730691700615)
1(0.45382428665957886, 0.45572824781424326)
1(0.12308108397158835, 0.12498161901916771)
1(0.08517478050591354, 0.08702508902099015)
1(0.1813076862120946, 0.18314084186486934)
1(0.34752408465439266, 0.34926454013556796)
1(0.288601625836881, 0.29033345286354284)
1(0.11203886829761955, 0.11375527936809648)
1(0.08533291386374064, 0.08702508902099015)
1(0.08752024716939344, 0.0891795812296069)
1(0.31986948398889303, 0.3214578498701549)
1(0.32182558119947413, 0.32333391635354825)
1(0.33154647767254686, 0.33304620465573354)
1(0.31799601829684854, 0.3194723670749837)
1(0.4293748625544982, 0.43081572561656056)
1(0.3502508656056974, 0.3514800404836551)
1(0.14734986329304278, 0.14851204604680368)
1(0.13741340152932047, 0.13851763060498723)
1(0.3673575100811277, 0.3684603728260365)
1(0.10410217599411309, 0.10507665551029988)
1(0.11630016154008282, 0.1172423721176189)
1(0.09276864184401878, 0.09362837247716493)
1(0.12260664447443415, 0.12331665407400483)
1(0.331973440188973, 0.3325955802898797)
1(0.3840586632371866, 0.38467752666991095)
1(0.35230545993415485, 0.3528933650122287)
1(0.32204526826226665, 0.3223027577348009)
0(0.0, inf)
0(0.0, 0.5269319542608556)
0(0.0, 0.4974356162892474)
0(0.0, 0.4719128090737621)
0(0.0, 0.46759568783117855)
0(0.0, 0.4673053066824201)
0(0.0, 0.4624185093144978)
0(0.0, 0.453002850020363)
0(0.0, 0.45093066402397175)
0(0.0, 0.4432778202833324)
0(0.0, 0.4411631449663449)
0(0.0, 0.4398780741554298)
0(0.0, 0.4337300866595817)
0(0.0, 0.4301247401713185)
0(0.0, 0.4297262299625282)
0(0.0, 0.42935718918812094)
0(0.0, 0.4289150123226545)
0(0.0, 0.42477597010407797)
0(0.0, 0.41834023922143726)
0(0.0, 0.4151324042703257)
0(0.0, 0.41377832202120923)
0(0.0, 0.41260579168182754)
0(0.0, 0.4096582849982998)
0(0.0, 0.40892977479869885)
0(0.0, 0.40522116951461107)
0(0.0, 0.40042866990484893)
0(0.0, 0.39965981690220675)
0(0.0, 0.3977339954254291)
0(0.0, 0.3967835308071027)
0(0.0, 0.3919237966378698)
0(0.0, 0.3889917611551176)
0(0.0, 0.3860677903479981)
0(0.0, 0.38390433474885755)
0(0.0, 0.3838920577488172)
0(0.0, 0.3820969389586111)
0(0.0, 0.3818469904017222)
0(0.0, 0.3770741334235853)
0(0.0, 0.37375675503959815)
0(0.0, 0.37367769567156206)
0(0.0, 0.37362037103880963)
0(0.0, 0.3736021339273763)
0(0.0, 0.36875556566630774)
0(0.0, 0.36855064431056017)
0(0.0, 0.3673218547201038)
0(0.0, 0.364180748885072)
0(0.0, 0.3598607034191956)
0(0.0, 0.3569585493665388)
0(0.0, 0.3554593891679044)
0(0.0, 0.35475330857897514)
0(0.0, 0.3536606252572707)
0(0.0, 0.3532781117386382)
0(0.0, 0.3528599291928629)
0(0.0, 0.35212068204722236)
0(0.0, 0.34845613724090896)
0(0.0, 0.34815419225150224)
0(0.0, 0.3471226274025273)
0(0.0, 0.3453070217526345)
0(0.0, 0.3429759635254137)
0(0.0, 0.340422863805681)
0(0.0, 0.33688936597439867)
0(0.0, 0.336386922006361)
0(0.0, 0.33574657028280686)
0(0.0, 0.335085059809654)
0(0.0, 0.33491150410595205)
0(0.0, 0.332063213178893)
0(0.0, 0.3307166951862933)
0(0.0, 0.3296519423753753)
0(0.0, 0.32891555396619576)
0(0.0, 0.32884973819663965)
0(0.0, 0.3282941148787074)
0(0.0, 0.32804949227212077)
0(0.0, 0.32575240065426914)
0(0.0, 0.32570961782620167)
0(0.0, 0.3256660078060888)
0(0.0, 0.32369152137425783)
0(0.0, 0.3232474452576374)
0(0.0, 0.3230365479726651)
0(0.0, 0.32205356081829717)
0(0.0, 0.32168111372678454)
0(0.0, 0.32149971970697)
0(0.0, 0.3214018741490232)
0(0.0, 0.3199711482181181)
0(0.0, 0.31911104439945803)
0(0.0, 0.3186374380957808)
0(0.0, 0.3170359563867532)
0(0.0, 0.31613243497563404)
0(0.0, 0.31572340795894727)
0(0.0, 0.31494044499634233)
0(0.0, 0.3130697408198442)
0(0.0, 0.31205594891740773)
0(0.0, 0.3107283195459337)
0(0.0, 0.3098998754835306)
0(0.0, 0.30916071988373317)
0(0.0, 0.3084913663941683)
0(0.0, 0.3082734441740198)
0(0.0, 0.3079797135493565)
0(0.0, 0.306748960812683)
0(0.0, 0.3061986555440487)
0(0.0, 0.30588009767838875)
0(0.0, 0.30443740287563004)
0(0.0, 0.30207038941049347)
0(0.0, 0.30140823677415385)
0(0.0, 0.30087581324167223)
0(0.0, 0.3004842669758151)
0(0.0, 0.3000691686222652)
0(0.0, 0.2997370051874997)
0(0.0, 0.299445821598076)
0(0.0, 0.2989597295658496)
0(0.0, 0.2952993806250801)
0(0.0, 0.2948819037376218)
0(0.0, 0.29365001929425905)
0(0.0, 0.29237383161605923)
0(0.0, 0.29229801005886824)
0(0.0, 0.29156471450488186)
0(0.0, 0.2912658946083113)
0(0.0, 0.29111196849486465)
0(0.0, 0.2905858707929557)
0(0.0, 0.29055655561357874)
0(0.0, 0.2882181291009288)
0(0.0, 0.2880817912301874)
0(0.0, 0.2873217993954613)
0(0.0, 0.287171248483859)
0(0.0, 0.2869002789189934)
0(0.0, 0.28664088060193216)
0(0.0, 0.28608023750885525)
0(0.0, 0.2859165656901246)
0(0.0, 0.2849555911705641)
0(0.0, 0.2840684533039183)
0(0.0, 0.2837238205816752)
0(0.0, 0.28179309229340044)
0(0.0, 0.28084358581565494)
0(0.0, 0.28080899320464325)
0(0.0, 0.28007258093410914)
0(0.0, 0.2797778695241133)
0(0.0, 0.2797366700368077)
0(0.0, 0.2785114402886245)
0(0.0, 0.27787521510470004)
0(0.0, 0.2778135358217958)
0(0.0, 0.2773625314813586)
0(0.0, 0.27595750475343406)
0(0.0, 0.27565125026878723)
0(0.0, 0.27563875429944196)
0(0.0, 0.2756149618177247)
0(0.0, 0.27452137897606554)
0(0.0, 0.27162713007398087)
0(0.0, 0.2696322366159212)
0(0.0, 0.2690872029891065)
0(0.0, 0.26877902535833464)
0(0.0, 0.26684604074650264)
0(0.0, 0.2668092686958833)
0(0.0, 0.26627107079409396)
0(0.0, 0.26462215504224607)
0(0.0, 0.2638439368623131)
0(0.0, 0.26366280945530485)
0(0.0, 0.2627342715703811)
0(0.0, 0.2619963024657447)
0(0.0, 0.26093687876000193)
0(0.0, 0.26090991741550473)
0(0.0, 0.25951056826400143)
0(0.0, 0.2589221819119111)
0(0.0, 0.25890043747512703)
0(0.0, 0.25740186234632656)
0(0.0, 0.2572524359415791)
0(0.0, 0.25723487765859643)
0(0.0, 0.25663452389798946)
0(0.0, 0.2555479148091987)
0(0.0, 0.25528910043112074)
0(0.0, 0.2517543247114856)
0(0.0, 0.2501406963073062)
0(0.0, 0.24995707868095807)
0(0.0, 0.24985771936262458)
0(0.0, 0.24853841901898122)
0(0.0, 0.24790091251639346)
0(0.0, 0.2470656464496216)
0(0.0, 0.24656239213721864)
0(0.0, 0.24646204360993107)
0(0.0, 0.24460434945589704)
0(0.0, 0.24455802213314404)
0(0.0, 0.243387469128298)
0(0.0, 0.24323837393739844)
0(0.0, 0.24205026387546946)
0(0.0, 0.2416096661118522)
0(0.0, 0.24120871929120258)
0(0.0, 0.24064566391767406)
0(0.0, 0.23971880476909646)
0(0.0, 0.23929135096216847)
0(0.0, 0.239080223789783)
0(0.0, 0.23817337196778854)
0(0.0, 0.23800781023742779)
0(0.0, 0.236635459095197)
0(0.0, 0.23647349471950474)
0(0.0, 0.23494254425988137)
0(0.0, 0.23485736216058495)
0(0.0, 0.2347527914482892)
0(0.0, 0.23462323817319086)
0(0.0, 0.23453972570481207)
0(0.0, 0.23304033837346982)
0(0.0, 0.232961626869867)
0(0.0, 0.23265226810567186)
0(0.0, 0.23258377988230083)
0(0.0, 0.2323353814216893)
0(0.0, 0.23189722297244164)
0(0.0, 0.230914388905187)
0(0.0, 0.23082903548275668)
0(0.0, 0.23066499376513694)
0(0.0, 0.22869090628401068)
0(0.0, 0.22833670582316634)
0(0.0, 0.2279758161497708)
0(0.0, 0.22723567521282484)
0(0.0, 0.22699812602004565)
0(0.0, 0.22636987238076467)
0(0.0, 0.22550059275138934)
0(0.0, 0.2240779582174689)
0(0.0, 0.2236629108376076)
0(0.0, 0.22357662934865652)
0(0.0, 0.22298037689911954)
0(0.0, 0.222097222496199)
0(0.0, 0.2205629941059275)
0(0.0, 0.22035699089524696)
0(0.0, 0.2184925077399431)
0(0.0, 0.21787591059299438)
0(0.0, 0.21767516971972445)
0(0.0, 0.21708186551510344)
0(0.0, 0.2155553218221683)
0(0.0, 0.2143597291342899)
0(0.0, 0.2137832940313652)
0(0.0, 0.21283620750150611)
0(0.0, 0.21254607370283762)
0(0.0, 0.21250016614565503)
0(0.0, 0.21084294010188476)
0(0.0, 0.21046136995139308)
0(0.0, 0.21006197263349025)
0(0.0, 0.21005399724354157)
0(0.0, 0.20963167090662205)
0(0.0, 0.20940384215951968)
0(0.0, 0.2090785992536598)
0(0.0, 0.20819479123507356)
0(0.0, 0.2079815758690171)
0(0.0, 0.2075773298228214)
0(0.0, 0.20698923317019535)
0(0.0, 0.20628358703347904)
0(0.0, 0.2050932949754829)
0(0.0, 0.20484327938143165)
0(0.0, 0.2046224459452659)
0(0.0, 0.20207895765567507)
0(0.0, 0.20120694340445577)
0(0.0, 0.20114315473381683)
0(0.0, 0.20050950476277107)
0(0.0, 0.20047138701892808)
0(0.0, 0.20034441211046206)
0(0.0, 0.2003420593672416)
0(0.0, 0.1989438814153306)
0(0.0, 0.19806351556893265)
0(0.0, 0.19790612523448836)
0(0.0, 0.1976717268509688)
0(0.0, 0.19765475368468155)
0(0.0, 0.1967480115373288)
0(0.0, 0.19588788138999502)
0(0.0, 0.19358198848856212)
0(0.0, 0.19169501301598724)
0(0.0, 0.19087671976633325)
0(0.0, 0.1905000414667849)
0(0.0, 0.19020822691383799)
0(0.0, 0.1861848647700879)
0(0.0, 0.18588406551499792)
0(0.0, 0.18362383352701517)
0(0.0, 0.18184932118045938)
0(0.0, 0.17992304299977147)
0(0.0, 0.1790237476064258)
0(0.0, 0.17651951108546704)
0(0.0, 0.1751830622109466)
0(0.0, 0.1736439705350059)
0(0.0, 0.17344834547145138)
0(0.0, 0.17336433229189063)
0(0.0, 0.17241120321499304)
0(0.0, 0.16900457047215278)
0(0.0, 0.16512555175564703)
0(0.0, 0.16280565395618363)
0(0.0, 0.16108909946928285)
0(0.0, 0.16095077144977632)
0(0.0, 0.15978662436794344)
0(0.0, 0.15946723775752114)
0(0.0, 0.1572972880868917)
0(0.0, 0.1521628089566056)
0(0.0, 0.15141211839342206)
0(0.0, 0.15140604091477394)
0(0.0, 0.151300475584634)
0(0.0, 0.1500097254188526)
0(0.0, 0.14981570402100675)
0(0.0, 0.14882259593972225)
0(0.0, 0.14823459323188415)
0(0.0, 0.14600757429590405)
0(0.0, 0.1441589167377908)
0(0.0, 0.14399091562211608)
0(0.0, 0.14297990435538876)
0(0.0, 0.14250371579172938)
0(0.0, 0.14177457434877638)
0(0.0, 0.13816282967031956)
0(0.0, 0.13772262028381188)
0(0.0, 0.1371904407683967)
0(0.0, 0.13699609505295807)
0(0.0, 0.13529634529580248)
0(0.0, 0.1301213782793692)
0(0.0, 0.13002821123566033)
0(0.0, 0.1278857285324071)
0(0.0, 0.126838265229975)
0(0.0, 0.1248492696508755)
0(0.0, 0.12198208800011301)
0(0.0, 0.11978430806996143)
0(0.0, 0.1195927369377926)
0(0.0, 0.1177333132270244)
0(0.0, 0.1176386131386169)
0(0.0, 0.11763626047259246)
0(0.0, 0.11702819806939668)
0(0.0, 0.11635616316886621)
0(0.0, 0.11608988448490043)
0(0.0, 0.11294696489139588)
0(0.0, 0.1129280571056106)
0(0.0, 0.11289349927676307)
0(0.0, 0.11266345010692735)
0(0.0, 0.11259768900961342)
0(0.0, 0.11213317522592747)
0(0.0, 0.1104324524283753)
0(0.0, 0.11014759155938791)
0(0.0, 0.10981832553297521)
0(0.0, 0.10944844306899948)
0(0.0, 0.10830972602491251)
0(0.0, 0.10828908409138494)
0(0.0, 0.10751130709790047)
0(0.0, 0.10717699932999958)
0(0.0, 0.10687620004564913)
0(0.0, 0.1060911975147818)
0(0.0, 0.10579220152725055)
0(0.0, 0.10506856356410699)
0(0.0, 0.10424564682909243)
0(0.0, 0.10400286630696742)
0(0.0, 0.10347569664690559)
0(0.0, 0.10346491751567954)
0(0.0, 0.10309626939400451)
0(0.0, 0.1017341629986992)
0(0.0, 0.10161429026939262)
0(0.0, 0.10126229847202806)
0(0.0, 0.10050774811636753)
0(0.0, 0.09837595674973076)
0(0.0, 0.097832817225593)
0(0.0, 0.09780594433188505)
0(0.0, 0.09777174054079651)
0(0.0, 0.09740502318749789)
0(0.0, 0.09735222769552987)
0(0.0, 0.09733048719639326)
0(0.0, 0.09662069387577332)
0(0.0, 0.09645616515089162)
0(0.0, 0.09573465756878863)
0(0.0, 0.09491809463763001)
0(0.0, 0.09491468446932771)
0(0.0, 0.09426379736344093)
0(0.0, 0.09400444920099094)
0(0.0, 0.09383108656223504)
0(0.0, 0.09336857805042376)
0(0.0, 0.09321181274110912)
0(0.0, 0.09243518592375777)
0(0.0, 0.09151322677999962)
0(0.0, 0.09135123413420132)
0(0.0, 0.09059861940867653)
0(0.0, 0.09059304197362339)
0(0.0, 0.0904971002308339)
0(0.0, 0.08975878016947614)
0(0.0, 0.08940210339468535)
0(0.0, 0.08938109426996255)
0(0.0, 0.08918408590012794)
0(0.0, 0.08903811095053638)
0(0.0, 0.08902512157764597)
0(0.0, 0.08841886290616563)
0(0.0, 0.08835751964016558)
0(0.0, 0.08827382128380445)
0(0.0, 0.08817173974902293)
0(0.0, 0.08808831707259168)
0(0.0, 0.0880419867539044)
0(0.0, 0.08788241533569952)
0(0.0, 0.08768109719697914)
0(0.0, 0.0870082438910651)
0(0.0, 0.08656767995723158)
0(0.0, 0.08639056790854549)
0(0.0, 0.0863044294564933)
0(0.0, 0.08617451339660054)
0(0.0, 0.08591288351076021)
0(0.0, 0.0849496789624763)
0(0.0, 0.08411310221740698)
0(0.0, 0.08388033461969202)
0(0.0, 0.08312386791387971)
0(0.0, 0.08273614725303591)
0(0.0, 0.08202452356686196)
0(0.0, 0.08189857314327753)
0(0.0, 0.08171677510110786)
0(0.0, 0.08133274293317605)
0(0.0, 0.07980075219628557)
0(0.0, 0.07973732259307875)
0(0.0, 0.07936399015609796)
0(0.0, 0.07934080023571266)
0(0.0, 0.07928251143317355)
0(0.0, 0.0786998891702928)
0(0.0, 0.07846995369841914)
0(0.0, 0.07820363411716347)
0(0.0, 0.078036304712504)
0(0.0, 0.07744782541966544)
0(0.0, 0.07707234418227027)
0(0.0, 0.07464365894162717)
0(0.0, 0.07463265889031956)
0(0.0, 0.07411805698406282)
0(0.0, 0.07369885549658706)
0(0.0, 0.07344483195409512)
0(0.0, 0.070261518671213)
0(0.0, 0.06950740263070898)
0(0.0, 0.06841755681378037)
0(0.0, 0.0679422129964613)
0(0.0, 0.06740017460171377)
0(0.0, 0.06696678385673749)
0(0.0, 0.06341164502457552)
0(0.0, 0.06269575912654413)
0(0.0, 0.0620863003360872)
0(0.0, 0.05542461741761029)
0(0.0, 0.053251876796465814)
0(0.0, 0.04717241771453762)
0(0.0, 0.046431807589285)
0(0.0, 0.03826611959260373)
0(0.0, 0.03238656619585667)
0(0.0, 0.028199548155179666)
0(0.0, 0.01963561677474246)
0(0.0, 0.009209364465352476)
0(0.0, 0.008833429678057336)
0(0.0, 0.0032636873930980137)
0(0.0, 0.002289776736498994)
