1(0.5518830299833924, 0.8210934705043358)
1(0.31978636503337154, 0.4715253694959052)
1(0.33385593264759905, 0.4592280790181551)
1(0.2830996327462144, 0.4006078974809767)
1(0.6407438097370616, 0.752329277038412)
1(0.36915033022530097, 0.47095458491822517)
1(0.296442566039542, 0.38908441693430296)
1(0.2960581095507966, 0.38659669523212403)
1(0.3613583758406671, 0.45037348281786915)
1(0.403464293391553, 0.49080569003660457)
1(0.261395056774548, 0.34865444962530456)
1(0.24088134145595674, 0.32554844576274045)
1(0.6759367535351333, 0.7583078701723016)
1(0.3807861080353193, 0.46193863568264126)
1(0.30803247447896964, 0.3879550656440738)
1(0.29996876679218165, 0.3789120349277467)
1(0.34762054807965304, 0.4252024386852411)
1(0.39800914531126586, 0.47498154071694865)
1(0.4194059767368664, 0.4907272211983609)
1(0.3293145072556046, 0.39955335791371926)
1(0.24963680149564393, 0.3198430256377941)
1(0.3635414048252782, 0.4328027436008428)
1(0.259076501871769, 0.32751772578152083)
1(0.3932128467516537, 0.45995401374361344)
1(0.26794714175286527, 0.3338600512136941)
1(0.3101113465929747, 0.37537692019893265)
1(0.2817462137077863, 0.34689464401424885)
1(0.33433558906985006, 0.399051849446159)
1(0.42373220905400044, 0.48830044697355146)
1(0.40065148792121086, 0.4641583058922325)
1(0.2490260703925855, 0.3122385482285739)
1(0.3210694476537418, 0.38357015905756753)
1(0.3633441218060862, 0.4251946234677103)
1(0.325445477989996, 0.3871233381135961)
1(0.40411030356326627, 0.4657242261572574)
1(0.29622313958693236, 0.35743712248902104)
1(0.33198835024132156, 0.39177539042496456)
1(0.4102016505417555, 0.4694479668765924)
1(0.29692462281672616, 0.3552853836728046)
1(0.29004474043522377, 0.34807774764463395)
1(0.3054070260307592, 0.362192454263365)
1(0.22796749219394474, 0.2842883556593795)
1(0.21484234516299494, 0.2692827424199744)
1(0.2544792511528676, 0.3083878255714909)
1(0.1923023380883938, 0.24483604376874202)
1(0.2501806518843951, 0.3019518497278366)
1(0.15218701900887632, 0.20271306695508218)
1(0.1865717181261919, 0.23691610462116286)
1(0.31857082729468367, 0.3683711518524666)
1(0.19424089846617754, 0.2438072716332128)
1(0.3427588723907553, 0.39065430431298886)
1(0.2851174297586567, 0.33289787949505445)
1(0.32830886065993337, 0.3757793215334212)
1(0.2594806539928034, 0.30693988620121093)
1(0.26101877163668596, 0.30821501586488054)
1(0.3562933292780064, 0.40315421161239573)
1(0.38252849902423147, 0.42889830318415423)
1(0.4262660024375242, 0.47240163161542714)
1(0.28955798689631296, 0.33552319879546355)
1(0.3634398538006167, 0.40902072270307865)
1(0.26966637924850534, 0.3151186135432217)
1(0.1980039140794121, 0.24287684974101476)
1(0.38443604958690347, 0.4292330246155249)
1(0.25093713340895185, 0.2953362560262037)
1(0.2845623298310954, 0.32844453983304767)
1(0.45908106392226844, 0.5027107828605235)
1(0.37777279786940254, 0.42059151663016403)
1(0.30550939466470306, 0.34807774764463395)
1(0.4429733687213574, 0.48522715758561696)
1(0.32666748657492084, 0.3688651730364292)
1(0.27684479613573043, 0.3189820879914069)
1(0.30228577436957926, 0.3442602604955771)
1(0.2960133443361955, 0.33785997568448256)
1(0.26865613460727467, 0.3103534987594666)
1(0.4082749812388399, 0.44982203223248607)
1(0.3015102662364382, 0.3424341829564447)
1(0.4762990725819787, 0.5170267229586212)
1(0.3943936488470997, 0.4347426974764095)
1(0.20980873810628708, 0.24995558532153617)
1(0.2902264486478352, 0.3303639162673426)
1(0.3022148521985156, 0.3409869800384666)
1(0.31486990064421494, 0.3533091431725548)
1(0.2778082920102267, 0.3151186135432217)
1(0.3507835141786716, 0.38782653226162)
1(0.3381397424987005, 0.3746146926392171)
1(0.11515604360615928, 0.15144353268447497)
1(0.33672990268944847, 0.3726934630839245)
1(0.29909325587444946, 0.33430230938011296)
1(0.4842222544228568, 0.5193996547427341)
1(0.33962127340661763, 0.3746146926392171)
1(0.489653973472842, 0.5236014937428126)
1(0.5067174673788639, 0.540437407281585)
1(0.20505155963178723, 0.23864346191159636)
1(0.2809475562566002, 0.314382148326377)
1(0.47021969708806577, 0.5034814370004141)
1(0.3052721962820715, 0.33852557335012023)
1(0.287852731246793, 0.320972165389101)
1(0.2936097410831424, 0.32647031257695824)
1(0.2148969089105789, 0.24745672581128486)
1(0.31503840376384307, 0.3464588829082662)
1(0.3606841507038968, 0.3916522522722269)
1(0.36859806962742414, 0.3995624682109038)
1(0.3756523781732978, 0.4065073429026326)
1(0.16901098153534544, 0.19984046990931104)
1(0.33542590812930717, 0.36621105414558774)
1(0.3298148413673536, 0.3604146909947118)
1(0.46599950664290446, 0.4957989792161487)
1(0.31405338851113074, 0.34322701829765734)
1(0.4423796210497657, 0.4712113422461971)
1(0.24491409446291956, 0.2737018798843951)
1(0.17753176300163354, 0.20609669936313646)
1(0.34714527800959805, 0.3756962767147418)
1(0.3307161858490203, 0.3590613572084034)
1(0.2670477345461081, 0.2947102579110483)
1(0.2753827652630553, 0.30290066290518003)
1(0.3986409252215528, 0.4260724126623965)
1(0.16384794719302775, 0.1912261215209129)
1(0.32642156657054056, 0.35363162414921856)
1(0.15987648633532048, 0.1870850838468734)
1(0.3094430533343334, 0.3363330034637939)
1(0.30395861761658094, 0.3307672353065596)
1(0.32171951047444136, 0.3484719944160608)
1(0.2809092396439734, 0.3076077472799621)
1(0.370939999874659, 0.3975897569699066)
1(0.10250080350228741, 0.129150524988784)
1(0.27011695857265416, 0.2966252686405274)
1(0.31500127989371585, 0.3413178011573129)
1(0.28014145261078227, 0.306374644010054)
1(0.2348803279504008, 0.2610761212472472)
1(0.2707220227893402, 0.2966252686405274)
1(0.42464655177892874, 0.45052719330723867)
1(0.10777847454822476, 0.13345103826490057)
1(0.33314365161933845, 0.35859433935293117)
1(0.27808086705096235, 0.3034917206662713)
1(0.22650891104018234, 0.25180484444409634)
1(0.36246259587513496, 0.3876923075806472)
1(0.2079240900180399, 0.23315063400504754)
1(0.27782887763607256, 0.3028960690485224)
1(0.32861850378066626, 0.3535216324892886)
1(0.2729419049793531, 0.2977803628374759)
1(0.27714425208881055, 0.3019767707454881)
1(0.33767993971818544, 0.3624463934573413)
1(0.11280663389813472, 0.13730330631246768)
1(0.3078183466900417, 0.33223430716100677)
1(0.18574449512825308, 0.20976413235018243)
1(0.14673349553329207, 0.17075099710233388)
1(0.314345746351232, 0.33830724025399406)
1(0.3872103039523297, 0.41115797974869095)
1(0.18372074376335057, 0.20755276305696824)
1(0.33175543821241604, 0.3555594407784233)
1(0.23712342790316854, 0.26092605283947656)
1(0.3886790591367041, 0.4124591286345892)
1(0.2495417976299702, 0.2730281976046497)
1(0.3921900540711062, 0.41565150866749057)
1(0.09217571472401398, 0.11555077719727247)
1(0.2151632783550319, 0.2383594300430596)
1(0.2916599204435377, 0.3147093344325551)
1(0.20833176451950608, 0.23137036864562466)
1(0.15395671316713466, 0.17688286756568583)
1(0.4082149053381017, 0.4305652340011157)
1(0.1833210122620158, 0.20530677644785655)
1(0.09569397675976776, 0.11754429743668615)
1(0.280679756703613, 0.3023912430052922)
1(0.3543630368050471, 0.3760575586249084)
1(0.43739504488850744, 0.45901902271007344)
1(0.24454348334522769, 0.26583827152909045)
1(0.16984953594839414, 0.19106270297472006)
1(0.32129455428663245, 0.3425061967780124)
1(0.30503726019803734, 0.3257464518391615)
1(0.4395775761989278, 0.46014748572776576)
1(0.10472141049612804, 0.1250755768845362)
1(0.1082509453241276, 0.1285735981159576)
1(0.1626387157678113, 0.18288399550263967)
1(0.30151141186790953, 0.32158177573902014)
1(0.2853584710017629, 0.3049462615459968)
1(0.3325874771313434, 0.35217268678303026)
1(0.26709991070659367, 0.286444618456286)
1(0.23965724902754737, 0.25898966252597044)
1(0.3066989336741365, 0.32585970165527234)
1(0.2554439336772115, 0.27456471166978336)
1(0.14080608839686914, 0.1597547055844022)
1(0.3823176731008606, 0.401163760318095)
1(0.19456247625895506, 0.21315921397445592)
1(0.25911889416375355, 0.2776477337250691)
1(0.24117363818939874, 0.25959756798632216)
1(0.26896209331918985, 0.2872270925647904)
1(0.1349458225864989, 0.15298785519862057)
1(0.10009058362466627, 0.11812058366326506)
1(0.394099869559135, 0.4120975292384452)
1(0.28384417504476256, 0.30153840364122697)
1(0.261276498930729, 0.2789347773873043)
1(0.30209998102461477, 0.3194307866587076)
1(0.4552096904410242, 0.47240163161542714)
1(0.20964623973919871, 0.2267988079436457)
1(0.1412232941592242, 0.15814679235462703)
1(0.2023905178756017, 0.21926351309421377)
1(0.27653136157835445, 0.29339775655105993)
1(0.12864858451383765, 0.14550550573967425)
1(0.18949433539522842, 0.20621148836757786)
1(0.2613422658266137, 0.2780038290775584)
1(0.3066627145542362, 0.32326048837134)
1(0.31494319159347806, 0.3313813538568897)
1(0.09774921291981231, 0.11387995925518302)
1(0.1925348651574188, 0.2086028864400653)
1(0.34931473910123056, 0.36530154061513187)
1(0.16069251714190724, 0.17643212602731673)
1(0.14119427981028376, 0.15668509259258667)
1(0.19041131757184548, 0.20577320627645523)
1(0.15986785420312088, 0.17503858881384782)
1(0.11667206772590788, 0.13174628605514394)
1(0.44900033010618634, 0.463987416545941)
1(0.24265257423561049, 0.25755137269866824)
1(0.3433889349399407, 0.3580213315336118)
1(0.34371778591129, 0.35829033349022366)
1(0.26122696486282315, 0.2757646500540366)
1(0.38392364054699546, 0.3982724948668229)
1(0.35571418281084144, 0.36999812751823713)
1(0.37432906839536295, 0.38844975231399326)
1(0.30854129990898116, 0.3226209940288275)
1(0.22172136337340997, 0.23560057270141865)
1(0.343462106710147, 0.3570455128626423)
1(0.34694292944917926, 0.360447712536033)
1(0.22482087781151294, 0.23828697189196113)
1(0.14611512993961917, 0.15955797468367539)
1(0.40232377568688804, 0.41565150866749057)
1(0.2978614044449711, 0.3111278157760594)
1(0.29325135488306064, 0.30650634471082194)
1(0.30873812658810007, 0.32158177573902014)
1(0.15289002962668807, 0.16563517096026392)
1(0.09011526112053436, 0.10268952741493254)
1(0.4883157648125356, 0.5008664652077728)
1(0.3012151331528855, 0.3137442320475381)
1(0.6578081471192527, 0.6700684401271659)
1(0.11650481840246096, 0.1286860243354968)
1(0.09930396709307854, 0.11143565107645048)
1(0.3411054521395428, 0.35318706495457186)
1(0.20969600426157142, 0.22170634253560295)
1(0.48707650507409816, 0.4988462070680485)
1(0.3537079849748739, 0.36544120876448627)
1(0.2849569195217051, 0.29658578813902836)
1(0.15308794120925862, 0.16466076690210862)
1(0.390334646269501, 0.4018976275569056)
1(0.3496897685292212, 0.3610153543801973)
1(0.31173144084220394, 0.3230013908829734)
1(0.21026994980508718, 0.2213156904408029)
1(0.34945359642124363, 0.3604146909947118)
1(0.2886354007012135, 0.29958019588782325)
1(0.20734948184844415, 0.21823245930944213)
1(0.4084438977840926, 0.4191882140302312)
1(0.16398751365304565, 0.1746992174077343)
1(0.16407842328552003, 0.1746992174077343)
1(0.44445342170003843, 0.454939359267136)
1(0.1364425334001126, 0.14691754987835637)
1(0.28147693817668595, 0.2919464788344782)
1(0.11293082777526708, 0.1233270534694565)
1(0.0949937174789498, 0.10535759252519317)
1(0.08415516518369137, 0.09448783946869899)
1(0.1436352266594636, 0.15369608792853628)
1(0.10503926428507715, 0.11499795313751016)
1(0.3118524032751212, 0.3217860894848903)
1(0.22877566724116016, 0.23864346191159636)
1(0.20839099996515298, 0.21823245930944213)
1(0.31657935898231615, 0.32632551210013283)
1(0.2857879641326051, 0.2954932038223852)
1(0.23177378153738992, 0.24136064057200524)
1(0.14022558407580188, 0.149480143115842)
1(0.26300825172390074, 0.2722534947501569)
1(0.17413161960569923, 0.1832857384375548)
1(0.10565171700489995, 0.11478674322794835)
1(0.2677388610305901, 0.27681232214663265)
1(0.136469680473703, 0.14554042959565372)
1(0.3251674651923171, 0.3342093560131658)
1(0.10142760384677052, 0.11021192220535769)
1(0.28403122609438036, 0.2926628998496753)
1(0.12795355582869283, 0.1365468862517213)
1(0.13206215159108914, 0.14019225709933347)
1(0.29098171063226674, 0.2990269127864872)
1(0.19721757180966748, 0.20517535049278812)
1(0.3400181480220519, 0.34788602556639714)
1(0.3072815389002501, 0.31512793840845543)
1(0.39134877260575174, 0.3991182154803494)
1(0.20405332867024273, 0.21152886153469763)
1(0.4302962412461886, 0.4377612077177916)
1(0.2941789061375263, 0.3015476164954357)
1(0.3864916455066658, 0.39359165685485986)
1(0.10784562543895682, 0.11478674322794835)
1(0.36011187087325625, 0.36696284186368766)
1(0.3700160515489951, 0.3767594254147909)
1(0.31387612189689085, 0.3204668759813022)
1(0.1460097965321936, 0.15257334793584643)
1(0.2270851941429587, 0.23357958868109396)
1(0.4356979814522336, 0.44218969759834736)
1(0.4525289039585285, 0.45901902271007344)
1(0.3030589863914924, 0.3095123651899675)
1(0.34196579046504716, 0.348390707242913)
1(0.32767824963531245, 0.33391709544963344)
1(0.2767885476217402, 0.2829606631703623)
1(0.39210613256061544, 0.3982724948668229)
1(0.16186002746036288, 0.16782701274161382)
1(0.3270419016173939, 0.3329139898694444)
1(0.39370488488232225, 0.3995624682109038)
1(0.11442108923958327, 0.12025881809510519)
1(0.11461508757125183, 0.12042526730462544)
1(0.5240152855830786, 0.5297653483500375)
1(0.4696514795110408, 0.4754012977135127)
1(0.13340765002892585, 0.13896051970974788)
1(0.4467516786025256, 0.45221340325276715)
1(0.2256414906871571, 0.2310988764350338)
1(0.3394009322564264, 0.3448292877751624)
1(0.3373111583000483, 0.3425858941639428)
1(0.15083314358849798, 0.15598482210905018)
1(0.18769890301364744, 0.1927753322846325)
1(0.09589383491584935, 0.10084836668684904)
1(0.34878348102291223, 0.3536787606062751)
1(0.15538116540370328, 0.16021507873914265)
1(0.35492253181040045, 0.35969104059872437)
1(0.17158016928838749, 0.1762366024977734)
1(0.26838853430025833, 0.2730281976046497)
1(0.32663220010320937, 0.33112325809916754)
1(0.35993609542538485, 0.36422499240635187)
1(0.1399237730462055, 0.14416686803566514)
1(0.09616102678455674, 0.10018871185853462)
1(0.1362657513293173, 0.14010489003557758)
1(0.23683432920557568, 0.24055014201541436)
1(0.1214504352467719, 0.1250755768845362)
1(0.1953935852460449, 0.19898590764904545)
1(0.10328105746481053, 0.10676454319157591)
1(0.3492268349289537, 0.3526943021755591)
1(0.3797493893017726, 0.3830271308068415)
1(0.15063210487909928, 0.15381976502895822)
1(0.1299982045380762, 0.13311430437787986)
1(0.26952733224246916, 0.27263509384788287)
1(0.47662647089533716, 0.47973267846592715)
1(0.29139012131715747, 0.29446412414544054)
1(0.1284761105428991, 0.1313291321692216)
1(0.14403969405902228, 0.14687630604739998)
1(0.20651105186219199, 0.20924044174921574)
1(0.2347273311660617, 0.23740585746399823)
1(0.16418480007417569, 0.16685191097650076)
1(0.15941421903668385, 0.16207708625649397)
1(0.16824304155611425, 0.17082684651076652)
1(0.4128858262962395, 0.41519530664106297)
1(0.3362069873377257, 0.3384368566943581)
1(0.14220793478314964, 0.14443565593117758)
1(0.11454464108832818, 0.11669096191941108)
1(0.3574683486512663, 0.35957751043346475)
1(0.32933277667987126, 0.3313717031827642)
1(0.3575563625717313, 0.35946041815946383)
1(0.23134771297514733, 0.23323105344305306)
1(0.15885932656333257, 0.16073065224823357)
1(0.4441422480921152, 0.44588720348284705)
1(0.41744749988159136, 0.41910632227967803)
1(0.1290842439326172, 0.1307375301894219)
1(0.11907922424893769, 0.12072868662984748)
1(0.25556295613739644, 0.2572033298639411)
1(0.11480751643088327, 0.11629254925529497)
1(0.2224642553673556, 0.22391367194883993)
1(0.37462216200934373, 0.3760575586249084)
1(0.2868543359888842, 0.2882468158748306)
1(0.3873996957293716, 0.3887829095684462)
1(0.3204025210076348, 0.32175171711449446)
1(0.20784264903306626, 0.2091357056161196)
1(0.24045291500749644, 0.24157038955196453)
1(0.1557184075420791, 0.15677984372827747)
1(0.1713009409573676, 0.17232982157730314)
1(0.2792029941287806, 0.28019311198615504)
1(0.22454868691065022, 0.22530782669175764)
1(0.18131112991209453, 0.181929586896862)
1(0.2580984069347596, 0.25871505552066487)
1(0.17356252143185646, 0.1740064907760629)
1(0.2331585171876286, 0.23355944585455868)
1(0.2619075408919119, 0.26213546839460933)
1(0.49194084903492363, 0.492072896156887)
1(0.23845782474775368, 0.23858441085481374)
1(0.26907716347728117, 0.26911030369231104)
1(0.3999166864959184, 0.3999495953905746)
1(0.1172113120520647, 0.11723855596733379)
0(0.0, inf)
0(0.0, 0.487332066192242)
0(0.0, 0.4657392647545775)
0(0.0, 0.4535932044984239)
0(0.0, 0.4510397640402518)
0(0.0, 0.42547501972299717)
0(0.0, 0.4206212437142155)
0(0.0, 0.4177882799412044)
0(0.0, 0.40662723891160824)
0(0.0, 0.3983453468184722)
0(0.0, 0.39566077182618054)
0(0.0, 0.3926165123522465)
0(0.0, 0.39178519904434506)
0(0.0, 0.38609997530793294)
0(0.0, 0.3858901081507585)
0(0.0, 0.38333574993872244)
0(0.0, 0.3778990771294728)
0(0.0, 0.3761247528747732)
0(0.0, 0.37372253829411406)
0(0.0, 0.37354966109942633)
0(0.0, 0.37228395946423776)
0(0.0, 0.3672516846787939)
0(0.0, 0.36491986712055846)
0(0.0, 0.3618835970115406)
0(0.0, 0.3608787033683266)
0(0.0, 0.36035473413779506)
0(0.0, 0.35972946699737796)
0(0.0, 0.3586725757321736)
0(0.0, 0.35817609933587413)
0(0.0, 0.3560517548766977)
0(0.0, 0.35464568039848965)
0(0.0, 0.3537358878179432)
0(0.0, 0.3504324503832481)
0(0.0, 0.3486872904826943)
0(0.0, 0.3469899787663626)
0(0.0, 0.3456638182252748)
0(0.0, 0.3455903955976606)
0(0.0, 0.3450043587729602)
0(0.0, 0.3433214844057437)
0(0.0, 0.34314953553411287)
0(0.0, 0.34167102652005177)
0(0.0, 0.3414220017640893)
0(0.0, 0.33975372175578344)
0(0.0, 0.33777836272627604)
0(0.0, 0.3352321748530266)
0(0.0, 0.33515176741083974)
0(0.0, 0.3304717223717082)
0(0.0, 0.33023173454774735)
0(0.0, 0.32867083127705055)
0(0.0, 0.3278683600950728)
0(0.0, 0.32648985411746567)
0(0.0, 0.3257328256532521)
0(0.0, 0.324830372388362)
0(0.0, 0.3235953021478143)
0(0.0, 0.3171930176101341)
0(0.0, 0.3166366293768351)
0(0.0, 0.31591884735593534)
0(0.0, 0.3154862584445588)
0(0.0, 0.314696737739523)
0(0.0, 0.31260489194789165)
0(0.0, 0.31188801670327304)
0(0.0, 0.30967011536416067)
0(0.0, 0.30939703373114824)
0(0.0, 0.30340483122997175)
0(0.0, 0.30141257056644355)
0(0.0, 0.3010572774680995)
0(0.0, 0.3001148285680545)
0(0.0, 0.2990820901445086)
0(0.0, 0.2990820148409593)
0(0.0, 0.2977292131743927)
0(0.0, 0.29698441899903905)
0(0.0, 0.29669438119898484)
0(0.0, 0.2954282716851243)
0(0.0, 0.2898884507238898)
0(0.0, 0.2897065919720745)
0(0.0, 0.28945796997735873)
0(0.0, 0.2885683034114438)
0(0.0, 0.2883725251632122)
0(0.0, 0.28748683650544327)
0(0.0, 0.28515188371917766)
0(0.0, 0.28499352578640247)
0(0.0, 0.28366136065856773)
0(0.0, 0.2818804541521933)
0(0.0, 0.2818376729519101)
0(0.0, 0.2813672618873263)
0(0.0, 0.2808148668029882)
0(0.0, 0.2803240911850584)
0(0.0, 0.27969952644387175)
0(0.0, 0.27794274023608123)
0(0.0, 0.2779091493737942)
0(0.0, 0.27595800739565757)
0(0.0, 0.27584765302915604)
0(0.0, 0.2758124888806547)
0(0.0, 0.2756943180457986)
0(0.0, 0.275291278117314)
0(0.0, 0.27511612881780856)
0(0.0, 0.274199280752804)
0(0.0, 0.2734207360872335)
0(0.0, 0.272751645025336)
0(0.0, 0.2724704957934829)
0(0.0, 0.2722719423439155)
0(0.0, 0.27124222713169466)
0(0.0, 0.2706143874714999)
0(0.0, 0.2704463583875325)
0(0.0, 0.2694075680111273)
0(0.0, 0.26839926101185274)
0(0.0, 0.2679947432326527)
0(0.0, 0.2670386461248603)
0(0.0, 0.26666515492064935)
0(0.0, 0.2665705230766279)
0(0.0, 0.26476734779763345)
0(0.0, 0.26412625433709713)
0(0.0, 0.26335499274587604)
0(0.0, 0.2630434966753211)
0(0.0, 0.2603665744863053)
0(0.0, 0.2601907304897969)
0(0.0, 0.2601622408213239)
0(0.0, 0.25833571134914146)
0(0.0, 0.25811076586834203)
0(0.0, 0.25761586367926803)
0(0.0, 0.2567922224535082)
0(0.0, 0.25678579526813905)
0(0.0, 0.255158470451203)
0(0.0, 0.2549424025242313)
0(0.0, 0.25404887239951524)
0(0.0, 0.25296450878647947)
0(0.0, 0.252709860191798)
0(0.0, 0.2525633703830289)
0(0.0, 0.2517676302198312)
0(0.0, 0.251489889785096)
0(0.0, 0.2501689572835839)
0(0.0, 0.2500885108570411)
0(0.0, 0.2492660972814268)
0(0.0, 0.24882448998402384)
0(0.0, 0.24877227777366395)
0(0.0, 0.24826715836373647)
0(0.0, 0.2474371534283093)
0(0.0, 0.24672335322251948)
0(0.0, 0.24619138228873894)
0(0.0, 0.24506333811441594)
0(0.0, 0.2433860833571807)
0(0.0, 0.24282498644285788)
0(0.0, 0.24258335801234765)
0(0.0, 0.2415466493186682)
0(0.0, 0.24126613952554266)
0(0.0, 0.2411054910849333)
0(0.0, 0.23988044003060405)
0(0.0, 0.23878609504433457)
0(0.0, 0.23796267445699815)
0(0.0, 0.23785531553634576)
0(0.0, 0.23756057263050967)
0(0.0, 0.23605065686931204)
0(0.0, 0.23576995394515599)
0(0.0, 0.23490681508297495)
0(0.0, 0.2343604680000907)
0(0.0, 0.2343522453040785)
0(0.0, 0.2343516898934589)
0(0.0, 0.23421786271415046)
0(0.0, 0.234184357220805)
0(0.0, 0.2341726607467034)
0(0.0, 0.23403572109961523)
0(0.0, 0.23280910750393302)
0(0.0, 0.23279165678235303)
0(0.0, 0.23115256183027721)
0(0.0, 0.2305901900340055)
0(0.0, 0.22982908874700858)
0(0.0, 0.22887303760587696)
0(0.0, 0.227894701184855)
0(0.0, 0.22724269364826866)
0(0.0, 0.22662605822681192)
0(0.0, 0.22547822092896452)
0(0.0, 0.22320891408956456)
0(0.0, 0.2231686864992436)
0(0.0, 0.22247723218090698)
0(0.0, 0.22146647905272077)
0(0.0, 0.22112938360113643)
0(0.0, 0.2209593004793)
0(0.0, 0.2200265763021445)
0(0.0, 0.21989351566316362)
0(0.0, 0.21974096872121507)
0(0.0, 0.21928729209853515)
0(0.0, 0.21913316076603484)
0(0.0, 0.2188151597375907)
0(0.0, 0.21853177124900736)
0(0.0, 0.21733119266287793)
0(0.0, 0.21485901671927354)
0(0.0, 0.2134107373896038)
0(0.0, 0.21186754069635894)
0(0.0, 0.21171615848991543)
0(0.0, 0.21023340242725175)
0(0.0, 0.20993104968463894)
0(0.0, 0.20960822270193713)
0(0.0, 0.20928505764583427)
0(0.0, 0.2092317006096691)
0(0.0, 0.2091518820899333)
0(0.0, 0.20823696548812942)
0(0.0, 0.20697606440522476)
0(0.0, 0.20695712394757027)
0(0.0, 0.20593479331688702)
0(0.0, 0.20442425229856187)
0(0.0, 0.20351735758282108)
0(0.0, 0.20338103772633165)
0(0.0, 0.20270832423184115)
0(0.0, 0.20089145508518724)
0(0.0, 0.20085766460586552)
0(0.0, 0.19770997116601408)
0(0.0, 0.1975807098118012)
0(0.0, 0.19742520770492122)
0(0.0, 0.19685879405488904)
0(0.0, 0.19661396375493922)
0(0.0, 0.196420808698481)
0(0.0, 0.19617038013779386)
0(0.0, 0.19611589916116734)
0(0.0, 0.19570721852308837)
0(0.0, 0.1956388153841031)
0(0.0, 0.19542238755112962)
0(0.0, 0.19521904399967605)
0(0.0, 0.1945483162837497)
0(0.0, 0.19365630891371)
0(0.0, 0.19309708308348517)
0(0.0, 0.1920147538777659)
0(0.0, 0.1913533024217604)
0(0.0, 0.19133920980755992)
0(0.0, 0.19087984268079106)
0(0.0, 0.18972565711548062)
0(0.0, 0.18875297869691776)
0(0.0, 0.18829849628344564)
0(0.0, 0.1876019639322387)
0(0.0, 0.18512817691192318)
0(0.0, 0.18497908596510548)
0(0.0, 0.1847471089545797)
0(0.0, 0.18430357434734634)
0(0.0, 0.18400739010723333)
0(0.0, 0.18307993609973228)
0(0.0, 0.18301572713873648)
0(0.0, 0.18272260613920976)
0(0.0, 0.1815251190993109)
0(0.0, 0.1809983617492057)
0(0.0, 0.18026613086916643)
0(0.0, 0.1795724097875122)
0(0.0, 0.1785521137968099)
0(0.0, 0.1779920598946596)
0(0.0, 0.17715759478964088)
0(0.0, 0.17686558199829383)
0(0.0, 0.17591325783997325)
0(0.0, 0.174898370504316)
0(0.0, 0.174507704395653)
0(0.0, 0.1739725160464889)
0(0.0, 0.1728554466851121)
0(0.0, 0.17044875407376203)
0(0.0, 0.17008729302581194)
0(0.0, 0.1696127844396932)
0(0.0, 0.1687574107748422)
0(0.0, 0.16719167483449204)
0(0.0, 0.16697961881756052)
0(0.0, 0.1666000111206566)
0(0.0, 0.16590733491571674)
0(0.0, 0.16554780820033155)
0(0.0, 0.16437574541154565)
0(0.0, 0.16419535078505343)
0(0.0, 0.16297433975881248)
0(0.0, 0.16212079368106647)
0(0.0, 0.1608796960569635)
0(0.0, 0.16026243637245063)
0(0.0, 0.15934338458376962)
0(0.0, 0.15888888455200523)
0(0.0, 0.15784640969262798)
0(0.0, 0.15674156172654774)
0(0.0, 0.15591495658395627)
0(0.0, 0.1549967569393529)
0(0.0, 0.15458101266461322)
0(0.0, 0.1541139446362455)
0(0.0, 0.1537744963314438)
0(0.0, 0.15347809088947884)
0(0.0, 0.1522989069767552)
0(0.0, 0.15221622838296578)
0(0.0, 0.15201193405445845)
0(0.0, 0.15183972772315557)
0(0.0, 0.1511589520873099)
0(0.0, 0.15041354367976378)
0(0.0, 0.14904040999964008)
0(0.0, 0.1489458707018395)
0(0.0, 0.1487827724584705)
0(0.0, 0.14863775184939354)
0(0.0, 0.14809232956340068)
0(0.0, 0.1480282564321176)
0(0.0, 0.14752546634352615)
0(0.0, 0.14715779192964484)
0(0.0, 0.14670098091961858)
0(0.0, 0.14669309784690854)
0(0.0, 0.14654862244775102)
0(0.0, 0.14653569775185304)
0(0.0, 0.14631864547845164)
0(0.0, 0.14625042600536464)
0(0.0, 0.14617227519748643)
0(0.0, 0.1443656039812985)
0(0.0, 0.14406090153106843)
0(0.0, 0.1417538420550305)
0(0.0, 0.14167451030819633)
0(0.0, 0.1400788958971405)
0(0.0, 0.1399934709580054)
0(0.0, 0.13979238778544)
0(0.0, 0.1392874952772848)
0(0.0, 0.13882986525415253)
0(0.0, 0.138432950216812)
0(0.0, 0.1380338951080271)
0(0.0, 0.13595144125323289)
0(0.0, 0.13521546349893665)
0(0.0, 0.1348912626913713)
0(0.0, 0.1348508476579776)
0(0.0, 0.13483575389793612)
0(0.0, 0.1345184826803042)
0(0.0, 0.13399355880012231)
0(0.0, 0.13309645685514793)
0(0.0, 0.13258706939517384)
0(0.0, 0.13198577577268233)
0(0.0, 0.13169229565760576)
0(0.0, 0.13038044303804885)
0(0.0, 0.1301879947013489)
0(0.0, 0.1289956537147543)
0(0.0, 0.1281089776134503)
0(0.0, 0.12807842580337636)
0(0.0, 0.12743069654253703)
0(0.0, 0.12740784629233037)
0(0.0, 0.12678658756153793)
0(0.0, 0.12675066504073285)
0(0.0, 0.12671139871009462)
0(0.0, 0.12625002898787363)
0(0.0, 0.12616272673384243)
0(0.0, 0.12585920182697286)
0(0.0, 0.12579317443902183)
0(0.0, 0.12575883116210673)
0(0.0, 0.12506198535821367)
0(0.0, 0.12470434072307413)
0(0.0, 0.12424131402863958)
0(0.0, 0.12415638246803617)
0(0.0, 0.12375365868477128)
0(0.0, 0.12060023434392853)
0(0.0, 0.12022421775562186)
0(0.0, 0.12008149566697024)
0(0.0, 0.11978631840454768)
0(0.0, 0.11962898644384423)
0(0.0, 0.11882713682622936)
0(0.0, 0.11839503048381861)
0(0.0, 0.11781999947840027)
0(0.0, 0.11715463016906746)
0(0.0, 0.11671849244141463)
0(0.0, 0.1153815828781366)
0(0.0, 0.11454005515641297)
0(0.0, 0.11443718899002087)
0(0.0, 0.1130358812273351)
0(0.0, 0.11132710400154866)
0(0.0, 0.11034431073385298)
0(0.0, 0.11015001357007104)
0(0.0, 0.11008187612539821)
0(0.0, 0.11000562579113882)
0(0.0, 0.10901672951051311)
0(0.0, 0.10894481404278344)
0(0.0, 0.10836555016520522)
0(0.0, 0.10831350052435318)
0(0.0, 0.10685706327397282)
0(0.0, 0.10607849783966272)
0(0.0, 0.10605409997167103)
0(0.0, 0.10596436392986042)
0(0.0, 0.10591993478109307)
0(0.0, 0.1045708576415042)
0(0.0, 0.10311798195848665)
0(0.0, 0.10297907326450106)
0(0.0, 0.10251416340328523)
0(0.0, 0.10006152681941438)
0(0.0, 0.10003045295874502)
0(0.0, 0.09952576986697792)
0(0.0, 0.0991353196579744)
0(0.0, 0.09900423479319265)
0(0.0, 0.09885659051324391)
0(0.0, 0.09791744091430832)
0(0.0, 0.0977676024004438)
0(0.0, 0.09772678077773744)
0(0.0, 0.0974196393487251)
0(0.0, 0.09630549467807459)
0(0.0, 0.09529742362131965)
0(0.0, 0.09516817789563281)
0(0.0, 0.09514318986424497)
0(0.0, 0.09472194479337614)
0(0.0, 0.09389433902163213)
0(0.0, 0.0937594812008814)
0(0.0, 0.09367298308933225)
0(0.0, 0.09312408068700018)
0(0.0, 0.09250020667845327)
0(0.0, 0.09188443771695609)
0(0.0, 0.09131619084518305)
0(0.0, 0.09037030855616701)
0(0.0, 0.09004139082174312)
0(0.0, 0.09003219999362122)
0(0.0, 0.0897947784554507)
0(0.0, 0.08950077533617129)
0(0.0, 0.08877132544683242)
0(0.0, 0.08835735592816274)
0(0.0, 0.08831854842612341)
0(0.0, 0.08736543892427029)
0(0.0, 0.08512846048332667)
0(0.0, 0.08495875665314812)
0(0.0, 0.08390400379318519)
0(0.0, 0.08376904438236643)
0(0.0, 0.08371155818964016)
0(0.0, 0.0833047119130017)
0(0.0, 0.08324332180017235)
0(0.0, 0.08210361699276625)
0(0.0, 0.08136386947609009)
0(0.0, 0.0811184213962598)
0(0.0, 0.07990825286158887)
0(0.0, 0.07857848405496337)
0(0.0, 0.07772981065068496)
0(0.0, 0.07719046148733)
0(0.0, 0.0748963192287414)
0(0.0, 0.07470968035152514)
0(0.0, 0.07279826837317893)
0(0.0, 0.07264358049276409)
0(0.0, 0.06943484683442114)
0(0.0, 0.06899686275381633)
0(0.0, 0.0689422658437594)
0(0.0, 0.06797814437851679)
0(0.0, 0.06583885338907114)
0(0.0, 0.0652746256315625)
0(0.0, 0.06227692415434882)
0(0.0, 0.06135003606473377)
0(0.0, 0.06082428987101762)
0(0.0, 0.05882360863224234)
0(0.0, 0.03159658725654846)
0(0.0, 0.01601572007623675)
0(0.0, 0.002196380853667357)
0(0.0, 0.0015758722479684018)
