1(0.7085698135758507, 1.0527645816675963)
1(0.7185660753063272, 0.854014008954689)
1(0.355973111223129, 0.4397966734418648)
1(0.19667147298939214, 0.2653317926863781)
1(0.21911162632658931, 0.2808534770917759)
1(0.17534042393737326, 0.23624790759503678)
1(0.1698795070402983, 0.22629927643767422)
1(0.16680271003017133, 0.22243207942706256)
1(0.2444234502344983, 0.30004654370874984)
1(0.26833091659955755, 0.32390099581998233)
1(0.17831797206492817, 0.22932069806330346)
1(0.20351845843786176, 0.25276199774144714)
1(0.20332928122597604, 0.2520531997753286)
1(0.10537849492463403, 0.1531127219561199)
1(0.18100404913566714, 0.2284209523422901)
1(0.11275539176956861, 0.15860772361108677)
1(0.1019621074043815, 0.14723003640033538)
1(0.2194326867588785, 0.2632023404737528)
1(0.17508613000899698, 0.21655066960414115)
1(0.1785677526756757, 0.21773649376027682)
1(0.21487097288290835, 0.2530763102406838)
1(0.23245347632742996, 0.26975919939813)
1(0.1963019353196157, 0.23275667074082507)
1(0.10750133633068715, 0.14303853358031116)
1(0.13830579430905676, 0.17274268141665727)
1(0.10226953580807108, 0.13651812097343097)
1(0.13803587462193134, 0.17127251547142763)
1(0.08780094642438863, 0.12098444708572231)
1(0.14259910659970654, 0.17560767008791744)
1(0.10348061589353641, 0.13567988587724078)
1(0.15243927643728272, 0.1844522318698124)
1(0.18583655053383064, 0.2173655424996409)
1(0.18225717870443836, 0.21298464624524938)
1(0.09474486897969947, 0.12417740136173694)
1(0.10502366795374773, 0.13407459672969368)
1(0.22802861607665104, 0.2566550112361339)
1(0.1125729857258646, 0.14090053116229895)
1(0.1312009173293175, 0.1591498135182956)
1(0.18345741208038324, 0.2108769080150973)
1(0.13911258308750263, 0.16603089851065622)
1(0.14410164365130895, 0.17082581444097444)
1(0.15269365734538887, 0.17887598822388262)
1(0.16918058600220387, 0.1952130223839328)
1(0.10222915231051588, 0.1282028428266202)
1(0.14775794532885067, 0.17330969710652377)
1(0.11400081823680364, 0.1394736611416879)
1(0.10926286818920061, 0.1346944488416305)
1(0.24263156995665314, 0.26791965764748316)
1(0.08588592156876307, 0.11040330055669878)
1(0.2650788276112851, 0.2893587447622662)
1(0.112044362837183, 0.13620578854655851)
1(0.14318937948289467, 0.1666855448447533)
1(0.2093579087173163, 0.23229203367091533)
1(0.17016991483999988, 0.193006143896148)
1(0.1873933370414388, 0.20952790516888786)
1(0.10169649792360991, 0.12368463615299785)
1(0.13407121603819805, 0.15569451213407393)
1(0.0908105070427937, 0.11238133897974878)
1(0.1333547947455438, 0.15480053814567196)
1(0.12616384186456375, 0.14737943441293933)
1(0.20076742592452101, 0.22188018275416121)
1(0.13862395268442496, 0.15942820143344028)
1(0.09231138815072415, 0.11280629933848463)
1(0.11029960704733988, 0.13054181578988266)
1(0.15071964122256976, 0.17085523805997094)
1(0.15144792218136383, 0.17145404971320233)
1(0.11276303289734346, 0.132589666363772)
1(0.2343412185302326, 0.2540549404643436)
1(0.10112938279470973, 0.12068613277425722)
1(0.1633968960220723, 0.18289055522936393)
1(0.21614605891950156, 0.2352190554543877)
1(0.23189071519904358, 0.25052223486081426)
1(0.17232750932892482, 0.19094266543338034)
1(0.10159297911552811, 0.12019478798124128)
1(0.08207231786736724, 0.10041882247600675)
1(0.14631673164848258, 0.164403079958227)
1(0.11186798838081813, 0.12969863937799875)
1(0.21281890972410922, 0.23034888628563166)
1(0.1482111725800147, 0.16566740536460067)
1(0.11097025729557797, 0.12831039772008146)
1(0.12248789812586292, 0.13954849660079005)
1(0.15652300644530892, 0.17323917319330895)
1(0.1491219841389293, 0.16582764731522703)
1(0.06215244774885442, 0.07885045739476348)
1(0.1306911533851134, 0.147315736372161)
1(0.14525473663617017, 0.1618239058693478)
1(0.1711228494675041, 0.18744975671110786)
1(0.1128257053380074, 0.12873554543885535)
1(0.10352807074247838, 0.11912162466888476)
1(0.11370181855846717, 0.12902739932062834)
1(0.10045187544889378, 0.11577307678170323)
1(0.05023795226289596, 0.06543197811781498)
1(0.08381554520221157, 0.09833380473833353)
1(0.10225250203158842, 0.11674700772431501)
1(0.20835201938919068, 0.2227391115780023)
1(0.14527563136139532, 0.1595038713555923)
1(0.1235119916537597, 0.13726235497754957)
1(0.23235289695585293, 0.24577474024555623)
1(0.0896820436581135, 0.1030239154150534)
1(0.16671706229726246, 0.18004882333552574)
1(0.12748727159056938, 0.1408102610831654)
1(0.09223569187120795, 0.1055267634654925)
1(0.08598962228447626, 0.0991858832228385)
1(0.14659196850491896, 0.15977346208453136)
1(0.09699662323697888, 0.11006553642672401)
1(0.10674031901689052, 0.11972727838216268)
1(0.24731347778941304, 0.26022424196930627)
1(0.044045943601887405, 0.056534886788228156)
1(0.14871600934503093, 0.1609356951378612)
1(0.15881903272892162, 0.17085523805997094)
1(0.031034921402757654, 0.04305285329711617)
1(0.14666653698610443, 0.15860772361108677)
1(0.049668873285274806, 0.06135376094913647)
1(0.13529264903128435, 0.14665965313333784)
1(0.18301098007142358, 0.194374252359939)
1(0.1279057615307222, 0.13912328021587517)
1(0.11798216167296516, 0.1290467820008635)
1(0.060745002847094165, 0.07175046900264992)
1(0.08213701690756392, 0.09313776034605015)
1(0.11641952753151574, 0.12721702213728703)
1(0.0586493942259495, 0.06938477944691479)
1(0.21475987159578358, 0.22545112157225022)
1(0.23295041214036383, 0.24347364644156155)
1(0.3137682655712687, 0.32411785146684335)
1(0.13709806357807253, 0.147315736372161)
1(0.1595878289413467, 0.16978787511593774)
1(0.17719237281123446, 0.1870772367589072)
1(0.14712585356573815, 0.15698451486620701)
1(0.21529673957646012, 0.22514172465420557)
1(0.09784861833149039, 0.10749695571331208)
1(0.16036863259358858, 0.16978787511593774)
1(0.149604476490515, 0.15896700858527046)
1(0.10107975981288342, 0.11040330055669878)
1(0.15825004638338125, 0.167559173827458)
1(0.13221585567275962, 0.14150437195535193)
1(0.030394379748668987, 0.03966332695590169)
1(0.14812274793510716, 0.15731225642892344)
1(0.0810659549051127, 0.09016631448871482)
1(0.13984002043412258, 0.1489073331107148)
1(0.11280471666823122, 0.1217602438476626)
1(0.08338378166616989, 0.09227614599569389)
1(0.024805198982779886, 0.03360340457102984)
1(0.13059770799625836, 0.13928128499220227)
1(0.18819281015010736, 0.19658539052155855)
1(0.13930441333780763, 0.1476408654203708)
1(0.02285753969209736, 0.031152459197169025)
1(0.8440804027871626, 0.8523710137490172)
1(0.10271870624866497, 0.11081382986490296)
1(0.08737468056015418, 0.09526270130079162)
1(0.09423062765165102, 0.10210572859858957)
1(0.10740109658526498, 0.11524570507657317)
1(0.1088084396075687, 0.11656775846855505)
1(0.11014016445351327, 0.11780216350918749)
1(0.05434422528492655, 0.061931784946810176)
1(0.05296689957437739, 0.06055294722597904)
1(0.15035532739949464, 0.1578954967667433)
1(0.034012611346394994, 0.04154761627117465)
1(0.07430160354942184, 0.08157581809592729)
1(0.09046256723392565, 0.09764871453151935)
1(0.04284101091539083, 0.05001958136870921)
1(0.09612691207538415, 0.10326298868128725)
1(0.11343925275585531, 0.12052722917702563)
1(0.17539912903108723, 0.18238522880187835)
1(0.16092503857090967, 0.1678808842278804)
1(0.09944600573156781, 0.10627562322031459)
1(0.11996916839750005, 0.1267978921452224)
1(0.1754228636447237, 0.1821886148499)
1(0.14278410712239853, 0.1495304501626754)
1(0.0826542198928304, 0.08935699484608683)
1(0.12050791872285938, 0.12718653583033412)
1(0.05939009716868271, 0.0660499188239072)
1(0.03847515117706746, 0.04504072940424997)
1(0.17691339784755078, 0.18347202424295284)
1(0.059952943962852, 0.06641218642324909)
1(0.13766107191897958, 0.14411558620627096)
1(0.05362161948201749, 0.060037440094651284)
1(0.11672907569099855, 0.12309821034422475)
1(0.18712785356539674, 0.19348421941970206)
1(0.12045559152963736, 0.1267978921452224)
1(0.09084508073542785, 0.09716995039674303)
1(0.029508743937026405, 0.03576216142874988)
1(0.11442268347692963, 0.12063536443274436)
1(0.06430427494072921, 0.07041362487745895)
1(0.1500046402717239, 0.15609743267457077)
1(0.15052724338372547, 0.15661762545280655)
1(0.21117174611375678, 0.21725482080974234)
1(0.1022982057341113, 0.10836555434768624)
1(0.12111879702356376, 0.1271515683443678)
1(0.1059111187541879, 0.11178214050274216)
1(0.2754954661310598, 0.28125719222377954)
1(0.1761078755883343, 0.18186089204103517)
1(0.1469499998948507, 0.15265703769418926)
1(0.06054333602881079, 0.06621440582416827)
1(0.06455626331524567, 0.07022439535336134)
1(0.2199140724563814, 0.22555141930504397)
1(0.19583485417922408, 0.2013464217573938)
1(0.1963429055862138, 0.20178450455017782)
1(0.1450509753168847, 0.15048408907756217)
1(0.08411372793075766, 0.08943016290567207)
1(0.11161377582166787, 0.11692163169181702)
1(0.18048775185421118, 0.18578361254399067)
1(0.05240732915825541, 0.05761497038101682)
1(0.04226939331895152, 0.04740091919417322)
1(0.11282189153457711, 0.11781042388623564)
1(0.03519333166940419, 0.040147896282766604)
1(0.06700558914113586, 0.07195525259102464)
1(0.19811909474722622, 0.20293206427156507)
1(0.12258899919882738, 0.12727800634958542)
1(0.11889829007791763, 0.12356991038367093)
1(0.14979010016015393, 0.1544150558033468)
1(0.03802536369255649, 0.04262610088828889)
1(0.1136897044964672, 0.11826479631511844)
1(0.0452961068618738, 0.04977097882283055)
1(0.12748745326965572, 0.1318568249711325)
1(0.16250437047657407, 0.16679111573658512)
1(0.07082547953356788, 0.0751020940972077)
1(0.11515744023447783, 0.11935075142110418)
1(0.07912939319822465, 0.08326923398536135)
1(0.20612318198206458, 0.21019717156520934)
1(0.08366149256629396, 0.0876314597052762)
1(0.135884043837733, 0.13979318026777277)
1(0.17812813116501036, 0.1819842498888773)
1(0.05846421022528392, 0.06224556077461518)
1(0.23926495924194224, 0.24303007242841113)
1(0.20576764749892373, 0.20952790516888786)
1(0.05598196865080285, 0.05972413205866656)
1(0.20331799102767845, 0.2069971812392999)
1(0.056779297462899114, 0.060437502215246575)
1(0.11300430646748572, 0.11664873021862443)
1(0.027659502730108754, 0.031152459197169025)
1(0.16900106860215458, 0.1724755424997072)
1(0.1616165240421774, 0.16509036281318934)
1(0.047300289140308704, 0.0507609169907286)
1(0.11699411480606736, 0.120412167125723)
1(0.15785514329974848, 0.1612574649516909)
1(0.17683908504613954, 0.1802081290298323)
1(0.03742362388133036, 0.040792150402603866)
1(0.07256788408453063, 0.07589943653275821)
1(0.11435614834147656, 0.11767107376156538)
1(0.21250391532756907, 0.21574231969074897)
1(0.09000019760321376, 0.09322260700529994)
1(0.1706766105364491, 0.1738094763840674)
1(0.0742138187929332, 0.07731578635148761)
1(0.047731140474977396, 0.05069293964614685)
1(0.09867037077466845, 0.10162196351862207)
1(0.13311263284814623, 0.13593255511300106)
1(0.08117749979386857, 0.08398459868671537)
1(0.028425075131593203, 0.031152459197169025)
1(0.1527380180924358, 0.15543979870372027)
1(0.058297822970959534, 0.06094105872184141)
1(0.17198878444003118, 0.17460445067049946)
1(0.036188635560997495, 0.03876307970585524)
1(0.07893645262714843, 0.0815094590027009)
1(0.05152523234956208, 0.05406101101441263)
1(0.14198214103506968, 0.14438734612798754)
1(0.15139242785070073, 0.1537423707067872)
1(0.03928181931602892, 0.04162490057605317)
1(0.27138919589143484, 0.27370754160761923)
1(0.09667647670004542, 0.09885326394614902)
1(0.03869924610813413, 0.04085822679544904)
1(0.14775948667509686, 0.14989390532980484)
1(0.14700097980696136, 0.14899204237956198)
1(0.08887550610034489, 0.09086304540573997)
1(0.04740534627427595, 0.04936078659964238)
1(0.036288284720346065, 0.0382346252578053)
1(0.15267974484228242, 0.15461471143265948)
1(0.06662270457010477, 0.06849788935731949)
1(0.02523995863000905, 0.02707106704229345)
1(0.031420390363879, 0.03316149264176904)
1(0.018736789809233767, 0.02045036410261092)
1(0.03109772892963447, 0.0328044955653648)
1(0.05146745014002041, 0.05315730124316376)
1(0.03261414834015908, 0.03429492962004321)
1(0.12715041292703233, 0.12881652473592076)
1(0.08818573886616798, 0.08980025029691341)
1(0.06984333450704017, 0.07139934446234009)
1(0.09069513594542955, 0.09211564200732669)
1(0.03995825889333393, 0.04130847444302621)
1(0.12500823053292498, 0.1263456264042494)
1(0.04610949147027654, 0.047405597131633836)
1(0.029332730906724724, 0.030628203160706025)
1(0.04613092246037087, 0.04733207992573829)
1(0.2601242003742962, 0.2612769678642771)
1(0.03619661551760389, 0.037331349027836636)
1(0.17272874106735026, 0.17383586728053813)
1(0.03623213482792864, 0.03731553068369409)
1(0.12299328766857398, 0.12405222254183568)
1(0.09468081894198654, 0.09572255003927)
1(0.037535694694009414, 0.03849668577413101)
1(0.03336027034255884, 0.03429492962004321)
1(0.02621812307195115, 0.027046652077481914)
1(0.09013820309014653, 0.09093459110094992)
1(0.05400063350264239, 0.05478378162509123)
1(0.10194425172594701, 0.10271117006143915)
1(0.13237270289344616, 0.1331226047231383)
1(0.05419657067502748, 0.05494121921503037)
1(0.04463571812999978, 0.045305611236944654)
1(0.1279290022981885, 0.12849615316097185)
1(0.05004629601683741, 0.050607735238232365)
1(0.040305163141984734, 0.040851986617989944)
1(0.0396412404090386, 0.040164343981056616)
1(0.05071913369567527, 0.051231623042694574)
1(0.06803648468274048, 0.06849788935731949)
1(0.09063248769984744, 0.0910849813634802)
1(0.0943900643215293, 0.09479323189142541)
1(0.05148774186600569, 0.05183511198001678)
1(0.054178707929446346, 0.05449228573096887)
1(0.05890836980355452, 0.05919407094613227)
1(0.029959768346052518, 0.030130489023438733)
1(0.05625511992626531, 0.056422035019418115)
1(0.04167288806780611, 0.04178703064693956)
1(0.03591562676561011, 0.036017440449403026)
1(0.1335959697774307, 0.1336798726563564)
1(0.030968794789289822, 0.030999585682447206)
0(0.0, inf)
0(0.0, 0.5898279891457539)
0(0.0, 0.39429383330746537)
0(0.0, 0.26004692780000027)
0(0.0, 0.2519602685916833)
0(0.0, 0.2461971658653992)
0(0.0, 0.22945133034708654)
0(0.0, 0.21811347971937445)
0(0.0, 0.21687432122889727)
0(0.0, 0.21614994124841314)
0(0.0, 0.21593873450727097)
0(0.0, 0.21126744714777068)
0(0.0, 0.21024629537662198)
0(0.0, 0.20692114645451365)
0(0.0, 0.20050055063458716)
0(0.0, 0.19959029807259832)
0(0.0, 0.19822970203189905)
0(0.0, 0.19458290832071923)
0(0.0, 0.1940395095112456)
0(0.0, 0.1878596585487825)
0(0.0, 0.18733690458331087)
0(0.0, 0.1866694130574097)
0(0.0, 0.18610066805412384)
0(0.0, 0.18428042213983387)
0(0.0, 0.17764436014553808)
0(0.0, 0.17663939163994968)
0(0.0, 0.17571078530155382)
0(0.0, 0.17549337283285737)
0(0.0, 0.1750216833474858)
0(0.0, 0.17375198828298266)
0(0.0, 0.17319850018519523)
0(0.0, 0.17026628587678538)
0(0.0, 0.16950147649971614)
0(0.0, 0.16924013028251472)
0(0.0, 0.16764895691669857)
0(0.0, 0.16655549448834028)
0(0.0, 0.1659860454880996)
0(0.0, 0.16420566600776643)
0(0.0, 0.16108371222843532)
0(0.0, 0.1591467135836978)
0(0.0, 0.15758060113142391)
0(0.0, 0.15751921421481274)
0(0.0, 0.15524931399968656)
0(0.0, 0.15476808991755253)
0(0.0, 0.15455711387008686)
0(0.0, 0.15419545628004105)
0(0.0, 0.15401490492330394)
0(0.0, 0.15297461132066892)
0(0.0, 0.1526166345839386)
0(0.0, 0.15190974223276332)
0(0.0, 0.15169187492809066)
0(0.0, 0.15154297012485818)
0(0.0, 0.15030507024706985)
0(0.0, 0.14804242512859156)
0(0.0, 0.14746144874571165)
0(0.0, 0.1465384564324388)
0(0.0, 0.1465345112628622)
0(0.0, 0.1458018325758409)
0(0.0, 0.14508271505305514)
0(0.0, 0.14483774180243603)
0(0.0, 0.1438514161796023)
0(0.0, 0.14382641562355925)
0(0.0, 0.14335118657281254)
0(0.0, 0.14214421803041888)
0(0.0, 0.1412319247112167)
0(0.0, 0.13877173171682433)
0(0.0, 0.13814152196533502)
0(0.0, 0.1380431667743468)
0(0.0, 0.13771543249006346)
0(0.0, 0.13709684199766303)
0(0.0, 0.13677016337729597)
0(0.0, 0.13590000331888408)
0(0.0, 0.1345418691552449)
0(0.0, 0.1341546713196976)
0(0.0, 0.13396247381106052)
0(0.0, 0.13366156040102228)
0(0.0, 0.13359670090520603)
0(0.0, 0.13349345631283593)
0(0.0, 0.13247636657128625)
0(0.0, 0.132386951903942)
0(0.0, 0.1319508080508971)
0(0.0, 0.13189137999734168)
0(0.0, 0.13178607134297782)
0(0.0, 0.1309170748305677)
0(0.0, 0.13084958510012)
0(0.0, 0.13080171757387993)
0(0.0, 0.13011736538852958)
0(0.0, 0.12978256756114415)
0(0.0, 0.12914905136071775)
0(0.0, 0.1285310146161054)
0(0.0, 0.1283096548102982)
0(0.0, 0.1276314889290573)
0(0.0, 0.12730995680529267)
0(0.0, 0.12687976529066936)
0(0.0, 0.12628171611265027)
0(0.0, 0.1251347025819033)
0(0.0, 0.12488634924079456)
0(0.0, 0.12462003386751097)
0(0.0, 0.12452860062628968)
0(0.0, 0.12431193355914083)
0(0.0, 0.12428066393212411)
0(0.0, 0.12350702574425099)
0(0.0, 0.12281256842902233)
0(0.0, 0.1223878993304034)
0(0.0, 0.12210462314308534)
0(0.0, 0.12180080265078341)
0(0.0, 0.12174952537725325)
0(0.0, 0.12174546868400049)
0(0.0, 0.12120296676478881)
0(0.0, 0.12088415416077414)
0(0.0, 0.11988304641651104)
0(0.0, 0.11890669081481497)
0(0.0, 0.11833715517141474)
0(0.0, 0.11721422962990091)
0(0.0, 0.11700074087831869)
0(0.0, 0.1168036506619261)
0(0.0, 0.11656600711190657)
0(0.0, 0.11538789445233433)
0(0.0, 0.11510403812892256)
0(0.0, 0.11503387643444996)
0(0.0, 0.11468217648913326)
0(0.0, 0.11464803405733615)
0(0.0, 0.11338871987166887)
0(0.0, 0.11330349087010982)
0(0.0, 0.1132093607781619)
0(0.0, 0.1127002841952971)
0(0.0, 0.11212012335469246)
0(0.0, 0.11101621712920817)
0(0.0, 0.11085006013932042)
0(0.0, 0.11081862563662936)
0(0.0, 0.11072198086374507)
0(0.0, 0.11071706980128992)
0(0.0, 0.11036197003686044)
0(0.0, 0.11010017337363565)
0(0.0, 0.11006718716388408)
0(0.0, 0.10995874235705183)
0(0.0, 0.10919668768544921)
0(0.0, 0.1079641501149573)
0(0.0, 0.10773624077805388)
0(0.0, 0.10737816920510745)
0(0.0, 0.10732799997452735)
0(0.0, 0.10706808889229358)
0(0.0, 0.1058345295111337)
0(0.0, 0.10545559546544447)
0(0.0, 0.10387716817810244)
0(0.0, 0.10386947290457682)
0(0.0, 0.10378717741877408)
0(0.0, 0.10354498288186664)
0(0.0, 0.10268063379971837)
0(0.0, 0.10265955562922091)
0(0.0, 0.10237825343966633)
0(0.0, 0.10207345291063641)
0(0.0, 0.10194303784160608)
0(0.0, 0.10193418281372557)
0(0.0, 0.10125105792202782)
0(0.0, 0.10102849015376769)
0(0.0, 0.10082368978125744)
0(0.0, 0.10055852174594349)
0(0.0, 0.09976744766964918)
0(0.0, 0.09974490167683103)
0(0.0, 0.09946832014706297)
0(0.0, 0.09879212492165967)
0(0.0, 0.09878706655454783)
0(0.0, 0.09863044888485928)
0(0.0, 0.09857811200056477)
0(0.0, 0.09835237910026051)
0(0.0, 0.09825921368273671)
0(0.0, 0.09820042601514045)
0(0.0, 0.09797206045494244)
0(0.0, 0.0979171385202936)
0(0.0, 0.09746464700411361)
0(0.0, 0.09729882761766595)
0(0.0, 0.09724410966300845)
0(0.0, 0.09724029627996)
0(0.0, 0.09699460520419811)
0(0.0, 0.0966306850141444)
0(0.0, 0.09657912106764954)
0(0.0, 0.09641839384067274)
0(0.0, 0.09634642775985303)
0(0.0, 0.09587149704602682)
0(0.0, 0.09500577704552526)
0(0.0, 0.09390378985960024)
0(0.0, 0.0935048189507276)
0(0.0, 0.09289314696880757)
0(0.0, 0.09288289947463901)
0(0.0, 0.09272629953255429)
0(0.0, 0.09267795519341293)
0(0.0, 0.09212481169078157)
0(0.0, 0.09156136350145438)
0(0.0, 0.090340101836768)
0(0.0, 0.08981998515250811)
0(0.0, 0.08976696030974285)
0(0.0, 0.08966516800200819)
0(0.0, 0.0891659455404239)
0(0.0, 0.0888699693848829)
0(0.0, 0.0886692765773428)
0(0.0, 0.08828715930236919)
0(0.0, 0.08777579253281476)
0(0.0, 0.08771864934518236)
0(0.0, 0.08632008239278699)
0(0.0, 0.08622173323434457)
0(0.0, 0.08618763841373034)
0(0.0, 0.08611589258729924)
0(0.0, 0.08570377096298432)
0(0.0, 0.08555931756524726)
0(0.0, 0.08532359323126892)
0(0.0, 0.08516988028099892)
0(0.0, 0.08476666552140977)
0(0.0, 0.08444759887551045)
0(0.0, 0.08405882224605499)
0(0.0, 0.0840264336512685)
0(0.0, 0.0836775778717137)
0(0.0, 0.08276843983379001)
0(0.0, 0.0826418307251553)
0(0.0, 0.08235988071467293)
0(0.0, 0.08226809151738668)
0(0.0, 0.08213230275609817)
0(0.0, 0.08175488548603971)
0(0.0, 0.08174162610831304)
0(0.0, 0.08146638057077216)
0(0.0, 0.08091561745537013)
0(0.0, 0.08081206822349274)
0(0.0, 0.08066217777351692)
0(0.0, 0.08060270367887834)
0(0.0, 0.08049564197924997)
0(0.0, 0.08045433317631623)
0(0.0, 0.0801508758532492)
0(0.0, 0.08003121096042798)
0(0.0, 0.07988157195109546)
0(0.0, 0.07972989490240556)
0(0.0, 0.07945225922375376)
0(0.0, 0.0792697436277695)
0(0.0, 0.07921319980788255)
0(0.0, 0.07919075606829062)
0(0.0, 0.07888896399262435)
0(0.0, 0.07842327093416934)
0(0.0, 0.07841741963915161)
0(0.0, 0.07838193838395258)
0(0.0, 0.0783000883451982)
0(0.0, 0.0776690895792006)
0(0.0, 0.07766745003021036)
0(0.0, 0.07748429534223744)
0(0.0, 0.0774716876077155)
0(0.0, 0.0756759777846957)
0(0.0, 0.07563853064019099)
0(0.0, 0.07449921271938964)
0(0.0, 0.07437981028316609)
0(0.0, 0.07430854748490301)
0(0.0, 0.07390690787117926)
0(0.0, 0.07290691472581634)
0(0.0, 0.07285884531636899)
0(0.0, 0.07247533446361909)
0(0.0, 0.07212841276100168)
0(0.0, 0.07164034373567207)
0(0.0, 0.07143800390983002)
0(0.0, 0.0709921848318088)
0(0.0, 0.07068761734707618)
0(0.0, 0.07067433430434922)
0(0.0, 0.07020123043635706)
0(0.0, 0.07014920874561015)
0(0.0, 0.06859779218592699)
0(0.0, 0.06794205195629632)
0(0.0, 0.06780445667334656)
0(0.0, 0.06745264823681973)
0(0.0, 0.06739107008040823)
0(0.0, 0.06683727073381918)
0(0.0, 0.06664767317776477)
0(0.0, 0.06651279302432045)
0(0.0, 0.06645063278719243)
0(0.0, 0.06597797785413229)
0(0.0, 0.0655254390825164)
0(0.0, 0.0654276237194743)
0(0.0, 0.0650776319701083)
0(0.0, 0.0647103525901509)
0(0.0, 0.06398205751807806)
0(0.0, 0.06339687259792082)
0(0.0, 0.062331712468103206)
0(0.0, 0.06189263080301133)
0(0.0, 0.06071156813995604)
0(0.0, 0.06070244710701944)
0(0.0, 0.05979818949591231)
0(0.0, 0.05943575725529793)
0(0.0, 0.05905095241708325)
0(0.0, 0.05880017939948068)
0(0.0, 0.058364250282302965)
0(0.0, 0.05801167597325507)
0(0.0, 0.05797603992093192)
0(0.0, 0.057826257816861015)
0(0.0, 0.0573953579123202)
0(0.0, 0.05723612785762111)
0(0.0, 0.057000252858505074)
0(0.0, 0.05689469842151762)
0(0.0, 0.05634957381275307)
0(0.0, 0.056345997871118825)
0(0.0, 0.056280352440766124)
0(0.0, 0.05591871836818396)
0(0.0, 0.05591105067052182)
0(0.0, 0.05577192926695351)
0(0.0, 0.0554958526768311)
0(0.0, 0.05483982280004418)
0(0.0, 0.05468982512218579)
0(0.0, 0.054517316534592575)
0(0.0, 0.054268131472752)
0(0.0, 0.05426176370249014)
0(0.0, 0.05392415743264212)
0(0.0, 0.053524666730703885)
0(0.0, 0.052288850196370196)
0(0.0, 0.052007166905588376)
0(0.0, 0.05136324799681913)
0(0.0, 0.05118103331318413)
0(0.0, 0.05110452617841077)
0(0.0, 0.05110152434227355)
0(0.0, 0.05042771657701062)
0(0.0, 0.05009377884601207)
0(0.0, 0.050010782899645556)
0(0.0, 0.04995986212661829)
0(0.0, 0.04970131087717955)
0(0.0, 0.04964986498316071)
0(0.0, 0.049561381299017326)
0(0.0, 0.0494132602571935)
0(0.0, 0.0492344800173905)
0(0.0, 0.04903298027337921)
0(0.0, 0.04882015638035364)
0(0.0, 0.0483561633024131)
0(0.0, 0.048227050078240685)
0(0.0, 0.047766024839926646)
0(0.0, 0.04679832363755887)
0(0.0, 0.04676805290867192)
0(0.0, 0.04674894028531029)
0(0.0, 0.04648376857009884)
0(0.0, 0.0462801110770974)
0(0.0, 0.04559521103011188)
0(0.0, 0.04529581465234356)
0(0.0, 0.04400505250547504)
0(0.0, 0.04392408736372955)
0(0.0, 0.04317127053549141)
0(0.0, 0.042694311232796656)
0(0.0, 0.04260558250388835)
0(0.0, 0.042584823203920985)
0(0.0, 0.04251360374029123)
0(0.0, 0.04099940825389081)
0(0.0, 0.039952635327041186)
0(0.0, 0.03960715178643037)
0(0.0, 0.039446794265700746)
0(0.0, 0.03936446237659075)
0(0.0, 0.039274587830918306)
0(0.0, 0.03870167737737462)
0(0.0, 0.038357211498031396)
0(0.0, 0.038304112434663806)
0(0.0, 0.038089165537132375)
0(0.0, 0.037735043274040536)
0(0.0, 0.037295500463202735)
0(0.0, 0.03718340717225266)
0(0.0, 0.03697570600572275)
0(0.0, 0.036779773123198356)
0(0.0, 0.0363276344849095)
0(0.0, 0.03624359032195201)
0(0.0, 0.03620655161009423)
0(0.0, 0.03533545574065622)
0(0.0, 0.03505856736667501)
0(0.0, 0.03428966210427786)
0(0.0, 0.03385284663677701)
0(0.0, 0.03375382162705853)
0(0.0, 0.03370063685093583)
0(0.0, 0.033451531857931815)
0(0.0, 0.032627239616899395)
0(0.0, 0.032305896968359726)
0(0.0, 0.031957259099193336)
0(0.0, 0.03145284205116017)
0(0.0, 0.031360048286178444)
0(0.0, 0.03122883003692911)
0(0.0, 0.031204816830378346)
0(0.0, 0.0305678358797159)
0(0.0, 0.03053981844040765)
0(0.0, 0.030518622119726224)
0(0.0, 0.030493337496865225)
0(0.0, 0.03042748038223564)
0(0.0, 0.030387906788784225)
0(0.0, 0.03025642746502244)
0(0.0, 0.029469355487397597)
0(0.0, 0.029458065801136524)
0(0.0, 0.02925553125557334)
0(0.0, 0.029024278168521378)
0(0.0, 0.0289999169668419)
0(0.0, 0.028981269591822678)
0(0.0, 0.028960730172647664)
0(0.0, 0.02850839056648402)
0(0.0, 0.028222604731915735)
0(0.0, 0.02762333295750974)
0(0.0, 0.027312631935310416)
0(0.0, 0.026827711483838335)
0(0.0, 0.026741359448549495)
0(0.0, 0.026608200561942352)
0(0.0, 0.02657297527213187)
0(0.0, 0.02615994189528692)
0(0.0, 0.026109958760664576)
0(0.0, 0.02546510782767042)
0(0.0, 0.024732405997652362)
0(0.0, 0.024413619803382525)
0(0.0, 0.023751351341670612)
0(0.0, 0.023584769967241015)
0(0.0, 0.02348024127468329)
0(0.0, 0.023373023746691257)
0(0.0, 0.02324045228512417)
0(0.0, 0.02315914207751313)
0(0.0, 0.0225719678397448)
0(0.0, 0.0225488337496228)
0(0.0, 0.022483678699332765)
0(0.0, 0.02198855386944565)
0(0.0, 0.02177180378259569)
0(0.0, 0.021645827547134733)
0(0.0, 0.021380858119457224)
0(0.0, 0.021347582355037198)
0(0.0, 0.021024976154603414)
0(0.0, 0.020815746812045233)
0(0.0, 0.020781967823297776)
0(0.0, 0.020442976055323525)
0(0.0, 0.019657865420389053)
0(0.0, 0.019523847674136063)
0(0.0, 0.019389746369507077)
0(0.0, 0.019048168888787242)
0(0.0, 0.01808216041673749)
0(0.0, 0.01769147677071725)
0(0.0, 0.017669733246763797)
0(0.0, 0.017210052029674405)
0(0.0, 0.01659591244788594)
0(0.0, 0.016572798411044976)
0(0.0, 0.016412541764244226)
0(0.0, 0.015898089727244602)
0(0.0, 0.015778676568285133)
0(0.0, 0.013701517466123248)
0(0.0, 0.01289687607917056)
