1(0.34873534735293865, 0.5387159776119381)
1(0.78455002871896, 0.9024196386911439)
1(0.30584023756501755, 0.412121173079082)
1(0.25510015683455145, 0.33749214970450003)
1(0.0882641754862813, 0.1368062360201403)
1(0.16994458405128543, 0.21546736009340228)
1(0.10672678999951568, 0.14476245314276748)
1(0.10378778549290524, 0.1405049454584255)
1(0.1732297053973002, 0.20989620441697399)
1(0.3139679261663235, 0.35052979987266975)
1(0.07803933144476105, 0.11130009943662955)
1(0.14203459114130013, 0.17435795324390446)
1(0.08123609737053017, 0.1109866285993355)
1(0.09238287438411974, 0.12205391933042953)
1(0.09307640952757767, 0.12239044318492343)
1(0.14754080614239906, 0.1765055078713592)
1(0.10460235999810785, 0.13231994048585138)
1(0.08242492338269825, 0.10844351501074145)
1(0.07096765831646612, 0.0967653921513606)
1(0.0957144999491476, 0.12064734760376383)
1(0.1144415306270139, 0.13760490366375888)
1(0.2841300605531798, 0.30636206565084334)
1(0.0648350771071462, 0.08581140138445564)
1(0.06703098718757117, 0.0879238562146325)
1(0.12608664140240333, 0.14648308980127334)
1(0.10668665438454317, 0.12635757833755468)
1(0.07081446429937877, 0.090476366956048)
1(0.05450358671861533, 0.07345906001138613)
1(0.08584216709847348, 0.10468826969375644)
1(0.08211634341410001, 0.10091525746016006)
1(0.08983396601261129, 0.10818997690713827)
1(0.15886051578167337, 0.17695633839358416)
1(0.11995861301827515, 0.13776113869414663)
1(0.056641680819853435, 0.0744189421743694)
1(0.05521953185746298, 0.0728662409173414)
1(0.10899527622322269, 0.1261740034811153)
1(0.08532938166221538, 0.10224094890740987)
1(0.09024136470016608, 0.10705599686432454)
1(0.10709551048970312, 0.12390520832187069)
1(0.07856651321639907, 0.09509693183475953)
1(0.11061095735419946, 0.12698324279647366)
1(0.06256257607876292, 0.07879692923539916)
1(0.0789919603636261, 0.09509693183475953)
1(0.0983156677209931, 0.11392580007616804)
1(0.10259745897454575, 0.11798900835025306)
1(0.15995375839924397, 0.1751610716077605)
1(0.14803979603036588, 0.16309065919621735)
1(0.05530235009894324, 0.0702709640761936)
1(0.09064326556540647, 0.10540587176946803)
1(0.07641262209002309, 0.09111289269843381)
1(0.15819772846633606, 0.17267930683940758)
1(0.10202443130299244, 0.11605510177559775)
1(0.0508820702099132, 0.06458450018738715)
1(0.07860026509419238, 0.09204076754457213)
1(0.08304876241514403, 0.09620215044951563)
1(0.0801967332106377, 0.09331817841876211)
1(0.05907805508152575, 0.07218809547177474)
1(0.06850023105301262, 0.08134355812441307)
1(0.09295178994173492, 0.10554523285114437)
1(0.10059805358348928, 0.11311575000145258)
1(0.09421699302634667, 0.10668120211681253)
1(0.1034364797750561, 0.11588327929314524)
1(0.08729340352763015, 0.09964464095160563)
1(0.03932898909296889, 0.05126956289802054)
1(0.06554227389468847, 0.07731583759330252)
1(0.04666591480309146, 0.058128696414696535)
1(0.08340270382883996, 0.0946607004079979)
1(0.056529060874765946, 0.06758369403544218)
1(0.10702570820074397, 0.11793488301973287)
1(0.07681126440672026, 0.08753634975987212)
1(0.04579046343967541, 0.05638777315087384)
1(0.07862537499757782, 0.08915022861105792)
1(0.08072853375958466, 0.09115584517234732)
1(0.0839880671476414, 0.09416369705132566)
1(0.04119718575295095, 0.051251717816255815)
1(0.06085686218622366, 0.07072705225687415)
1(0.1448250161024558, 0.154654557390836)
1(0.06984407342626864, 0.07963214061757928)
1(0.1405963729726325, 0.14994779169089878)
1(0.09283236337349066, 0.10182888562656944)
1(0.04872429186211946, 0.05755283403524514)
1(0.1430696965024839, 0.1518552836538809)
1(0.10685331205600401, 0.11559082956561106)
1(0.08851194671290796, 0.09722026130649519)
1(0.08217213295091086, 0.09079201501266687)
1(0.07194964086972311, 0.08048480941582292)
1(0.06767849835683015, 0.07618154295287538)
1(0.07641672305246561, 0.08487898033042196)
1(0.06798435119329194, 0.07642825639037987)
1(0.06783210384376925, 0.07621700290596278)
1(0.07664342855739914, 0.08499979413990733)
1(0.06709211221462374, 0.07541946798551735)
1(0.08507295884398103, 0.09325723347317905)
1(0.03922012580890244, 0.047147909145676015)
1(0.05653975644183806, 0.06418969456368295)
1(0.07813676937085823, 0.08559827808176679)
1(0.05675144680649924, 0.06418969456368295)
1(0.08033412627953374, 0.08770956968260335)
1(0.07493025314602153, 0.08227625096227176)
1(0.035287162648849235, 0.04259903751034422)
1(0.08250077770052755, 0.08974911233618388)
1(0.09648582872736455, 0.10359432974085026)
1(0.12612935062641284, 0.13309972987735819)
1(0.0755165468058252, 0.08242584099040129)
1(0.04816635118204604, 0.05485986335415016)
1(0.08501884825439099, 0.09170062897625908)
1(0.09430688822659561, 0.10080187331652846)
1(0.05879273464735513, 0.06524484663898356)
1(0.14751069126013838, 0.15382755296936879)
1(0.12115244114595791, 0.12730269049328058)
1(0.0445457125954809, 0.05069114058826607)
1(0.05897524964796441, 0.06510855040982999)
1(0.07168737494897104, 0.07780908045139256)
1(0.05889257239377532, 0.06486673698687173)
1(0.0568579057154196, 0.06280738390028962)
1(0.05222934830281856, 0.058128696414696535)
1(0.06516242111873205, 0.07074097354997588)
1(0.10456285175616475, 0.11012963871521098)
1(0.07748527647612391, 0.08303418222913583)
1(0.06777003688803851, 0.07327388969549453)
1(0.1314139656653449, 0.13680571290567)
1(0.09426739515044902, 0.09959405207174832)
1(0.059596514527307964, 0.06492311619508617)
1(0.03542896418074881, 0.04072111162892644)
1(0.0715684322940362, 0.07675398384608778)
1(0.1762743708203538, 0.18141593831159242)
1(0.06038932429931965, 0.06524484663898356)
1(0.09020410634759612, 0.09495324303374386)
1(0.0603175982036489, 0.06492311619508617)
1(0.07751092633881906, 0.08197909279452142)
1(0.021886522921528484, 0.02626732089439976)
1(0.04746103559824999, 0.0517357459979606)
1(0.04262970334318905, 0.04679785496067479)
1(0.06944329915817338, 0.07354796792481522)
1(0.10283764655780292, 0.10693448155440644)
1(0.09031004246718488, 0.09438765886444622)
1(0.093430945790555, 0.09741095168187897)
1(0.11861259234661381, 0.12259095159063349)
1(0.06432340752128207, 0.06826725475387974)
1(0.055185073081954084, 0.05900620150986913)
1(0.07340936553290212, 0.07718284358052108)
1(0.15608955522408563, 0.1597942854905624)
1(0.07184441758817717, 0.07546445782346844)
1(0.08410841868467167, 0.08772816020392138)
1(0.08835308324811653, 0.09179416804729501)
1(0.08367479558061341, 0.08710152077365951)
1(0.05080923276605975, 0.054190210692222185)
1(0.07559627957695525, 0.07882591134211103)
1(0.07459909381610186, 0.07774559820006155)
1(0.1603789389011856, 0.16351315166469693)
1(0.044363580759312016, 0.0474842262297982)
1(0.18544383650575857, 0.1885347949105085)
1(0.01182339551085021, 0.014867052445560969)
1(0.07025846396140745, 0.07327388969549453)
1(0.059796589309557446, 0.06280738390028962)
1(0.12170914406985667, 0.1246821846005356)
1(0.03641862405696816, 0.039356894056854275)
1(0.1363745233789475, 0.13929144146389238)
1(0.01693978259794482, 0.019844766648598244)
1(0.09686116142024592, 0.09959405207174832)
1(0.04833139607154269, 0.051001538826749515)
1(0.04532639667813487, 0.0479686181180502)
1(0.06080887581738437, 0.06340966174038176)
1(0.053073296651602875, 0.05566362814706305)
1(0.0632226146593522, 0.06578552785329306)
1(0.01590211567761124, 0.018429323775218998)
1(0.09515489924334752, 0.09762708596627778)
1(0.1305838750681717, 0.13301563147881001)
1(0.09850809287199258, 0.10086161951448158)
1(0.043831653321444675, 0.04617599423976604)
1(0.05995297076605599, 0.06226694388283216)
1(0.010049219244798846, 0.01233786750314958)
1(0.08076043248939113, 0.08304300509767404)
1(0.0782405907114404, 0.08048873455680028)
1(0.1192361387386297, 0.12140673539990698)
1(0.048494506721882824, 0.050650055390796145)
1(0.06581893569551234, 0.06795533141374255)
1(0.08176677674932786, 0.08383459123805725)
1(0.1114766235617296, 0.11351419473033564)
1(0.13113822822014365, 0.13309972987735819)
1(0.07812386851314668, 0.08004167546087082)
1(0.05914098400407475, 0.061030678975796504)
1(0.059800979039541846, 0.06168773416944762)
1(0.1053860899041621, 0.10723771005541427)
1(0.013153394098877613, 0.014944198570215006)
1(0.11222152070889402, 0.11396576338146736)
1(0.020870401862149945, 0.022493056190568406)
1(0.06701259159501827, 0.06861792719808635)
1(0.07462143677451638, 0.07621122658096235)
1(0.11837052671301684, 0.11994933049048495)
1(0.10031119102088648, 0.10184159283234939)
1(0.013419694384871783, 0.014909778292552911)
1(0.04775935067685377, 0.04918881778513651)
1(0.006478120354998507, 0.007871895186196576)
1(0.018318055951869416, 0.01968929600373226)
1(0.06264347804509418, 0.06398460937028727)
1(0.013946493627247425, 0.015247942009443127)
1(0.0990731337014572, 0.1003564099196601)
1(0.09962979991270471, 0.10091243504417058)
1(0.0651819506778325, 0.06641945333368149)
1(0.016862017169265386, 0.018039604116072083)
1(0.03908738312377624, 0.040181411857745375)
1(0.05761550962014417, 0.05870143554839502)
1(0.06949736808060114, 0.07057967356042005)
1(0.060665327934402935, 0.06174541522944821)
1(0.10722870404981855, 0.10829807269690328)
1(0.05168116451590732, 0.05271163106811716)
1(0.007652075958618276, 0.008662376566503593)
1(0.07812835953257513, 0.07913211029793943)
1(0.013543145163116832, 0.014524082593674548)
1(0.1132012466267106, 0.11414517102418886)
1(0.09573411309687685, 0.09663772224827738)
1(0.06488350247648733, 0.0657613524657017)
1(0.008426993590629483, 0.00926782377448554)
1(0.0570773696258573, 0.0579165039170394)
1(0.05418256903293539, 0.05501748069026402)
1(0.049824784978890535, 0.05064507287159403)
1(0.03673688647784801, 0.037416019158358904)
1(0.08381832149390844, 0.08449461710303252)
1(0.013208591087745858, 0.01386963652534079)
1(0.007045092523713992, 0.007703104673870365)
1(0.0797959495646886, 0.08044900196842175)
1(0.05047347153612591, 0.05095574865235253)
1(0.14630766379598015, 0.14678486558589177)
1(0.051792405646687745, 0.052251531281429786)
1(0.0562925004399395, 0.056714445328073126)
1(0.010453327189502093, 0.010871880615157203)
1(0.0077087052890749685, 0.008100339816094038)
1(0.01091998747255507, 0.011306073673994055)
1(0.008694635861799305, 0.009076002914826131)
1(0.064823595823718, 0.06517017063019237)
1(0.02726013135233163, 0.02757643187705694)
1(0.06140306572235432, 0.06167940089833057)
1(0.016681230518062806, 0.016949238653390486)
1(0.008655106208496965, 0.008900380638044325)
1(0.07596667718246508, 0.07619864229699325)
1(0.15670651558833726, 0.15687704950128345)
1(0.13891452990842512, 0.13908411382368413)
1(0.10872061110918485, 0.1088667509156982)
1(0.015976206567846263, 0.016120567136613806)
1(0.013344020599739381, 0.013458266352497361)
1(0.01645549985392658, 0.016537689091207897)
1(0.014270950199100851, 0.014338426860814546)
1(0.06510894248577714, 0.06517017063019237)
1(0.12097339786910288, 0.12103210438672207)
1(0.012892970718709762, 0.012908463676083448)
1(0.06722256198474141, 0.0672369944270963)
1(0.00889264084118302, 0.008900380638044325)
1(0.014907093487787404, 0.014909778292552911)
0(0.0, inf)
0(0.0, 0.5248895833432696)
0(0.0, 0.42205170970083283)
0(0.0, 0.28527197724006625)
0(0.0, 0.25249499141441156)
0(0.0, 0.23854615380449495)
0(0.0, 0.20086532951081149)
0(0.0, 0.19243855441659907)
0(0.0, 0.18516056216611798)
0(0.0, 0.17411700060801083)
0(0.0, 0.164710839048831)
0(0.0, 0.15911756784337316)
0(0.0, 0.14815086983947134)
0(0.0, 0.14073616925506438)
0(0.0, 0.13860795065615006)
0(0.0, 0.13241519055948126)
0(0.0, 0.13183205236597073)
0(0.0, 0.1262772263097991)
0(0.0, 0.12580290836238406)
0(0.0, 0.12326165754784679)
0(0.0, 0.1222736760983365)
0(0.0, 0.11645408612415575)
0(0.0, 0.11629138669578676)
0(0.0, 0.11398398716485947)
0(0.0, 0.11188518247606527)
0(0.0, 0.11145069377112948)
0(0.0, 0.11091581028508812)
0(0.0, 0.11019002854284143)
0(0.0, 0.10835172731300313)
0(0.0, 0.10676226042372006)
0(0.0, 0.10583126741926419)
0(0.0, 0.10284569550334499)
0(0.0, 0.10274642176187043)
0(0.0, 0.10246758270251477)
0(0.0, 0.10201939808787597)
0(0.0, 0.10103066919852222)
0(0.0, 0.1007071891883412)
0(0.0, 0.09887416709517027)
0(0.0, 0.09834309934627783)
0(0.0, 0.09802434294603035)
0(0.0, 0.09714377744478664)
0(0.0, 0.09686044925086468)
0(0.0, 0.09621222480043967)
0(0.0, 0.0957642474596545)
0(0.0, 0.0956011442673107)
0(0.0, 0.09524080179413486)
0(0.0, 0.09472274699273375)
0(0.0, 0.09468494394826521)
0(0.0, 0.0943753578911769)
0(0.0, 0.09401686548507215)
0(0.0, 0.09390713566716868)
0(0.0, 0.09359527132675294)
0(0.0, 0.09306207999363336)
0(0.0, 0.09243206242571789)
0(0.0, 0.09230010347992224)
0(0.0, 0.09187841851699108)
0(0.0, 0.09183571218047437)
0(0.0, 0.09157055960741778)
0(0.0, 0.08951496209906606)
0(0.0, 0.0892770796197705)
0(0.0, 0.0891655388183723)
0(0.0, 0.08814746592867506)
0(0.0, 0.08787427302538053)
0(0.0, 0.08707623617282245)
0(0.0, 0.08614503979761012)
0(0.0, 0.08560981479317065)
0(0.0, 0.08560923179565028)
0(0.0, 0.08493471841231925)
0(0.0, 0.08468320943939212)
0(0.0, 0.08320337234270381)
0(0.0, 0.08239552716238197)
0(0.0, 0.0823200633827974)
0(0.0, 0.0823176034792572)
0(0.0, 0.08225979552296658)
0(0.0, 0.08210532507697732)
0(0.0, 0.08206904982698415)
0(0.0, 0.08139684360898547)
0(0.0, 0.08094066913943243)
0(0.0, 0.08084335926540065)
0(0.0, 0.08073960093898735)
0(0.0, 0.08020575283962772)
0(0.0, 0.0801923787421196)
0(0.0, 0.08008347665265281)
0(0.0, 0.07996717192877623)
0(0.0, 0.07996563788910427)
0(0.0, 0.07963441873644561)
0(0.0, 0.07794887881608303)
0(0.0, 0.07794496878139279)
0(0.0, 0.07785782982221545)
0(0.0, 0.07784240129332087)
0(0.0, 0.0776985866838662)
0(0.0, 0.0772834685885957)
0(0.0, 0.07702915356972018)
0(0.0, 0.07682306017253138)
0(0.0, 0.07651309488617908)
0(0.0, 0.0764937497356214)
0(0.0, 0.0759609260262033)
0(0.0, 0.07570626953678972)
0(0.0, 0.07450748560904574)
0(0.0, 0.07431524439727388)
0(0.0, 0.0742921928789515)
0(0.0, 0.07423865269315055)
0(0.0, 0.07391669550385638)
0(0.0, 0.0738014062315)
0(0.0, 0.07336850565508624)
0(0.0, 0.07336286642465295)
0(0.0, 0.07317628392741082)
0(0.0, 0.07312648472100802)
0(0.0, 0.07307855900252525)
0(0.0, 0.07302377234881141)
0(0.0, 0.07274744044424397)
0(0.0, 0.07214944939185197)
0(0.0, 0.07176312889372283)
0(0.0, 0.07166827676467047)
0(0.0, 0.07027689575722396)
0(0.0, 0.07025926711803798)
0(0.0, 0.07016420886804742)
0(0.0, 0.07015759766330232)
0(0.0, 0.07004628988282224)
0(0.0, 0.06996909387403483)
0(0.0, 0.0694575406816118)
0(0.0, 0.06864226972880716)
0(0.0, 0.06853083118087944)
0(0.0, 0.06850742020055844)
0(0.0, 0.06839252010381214)
0(0.0, 0.06838584925941749)
0(0.0, 0.0683528180258608)
0(0.0, 0.06806129986751319)
0(0.0, 0.06772094721222988)
0(0.0, 0.06763682169128649)
0(0.0, 0.06735535781718127)
0(0.0, 0.06716759598797473)
0(0.0, 0.06704687019676181)
0(0.0, 0.0670316612856432)
0(0.0, 0.06694723798769087)
0(0.0, 0.06689585759262806)
0(0.0, 0.06680190369167693)
0(0.0, 0.06634876529899925)
0(0.0, 0.06622885063129236)
0(0.0, 0.0658999719315283)
0(0.0, 0.06579593921413729)
0(0.0, 0.0657911806449587)
0(0.0, 0.06531939914940899)
0(0.0, 0.06456620156344439)
0(0.0, 0.06431102295892577)
0(0.0, 0.06413656367679688)
0(0.0, 0.06408145601172555)
0(0.0, 0.06385318325411748)
0(0.0, 0.06383906153173624)
0(0.0, 0.06311770676438322)
0(0.0, 0.06252416441792474)
0(0.0, 0.06246153613982208)
0(0.0, 0.06242466903100696)
0(0.0, 0.06241288019934632)
0(0.0, 0.06201103685882259)
0(0.0, 0.06187641047597536)
0(0.0, 0.06177281298751047)
0(0.0, 0.06148342711529575)
0(0.0, 0.061314161181839966)
0(0.0, 0.06130142647128989)
0(0.0, 0.061107535018453785)
0(0.0, 0.06077294246590459)
0(0.0, 0.060193750387294465)
0(0.0, 0.060097043265366024)
0(0.0, 0.059628060681768846)
0(0.0, 0.05961252026606845)
0(0.0, 0.05953839669952743)
0(0.0, 0.058969821161490854)
0(0.0, 0.0589225019507863)
0(0.0, 0.0588803845089777)
0(0.0, 0.05883413922197955)
0(0.0, 0.05878596019489579)
0(0.0, 0.05847219176028451)
0(0.0, 0.058079031102933665)
0(0.0, 0.058076981555892915)
0(0.0, 0.0579185217862358)
0(0.0, 0.057891498420104215)
0(0.0, 0.05785402501859538)
0(0.0, 0.0576142361464842)
0(0.0, 0.057440781083422654)
0(0.0, 0.05723394560637263)
0(0.0, 0.057158705275276445)
0(0.0, 0.05702882888661176)
0(0.0, 0.056930631986132685)
0(0.0, 0.0566126791859759)
0(0.0, 0.05631334044050618)
0(0.0, 0.056239961478253164)
0(0.0, 0.05566618623276531)
0(0.0, 0.05550947749686097)
0(0.0, 0.05527226965444576)
0(0.0, 0.05523252870796813)
0(0.0, 0.055180271175871765)
0(0.0, 0.054700943398317214)
0(0.0, 0.05442108780808075)
0(0.0, 0.053832567213485505)
0(0.0, 0.05368075806935513)
0(0.0, 0.05362713960740484)
0(0.0, 0.05354617777314841)
0(0.0, 0.053482908371046745)
0(0.0, 0.0532326937639096)
0(0.0, 0.05315263806549997)
0(0.0, 0.053078354049903576)
0(0.0, 0.053058380263357297)
0(0.0, 0.05283278417264681)
0(0.0, 0.052465174990120045)
0(0.0, 0.05222276941483306)
0(0.0, 0.0521604596509323)
0(0.0, 0.05149692435982722)
0(0.0, 0.05130319957359242)
0(0.0, 0.05116243850392743)
0(0.0, 0.051070258336505026)
0(0.0, 0.050668540673447615)
0(0.0, 0.05039647602096786)
0(0.0, 0.05037379148775656)
0(0.0, 0.05002414255855614)
0(0.0, 0.0494143453746696)
0(0.0, 0.04936775427971707)
0(0.0, 0.049271474081314826)
0(0.0, 0.0492655128714683)
0(0.0, 0.04858765951080468)
0(0.0, 0.048563167421779685)
0(0.0, 0.04852166961291671)
0(0.0, 0.048510549250104784)
0(0.0, 0.04836956537023274)
0(0.0, 0.048243874389914065)
0(0.0, 0.04808905973370636)
0(0.0, 0.047835207607254016)
0(0.0, 0.04762690083286181)
0(0.0, 0.04729853280016938)
0(0.0, 0.04711439866057632)
0(0.0, 0.04702525009536129)
0(0.0, 0.04696791603370398)
0(0.0, 0.04662287377102847)
0(0.0, 0.04639930435931083)
0(0.0, 0.04624622728643124)
0(0.0, 0.046123888458181606)
0(0.0, 0.045889034509044135)
0(0.0, 0.04587405630410146)
0(0.0, 0.045872900752179535)
0(0.0, 0.04583968590279863)
0(0.0, 0.045663528661277986)
0(0.0, 0.04519885020863812)
0(0.0, 0.04507256607420296)
0(0.0, 0.04480448101007839)
0(0.0, 0.04441506601912959)
0(0.0, 0.04441099196691345)
0(0.0, 0.044019738620585835)
0(0.0, 0.043961054214998296)
0(0.0, 0.043954264690931)
0(0.0, 0.043593008227157615)
0(0.0, 0.04343937020870725)
0(0.0, 0.043155769882496586)
0(0.0, 0.04303427828897033)
0(0.0, 0.0428174198793605)
0(0.0, 0.04268698598482523)
0(0.0, 0.04267707540765375)
0(0.0, 0.04265417992349574)
0(0.0, 0.04258938013136215)
0(0.0, 0.04254995678085027)
0(0.0, 0.0420545902736118)
0(0.0, 0.042048891689363765)
0(0.0, 0.04185760449555054)
0(0.0, 0.041785843822564894)
0(0.0, 0.04166434569034616)
0(0.0, 0.041576878928733296)
0(0.0, 0.041182963685420626)
0(0.0, 0.04117377004231515)
0(0.0, 0.04111679473257068)
0(0.0, 0.040856022310264306)
0(0.0, 0.04076839240739338)
0(0.0, 0.040671871798637516)
0(0.0, 0.04062820839301773)
0(0.0, 0.04014777149499116)
0(0.0, 0.0400250243350041)
0(0.0, 0.03981505458258361)
0(0.0, 0.039735203856096746)
0(0.0, 0.03963088084849853)
0(0.0, 0.03950105802239601)
0(0.0, 0.03944248419316221)
0(0.0, 0.039369171954140025)
0(0.0, 0.03930018785665024)
0(0.0, 0.03929156203518869)
0(0.0, 0.0392240070336658)
0(0.0, 0.03911094706706131)
0(0.0, 0.03904353044554454)
0(0.0, 0.03899563192947919)
0(0.0, 0.03898979537209535)
0(0.0, 0.038679116144003545)
0(0.0, 0.03865724178400398)
0(0.0, 0.03835587709541666)
0(0.0, 0.038244539290083646)
0(0.0, 0.03815024750469875)
0(0.0, 0.03805261100323165)
0(0.0, 0.037694544283563)
0(0.0, 0.0375198696738972)
0(0.0, 0.03751370766185236)
0(0.0, 0.037498109488177445)
0(0.0, 0.037119428932062104)
0(0.0, 0.03686316453161942)
0(0.0, 0.036816695769671615)
0(0.0, 0.03662094882375455)
0(0.0, 0.03660443992026141)
0(0.0, 0.03637773394780841)
0(0.0, 0.03627579953231752)
0(0.0, 0.035823236630392774)
0(0.0, 0.03581174916797303)
0(0.0, 0.03527293638188811)
0(0.0, 0.034873043071491416)
0(0.0, 0.03485129303147816)
0(0.0, 0.03442850633914696)
0(0.0, 0.034276933662332976)
0(0.0, 0.034221963202587524)
0(0.0, 0.03421115809081332)
0(0.0, 0.034199883957721666)
0(0.0, 0.03402508534036319)
0(0.0, 0.033391146324892707)
0(0.0, 0.03312385428895648)
0(0.0, 0.03292687745196454)
0(0.0, 0.03268641336549116)
0(0.0, 0.03245444562832711)
0(0.0, 0.03178814082369252)
0(0.0, 0.03148770092406039)
0(0.0, 0.031359447146640185)
0(0.0, 0.03124421124053456)
0(0.0, 0.029885224648174002)
0(0.0, 0.029513555226536314)
0(0.0, 0.028760345495410955)
0(0.0, 0.028670574227855128)
0(0.0, 0.02865925842106609)
0(0.0, 0.02789469571487424)
0(0.0, 0.02779679135777635)
0(0.0, 0.0277199792099887)
0(0.0, 0.02740507561751393)
0(0.0, 0.027104943111420643)
0(0.0, 0.02665273743931018)
0(0.0, 0.02659135828858117)
0(0.0, 0.025350694819401998)
0(0.0, 0.025054568993995163)
0(0.0, 0.025005788883458946)
0(0.0, 0.024976367728062332)
0(0.0, 0.02477506904640603)
0(0.0, 0.02475164797641627)
0(0.0, 0.022970880153425965)
0(0.0, 0.022926088218290452)
0(0.0, 0.02237952843979707)
0(0.0, 0.021535068775565547)
0(0.0, 0.021252670604889334)
0(0.0, 0.021222784433475916)
0(0.0, 0.02101303399247534)
0(0.0, 0.0209700887128349)
0(0.0, 0.020705477261698135)
0(0.0, 0.020680951208877807)
0(0.0, 0.020328368881002867)
0(0.0, 0.01969549916588975)
0(0.0, 0.0191521367460864)
0(0.0, 0.019082435423291355)
0(0.0, 0.018277983389832664)
0(0.0, 0.01678650524981029)
0(0.0, 0.016140029942316003)
0(0.0, 0.015836268319354807)
0(0.0, 0.015673599445372388)
0(0.0, 0.015608925865055912)
0(0.0, 0.015296302128026462)
0(0.0, 0.015282756423292465)
0(0.0, 0.014973239091647161)
0(0.0, 0.014814143716129768)
0(0.0, 0.014729361594116308)
0(0.0, 0.014599964557239553)
0(0.0, 0.01447840560621294)
0(0.0, 0.014419949032110968)
0(0.0, 0.014331288929509522)
0(0.0, 0.014249715943585595)
0(0.0, 0.013939173230826163)
0(0.0, 0.013892294744285771)
0(0.0, 0.013867285492805137)
0(0.0, 0.01265094731152372)
0(0.0, 0.012535994304854192)
0(0.0, 0.012453564634650971)
0(0.0, 0.012276924082922136)
0(0.0, 0.011855829436908438)
0(0.0, 0.011835683520044604)
0(0.0, 0.011210607081757251)
0(0.0, 0.011183563460767654)
0(0.0, 0.01106044904397896)
0(0.0, 0.011046835769292662)
0(0.0, 0.010858546206894082)
0(0.0, 0.01069989667531257)
0(0.0, 0.010583475797819264)
0(0.0, 0.01047265351069493)
0(0.0, 0.010469877647169556)
0(0.0, 0.010449960716625073)
0(0.0, 0.0100425075027758)
0(0.0, 0.010026330354020452)
0(0.0, 0.009855164607567857)
0(0.0, 0.009824936902037784)
0(0.0, 0.009820937515740535)
0(0.0, 0.00940130619751156)
0(0.0, 0.009201558470689708)
0(0.0, 0.008868878298735616)
0(0.0, 0.008805240720020424)
0(0.0, 0.008575535767003872)
0(0.0, 0.008529159299509814)
0(0.0, 0.008441069990342553)
0(0.0, 0.0083595862045025)
0(0.0, 0.008132062469176193)
0(0.0, 0.007991031573661767)
0(0.0, 0.007800028102626366)
0(0.0, 0.007789617743455102)
0(0.0, 0.007587382410281451)
0(0.0, 0.0075738596461428775)
0(0.0, 0.007266565663959446)
0(0.0, 0.007150868545871991)
0(0.0, 0.007124069837406211)
0(0.0, 0.006815021266988741)
0(0.0, 0.006732876315205694)
0(0.0, 0.006602178819143267)
0(0.0, 0.006592091184146942)
0(0.0, 0.006343566088973129)
0(0.0, 0.00620932984001743)
0(0.0, 0.006115741688675902)
0(0.0, 0.006032280772074183)
0(0.0, 0.005890492441413486)
0(0.0, 0.005263827791914921)
0(0.0, 0.005236540194301087)
0(0.0, 0.005142500974705366)
0(0.0, 0.005064214990888494)
0(0.0, 0.004909169185773665)
0(0.0, 0.004818374481194598)
0(0.0, 0.004653359986364847)
0(0.0, 0.004619918893245312)
0(0.0, 0.004462996353679971)
0(0.0, 0.0038340261175252577)
