1(0.10184244818804478, 0.13790466826158954)
1(0.14114471018706454, 0.17116896581280827)
1(0.10751921584329227, 0.1355058298023336)
1(0.11396680605728438, 0.14060598533235402)
1(0.11511069669891905, 0.14062626472581907)
1(0.1192884270404696, 0.14478795150543822)
1(0.10102080322385665, 0.12641571030607035)
1(0.15896062057780114, 0.18298589772252238)
1(0.10253721081163114, 0.12631080944559026)
1(0.10608759652310218, 0.12958804404970437)
1(0.15004359983144577, 0.173248756100993)
1(0.1131674309066073, 0.13596226829056257)
1(0.15319711963620253, 0.17579514833365784)
1(0.10956732933144442, 0.13181636318263057)
1(0.12146613711707188, 0.14281196129640583)
1(0.11152045094536833, 0.13285056691803376)
1(0.13593475510320852, 0.15598674004241497)
1(0.18188739259113784, 0.20193304921476607)
1(0.10506561132758718, 0.1249350702948806)
1(0.11237749617373727, 0.13205470834840238)
1(0.12817454259486527, 0.1475442800510106)
1(0.10795653019094154, 0.1272229331585525)
1(0.16693790533390152, 0.18574624135501971)
1(0.1339986328272983, 0.1522830712128017)
1(0.12532508053115354, 0.14327021119173966)
1(0.1062281365997566, 0.12388404306806367)
1(0.11254126252241303, 0.1295356965003398)
1(0.12851184987515996, 0.14520736188972716)
1(0.11324629672020214, 0.12978839112923524)
1(0.15405671341820582, 0.17034911348574966)
1(0.12248892640521003, 0.13822381887249835)
1(0.10663221234483877, 0.12233764841867645)
1(0.11742256102107285, 0.1325883979282504)
1(0.12932373768459915, 0.14423898524501877)
1(0.07728327539719737, 0.0921237781005182)
1(0.1641450254435881, 0.17894366266885453)
1(0.12494521890153698, 0.13966035982293823)
1(0.11879834637432352, 0.13329027662887571)
1(0.11633999371897419, 0.13082004225773858)
1(0.12782742575091233, 0.14178775010678224)
1(0.12534635084799794, 0.13930140667154822)
1(0.14194003410688516, 0.15583700494073138)
1(0.12489734910898798, 0.13874868217840386)
1(0.12999991194876248, 0.14358714849328913)
1(0.11562611343310325, 0.12920939656858987)
1(0.1292336533358317, 0.14281196129640583)
1(0.14910114965731014, 0.16262123294827358)
1(0.12052312120559316, 0.13400725515226986)
1(0.110105842688484, 0.1233184569349598)
1(0.153429391376938, 0.16655658175838273)
1(0.12260921720745022, 0.13561072225342719)
1(0.11656787611655095, 0.12946315198948355)
1(0.15357974836038413, 0.1664444710071028)
1(0.10990599351165398, 0.12267209784907562)
1(0.11937497882609327, 0.13206870106852509)
1(0.13014402320219498, 0.14272330214817952)
1(0.12589112861279073, 0.13841479805415424)
1(0.15508495600024286, 0.1674972626158603)
1(0.11104794218898895, 0.1233184569349598)
1(0.09391804263132031, 0.10599521846404436)
1(0.11990936473486136, 0.13192279272072815)
1(0.10393349305208122, 0.11581085986327233)
1(0.12627432271835626, 0.13798320356786797)
1(0.1203229913781616, 0.13193110078057335)
1(0.16143137080065462, 0.17300973447192147)
1(0.14465078605446946, 0.15598674004241497)
1(0.11381436356931995, 0.12492606732485156)
1(0.11753334803504467, 0.1286052162944592)
1(0.12622151831151895, 0.1369158499378118)
1(0.1199101567735128, 0.13059854165533757)
1(0.12027543876244562, 0.13094486154326934)
1(0.12147932867797273, 0.13206870106852509)
1(0.14693801871881396, 0.157424596118111)
1(0.15072149926674538, 0.16114020172451704)
1(0.11992700443296278, 0.13027824631741247)
1(0.11271683496821117, 0.12299884676186512)
1(0.12755608339695945, 0.13783200006624485)
1(0.09019435577844259, 0.10044394221653541)
1(0.12435830812718784, 0.13448044527515002)
1(0.14648055333112908, 0.15638597561771206)
1(0.10733316769798651, 0.1169077427688735)
1(0.1585343539991142, 0.16808950441189463)
1(0.1580398974787407, 0.16749299750474256)
1(0.15866852381514107, 0.16808288755934808)
1(0.13538982548337875, 0.14471470109812434)
1(0.09220417311439821, 0.10142087087025775)
1(0.1167031789837476, 0.1258440878844913)
1(0.16791739426178098, 0.17704218585578058)
1(0.13243432641718011, 0.14155678760309975)
1(0.16328757033505148, 0.17203519649601218)
1(0.12919873053121367, 0.13791582965672233)
1(0.11926163841038884, 0.12792102960794338)
1(0.13572381206471584, 0.14434850548870826)
1(0.10834094162485453, 0.11687802325501373)
1(0.11483324043439247, 0.12336626156995056)
1(0.1296300307285163, 0.13807037521776122)
1(0.03422007826942586, 0.04260134764846846)
1(0.15848164253012864, 0.1667835662106827)
1(0.13350498918731646, 0.1417054143104175)
1(0.09603256198931254, 0.1041018705008584)
1(0.15164393595548276, 0.1595758427801266)
1(0.1078826312047404, 0.11575073720939966)
1(0.13872384423196515, 0.14650654144314712)
1(0.15205238845368318, 0.15970527757644593)
1(0.1276459251833335, 0.13523194883368883)
1(0.11892058118589788, 0.12648475860466024)
1(0.09606793719138962, 0.10358855686026314)
1(0.16982725583772829, 0.17733898827295158)
1(0.12493190861789816, 0.13241973442725075)
1(0.13130480914911413, 0.13870699811868348)
1(0.13448689733371688, 0.1418194146770454)
1(0.16705473133352156, 0.17438294219044237)
1(0.15958985609579168, 0.16690675181682457)
1(0.11987896352276761, 0.12714999033401497)
1(0.11161982325911479, 0.11885366049376112)
1(0.12884763309266123, 0.13596226829056257)
1(0.18026506071547965, 0.18728832858603783)
1(0.1037191154759175, 0.11036161605190042)
1(0.12101359006578138, 0.12762554750455757)
1(0.10512359964783557, 0.11166601258933129)
1(0.10047589523296929, 0.10698511394695176)
1(0.14351250087613587, 0.14995760982842932)
1(0.0948023114399077, 0.10124572277475719)
1(0.11395104549663604, 0.1203670621859122)
1(0.09480102386928746, 0.1011576291665256)
1(0.15346489793503204, 0.15981462502656396)
1(0.0887844033639218, 0.09493658303998853)
1(0.1301157018466481, 0.13623205810398586)
1(0.1378376148214192, 0.14386590394071563)
1(0.124555770225251, 0.13050169433664116)
1(0.11708961550068187, 0.1230228836700088)
1(0.11385596349582605, 0.11961186636661736)
1(0.1324115202621009, 0.13798526833159008)
1(0.12419575673867944, 0.1297309920812466)
1(0.14230795982011102, 0.1478389108291408)
1(0.13209485709506164, 0.13759448598651747)
1(0.15595193412986164, 0.16140647881179193)
1(0.11943205472930762, 0.12488408719166022)
1(0.12333285014969486, 0.128770228454667)
1(0.13774902988599957, 0.1430940230672859)
1(0.1524907803892419, 0.15778748799008258)
1(0.124181201813644, 0.12942417283379792)
1(0.11713209465358954, 0.12233805774968975)
1(0.022294240425832612, 0.027489825608089546)
1(0.13519553056850842, 0.14035920528008494)
1(0.19055880009808002, 0.19570271981058962)
1(0.15231680001669534, 0.1573244760354653)
1(0.03211781574003281, 0.03693700451664028)
1(0.10446694571719173, 0.10927204153833503)
1(0.12435344886524147, 0.1291144111931244)
1(0.16951872250488143, 0.17418596244593276)
1(0.12118727703151089, 0.1258440878844913)
1(0.12168099743256511, 0.12625960884153853)
1(0.09021054008210039, 0.09476149517610621)
1(0.08876848212623223, 0.09330129882608629)
1(0.13224392346825198, 0.13664009530470023)
1(0.13643457720266783, 0.14079716675936838)
1(0.12747012673155322, 0.13169321284073865)
1(0.10799918157548216, 0.11216142660902018)
1(0.12045726329209583, 0.12460926262133665)
1(0.03035942136352321, 0.034481161234320434)
1(0.018599141907666872, 0.02266417891643413)
1(0.0132195999308643, 0.017268038672615393)
1(0.14439371535132528, 0.1484220353115655)
1(0.1594141966792244, 0.16335087863631126)
1(0.0217373131973968, 0.02561030246534024)
1(0.10074074810256528, 0.10458272957832326)
1(0.015642134206630187, 0.019448417135583207)
1(0.029731947631283173, 0.03351474975076607)
1(0.11954322196549083, 0.1233184569349598)
1(0.1252059288577132, 0.12895977705243322)
1(0.1004121203387236, 0.1041018705008584)
1(0.12702979111721713, 0.1307131686510501)
1(0.01232903747200953, 0.015738725641202933)
1(0.14047301064849815, 0.14387173496056482)
1(0.03832823680166486, 0.04159956849314206)
1(0.01809967669642243, 0.021335523687028513)
1(0.1305804061274003, 0.13376688298367256)
1(0.17563346890289055, 0.17879069719049479)
1(0.012237692299221337, 0.01536512580285132)
1(0.13059588411612444, 0.13371687910071695)
1(0.017340151102973156, 0.02044218530770714)
1(0.13685498202542845, 0.1399316033093786)
1(0.010933495770013457, 0.01400416055966791)
1(0.03931309251823978, 0.04231982246866861)
1(0.1250427639661964, 0.1280333133594248)
1(0.13136468781939725, 0.13434130239352127)
1(0.11291547705067306, 0.1158799718695862)
1(0.12706134604800445, 0.13001761443033166)
1(0.025375114783855235, 0.028322253826579602)
1(0.2100372462462884, 0.21298408619601783)
1(0.12972675767114106, 0.13264913086931962)
1(0.012342587392434767, 0.015251267162474269)
1(0.015439919566483606, 0.018341418305743318)
1(0.12388910143941267, 0.12678424177327308)
1(0.031683746023007275, 0.034537942378360276)
1(0.019651111073323513, 0.022487652005426573)
1(0.016957838740691233, 0.01974344654036464)
1(0.1252845193680131, 0.1280333133594248)
1(0.1264054745914841, 0.12914935786801474)
1(0.1131841060026908, 0.11587323117976167)
1(0.13230851760173856, 0.13498536476742495)
1(0.1316461467676694, 0.13427057591188474)
1(0.17298788551591981, 0.17560791388667207)
1(0.12653721463163958, 0.1291144111931244)
1(0.009029863701552121, 0.011574748812042124)
1(0.010749209231025292, 0.013277652701913167)
1(0.016300983997443508, 0.01880680881022656)
1(0.017337025902522285, 0.01976656217239181)
1(0.11838952620752252, 0.12080329092101982)
1(0.12102581981112404, 0.1234210179465749)
1(0.12002531783872672, 0.12239268156238792)
1(0.12312754962115446, 0.12549362496167427)
1(0.025927853584601257, 0.02826911782758168)
1(0.1248206727620651, 0.12714999033401497)
1(0.017034353053518636, 0.01932844299951486)
1(0.13246091345209732, 0.13472170803970385)
1(0.12181028991653131, 0.1240309309401012)
1(0.10426176958809286, 0.10646259960778603)
1(0.019830485486689975, 0.02202724971927794)
1(0.08993019144133063, 0.0921237781005182)
1(0.03676757247788853, 0.03894659556921598)
1(0.020824093052380088, 0.022977225860068007)
1(0.12745016627622707, 0.12959101867519807)
1(0.012026564782093074, 0.01416514453430362)
1(0.01371701789759816, 0.015806852831715235)
1(0.1463451959380324, 0.1484220353115655)
1(0.013243883655833733, 0.015317157110094848)
1(0.1715605526174223, 0.17348529837555493)
1(0.12020327470104253, 0.12211858428849187)
1(0.15553102547570152, 0.157424596118111)
1(0.03162324844494424, 0.03351474975076607)
1(0.025022855468060046, 0.026903470328940138)
1(0.12123807637744588, 0.12309042951549787)
1(0.12539339770221358, 0.1272229331585525)
1(0.013098392392176805, 0.014927488088254615)
1(0.1272883566591091, 0.1291144111931244)
1(0.012461865516373738, 0.014249046992188097)
1(0.011739736323433059, 0.013496760638816996)
1(0.015548176502330757, 0.017255962979338735)
1(0.014335573544907554, 0.016038851034861468)
1(0.021926149061156197, 0.023622269166546306)
1(0.15981391335576844, 0.16149567860851355)
1(0.0144193992541638, 0.016093240380701812)
1(0.13133237664963648, 0.13298615878060294)
1(0.11542683096957929, 0.11705586170144178)
1(0.01531408914001342, 0.016918269369429195)
1(0.18543292571611736, 0.18701253278849972)
1(0.11244492329475231, 0.11397286117044625)
1(0.014207411284448135, 0.01572216243800073)
1(0.023282656204500096, 0.02479159148746457)
1(0.0397504403338198, 0.041249102436648144)
1(0.014905046564101965, 0.0163974274011095)
1(0.018285208845782885, 0.01976656217239181)
1(0.013437316499573804, 0.014905478904811531)
1(0.11988008186672028, 0.12134173108431845)
1(0.017994904161338088, 0.01943686782244336)
1(0.014753334936658091, 0.016189999284419887)
1(0.017930636205740647, 0.019362480995735565)
1(0.016680887469419647, 0.018108129108192927)
1(0.12188565927765727, 0.1232970950243435)
1(0.15385790726077297, 0.15522216724971605)
1(0.029044086745592668, 0.030406843698530528)
1(0.01715914614066183, 0.01850841234906553)
1(0.018961295137043366, 0.02030852069113931)
1(0.11274604062790095, 0.11408677048939886)
1(0.010543840560198636, 0.011876506012614696)
1(0.13327358791755672, 0.13460106674928163)
1(0.019099953786839374, 0.02040862200898319)
1(0.014790354706588293, 0.01608640090500979)
1(0.1301435660825614, 0.13143105906438268)
1(0.018648378047861458, 0.019889111841594587)
1(0.02016246534191868, 0.021399947531380192)
1(0.011908617690122303, 0.01312730262266626)
1(0.01205352997857534, 0.01327068313895352)
1(0.009883966490541907, 0.011025726664431912)
1(0.01071295276572648, 0.011852401544289126)
1(0.12787231649440756, 0.12900545736924385)
1(0.16140393627462135, 0.16253183433645435)
1(0.011215762401064033, 0.012342631656901526)
1(0.019122644966055757, 0.0202362117282211)
1(0.019224667222806024, 0.020321574628368255)
1(0.08922093951510957, 0.09029538629712774)
1(0.01501842837311973, 0.016092072044629924)
1(0.013346579735242003, 0.014363859625163511)
1(0.012878857069986371, 0.013889285805431806)
1(0.11478191037086649, 0.1157834865282017)
1(0.015140918506446388, 0.01613712363927622)
1(0.026433086851965548, 0.027428637950842383)
1(0.025403391835036593, 0.026352303682837253)
1(0.011769203371760462, 0.012715376151244295)
1(0.017394172335452374, 0.018329839523538616)
1(0.1388224346534198, 0.13975381767009476)
1(0.017058215106939945, 0.017984215074124843)
1(0.013162889443821935, 0.014069892446382348)
1(0.01571706709804843, 0.016610206942720196)
1(0.018399952898656702, 0.019291842564180373)
1(0.012382547372825958, 0.013265420818638463)
1(0.01224538075040249, 0.013120139602585845)
1(0.15732864124189616, 0.15812128216631582)
1(0.012930516700150885, 0.013706502220343086)
1(0.12902320349583074, 0.1297886205519999)
1(0.019510355954995062, 0.02025733972052357)
1(0.012160092862291805, 0.01290023553540598)
1(0.014166900683508676, 0.014903656486766614)
1(0.022456950797045794, 0.023193626867858308)
1(0.018725439674150524, 0.01943686782244336)
1(0.021717945874982214, 0.022325369901510683)
1(0.015043546409618025, 0.015624112317237704)
1(0.10947789869575797, 0.11005494563992546)
1(0.02768221535769877, 0.028255400195465907)
1(0.09751697901182055, 0.0980836096122436)
1(0.031239172903044232, 0.03180481242561428)
1(0.012988038188460616, 0.013545932276280648)
1(0.044746907374767164, 0.045285964083251584)
1(0.01936033404563353, 0.019883711933950887)
1(0.02866889422309915, 0.029165651817003257)
1(0.019574712029553742, 0.020031184481736686)
1(0.01966281637779599, 0.020107252469970915)
1(0.011585566272030112, 0.012029055905656505)
1(0.01564618554796182, 0.016062989550086226)
1(0.012896475955370579, 0.01331186861855882)
1(0.01629696162746086, 0.016709719402180356)
1(0.014055628397922737, 0.014464403598459463)
1(0.016389061779908953, 0.01679781319996365)
1(0.10038835031135895, 0.10076485544423208)
1(0.013527469184785312, 0.013889285805431806)
1(0.012882998527081635, 0.013243358644370429)
1(0.011369591176282667, 0.011711116659486098)
1(0.013755282372203581, 0.014082207809418268)
1(0.008978404080879798, 0.009297976822583043)
1(0.013008966527406907, 0.01331504980848719)
1(0.014559772114292047, 0.014858907551251077)
1(0.011382971018471522, 0.011660472605130257)
1(0.014653822872194189, 0.014927488088254615)
1(0.011915649544070317, 0.012160183758818222)
1(0.1876198068664653, 0.18786031803023573)
1(0.015999166954886346, 0.01623506165430144)
1(0.02122708452168509, 0.021444305108743955)
1(0.02047609191876021, 0.020663296676811438)
1(0.010105503475528854, 0.010266540795983548)
1(0.013059628420599156, 0.01320103705951392)
1(0.02604233881305762, 0.02612731995887274)
1(0.012376675956333183, 0.012446217569834106)
1(0.015502635539241028, 0.01556790364260141)
1(0.01792633446509151, 0.017984215074124843)
1(0.019577223324380277, 0.019623354984626862)
1(0.013367233594944072, 0.013394017188159135)
1(0.11341878610682254, 0.11344121384011552)
1(0.011552705182548806, 0.011574748812042124)
1(0.01961420790155155, 0.019624587106272795)
1(0.018025509233144388, 0.01803263290035606)
0(0.0, inf)
0(0.0, 0.991277381703291)
0(0.0, 0.41208277234766977)
0(0.0, 0.2522736063141958)
0(0.0, 0.20792463599852917)
0(0.0, 0.17924619701636235)
0(0.0, 0.17561071503813852)
0(0.0, 0.17272103030805264)
0(0.0, 0.17120882800254145)
0(0.0, 0.16992520512057718)
0(0.0, 0.16852245334130356)
0(0.0, 0.16777879877303703)
0(0.0, 0.16590486475059862)
0(0.0, 0.1647281365309724)
0(0.0, 0.16431437946391192)
0(0.0, 0.16406786189336964)
0(0.0, 0.16070374247845387)
0(0.0, 0.15840961802092546)
0(0.0, 0.15814833729577737)
0(0.0, 0.15759506782377397)
0(0.0, 0.1513698421047054)
0(0.0, 0.150786976011537)
0(0.0, 0.14886229230784698)
0(0.0, 0.14778308734961676)
0(0.0, 0.1476652382249296)
0(0.0, 0.14717471598489595)
0(0.0, 0.1468647825923829)
0(0.0, 0.14666089618050748)
0(0.0, 0.1465062687004901)
0(0.0, 0.1450086051682712)
0(0.0, 0.14418185119986526)
0(0.0, 0.14401847624201958)
0(0.0, 0.1439362251966515)
0(0.0, 0.14392773848348217)
0(0.0, 0.14345120856719162)
0(0.0, 0.14322954233027296)
0(0.0, 0.1421427425343592)
0(0.0, 0.14171555118922097)
0(0.0, 0.14109304490457186)
0(0.0, 0.13999866356054247)
0(0.0, 0.13699239014371334)
0(0.0, 0.13681791478489191)
0(0.0, 0.13394386313250706)
0(0.0, 0.1334775721391387)
0(0.0, 0.1330489229558932)
0(0.0, 0.1330313453107631)
0(0.0, 0.13208782570460909)
0(0.0, 0.13202006806288324)
0(0.0, 0.13135653663983726)
0(0.0, 0.13129486665149803)
0(0.0, 0.13042412244535662)
0(0.0, 0.12996197578095958)
0(0.0, 0.12981970377349172)
0(0.0, 0.129289753721328)
0(0.0, 0.12891589595900999)
0(0.0, 0.1282442950548498)
0(0.0, 0.1282283705459234)
0(0.0, 0.12811653887104102)
0(0.0, 0.12779709418467367)
0(0.0, 0.1277688465375757)
0(0.0, 0.12675354293027596)
0(0.0, 0.1255770753249531)
0(0.0, 0.12502892371575536)
0(0.0, 0.12449150021996669)
0(0.0, 0.12413868120198057)
0(0.0, 0.12354026232192705)
0(0.0, 0.12313687065030554)
0(0.0, 0.12257565126011183)
0(0.0, 0.12221702576844817)
0(0.0, 0.12163901940521982)
0(0.0, 0.12145643875949375)
0(0.0, 0.12113269970496776)
0(0.0, 0.12112588755951137)
0(0.0, 0.1205074299191039)
0(0.0, 0.12002842555616466)
0(0.0, 0.11984225902172319)
0(0.0, 0.11964505112879142)
0(0.0, 0.11948303716245745)
0(0.0, 0.11923801590363281)
0(0.0, 0.11917983003691668)
0(0.0, 0.11899896834338741)
0(0.0, 0.11843530366905908)
0(0.0, 0.11823683697070864)
0(0.0, 0.11772201037846974)
0(0.0, 0.11720795104208248)
0(0.0, 0.1170321822104694)
0(0.0, 0.11696254020852415)
0(0.0, 0.11653383575428677)
0(0.0, 0.11590796306654572)
0(0.0, 0.11580338200859397)
0(0.0, 0.11567362090363431)
0(0.0, 0.11555802101282742)
0(0.0, 0.1151854707647113)
0(0.0, 0.11505546258208565)
0(0.0, 0.11481075099942861)
0(0.0, 0.11453444021052683)
0(0.0, 0.11376834953868031)
0(0.0, 0.11373827631519218)
0(0.0, 0.11371879883816793)
0(0.0, 0.11355281342015366)
0(0.0, 0.11332645383599438)
0(0.0, 0.11317899223180738)
0(0.0, 0.1131001719297805)
0(0.0, 0.112939172430915)
0(0.0, 0.11280461519671281)
0(0.0, 0.1127927072355348)
0(0.0, 0.11238831384335579)
0(0.0, 0.11232100976377657)
0(0.0, 0.11200219704838943)
0(0.0, 0.11159124178507784)
0(0.0, 0.11143551084659387)
0(0.0, 0.11110817057128386)
0(0.0, 0.11102232282140656)
0(0.0, 0.11079824625033019)
0(0.0, 0.1104171203644666)
0(0.0, 0.11018961859494902)
0(0.0, 0.10998570552586595)
0(0.0, 0.10993943304004683)
0(0.0, 0.10934924482776931)
0(0.0, 0.10915271330484877)
0(0.0, 0.10808376454874558)
0(0.0, 0.10774844274768536)
0(0.0, 0.10729437793469732)
0(0.0, 0.10727204911055666)
0(0.0, 0.10726092724690339)
0(0.0, 0.10708121295736239)
0(0.0, 0.10596511475663228)
0(0.0, 0.10546715920346561)
0(0.0, 0.10508202352830298)
0(0.0, 0.1049352607410784)
0(0.0, 0.1041937697018166)
0(0.0, 0.10383175618666818)
0(0.0, 0.10376843755210552)
0(0.0, 0.10342949790229372)
0(0.0, 0.10321790964278144)
0(0.0, 0.10276582615767482)
0(0.0, 0.10265461113935526)
0(0.0, 0.10262680495697862)
0(0.0, 0.10262483068185102)
0(0.0, 0.10205788493757284)
0(0.0, 0.10046636297748213)
0(0.0, 0.10031334571779549)
0(0.0, 0.10006794749661618)
0(0.0, 0.09999658219037444)
0(0.0, 0.09984920509875062)
0(0.0, 0.09939243361937333)
0(0.0, 0.09905886996284907)
0(0.0, 0.09888335406249738)
0(0.0, 0.09873884941363265)
0(0.0, 0.09852355249321665)
0(0.0, 0.09852066506009416)
0(0.0, 0.09834524439408532)
0(0.0, 0.09824715530972705)
0(0.0, 0.09822749960142896)
0(0.0, 0.09813687929473303)
0(0.0, 0.09770568689612935)
0(0.0, 0.09765477130043176)
0(0.0, 0.09753625633784602)
0(0.0, 0.09705516324109997)
0(0.0, 0.09651275389974978)
0(0.0, 0.09649766738166266)
0(0.0, 0.0963463537299507)
0(0.0, 0.09570239417936655)
0(0.0, 0.09570094978871702)
0(0.0, 0.09561165304888153)
0(0.0, 0.09513487286892286)
0(0.0, 0.09496240164355663)
0(0.0, 0.0947400097990917)
0(0.0, 0.09473832178967379)
0(0.0, 0.09436558481046065)
0(0.0, 0.09422777964612872)
0(0.0, 0.09412272164300306)
0(0.0, 0.09380188139548895)
0(0.0, 0.09358098826753991)
0(0.0, 0.09324420837147107)
0(0.0, 0.09321248997957343)
0(0.0, 0.09265570559288994)
0(0.0, 0.09179560341393489)
0(0.0, 0.09145809564357443)
0(0.0, 0.09135094031174618)
0(0.0, 0.09086526206326484)
0(0.0, 0.09025826151451344)
0(0.0, 0.08958788124369721)
0(0.0, 0.08907420987446446)
0(0.0, 0.08884529130086727)
0(0.0, 0.0883343423620695)
0(0.0, 0.08824250585902882)
0(0.0, 0.0881476511691035)
0(0.0, 0.0876525008956971)
0(0.0, 0.08737783926292109)
0(0.0, 0.0872864568175179)
0(0.0, 0.08692701099136502)
0(0.0, 0.0869203613612316)
0(0.0, 0.08645594995534589)
0(0.0, 0.08578561905751969)
0(0.0, 0.08561454094959264)
0(0.0, 0.0850918240475963)
0(0.0, 0.08429129919166978)
0(0.0, 0.08352039610558648)
0(0.0, 0.08348500822610616)
0(0.0, 0.08335530313660289)
0(0.0, 0.0832387605066931)
0(0.0, 0.08286417128725188)
0(0.0, 0.0827975283572836)
0(0.0, 0.08219711653986161)
0(0.0, 0.08132352607419147)
0(0.0, 0.08038161966611312)
0(0.0, 0.08013229514879083)
0(0.0, 0.08005010564880788)
0(0.0, 0.07880031346583127)
0(0.0, 0.07800613116647093)
0(0.0, 0.07708836156754062)
0(0.0, 0.07676320263992542)
0(0.0, 0.07637072427850011)
0(0.0, 0.07622124347275705)
0(0.0, 0.07582746805697738)
0(0.0, 0.07391106729993202)
0(0.0, 0.07168118607718432)
0(0.0, 0.06822849539817344)
0(0.0, 0.06668826126205407)
0(0.0, 0.06587393219628102)
0(0.0, 0.06400453064097134)
0(0.0, 0.0634639768079801)
0(0.0, 0.06235274094371157)
0(0.0, 0.05666218876972573)
0(0.0, 0.05379952149038225)
0(0.0, 0.04803013201409667)
0(0.0, 0.04686601682282687)
0(0.0, 0.03770302764050082)
0(0.0, 0.03763906925094862)
0(0.0, 0.037323242547803614)
0(0.0, 0.03671845813262942)
0(0.0, 0.03640392021601502)
0(0.0, 0.036005149170880046)
0(0.0, 0.035944301565962844)
0(0.0, 0.031705375749341735)
0(0.0, 0.030094686158163686)
0(0.0, 0.029684242075617928)
0(0.0, 0.029143167905538614)
0(0.0, 0.02909036918239427)
0(0.0, 0.02851967961931756)
0(0.0, 0.028490089905853666)
0(0.0, 0.02783577762587708)
0(0.0, 0.027612986610381807)
0(0.0, 0.02752425097951483)
0(0.0, 0.02744679544645634)
0(0.0, 0.02735027534442458)
0(0.0, 0.026857214239643268)
0(0.0, 0.02683296684756198)
0(0.0, 0.026612089298666874)
0(0.0, 0.026555664929029388)
0(0.0, 0.026332883906978855)
0(0.0, 0.025928932944807914)
0(0.0, 0.02527173567318175)
0(0.0, 0.025184352476768423)
0(0.0, 0.024875607286287793)
0(0.0, 0.02474787426362135)
0(0.0, 0.024691948923309726)
0(0.0, 0.024210645654038854)
0(0.0, 0.02353203645920776)
0(0.0, 0.023440778720421274)
0(0.0, 0.02342604033717277)
0(0.0, 0.02309911502384676)
0(0.0, 0.023071990241209872)
0(0.0, 0.022924494501975534)
0(0.0, 0.022792127053364974)
0(0.0, 0.022315568088426385)
0(0.0, 0.022038936763850714)
0(0.0, 0.02147222170830032)
0(0.0, 0.02131625459394948)
0(0.0, 0.02098898828308504)
0(0.0, 0.020770395165369493)
0(0.0, 0.020757336682938665)
0(0.0, 0.020654624445938907)
0(0.0, 0.020479275500152827)
0(0.0, 0.02037178617237767)
0(0.0, 0.020233463412619224)
0(0.0, 0.019783983345968426)
0(0.0, 0.01966707108903376)
0(0.0, 0.019533539284940726)
0(0.0, 0.019343907654707948)
0(0.0, 0.019251008667790837)
0(0.0, 0.019049824987645292)
0(0.0, 0.018864785856869015)
0(0.0, 0.018515875365260337)
0(0.0, 0.018212141165693696)
0(0.0, 0.01818827296676695)
0(0.0, 0.018112507113312026)
0(0.0, 0.017942920782707872)
0(0.0, 0.017828924791556955)
0(0.0, 0.017631383846589355)
0(0.0, 0.017217667427186112)
0(0.0, 0.017184017788600126)
0(0.0, 0.016584909448282725)
0(0.0, 0.016577349944683295)
0(0.0, 0.016486778101312827)
0(0.0, 0.016426463959143267)
0(0.0, 0.016404070077836175)
0(0.0, 0.016231823002391788)
0(0.0, 0.016107256545036086)
0(0.0, 0.016094669655240645)
0(0.0, 0.01602502960041574)
0(0.0, 0.015901277002527525)
0(0.0, 0.01586803642366752)
0(0.0, 0.01585148555804905)
0(0.0, 0.015844715831115797)
0(0.0, 0.01569757301535646)
0(0.0, 0.015696323928232947)
0(0.0, 0.015514365534836316)
0(0.0, 0.015508821426009844)
0(0.0, 0.015497921759696776)
0(0.0, 0.015477301749555306)
0(0.0, 0.015443807379815655)
0(0.0, 0.015350838151841795)
0(0.0, 0.015243220453265649)
0(0.0, 0.015046130096363797)
0(0.0, 0.015037751143946787)
0(0.0, 0.014890541047099748)
0(0.0, 0.014858578205686701)
0(0.0, 0.014745169938393143)
0(0.0, 0.014740424484522285)
0(0.0, 0.01457645463985524)
0(0.0, 0.01456284259883922)
0(0.0, 0.014491345235947528)
0(0.0, 0.014488083749442549)
0(0.0, 0.01438276411658812)
0(0.0, 0.014292426268091685)
0(0.0, 0.014234380483589493)
0(0.0, 0.014141894573819869)
0(0.0, 0.01412635285240138)
0(0.0, 0.014079936049738784)
0(0.0, 0.014063634006620696)
0(0.0, 0.014033970216453029)
0(0.0, 0.01390672041787877)
0(0.0, 0.013774647026446596)
0(0.0, 0.013692839326105877)
0(0.0, 0.013612990608649178)
0(0.0, 0.013446423808614716)
0(0.0, 0.013287241256502602)
0(0.0, 0.012965226955088949)
0(0.0, 0.012897031419693006)
0(0.0, 0.01285809457101672)
0(0.0, 0.012788060073339547)
0(0.0, 0.012766300769600725)
0(0.0, 0.012740244581134763)
0(0.0, 0.01272159517623983)
0(0.0, 0.012684394944921129)
0(0.0, 0.012681310121442357)
0(0.0, 0.012655075020814865)
0(0.0, 0.01260946335305535)
0(0.0, 0.01257163267009187)
0(0.0, 0.01252692703053937)
0(0.0, 0.01243655804790067)
0(0.0, 0.012431834581698387)
0(0.0, 0.012419369897844978)
0(0.0, 0.012281667718657463)
0(0.0, 0.012227731502577499)
0(0.0, 0.012223893637433814)
0(0.0, 0.012214320486305108)
0(0.0, 0.012189666479418548)
0(0.0, 0.012023757945755387)
0(0.0, 0.011991761858158867)
0(0.0, 0.011848982700835897)
0(0.0, 0.011806768967085768)
0(0.0, 0.011806519262821946)
0(0.0, 0.011731651079008532)
0(0.0, 0.011635507801586065)
0(0.0, 0.011486281033491919)
0(0.0, 0.011462341095360817)
0(0.0, 0.011252978153198256)
0(0.0, 0.011242219921084873)
0(0.0, 0.011224080125340374)
0(0.0, 0.011197510735413752)
0(0.0, 0.011114407261837655)
0(0.0, 0.011062290734140223)
0(0.0, 0.011056338924778752)
0(0.0, 0.010928590052411646)
0(0.0, 0.010924975264343884)
0(0.0, 0.01090560508067806)
0(0.0, 0.010875455746249263)
0(0.0, 0.010873550809204602)
0(0.0, 0.01083047848783425)
0(0.0, 0.010818867143214006)
0(0.0, 0.010678205633465443)
0(0.0, 0.010651747085580032)
0(0.0, 0.010650165145186463)
0(0.0, 0.010626773696309155)
0(0.0, 0.010598182600933481)
0(0.0, 0.01049103491041914)
0(0.0, 0.01048657893318905)
0(0.0, 0.010477646035860322)
0(0.0, 0.01044959491866504)
0(0.0, 0.010447969792013234)
0(0.0, 0.01037492418483299)
0(0.0, 0.010356715806420724)
0(0.0, 0.0098520940464073)
0(0.0, 0.009839777291355545)
0(0.0, 0.00983462680286129)
0(0.0, 0.009772847602364076)
0(0.0, 0.009689372251447392)
0(0.0, 0.009679187571474679)
0(0.0, 0.009666210948428233)
0(0.0, 0.009615966725209035)
0(0.0, 0.009480645271527699)
0(0.0, 0.009452518256033327)
0(0.0, 0.009403911723465663)
0(0.0, 0.009301423447704904)
0(0.0, 0.00927575082221932)
0(0.0, 0.009274118226135886)
0(0.0, 0.009085512313291688)
0(0.0, 0.008872925822303035)
0(0.0, 0.00861595563549522)
0(0.0, 0.008566313743163412)
0(0.0, 0.008548307865105742)
0(0.0, 0.008531270118440681)
0(0.0, 0.008477958806844321)
0(0.0, 0.0082553612291828)
0(0.0, 0.008100282169596906)
0(0.0, 0.007891316215692168)
0(0.0, 0.007581619848753274)
0(0.0, 0.006463114120300539)
0(0.0, 0.006177508205698845)
0(0.0, 0.005159057480315754)
0(0.0, 0.0046627142201775)
0(0.0, 0.004186077740397587)
0(0.0, 0.0034265400720638883)
0(0.0, 0.002946097122991098)
0(0.0, 0.002043568224245673)
0(0.0, 0.001902283126745452)
0(0.0, 0.001699041336874818)
0(0.0, 0.001229504033744555)
0(0.0, 0.0010861618109794247)
