1(0.29336838890614314, 0.33485101968414843)
1(0.14832820213477482, 0.1859616083133141)
1(0.10948699145094287, 0.14535515235453234)
1(0.15128128350781478, 0.1826940661396259)
1(0.10395219972562941, 0.13405775171524414)
1(0.12901585420053996, 0.15907675563348433)
1(0.14261199705192174, 0.1720758956398064)
1(0.13387770094260343, 0.16236033126116922)
1(0.14308719113787638, 0.1689003586595761)
1(0.14726418495311688, 0.17298644421929554)
1(0.12192429598333765, 0.14676659617330312)
1(0.09568408474270207, 0.12038792492291384)
1(0.12357884323514579, 0.1475915660356425)
1(0.1572180796738466, 0.18036898320259698)
1(0.11235187988349093, 0.1349682470325667)
1(0.1350643383539678, 0.15765599525592133)
1(0.1347572087473916, 0.1570657019678765)
1(0.14686518291888184, 0.16906577334782735)
1(0.15585063571964497, 0.17794917037070968)
1(0.15563694874255107, 0.17744935691568775)
1(0.1527027744052003, 0.17422225141449488)
1(0.1427795991339872, 0.16370498489630725)
1(0.09337360509585135, 0.1133688120046421)
1(0.14157276889896442, 0.16066552419101754)
1(0.11901479895847877, 0.13753234117645707)
1(0.15583609836119883, 0.17343023206146801)
1(0.12634578195170454, 0.1436689566789352)
1(0.0785497642191999, 0.095791866524501)
1(0.13840237833471225, 0.15527471119335412)
1(0.1196075834776259, 0.13629445591299771)
1(0.10435133785528394, 0.12045537266144013)
1(0.10359705368312899, 0.11937091188667293)
1(0.11921680245661159, 0.1347389030936238)
1(0.14762155139776545, 0.16311755520126048)
1(0.12895412010505158, 0.1444414067902644)
1(0.16844568449673525, 0.18388404939873704)
1(0.17129817944294345, 0.18665833646486396)
1(0.16522633686862043, 0.18033598006329965)
1(0.13160061840111215, 0.14574176838145203)
1(0.12397105185512924, 0.1381078910890281)
1(0.126861121329084, 0.14087301972652821)
1(0.13857546003649257, 0.15250062192868608)
1(0.15747352225814348, 0.1712235224151588)
1(0.15141594626208466, 0.16515755413386712)
1(0.10672649653141097, 0.12038792492291384)
1(0.11169790857391182, 0.1253404675902735)
1(0.16751533620814862, 0.1810991031576349)
1(0.14001939265914687, 0.15320016070518316)
1(0.14310273216045333, 0.1558793639791186)
1(0.15611481734388089, 0.16879425469408593)
1(0.13232318026751488, 0.14485375377510334)
1(0.11986420785139884, 0.1322475830242772)
1(0.13380078109688964, 0.1461607030671639)
1(0.1655152500105158, 0.1778219118129718)
1(0.12880350327247891, 0.14107835358632448)
1(0.15852049568089932, 0.17035994738103322)
1(0.12204516840959168, 0.13381010196160426)
1(0.10719277424012152, 0.11888876616730559)
1(0.1546763230200583, 0.16637171374279236)
1(0.09054849219166006, 0.10221392201552493)
1(0.16393112971367596, 0.17555602696699546)
1(0.1625174606142371, 0.174098332689688)
1(0.13863242857603086, 0.15018486698856226)
1(0.10691611176723836, 0.1183358692372749)
1(0.1756043358080316, 0.18699061879726542)
1(0.10313623069889888, 0.11442995670456368)
1(0.11907460689735716, 0.13029445035757026)
1(0.17666906195172838, 0.18787422526477315)
1(0.12308798205509053, 0.13428172854167764)
1(0.13934977769129486, 0.15042427652071566)
1(0.12594807415315823, 0.1363598455489512)
1(0.16015481825677946, 0.17039932074326292)
1(0.14512982333068558, 0.155369598401212)
1(0.13547980403316806, 0.14554595692646521)
1(0.15320408749033554, 0.16325654237338583)
1(0.18726792290647598, 0.19729920361377207)
1(0.15745521091733505, 0.16732869731050404)
1(0.10232189883569687, 0.11207182841373253)
1(0.12887643503171886, 0.13861214614464834)
1(0.1492081799180558, 0.15893461408513931)
1(0.156790190582893, 0.16626226778510322)
1(0.09737209038119743, 0.10679266738299076)
1(0.15838051631168748, 0.16773067679739528)
1(0.15879799546758588, 0.16811858398236434)
1(0.12423652659032991, 0.13353198518040788)
1(0.1830972943226189, 0.1923654610711848)
1(0.15606984115890865, 0.16526088514238002)
1(0.20353936920004478, 0.21272628189218212)
1(0.12596779565911598, 0.13500341919594194)
1(0.20047542809371055, 0.20945922083098323)
1(0.16569416158782835, 0.17466340955818038)
1(0.17065693058938636, 0.17944013919141888)
1(0.17926770031773054, 0.18799563553304088)
1(0.1057675335523004, 0.11448706765177752)
1(0.09274499860709873, 0.10130500510108698)
1(0.12034547176206878, 0.12880905345705929)
1(0.16980181442360232, 0.17803902315735487)
1(0.0985585241383996, 0.10679266738299076)
1(0.14031762511651658, 0.14845386699091956)
1(0.17275785234180352, 0.18076336659926984)
1(0.09283851063909287, 0.10082665702805982)
1(0.10718653319309546, 0.11512060013592307)
1(0.1302915863077625, 0.13819909370731265)
1(0.15997359200651562, 0.16782655737457286)
1(0.11597458286279494, 0.12379143926196934)
1(0.15752875636308938, 0.16520839580331725)
1(0.12899184099575978, 0.13666306734448175)
1(0.02336447282056875, 0.03102906817969331)
1(0.13228322234823042, 0.13994328948255164)
1(0.11720415565110776, 0.1247920060519152)
1(0.1549883485847091, 0.16224137563663465)
1(0.14886681654781997, 0.15611849403007438)
1(0.16950974609401992, 0.17662709809052768)
1(0.11323971231293506, 0.12001865872890005)
1(0.16336386051715945, 0.17013461303233313)
1(0.022252147813516587, 0.028824805825016897)
1(0.1775962965526402, 0.18410181721945795)
1(0.14728946351843364, 0.15365715057892104)
1(0.14968359660275987, 0.1559847621213234)
1(0.14945838583388715, 0.15573898497209082)
1(0.11226145916658725, 0.1184694408680056)
1(0.1767348265258326, 0.18283695217796658)
1(0.12176777473241984, 0.12784383160604573)
1(0.04216117612514847, 0.048232025555798086)
1(0.1367188196339616, 0.14278739743782454)
1(0.1739459182265486, 0.17994588987691862)
1(0.1444881046804346, 0.15046134416709755)
1(0.1325024932161064, 0.1383759859217505)
1(0.12993449422985703, 0.13577102842914845)
1(0.1273699455994426, 0.13303491439023596)
1(0.019738128612430406, 0.025397743395686345)
1(0.19643303922042776, 0.20209199759651397)
1(0.12508212477891856, 0.13066771711329384)
1(0.12034867646182124, 0.1259019644745305)
1(0.02334390655383345, 0.028824805825016897)
1(0.14572484843301914, 0.15114847391327046)
1(0.10832836403344115, 0.11373709859583414)
1(0.09978437204537538, 0.10511663779005864)
1(0.13718749696784582, 0.14251701763618718)
1(0.19755914584738365, 0.2028844153110091)
1(0.13504788400049061, 0.14036348783177321)
1(0.13910773143368405, 0.1444187040117869)
1(0.021355449135281535, 0.02660430790963131)
1(0.14617687323370676, 0.15140072034948227)
1(0.12549464916955244, 0.13066969998163624)
1(0.10278193274143965, 0.1078770292079011)
1(0.09923583137118908, 0.10425269026348638)
1(0.02236769084964585, 0.027378320909997256)
1(0.09760923918902487, 0.10250953274861707)
1(0.14260855733041677, 0.14748723941363961)
1(0.10968222651167281, 0.11452727916878269)
1(0.1682320947291931, 0.17305595150741893)
1(0.029477336888457106, 0.03422234020838255)
1(0.16743243388821571, 0.1720395290062785)
1(0.1618827172336521, 0.16648043688955438)
1(0.0257821987125485, 0.030366231357368934)
1(0.179358907276283, 0.18381140340630564)
1(0.15043094747813712, 0.1548152385158258)
1(0.10213415832023787, 0.10651463269451533)
1(0.19478445351434803, 0.1991302516758775)
1(0.1350066618153677, 0.1392591299942747)
1(0.0978802174041642, 0.10195967022208652)
1(0.14686342137095154, 0.1509019915190305)
1(0.02840296327702274, 0.03235943361367477)
1(0.15086956983719968, 0.1548152385158258)
1(0.10008672817981235, 0.10395294660242504)
1(0.1297686898282575, 0.13363350755413494)
1(0.1510053021425587, 0.15479255143208204)
1(0.0160847256253015, 0.019850914785250473)
1(0.17031375230683032, 0.17403628252188286)
1(0.01766677776672032, 0.021239309963152042)
1(0.20311385705536433, 0.20667369140450842)
1(0.1299373430116445, 0.13348555737744894)
1(0.020057455268416624, 0.023589922190774604)
1(0.015323987376965942, 0.018855133120237455)
1(0.13359757311921705, 0.1371222335351001)
1(0.12822544198628594, 0.13173807523663894)
1(0.14351250326825704, 0.1470143027495665)
1(0.14830050138331785, 0.15179155827557667)
1(0.12294853411653883, 0.12643781992150982)
1(0.12298912245085813, 0.12643781992150982)
1(0.0138200953575085, 0.017262190201648764)
1(0.13276759154999118, 0.1361946822774377)
1(0.017571573672397256, 0.020899631110179562)
1(0.1255757261292758, 0.128899134667272)
1(0.1623863310020538, 0.16567546251747645)
1(0.1891000974043251, 0.1923654610711848)
1(0.014417096800873774, 0.017677089649173805)
1(0.12365216284574176, 0.12680912104773268)
1(0.17126487118665346, 0.1743526166988687)
1(0.025853689019254222, 0.028911874041019914)
1(0.020213565242913067, 0.023158500222765777)
1(0.032309277171592266, 0.035221413157806025)
1(0.10923180388273035, 0.11209130585546812)
1(0.14687195072048098, 0.149643193367744)
1(0.1555754173226227, 0.15833230849872104)
1(0.1417803989498405, 0.14447268679647618)
1(0.022102333778999284, 0.024765379185924585)
1(0.11781170652300976, 0.12045537266144013)
1(0.14894042439955102, 0.15155511266368904)
1(0.03422595530066286, 0.03678651129023869)
1(0.014120488159105826, 0.01663816327941603)
1(0.017467535644848597, 0.019973744056155374)
1(0.1425639709621499, 0.14500230531556835)
1(0.014868568582841801, 0.017272225173322386)
1(0.1339555636588876, 0.1363425711921994)
1(0.016897174278935334, 0.019257383221723545)
1(0.021792810438729937, 0.02414631101429343)
1(0.016218173360952215, 0.018528960802935535)
1(0.16289769919903452, 0.16520839580331725)
1(0.018293127980877788, 0.02052657599298302)
1(0.014903754058144925, 0.017135565381675377)
1(0.09862915620064072, 0.10082665702805982)
1(0.024098733420022667, 0.026285955880681167)
1(0.015704376666181852, 0.017884426862145864)
1(0.014421657798431742, 0.01652940691476168)
1(0.02097299386857998, 0.023018538383485443)
1(0.01688745743525366, 0.018909511427396053)
1(0.029438981903922468, 0.03142779176202615)
1(0.11537378392231934, 0.1173454414076972)
1(0.18809437918241512, 0.190024462448251)
1(0.0192624491739255, 0.021171526388160333)
1(0.012546145886051407, 0.014452885248738112)
1(0.011390126852877547, 0.013247280664585137)
1(0.12818457201287425, 0.1300022380904462)
1(0.037799196056259476, 0.039616478717038106)
1(0.13502711744530027, 0.13683710723333042)
1(0.016604688929180433, 0.018407431591514145)
1(0.01776058953190207, 0.01954840475452113)
1(0.036455950440831275, 0.038209084578323615)
1(0.020410757150303382, 0.02209795723719843)
1(0.13533853282856123, 0.13701935855108505)
1(0.01966028283782295, 0.021335209408462008)
1(0.013243517210486333, 0.014901443309262796)
1(0.028482709691970864, 0.03009752349478234)
1(0.13602785018430774, 0.1376423089233778)
1(0.01311675548980118, 0.01472883090447008)
1(0.015227633194608736, 0.016830771840906755)
1(0.03183673060694159, 0.033428672505724344)
1(0.022342106750431023, 0.0239203426785235)
1(0.016871820294417805, 0.018447025792172833)
1(0.11435886621524749, 0.11592526978856865)
1(0.185455717674205, 0.18699061879726542)
1(0.016486897225888475, 0.017945573165977002)
1(0.02363762355296517, 0.025095777277574838)
1(0.01563075366833977, 0.017062395919400286)
1(0.019028999937553248, 0.020433252836509208)
1(0.021397095634915875, 0.022790738615927286)
1(0.017918023209282374, 0.019283037481154564)
1(0.019190616227515056, 0.020538363326473852)
1(0.01959383805855941, 0.0209313500296322)
1(0.02496182082119036, 0.026299071340731617)
1(0.011939605499007633, 0.013247280664585137)
1(0.013686123571039266, 0.014974484083063344)
1(0.012606925735004215, 0.013872851037400102)
1(0.025521448193591922, 0.026771508372611552)
1(0.12815689638995753, 0.12940598836759554)
1(0.014736791667400051, 0.015969006432822952)
1(0.012797763507615634, 0.014027423563571895)
1(0.133549869444904, 0.134750913250838)
1(0.013627433260759658, 0.014784981777862471)
1(0.14167702619430467, 0.1428110715926313)
1(0.01274106613031023, 0.01387502186490075)
1(0.018402685910064442, 0.019516139761815654)
1(0.03300326555654798, 0.03407497886801081)
1(0.013251616863635074, 0.014315665790070042)
1(0.016176117518438282, 0.017236769670388563)
1(0.030390693117702372, 0.03142779176202615)
1(0.022334717195822806, 0.023361066826955712)
1(0.13874553192153416, 0.1397557623695196)
1(0.014825932191730229, 0.015827562861703615)
1(0.01958741442613865, 0.020585913819822665)
1(0.02570162408706711, 0.026695016613854317)
1(0.15561290750186096, 0.15654370080283475)
1(0.0188404165781223, 0.019758483518445447)
1(0.029108052717973232, 0.030011600976277863)
1(0.13272524297030852, 0.1336251961686592)
1(0.020805973333864802, 0.021657166940211137)
1(0.09772819959399892, 0.09857244190823422)
1(0.14388066770868269, 0.14471387322420903)
1(0.0189843616959946, 0.019817443066207474)
1(0.021351653315902053, 0.022172611829411548)
1(0.016043124823363453, 0.01683370196239342)
1(0.1656989385447143, 0.16648043688955438)
1(0.13214542298765974, 0.13291088195315215)
1(0.12369286802012147, 0.12444471626581544)
1(0.021829772210593568, 0.0225607853604044)
1(0.017269321608702537, 0.017968353406603854)
1(0.022184323429139785, 0.02288155498559441)
1(0.10243162195808186, 0.10309227096093809)
1(0.1667140853278275, 0.16732869731050404)
1(0.1279426053101117, 0.12855073329380473)
1(0.023446323533370284, 0.024028844622569268)
1(0.13069242326140096, 0.13124710415479646)
1(0.18342308776453187, 0.18395719229162066)
1(0.20949181412249251, 0.21002524329296923)
1(0.0900570616710834, 0.09055693158679246)
1(0.019275519866879698, 0.01975743515235706)
1(0.034763196607284996, 0.03523434634022338)
1(0.020115500922139318, 0.020585913819822665)
1(0.02062752977262683, 0.021067905137195475)
1(0.02232466944437761, 0.022757784874675058)
1(0.014700456847942633, 0.015128600160512873)
1(0.026488960768936587, 0.026901745358482332)
1(0.11880698618965946, 0.11920109680251467)
1(0.02228293801425163, 0.02265879505122681)
1(0.015086556895944403, 0.015450685759728078)
1(0.18959123800855082, 0.18995240824526616)
1(0.020496370502139927, 0.020856843314195017)
1(0.029796647816909938, 0.030138069587185567)
1(0.13534860896414225, 0.13568130900621667)
1(0.023194643960942063, 0.02352158313437791)
1(0.15751118410923381, 0.15781179001529033)
1(0.023758732970918017, 0.024056848009926357)
1(0.018365945904930125, 0.018647873094454925)
1(0.018217419296419624, 0.01848355271353419)
1(0.01785619451332332, 0.018120829445377185)
1(0.10762439869161888, 0.1078770292079011)
1(0.13301074122585854, 0.13325068562039533)
1(0.011457481349854026, 0.011693353238133586)
1(0.01664039188991684, 0.01683370196239342)
1(0.027002600693496026, 0.02718894957721818)
1(0.013179624694238279, 0.013363489397915318)
1(0.01660723673196518, 0.016742878660215177)
1(0.01598308194120801, 0.01611817064698995)
1(0.020933453174576733, 0.021067905137195475)
1(0.13367669782158798, 0.13381010196160426)
1(0.017146025078814575, 0.017276756084357747)
1(0.13721392887122574, 0.1373329270123662)
1(0.12220481946585948, 0.12232049232613029)
1(0.013496280456415488, 0.013611819875503084)
1(0.023033157369927615, 0.023127943024299213)
1(0.01629448593028049, 0.0163887781989982)
1(0.14110335560508513, 0.141195144081664)
1(0.01530545321080179, 0.015356974930416212)
1(0.0220983581915295, 0.022133590369682876)
1(0.015800595964859387, 0.015827562861703615)
1(0.13285377866906, 0.1328727708744446)
1(0.015110658302477487, 0.015128600160512873)
1(0.014309059123967738, 0.014324557784719083)
1(0.034829127806058846, 0.0348298035426603)
0(0.0, inf)
0(0.0, 0.6423070650142899)
0(0.0, 0.3558698901332302)
0(0.0, 0.22039819567968277)
0(0.0, 0.2194184491657024)
0(0.0, 0.20879280154633628)
0(0.0, 0.19501752261396843)
0(0.0, 0.18981594233975874)
0(0.0, 0.18939300809177728)
0(0.0, 0.1774239314646452)
0(0.0, 0.17463034417639356)
0(0.0, 0.17055307972886613)
0(0.0, 0.16674120204653387)
0(0.0, 0.16373805362328886)
0(0.0, 0.1630450762469744)
0(0.0, 0.1626230267408757)
0(0.0, 0.16153150946477235)
0(0.0, 0.15807174357884102)
0(0.0, 0.15701426259666573)
0(0.0, 0.15665136385411393)
0(0.0, 0.156432381126967)
0(0.0, 0.15612283349598155)
0(0.0, 0.155655443224321)
0(0.0, 0.15448637847679092)
0(0.0, 0.15447650198602614)
0(0.0, 0.1533236353617503)
0(0.0, 0.15132075995339)
0(0.0, 0.150784287324772)
0(0.0, 0.15054300342964178)
0(0.0, 0.1503963386763898)
0(0.0, 0.15018592170720346)
0(0.0, 0.1492658808898505)
0(0.0, 0.147741358428211)
0(0.0, 0.14720204085655275)
0(0.0, 0.14660421372120136)
0(0.0, 0.14493679260316739)
0(0.0, 0.1442438413843541)
0(0.0, 0.14418263169541867)
0(0.0, 0.14414183785939472)
0(0.0, 0.14338843809274282)
0(0.0, 0.1433196519220209)
0(0.0, 0.14285895934298065)
0(0.0, 0.14275746944502765)
0(0.0, 0.1419686908999812)
0(0.0, 0.1418889889075574)
0(0.0, 0.14167776748934047)
0(0.0, 0.14151639067716393)
0(0.0, 0.141436942129193)
0(0.0, 0.14142312537016533)
0(0.0, 0.1413675966405601)
0(0.0, 0.14065718081289824)
0(0.0, 0.14018970117118523)
0(0.0, 0.13962037138462902)
0(0.0, 0.13959792816842287)
0(0.0, 0.13901652301459633)
0(0.0, 0.13837515405862943)
0(0.0, 0.13834137672162006)
0(0.0, 0.13803772425715322)
0(0.0, 0.13662695979144202)
0(0.0, 0.13638774683232302)
0(0.0, 0.13555352234822016)
0(0.0, 0.13550453041232358)
0(0.0, 0.13538329329197474)
0(0.0, 0.13524630659875725)
0(0.0, 0.1351004617293745)
0(0.0, 0.13485969526187447)
0(0.0, 0.1345439452655952)
0(0.0, 0.13454348063824606)
0(0.0, 0.13419588865243592)
0(0.0, 0.1333744950468836)
0(0.0, 0.13326214671724923)
0(0.0, 0.13237285408271826)
0(0.0, 0.13222490889009608)
0(0.0, 0.13151739236764226)
0(0.0, 0.13127123004927943)
0(0.0, 0.13100817856606817)
0(0.0, 0.13069645189026968)
0(0.0, 0.1304604318728919)
0(0.0, 0.129973021598499)
0(0.0, 0.12892197080783274)
0(0.0, 0.12847813520742613)
0(0.0, 0.12796885677995018)
0(0.0, 0.12792542106878257)
0(0.0, 0.1278017585613449)
0(0.0, 0.12754664072343536)
0(0.0, 0.1267205733800214)
0(0.0, 0.12635986924070997)
0(0.0, 0.1261291013155481)
0(0.0, 0.12558033932994883)
0(0.0, 0.12540838604824633)
0(0.0, 0.1254030591006694)
0(0.0, 0.12521448153107761)
0(0.0, 0.1251812652682236)
0(0.0, 0.1251117955516523)
0(0.0, 0.12477728958609069)
0(0.0, 0.12473427723382391)
0(0.0, 0.12404704699266744)
0(0.0, 0.12335116008383984)
0(0.0, 0.123262107346097)
0(0.0, 0.12323666140511969)
0(0.0, 0.12291513792258191)
0(0.0, 0.12170184277299878)
0(0.0, 0.1216397227242233)
0(0.0, 0.1212671091089772)
0(0.0, 0.12125556734681087)
0(0.0, 0.12088158486758005)
0(0.0, 0.12080235408421769)
0(0.0, 0.12074926499881578)
0(0.0, 0.12036326177278522)
0(0.0, 0.1203182856949836)
0(0.0, 0.12024229205174009)
0(0.0, 0.11996372972964398)
0(0.0, 0.11979402083932544)
0(0.0, 0.11974855186403155)
0(0.0, 0.11918683076577574)
0(0.0, 0.11912182929335413)
0(0.0, 0.11876167116131264)
0(0.0, 0.1179939544271007)
0(0.0, 0.11796565891489674)
0(0.0, 0.11769265348381308)
0(0.0, 0.11749808274260554)
0(0.0, 0.11733209455121507)
0(0.0, 0.11653012601095403)
0(0.0, 0.1164446647703068)
0(0.0, 0.11605273573213282)
0(0.0, 0.11551225809285215)
0(0.0, 0.11542567987301622)
0(0.0, 0.11533502900058601)
0(0.0, 0.11528809270653373)
0(0.0, 0.11519818741980425)
0(0.0, 0.1140072076007832)
0(0.0, 0.11365725456777331)
0(0.0, 0.11312494420537511)
0(0.0, 0.11211099411851932)
0(0.0, 0.1117581912770832)
0(0.0, 0.11110137951749322)
0(0.0, 0.11091358383669658)
0(0.0, 0.11008527213895569)
0(0.0, 0.10989658028407423)
0(0.0, 0.10954641782498797)
0(0.0, 0.10954529423952364)
0(0.0, 0.10952838684647137)
0(0.0, 0.109499566009023)
0(0.0, 0.1084058214668221)
0(0.0, 0.10824581265216637)
0(0.0, 0.1081145490233536)
0(0.0, 0.10731415163923408)
0(0.0, 0.10686582783700904)
0(0.0, 0.10654564418737289)
0(0.0, 0.10559249502026502)
0(0.0, 0.10536206506573265)
0(0.0, 0.10535386529547619)
0(0.0, 0.10401643450254239)
0(0.0, 0.10400148563681477)
0(0.0, 0.10397637530003978)
0(0.0, 0.10393069672196054)
0(0.0, 0.1034836939548679)
0(0.0, 0.10292285885085029)
0(0.0, 0.1028619212890961)
0(0.0, 0.10281108073453271)
0(0.0, 0.10271479563504793)
0(0.0, 0.10170764397265297)
0(0.0, 0.10170589292470211)
0(0.0, 0.10150144670558958)
0(0.0, 0.10120730845555947)
0(0.0, 0.10116125148688371)
0(0.0, 0.10065311396634058)
0(0.0, 0.10040202996349612)
0(0.0, 0.09957771503170676)
0(0.0, 0.09919514692577558)
0(0.0, 0.098532453331178)
0(0.0, 0.09844579830428657)
0(0.0, 0.09828487418053178)
0(0.0, 0.09714825630339596)
0(0.0, 0.0971203598242052)
0(0.0, 0.09605825331811302)
0(0.0, 0.09544973024083336)
0(0.0, 0.09527323078138716)
0(0.0, 0.09503553915450369)
0(0.0, 0.09456196849402687)
0(0.0, 0.09445323351962576)
0(0.0, 0.09340574551269709)
0(0.0, 0.09248230207123409)
0(0.0, 0.09222831759336136)
0(0.0, 0.09192073358537756)
0(0.0, 0.09127472335594955)
0(0.0, 0.09120815162034168)
0(0.0, 0.09069205934236824)
0(0.0, 0.09047219817240237)
0(0.0, 0.09024398064063222)
0(0.0, 0.08965839349364024)
0(0.0, 0.08938945397370202)
0(0.0, 0.08923912338155982)
0(0.0, 0.08844298634334624)
0(0.0, 0.08841338153391054)
0(0.0, 0.08830947016223767)
0(0.0, 0.08819726834148434)
0(0.0, 0.08797324584858413)
0(0.0, 0.08680353772581051)
0(0.0, 0.0865741368351649)
0(0.0, 0.08641962634515932)
0(0.0, 0.08622744008491057)
0(0.0, 0.08611248165416518)
0(0.0, 0.08589937015822968)
0(0.0, 0.08582943603553728)
0(0.0, 0.08540232936161851)
0(0.0, 0.0852554696734511)
0(0.0, 0.08468327225858518)
0(0.0, 0.08435633282519417)
0(0.0, 0.08415610689564434)
0(0.0, 0.08296025639927396)
0(0.0, 0.08040409144829197)
0(0.0, 0.08027208835694799)
0(0.0, 0.08010335914604094)
0(0.0, 0.0799044667798744)
0(0.0, 0.07960848139184906)
0(0.0, 0.07806976291629608)
0(0.0, 0.07790968840577261)
0(0.0, 0.0763606540210896)
0(0.0, 0.07481133306999399)
0(0.0, 0.06960900517268842)
0(0.0, 0.06762961755612928)
0(0.0, 0.06401146875556263)
0(0.0, 0.058769091048077926)
0(0.0, 0.05543499261540563)
0(0.0, 0.052452716520677956)
0(0.0, 0.04920643208186948)
0(0.0, 0.04913474896590164)
0(0.0, 0.04383890517152078)
0(0.0, 0.04037385420797146)
0(0.0, 0.03925178857545342)
0(0.0, 0.03820149752947588)
0(0.0, 0.038020084476383165)
0(0.0, 0.03695662093878571)
0(0.0, 0.03664582711537678)
0(0.0, 0.035921656757805454)
0(0.0, 0.03321352968432323)
0(0.0, 0.03209206453174129)
0(0.0, 0.0320539406776672)
0(0.0, 0.0319857509233783)
0(0.0, 0.031141664914322686)
0(0.0, 0.028820975721566056)
0(0.0, 0.028287267137688032)
0(0.0, 0.027522470934985166)
0(0.0, 0.026688283229540977)
0(0.0, 0.02667306446906681)
0(0.0, 0.026624535123383364)
0(0.0, 0.02656257843528853)
0(0.0, 0.02647846686225408)
0(0.0, 0.025939071065402275)
0(0.0, 0.025556854121157713)
0(0.0, 0.025199349014691008)
0(0.0, 0.024320087177946315)
0(0.0, 0.0242790667746402)
0(0.0, 0.02418498223045029)
0(0.0, 0.0241612537361372)
0(0.0, 0.02343894992024176)
0(0.0, 0.023024961413891654)
0(0.0, 0.022834782030884515)
0(0.0, 0.022819045216185496)
0(0.0, 0.0227261407063285)
0(0.0, 0.022685507331362098)
0(0.0, 0.022341041489697844)
0(0.0, 0.022225788489196874)
0(0.0, 0.021625185251612278)
0(0.0, 0.021552096770213858)
0(0.0, 0.021456231828988037)
0(0.0, 0.021390920204413688)
0(0.0, 0.02135632852810232)
0(0.0, 0.021264730646791796)
0(0.0, 0.02125022340515559)
0(0.0, 0.021212566233284158)
0(0.0, 0.021159314417204422)
0(0.0, 0.021102448088702985)
0(0.0, 0.020931222395441762)
0(0.0, 0.020813859635441245)
0(0.0, 0.020640399436850254)
0(0.0, 0.02005649307919155)
0(0.0, 0.020046018190879367)
0(0.0, 0.020042826396132862)
0(0.0, 0.020002866026544774)
0(0.0, 0.019665096348525313)
0(0.0, 0.01956093155882299)
0(0.0, 0.019548069846556992)
0(0.0, 0.01952603879461734)
0(0.0, 0.019326042500538154)
0(0.0, 0.019235339713764676)
0(0.0, 0.019210329285701655)
0(0.0, 0.019201189920341144)
0(0.0, 0.019105948396334616)
0(0.0, 0.018936180212619114)
0(0.0, 0.018829815598345956)
0(0.0, 0.0187784154761933)
0(0.0, 0.018671360976865947)
0(0.0, 0.018438203597331282)
0(0.0, 0.01835801564955397)
0(0.0, 0.01835375639680714)
0(0.0, 0.01831854215795381)
0(0.0, 0.018317661348442926)
0(0.0, 0.018303321103791292)
0(0.0, 0.018238881916996075)
0(0.0, 0.018066884893499058)
0(0.0, 0.018039135903292647)
0(0.0, 0.017917910966070316)
0(0.0, 0.017897849814459965)
0(0.0, 0.017774565680933607)
0(0.0, 0.017752208877031328)
0(0.0, 0.01774645846635814)
0(0.0, 0.017705482035184295)
0(0.0, 0.017615485402829645)
0(0.0, 0.017541399582127193)
0(0.0, 0.0175325720595223)
0(0.0, 0.017478885090243867)
0(0.0, 0.017352945201793868)
0(0.0, 0.01734032548910469)
0(0.0, 0.017273401002858013)
0(0.0, 0.0171559335119591)
0(0.0, 0.016864001722831756)
0(0.0, 0.016787486570187693)
0(0.0, 0.016585368140834222)
0(0.0, 0.016463936704993576)
0(0.0, 0.01643307797051108)
0(0.0, 0.016316391073082914)
0(0.0, 0.016284916914777847)
0(0.0, 0.016262825447649343)
0(0.0, 0.016168618603206397)
0(0.0, 0.016144283780497815)
0(0.0, 0.016141610332495282)
0(0.0, 0.01605182452504761)
0(0.0, 0.0159888401537992)
0(0.0, 0.01598092389008865)
0(0.0, 0.015891863056704536)
0(0.0, 0.01588912467107917)
0(0.0, 0.01580274572991569)
0(0.0, 0.015771892970725343)
0(0.0, 0.015541020625591595)
0(0.0, 0.015533585143622464)
0(0.0, 0.01552563303308896)
0(0.0, 0.01547043179517249)
0(0.0, 0.015417653240173856)
0(0.0, 0.01538429782580808)
0(0.0, 0.015374854314056385)
0(0.0, 0.015290570693632488)
0(0.0, 0.015236856473785476)
0(0.0, 0.01516554134128889)
0(0.0, 0.015152012927471592)
0(0.0, 0.015058958925853627)
0(0.0, 0.014983354262361304)
0(0.0, 0.014776117690667445)
0(0.0, 0.014771534217067783)
0(0.0, 0.01467184895921525)
0(0.0, 0.014619960228697493)
0(0.0, 0.014535113261371801)
0(0.0, 0.01453133632531911)
0(0.0, 0.014511507560435954)
0(0.0, 0.014491113195759908)
0(0.0, 0.014384763912957288)
0(0.0, 0.014343070565919325)
0(0.0, 0.014341896954637834)
0(0.0, 0.014339303007695592)
0(0.0, 0.014336505835954694)
0(0.0, 0.014327697939987893)
0(0.0, 0.014228232028267729)
0(0.0, 0.014182389243415416)
0(0.0, 0.01414431491122281)
0(0.0, 0.014027191869775968)
0(0.0, 0.014014452071400285)
0(0.0, 0.014008449874583273)
0(0.0, 0.01387533532452534)
0(0.0, 0.013852107741056163)
0(0.0, 0.013841981143578819)
0(0.0, 0.013839994644236131)
0(0.0, 0.01371170480464523)
0(0.0, 0.013620239420953029)
0(0.0, 0.013451208322240116)
0(0.0, 0.013374719582064043)
0(0.0, 0.013371323693854187)
0(0.0, 0.013348787317102984)
0(0.0, 0.013227511935952285)
0(0.0, 0.013083619148901993)
0(0.0, 0.013040194409883243)
0(0.0, 0.01298400705365943)
0(0.0, 0.012952336901606909)
0(0.0, 0.012947102732306703)
0(0.0, 0.012886796574367199)
0(0.0, 0.012847739837996475)
0(0.0, 0.01276298558405975)
0(0.0, 0.012671558926174331)
0(0.0, 0.012648509365801641)
0(0.0, 0.012568074945426888)
0(0.0, 0.012530725995759329)
0(0.0, 0.012496275150597147)
0(0.0, 0.012486094689200478)
0(0.0, 0.012475689837990633)
0(0.0, 0.012432238042652921)
0(0.0, 0.012393188350811268)
0(0.0, 0.012315427835437376)
0(0.0, 0.012292089302028741)
0(0.0, 0.012185302532471631)
0(0.0, 0.012076230286707457)
0(0.0, 0.012057040002769304)
0(0.0, 0.012002288917460247)
0(0.0, 0.011950032894275542)
0(0.0, 0.011941273754594417)
0(0.0, 0.011933840214324087)
0(0.0, 0.011912273684015595)
0(0.0, 0.011872149428094447)
0(0.0, 0.011844762231998929)
0(0.0, 0.011459883342860633)
0(0.0, 0.011459700968919462)
0(0.0, 0.01142571721422836)
0(0.0, 0.011413080106812301)
0(0.0, 0.01125279618487407)
0(0.0, 0.011210320630147041)
0(0.0, 0.011057596909830325)
0(0.0, 0.011050904045443621)
0(0.0, 0.011039798894143082)
0(0.0, 0.010868629740097835)
0(0.0, 0.01082461838093074)
0(0.0, 0.010788366138756)
0(0.0, 0.010735879947255333)
0(0.0, 0.010569557472322688)
0(0.0, 0.010430647320335051)
0(0.0, 0.010376096096613274)
0(0.0, 0.010374040875733348)
0(0.0, 0.010293040144944698)
0(0.0, 0.010104459945401656)
0(0.0, 0.010058254937921784)
0(0.0, 0.009792488487646578)
0(0.0, 0.00974325541838239)
0(0.0, 0.009678494503426949)
0(0.0, 0.009384719930716434)
