1(0.10991044346995937, 0.15400422705903538)
1(0.08869572717254637, 0.11662756519737372)
1(0.11483220834636709, 0.13999890681547844)
1(0.12123524267783703, 0.14377782573568687)
1(0.11622099723521795, 0.1342614959543168)
1(0.07828360578160176, 0.09631491485626853)
1(0.07332488491370315, 0.09066187862040109)
1(0.07936077473899694, 0.09665555144542415)
1(0.10538894547427324, 0.12254832757397416)
1(0.11654207291030627, 0.13319864434152417)
1(0.07388418463985413, 0.09000432316315843)
1(0.08431326441835785, 0.10018385445496303)
1(0.07216303920078149, 0.08781905560164194)
1(0.07522939526810268, 0.0906610061805907)
1(0.11704782263230773, 0.13178343350778177)
1(0.0693513221545835, 0.08386305952968265)
1(0.079738394400094, 0.09401879724204998)
1(0.06978552815393524, 0.0832884601982472)
1(0.1141317288816921, 0.12729237587672593)
1(0.05784590039492932, 0.07098345331060318)
1(0.06811471922327739, 0.08117935807134136)
1(0.07450670669321424, 0.08749456850697002)
1(0.07460179869587102, 0.087567775754128)
1(0.08606361981747523, 0.09886706467040351)
1(0.17888484472089927, 0.19163003063076411)
1(0.11118983808138205, 0.12343380287534533)
1(0.06325592430679428, 0.07522850055035124)
1(0.06276314740202649, 0.07423397503588325)
1(0.07845968622127164, 0.08992320330455561)
1(0.099844539984982, 0.11121835158793736)
1(0.11869966224622586, 0.1299598397775279)
1(0.0684661557874442, 0.07927294032513932)
1(0.08223488055744976, 0.09296716154199192)
1(0.0785995942334996, 0.08918400325862208)
1(0.08234331978643883, 0.09273181883421633)
1(0.1114684809476284, 0.12180410763208382)
1(0.06602832325797559, 0.07616384244520369)
1(0.09902651833039378, 0.10901242790152932)
1(0.06714536261695592, 0.07698024254258395)
1(0.07452749069182973, 0.08410709205787892)
1(0.07252824157098958, 0.08176825973952107)
1(0.08861183531386074, 0.09778681964331881)
1(0.06893249665561008, 0.07804383897763623)
1(0.0680342028517732, 0.07710563042816942)
1(0.06638730968659945, 0.07541315758711475)
1(0.08715345786275186, 0.09611702271913136)
1(0.07864845405817134, 0.08746240688852569)
1(0.07634854808794966, 0.08464049859052347)
1(0.06898959598957477, 0.0769846889707052)
1(0.08327285333755063, 0.09082155196848041)
1(0.07131374558281978, 0.07868457148520225)
1(0.08510902140663135, 0.09246797247431227)
1(0.0668914106533468, 0.07422215071538296)
1(0.10588124917711639, 0.1131101549349387)
1(0.06297066657923289, 0.07017653203016516)
1(0.10917171563255645, 0.11635367222898996)
1(0.0899273750649916, 0.0970875562903375)
1(0.1381480553584663, 0.1450113811827799)
1(0.06709890492171211, 0.07385283935315023)
1(0.08704023456527932, 0.09371150338725698)
1(0.07327158700444192, 0.07991627273271973)
1(0.0675446076243249, 0.07366319753320705)
1(0.08680411674227895, 0.09280748651949688)
1(0.09536364544670484, 0.10136010859286815)
1(0.09152676751428945, 0.09747800464611389)
1(0.08486495399761418, 0.090814737288474)
1(0.06343138390109637, 0.06937650647891003)
1(0.07018661272717186, 0.07602824666690766)
1(0.07681560558613043, 0.08261839970427809)
1(0.07445264936213458, 0.08013335282421408)
1(0.07040471624310674, 0.07602824666690766)
1(0.06592019856980125, 0.07152454342319892)
1(0.0796736599002591, 0.08514469396635327)
1(0.08402367091004725, 0.08911091915580482)
1(0.08442388156572567, 0.08948879960677114)
1(0.08518274667572712, 0.09015910049490494)
1(0.0934802997972135, 0.09832110650528247)
1(0.07215352794265995, 0.07691145070892824)
1(0.05884965614557036, 0.06358837876040069)
1(0.07113157277400994, 0.0756810625981833)
1(0.10585793675478261, 0.11040367701512799)
1(0.09236193125180303, 0.09674845847635494)
1(0.013961897620693664, 0.018200642907394093)
1(0.06922012668456157, 0.07343819336549062)
1(0.022631779666950846, 0.02679767045852377)
1(0.011248354625040147, 0.015367704624242418)
1(0.07515326697142932, 0.07924296721940949)
1(0.08765857322418236, 0.09173921715335598)
1(0.07185380732754987, 0.07554794560004241)
1(0.06814671146532003, 0.07183506880161017)
1(0.06691769364023137, 0.07049271089886155)
1(0.08184091876348465, 0.08539177805661569)
1(0.02294020181316303, 0.026471934032068378)
1(0.07204776284829095, 0.07555197088303367)
1(0.08617881080319345, 0.08962783255562379)
1(0.07191591952153908, 0.07534267559675423)
1(0.08110312485779858, 0.08452802159113504)
1(0.08903414026760648, 0.09241103402285245)
1(0.06858534886921519, 0.07193537304180075)
1(0.11985558648146366, 0.12315855147082266)
1(0.07066191675063682, 0.0739645491556773)
1(0.08991465993398251, 0.0931662125926469)
1(0.07337698062876397, 0.0766023690837132)
1(0.08641852201792466, 0.08955050598984893)
1(0.1150979192522592, 0.11812587371170025)
1(0.10088269498819369, 0.103879018469752)
1(0.0706929417269162, 0.07366319753320705)
1(0.057941014405134994, 0.060885237096027334)
1(0.07007340607174295, 0.07297895756475836)
1(0.08040582987653255, 0.0832884601982472)
1(0.0758437828053734, 0.07868457148520225)
1(0.10219274360426889, 0.10498788952924087)
1(0.02355707511030236, 0.026351934670102994)
1(0.009254369836457443, 0.011934829793446067)
1(0.013565135502963677, 0.016219351636964974)
1(0.01006386877651877, 0.01270784380343526)
1(0.08856031505114526, 0.09117108827810727)
1(0.010398780805063956, 0.012924698545526359)
1(0.07615012743194505, 0.07867568856803753)
1(0.08340083316065117, 0.08592602928853188)
1(0.11790248060600272, 0.1204209171850813)
1(0.009095608502759811, 0.011592484369745137)
1(0.08893347619471248, 0.09142318790573756)
1(0.0692088878331153, 0.07155435293653811)
1(0.009957202322083747, 0.01212721313671028)
1(0.010461033364567274, 0.012622098513103808)
1(0.09749672475774385, 0.09965453527523838)
1(0.012101322022109118, 0.014238719612457817)
1(0.068097098192196, 0.07017653203016516)
1(0.09925740777567338, 0.10132033475431157)
1(0.09125230649884242, 0.09330448378019951)
1(0.01751563625477326, 0.019561676128724503)
1(0.010459211858430462, 0.012494018282665165)
1(0.009988760882285508, 0.012022521808539577)
1(0.009535682983495164, 0.011553495239022493)
1(0.012299469924654693, 0.01429642051811919)
1(0.018197254093492266, 0.020116919502563446)
1(0.007544943080319166, 0.009439299139603508)
1(0.014333257765192897, 0.016209515692603316)
1(0.011031169544215569, 0.012782084859611076)
1(0.012390517717504879, 0.014138012907220054)
1(0.07695074792230605, 0.07868976015578466)
1(0.010597004047918746, 0.012319884264846315)
1(0.012339101480794756, 0.014048476129701726)
1(0.08109942061633257, 0.08278809067522797)
1(0.03548238027397266, 0.03714264443273807)
1(0.013653176380305054, 0.015308270710929772)
1(0.01045494601120589, 0.012043535996189791)
1(0.009311030311600299, 0.01087833891128731)
1(0.008344338554098996, 0.009910149096125087)
1(0.012511835605653943, 0.014075096488951888)
1(0.012397380111168532, 0.013955989754223297)
1(0.060676331395379535, 0.06222001353362627)
1(0.013382442488313884, 0.014866964843639696)
1(0.010094211651473395, 0.011575763931966243)
1(0.010580880099861578, 0.012044334310829186)
1(0.015226170350578161, 0.016686354246941648)
1(0.011861598812173635, 0.013306466428099073)
1(0.012656778182269068, 0.014075096488951888)
1(0.011580804419118018, 0.012990183315854331)
1(0.00909038336024759, 0.010497218342818249)
1(0.08201324029657853, 0.08340655623630688)
1(0.0725217051456708, 0.07390626970645364)
1(0.1298533406413247, 0.1311753236908333)
1(0.016330638193402303, 0.017650866574612123)
1(0.010819392639699554, 0.01212721313671028)
1(0.012465506473168464, 0.01374613245918399)
1(0.013720845086687583, 0.014993033798247568)
1(0.09474639654750217, 0.09601763561669663)
1(0.013365273737454109, 0.014634115143634663)
1(0.011783975439168315, 0.013047626032911208)
1(0.010516562819551045, 0.011767374677522091)
1(0.07876289636063605, 0.07996839584019666)
1(0.012603587939900907, 0.013781358870589733)
1(0.01486142127867729, 0.01602768538958743)
1(0.10769179818138042, 0.10883421375904245)
1(0.10236527968173814, 0.10350352192481083)
1(0.011682204681968678, 0.012799359062235616)
1(0.00930113418298062, 0.010396480669187746)
1(0.011861335248808391, 0.012927573123000968)
1(0.07456141995345977, 0.07561558639528221)
1(0.012602290983076303, 0.013650815074302991)
1(0.010994859095509568, 0.012015400052439285)
1(0.010999543949961388, 0.012012187628584026)
1(0.012872010340717055, 0.013880629290758617)
1(0.012535678785015825, 0.01351611255424301)
1(0.010314732059767628, 0.011280365559905192)
1(0.01237568686542212, 0.01333545969063199)
1(0.013800674473963603, 0.014742313975790289)
1(0.012125212642704164, 0.013050429286874055)
1(0.008841616183485113, 0.009764196069017461)
1(0.07852792384326479, 0.07943176010899577)
1(0.01049354461419505, 0.011390660113361761)
1(0.01208332559564762, 0.012959877650610796)
1(0.08665163148384614, 0.08749456850697002)
1(0.012076592997962488, 0.01291836052587958)
1(0.01799671420981963, 0.018818093928407387)
1(0.08986488798562142, 0.09066187862040109)
1(0.06654200701149182, 0.06733762661342546)
1(0.011218696290157593, 0.012013351902154579)
1(0.013895722119878329, 0.014683256725600224)
1(0.01074325982890878, 0.011530376677842291)
1(0.01323941666938444, 0.014008610529783638)
1(0.011642100257554744, 0.01240936480337329)
1(0.011899476676143661, 0.01264760410779564)
1(0.013021398451411481, 0.013741060332620347)
1(0.009674020526478588, 0.010374850637717925)
1(0.013601514383353996, 0.01429642051811919)
1(0.012055242368033459, 0.012729384214929751)
1(0.010896511499412176, 0.011553495239022493)
1(0.06995186157831257, 0.07059548538920801)
1(0.06289120924758917, 0.06353482860239656)
1(0.006315123582112392, 0.0069556395341453525)
1(0.07433630150439619, 0.0749744011421628)
1(0.014510377621872794, 0.015122445207823243)
1(0.011229087149661088, 0.011823363284895527)
1(0.012504586008553864, 0.013095097796741562)
1(0.012486500772185494, 0.013067073416874742)
1(0.07088096846878855, 0.07144374182343471)
1(0.13000524013282644, 0.13056400049785966)
1(0.01690615750856128, 0.017447648584474784)
1(0.008521691907111162, 0.009047652450106636)
1(0.01661793357236674, 0.01713259633081532)
1(0.014168689030341741, 0.014683256725600224)
1(0.09192179971733117, 0.09240480120572425)
1(0.013306372729727012, 0.013748986050645784)
1(0.014582602746150752, 0.01501956946225036)
1(0.08684562353179814, 0.08727887130695122)
1(0.006380504571138257, 0.006802429249994635)
1(0.011012763494625655, 0.011428344549244684)
1(0.01294279696060574, 0.013311119309728392)
1(0.010447282167623917, 0.010805602294748473)
1(0.008371154961525074, 0.008695375240818204)
1(0.012389792961508439, 0.01270784380343526)
1(0.012276419696062302, 0.012575275577850209)
1(0.015723363614901786, 0.016009274143592434)
1(0.011270035885195373, 0.011555906104035563)
1(0.13737598074714918, 0.13765317357602425)
1(0.015688868281762414, 0.01596527281560678)
1(0.011763656850925952, 0.012029424831789814)
1(0.02008981547472033, 0.020308554721046645)
1(0.010141440328386042, 0.010349130353607183)
1(0.016372135901460694, 0.01657576621108825)
1(0.011301331857940133, 0.011492713982908076)
1(0.012746592389978884, 0.012930359753912546)
1(0.013829022630175491, 0.014001447482399065)
1(0.008088545091442745, 0.008244341259245669)
1(0.02135784387539974, 0.021509655680539308)
1(0.017235561674693423, 0.017366481119061694)
1(0.015263243445988839, 0.015392315113342048)
1(0.010738326226529704, 0.010863634644386999)
1(0.07520830940453305, 0.0753328863272491)
1(0.011278859229351124, 0.011402191103271453)
1(0.010344757428475737, 0.01046094755954452)
1(0.01646431769997303, 0.016568832890298646)
1(0.011402012700467257, 0.011492713982908076)
1(0.01035641782077601, 0.010443108708946491)
1(0.009239493440186819, 0.00932549845435382)
1(0.01099694479608826, 0.011078680776213545)
1(0.014195189896591964, 0.014265710614396188)
1(0.01117110556803902, 0.011238650980727072)
1(0.011144055898759775, 0.011194859232952492)
1(0.010824447885016797, 0.010868239328116425)
1(0.07865370354903445, 0.07869324568234137)
1(0.009397803143038064, 0.009429170942419685)
1(0.009291422337532329, 0.009320790186722716)
1(0.009612818476864238, 0.009619143512328954)
0(0.0, inf)
0(0.0, 0.9623151297638091)
0(0.0, 0.6467445405113332)
0(0.0, 0.3555666152958623)
0(0.0, 0.3183113825731533)
0(0.0, 0.2844807440093905)
0(0.0, 0.15665425423254364)
0(0.0, 0.137175465250426)
0(0.0, 0.13449466474863914)
0(0.0, 0.11532640939386629)
0(0.0, 0.11160828596581895)
0(0.0, 0.10784007931080253)
0(0.0, 0.10567011908879109)
0(0.0, 0.10448509198604061)
0(0.0, 0.10309899856374105)
0(0.0, 0.10244195564982661)
0(0.0, 0.10089900502024762)
0(0.0, 0.10076150315399235)
0(0.0, 0.10019917815312962)
0(0.0, 0.09992439115022267)
0(0.0, 0.0994459987675802)
0(0.0, 0.09842018827031107)
0(0.0, 0.0966906671355875)
0(0.0, 0.09638963906582254)
0(0.0, 0.09594906518002178)
0(0.0, 0.09581937476067348)
0(0.0, 0.09292687568509073)
0(0.0, 0.09280030257728866)
0(0.0, 0.08931923660412155)
0(0.0, 0.08929952079830905)
0(0.0, 0.08777927353167914)
0(0.0, 0.0870329194762609)
0(0.0, 0.08695674688293176)
0(0.0, 0.08637800679271157)
0(0.0, 0.08626637477898269)
0(0.0, 0.08513743775265858)
0(0.0, 0.08364263331689448)
0(0.0, 0.08347039622530827)
0(0.0, 0.08319472762667102)
0(0.0, 0.0829539384448108)
0(0.0, 0.08239118644725141)
0(0.0, 0.08173321001123934)
0(0.0, 0.08148747741273643)
0(0.0, 0.08134238216750311)
0(0.0, 0.08121199492448583)
0(0.0, 0.08100507057684048)
0(0.0, 0.08086029096469793)
0(0.0, 0.08002997728019856)
0(0.0, 0.07975031414880929)
0(0.0, 0.07945512153341949)
0(0.0, 0.07917803421989345)
0(0.0, 0.07904106289450019)
0(0.0, 0.07894152370794427)
0(0.0, 0.07863310051289663)
0(0.0, 0.07844063619168329)
0(0.0, 0.07830930673775338)
0(0.0, 0.0780177708178843)
0(0.0, 0.07783769066519242)
0(0.0, 0.07756622839188099)
0(0.0, 0.07746040524534326)
0(0.0, 0.07728041675180042)
0(0.0, 0.07721853471913032)
0(0.0, 0.07707440017410949)
0(0.0, 0.07706471575740492)
0(0.0, 0.07577369534175071)
0(0.0, 0.07572603810959944)
0(0.0, 0.0755576828363127)
0(0.0, 0.07526120596988228)
0(0.0, 0.07521045793951053)
0(0.0, 0.07482375985207002)
0(0.0, 0.07412294775079808)
0(0.0, 0.07398384107685185)
0(0.0, 0.0737399433013981)
0(0.0, 0.07358796504971743)
0(0.0, 0.07290723833631119)
0(0.0, 0.07251700471719746)
0(0.0, 0.07230731801987378)
0(0.0, 0.07190417878851518)
0(0.0, 0.07185742205933277)
0(0.0, 0.07127802321871834)
0(0.0, 0.07125367401157523)
0(0.0, 0.0712153702894468)
0(0.0, 0.07119765926040633)
0(0.0, 0.07075713015041574)
0(0.0, 0.07070659609618335)
0(0.0, 0.07058819565514862)
0(0.0, 0.07056219923997753)
0(0.0, 0.070269199184532)
0(0.0, 0.07008833279787885)
0(0.0, 0.07002884232534556)
0(0.0, 0.06958666246306588)
0(0.0, 0.06925189880019511)
0(0.0, 0.0690310952268064)
0(0.0, 0.06881891535204443)
0(0.0, 0.06840732574221464)
0(0.0, 0.0682311465677109)
0(0.0, 0.0680673623679049)
0(0.0, 0.06799760246750464)
0(0.0, 0.06766744319825646)
0(0.0, 0.06764195621661107)
0(0.0, 0.06761036564108724)
0(0.0, 0.06719901251182203)
0(0.0, 0.06702716790419827)
0(0.0, 0.06700571841252356)
0(0.0, 0.06680792066163321)
0(0.0, 0.06675507810537651)
0(0.0, 0.06665893452496352)
0(0.0, 0.06650400109702448)
0(0.0, 0.06621898927189696)
0(0.0, 0.06612382241612647)
0(0.0, 0.06581688179812739)
0(0.0, 0.06559990983712405)
0(0.0, 0.06558194088217861)
0(0.0, 0.06557788227663375)
0(0.0, 0.06533668622885325)
0(0.0, 0.06513090551936096)
0(0.0, 0.06499377560905284)
0(0.0, 0.06487575115937005)
0(0.0, 0.06480083516472723)
0(0.0, 0.06475868876835988)
0(0.0, 0.06463470159234941)
0(0.0, 0.06458448264818906)
0(0.0, 0.06450636821662137)
0(0.0, 0.06444402000623362)
0(0.0, 0.0643827938413497)
0(0.0, 0.06426483129827498)
0(0.0, 0.0642564907204658)
0(0.0, 0.06414879386272532)
0(0.0, 0.06413371101625798)
0(0.0, 0.06410559627749535)
0(0.0, 0.06404316146449118)
0(0.0, 0.06396657046079457)
0(0.0, 0.0639364527408105)
0(0.0, 0.06372521694234667)
0(0.0, 0.06273093100208593)
0(0.0, 0.0626813735640116)
0(0.0, 0.06267569248464833)
0(0.0, 0.0624230976207657)
0(0.0, 0.062097904432238726)
0(0.0, 0.06197908303194011)
0(0.0, 0.06148789120902143)
0(0.0, 0.06124810958350391)
0(0.0, 0.060873725837512604)
0(0.0, 0.0608042782173408)
0(0.0, 0.060712562346107)
0(0.0, 0.06062071085625509)
0(0.0, 0.06046880213242589)
0(0.0, 0.060305465973315875)
0(0.0, 0.06024127958418324)
0(0.0, 0.06008403594374434)
0(0.0, 0.05989178623766922)
0(0.0, 0.05953200783597601)
0(0.0, 0.05934684125141165)
0(0.0, 0.05926416453920036)
0(0.0, 0.05917415741888232)
0(0.0, 0.05894184380050327)
0(0.0, 0.058786229891794606)
0(0.0, 0.058694048499093876)
0(0.0, 0.05860326031199237)
0(0.0, 0.05847358145237713)
0(0.0, 0.058334631839241924)
0(0.0, 0.05831304747531929)
0(0.0, 0.058253066831728484)
0(0.0, 0.058090178413318094)
0(0.0, 0.057784087999177336)
0(0.0, 0.05765875365186868)
0(0.0, 0.057498870965539406)
0(0.0, 0.0572830516806625)
0(0.0, 0.05712222827255642)
0(0.0, 0.05703907011147513)
0(0.0, 0.05699463885783196)
0(0.0, 0.05664086356518616)
0(0.0, 0.056261231395792755)
0(0.0, 0.05570443529090685)
0(0.0, 0.055698183765082954)
0(0.0, 0.055666479745700825)
0(0.0, 0.055336651414025884)
0(0.0, 0.05497907927414003)
0(0.0, 0.05457894888392678)
0(0.0, 0.05448986185171123)
0(0.0, 0.05430799087107696)
0(0.0, 0.054277155304847335)
0(0.0, 0.0542698551133578)
0(0.0, 0.05417828454932605)
0(0.0, 0.05414733533426053)
0(0.0, 0.0540995748526274)
0(0.0, 0.053942598748318527)
0(0.0, 0.05383884907392378)
0(0.0, 0.05347263849695938)
0(0.0, 0.05317251499125053)
0(0.0, 0.05307943963358408)
0(0.0, 0.052987083915524646)
0(0.0, 0.05282182450842554)
0(0.0, 0.05257008099141902)
0(0.0, 0.05243311480043178)
0(0.0, 0.05216970035996371)
0(0.0, 0.05130422090012632)
0(0.0, 0.05085266129246058)
0(0.0, 0.05073740991422593)
0(0.0, 0.049960113435879694)
0(0.0, 0.0492830280707538)
0(0.0, 0.0491658292711179)
0(0.0, 0.04901805505587098)
0(0.0, 0.048612882419177605)
0(0.0, 0.04830240968068933)
0(0.0, 0.04713058406836845)
0(0.0, 0.04607611741471507)
0(0.0, 0.04522868695335025)
0(0.0, 0.044955119371351104)
0(0.0, 0.04470214152561125)
0(0.0, 0.04438965810936768)
0(0.0, 0.04424895854279731)
0(0.0, 0.04411805856229223)
0(0.0, 0.04333437554155095)
0(0.0, 0.0433023936868987)
0(0.0, 0.040810330481145685)
0(0.0, 0.039788336006459146)
0(0.0, 0.038104476178488444)
0(0.0, 0.037251181407788936)
0(0.0, 0.03599889494780928)
0(0.0, 0.03215832322332712)
0(0.0, 0.02953191640201802)
0(0.0, 0.026583150906071662)
0(0.0, 0.025594702488056065)
0(0.0, 0.02526814808720068)
0(0.0, 0.02068068864439543)
0(0.0, 0.02024229595780136)
0(0.0, 0.020200288788968734)
0(0.0, 0.019599407261043256)
0(0.0, 0.018937380145272242)
0(0.0, 0.018052335929643393)
0(0.0, 0.01803788918165994)
0(0.0, 0.01783272833095151)
0(0.0, 0.017803586663734605)
0(0.0, 0.017793210716105845)
0(0.0, 0.017701080194653218)
0(0.0, 0.01698799739502388)
0(0.0, 0.016715199115532542)
0(0.0, 0.015497614145546845)
0(0.0, 0.015455910210576018)
0(0.0, 0.015410709230400665)
0(0.0, 0.014909666409058997)
0(0.0, 0.014722729384673894)
0(0.0, 0.014635465688233484)
0(0.0, 0.01432383587846342)
0(0.0, 0.014293273792402306)
0(0.0, 0.014288939704331205)
0(0.0, 0.014163914524598087)
0(0.0, 0.014115551186546393)
0(0.0, 0.014013481273557837)
0(0.0, 0.013996463438059159)
0(0.0, 0.01392354299140186)
0(0.0, 0.013779734945227662)
0(0.0, 0.01375964946301056)
0(0.0, 0.013750685717510036)
0(0.0, 0.013712865658926598)
0(0.0, 0.013503272818717993)
0(0.0, 0.013241479217324659)
0(0.0, 0.013205816735261444)
0(0.0, 0.012958115679390758)
0(0.0, 0.01292419108993037)
0(0.0, 0.012841941165811388)
0(0.0, 0.012807303493107325)
0(0.0, 0.012469070563798645)
0(0.0, 0.012392716902410728)
0(0.0, 0.012295553498163914)
0(0.0, 0.012257172450934495)
0(0.0, 0.012218209892373655)
0(0.0, 0.012215742113493522)
0(0.0, 0.012207343787671188)
0(0.0, 0.012058292132174575)
0(0.0, 0.011946492652594953)
0(0.0, 0.011927822799052912)
0(0.0, 0.011900520434888318)
0(0.0, 0.011853565623993978)
0(0.0, 0.011811961418492944)
0(0.0, 0.011570516335431713)
0(0.0, 0.01140379129299518)
0(0.0, 0.011323023636253704)
0(0.0, 0.01125705746781569)
0(0.0, 0.011102503565648902)
0(0.0, 0.011006951997399206)
0(0.0, 0.010990118359684553)
0(0.0, 0.010986979972206101)
0(0.0, 0.01089309929588067)
0(0.0, 0.01082075712039976)
0(0.0, 0.010726198086561833)
0(0.0, 0.010583630531671884)
0(0.0, 0.010535789339065516)
0(0.0, 0.01047332083252872)
0(0.0, 0.010395858632034516)
0(0.0, 0.010381195570056012)
0(0.0, 0.010381133205393911)
0(0.0, 0.010309612756589703)
0(0.0, 0.010187189456616341)
0(0.0, 0.010161774915367627)
0(0.0, 0.010161664930968484)
0(0.0, 0.010158768530975082)
0(0.0, 0.010150798169968)
0(0.0, 0.01012899555304514)
0(0.0, 0.010066620153684203)
0(0.0, 0.010062407317240063)
0(0.0, 0.010035440046652688)
0(0.0, 0.010021347058389862)
0(0.0, 0.009973486932351006)
0(0.0, 0.009946934625801429)
0(0.0, 0.009932577872038717)
0(0.0, 0.009907692914285615)
0(0.0, 0.009899966096549861)
0(0.0, 0.009867791510892898)
0(0.0, 0.00984870129011961)
0(0.0, 0.009833396964535779)
0(0.0, 0.009822362523126071)
0(0.0, 0.009780389076577078)
0(0.0, 0.009754678961444552)
0(0.0, 0.009737764925734083)
0(0.0, 0.009731872393346053)
0(0.0, 0.009539752639709964)
0(0.0, 0.009536171341400945)
0(0.0, 0.009486460422011511)
0(0.0, 0.00946287830236725)
0(0.0, 0.009451771414238141)
0(0.0, 0.009449158986548967)
0(0.0, 0.009430388763900344)
0(0.0, 0.009379199969989704)
0(0.0, 0.009253503085103865)
0(0.0, 0.009230290423351661)
0(0.0, 0.00922148551678248)
0(0.0, 0.009192516869120149)
0(0.0, 0.009173690057042161)
0(0.0, 0.009117270684070755)
0(0.0, 0.009110095188473721)
0(0.0, 0.00910478375123791)
0(0.0, 0.009085116202183774)
0(0.0, 0.009084519292685944)
0(0.0, 0.009075422929124888)
0(0.0, 0.008976382423614093)
0(0.0, 0.008943134020624854)
0(0.0, 0.008892911781825275)
0(0.0, 0.008872188192068475)
0(0.0, 0.008797032237232494)
0(0.0, 0.008768003935811675)
0(0.0, 0.008759436240807883)
0(0.0, 0.008732976646089963)
0(0.0, 0.008728210780978629)
0(0.0, 0.008683445072289131)
0(0.0, 0.008674472827933433)
0(0.0, 0.008669925822734625)
0(0.0, 0.008613855865283071)
0(0.0, 0.008591087636852901)
0(0.0, 0.008569286262116282)
0(0.0, 0.008532478425465784)
0(0.0, 0.008518656717083628)
0(0.0, 0.008496720566985694)
0(0.0, 0.008465595957224181)
0(0.0, 0.00845542869169058)
0(0.0, 0.008423349490923049)
0(0.0, 0.008420152096280997)
0(0.0, 0.008398835432810614)
0(0.0, 0.008230005176582234)
0(0.0, 0.008207999272988764)
0(0.0, 0.00819454605391301)
0(0.0, 0.008184870042688308)
0(0.0, 0.008140968734308363)
0(0.0, 0.008140235946663132)
0(0.0, 0.007999596049700242)
0(0.0, 0.007886173471458258)
0(0.0, 0.00787972550878635)
0(0.0, 0.007822027352613392)
0(0.0, 0.007812772017885328)
0(0.0, 0.007768378740850235)
0(0.0, 0.007765159644970709)
0(0.0, 0.007755383476219069)
0(0.0, 0.0077231417039183015)
0(0.0, 0.007674283837602491)
0(0.0, 0.00765069087621606)
0(0.0, 0.007647019991230519)
0(0.0, 0.007636859860982392)
0(0.0, 0.00760685295231367)
0(0.0, 0.007531111604687113)
0(0.0, 0.00751582480468771)
0(0.0, 0.007473917564966848)
0(0.0, 0.007458908907386652)
0(0.0, 0.0073984495859877875)
0(0.0, 0.007398050357096064)
0(0.0, 0.007384749470945917)
0(0.0, 0.007280336659944209)
0(0.0, 0.007254780894957791)
0(0.0, 0.007129262691175198)
0(0.0, 0.007120114546531275)
0(0.0, 0.007090443578429029)
0(0.0, 0.007090292262495357)
0(0.0, 0.00708200438056894)
0(0.0, 0.0070709025002969605)
0(0.0, 0.00698027585922123)
0(0.0, 0.0069606109936334315)
0(0.0, 0.006956252641374339)
0(0.0, 0.006892087277131753)
0(0.0, 0.006892030473292787)
0(0.0, 0.006841150042205535)
0(0.0, 0.006830529913393613)
0(0.0, 0.006823871629030198)
0(0.0, 0.0067875276079147895)
0(0.0, 0.006675747469539917)
0(0.0, 0.006669243066481534)
0(0.0, 0.006615788236815634)
0(0.0, 0.006499948576752623)
0(0.0, 0.006443238393774919)
0(0.0, 0.006288182081892191)
0(0.0, 0.006230869539767481)
0(0.0, 0.006197656121314621)
0(0.0, 0.006178371707460273)
0(0.0, 0.006052316109779521)
0(0.0, 0.006026286153542948)
0(0.0, 0.005877589392660476)
0(0.0, 0.005749041471466154)
0(0.0, 0.005705793495159095)
0(0.0, 0.005627481949354807)
0(0.0, 0.005613923777387786)
0(0.0, 0.005580735156840544)
0(0.0, 0.005449136452946424)
0(0.0, 0.005271566098482561)
0(0.0, 0.005241007625054861)
0(0.0, 0.005218073078709362)
0(0.0, 0.005216159478785509)
0(0.0, 0.004864625474744755)
0(0.0, 0.004563870095198097)
0(0.0, 0.00450400803891482)
0(0.0, 0.0042505404567309)
0(0.0, 0.004234111882456593)
0(0.0, 0.0034128121004289858)
0(0.0, 0.002531294876034318)
