1(1.0137248671178976, 1.1367187603452864)
1(0.11352796822795119, 0.2133480249694123)
1(0.12593002946121445, 0.21705934323435905)
1(0.11663863907370065, 0.1762789245291425)
1(0.1310184722689115, 0.180276503629749)
1(0.12135981303358567, 0.1645352300682904)
1(0.2454649255431134, 0.28747849747543064)
1(0.14241138644470264, 0.18401807526564717)
1(0.114033140522798, 0.15449963577913606)
1(0.1320329089216643, 0.16991647527599918)
1(0.12997176594560378, 0.16720598836246148)
1(0.13699624050433323, 0.17042100193826992)
1(0.07161189073442054, 0.09783992098155847)
1(0.15288569750956915, 0.17552310894069856)
1(0.15239639546835748, 0.17437362713066507)
1(0.1212359656119597, 0.1421904804133517)
1(0.08023105073404135, 0.10054852105853607)
1(0.09990693189326505, 0.12010444981380508)
1(0.14027400352132147, 0.15749287222265518)
1(0.05439886521595916, 0.07035746530340503)
1(0.06408389378499013, 0.0790442564892363)
1(0.05791279825053264, 0.07076296465600718)
1(0.07293874257449484, 0.08525000611105615)
1(0.14457496807582992, 0.15627386448849312)
1(0.087560333034845, 0.09861700129657469)
1(0.11191177250954853, 0.12233884095510328)
1(0.1518610091055721, 0.16178868394638446)
1(0.058292851996553985, 0.0680864701443471)
1(0.05711970471786543, 0.0664797521931696)
1(0.10209643913245914, 0.11083824733806213)
1(0.059817183824984355, 0.06853007774497955)
1(0.018554911766947346, 0.026992043124838383)
1(0.06821766414156416, 0.0756407805677004)
1(0.07487356142647994, 0.08224685039388935)
1(0.07450447836904173, 0.08182687327130256)
1(0.04027593234194271, 0.04751745703404531)
1(0.06201236895440698, 0.06918337264960472)
1(0.046933752160454256, 0.05396684656839679)
1(0.01564039074785839, 0.02254177312401462)
1(0.03740585161648158, 0.04387228824766698)
1(0.029136946847813316, 0.035175718377894016)
1(0.22592786307315105, 0.2316781030445656)
1(0.05382652876652083, 0.059405551995383554)
1(0.1346280614756925, 0.13988870460496527)
1(0.01225465895303024, 0.01727165566132982)
1(0.061401677915317365, 0.06626066081609727)
1(0.010752327466684974, 0.015298467303276775)
1(0.18148103937686066, 0.18576334179118537)
1(0.026315659644111533, 0.03059343668911263)
1(0.018233144232718157, 0.02232199121072853)
1(0.026924588418829498, 0.030888451904412362)
1(0.026406888089774982, 0.03026893630525329)
1(0.01395970413943115, 0.017755637790502155)
1(0.013929547892480243, 0.017332340893406406)
1(0.013347135609575789, 0.01671699672519067)
1(0.03618010778039471, 0.03946477961237882)
1(0.019121441004133932, 0.022337436663865784)
1(0.018968969295581894, 0.02210798832254035)
1(0.014532328988351217, 0.0174679473710172)
1(0.016146419366535048, 0.019016412974807495)
1(0.14150206045907654, 0.14432800396145462)
1(0.04009912408890992, 0.04285666289535084)
1(0.018936194159738462, 0.021691741408544907)
1(0.08281258515481238, 0.08555916844035949)
1(0.02161542168853048, 0.024272049038506327)
1(0.010665335687114919, 0.013298833272413657)
1(0.010876676729699941, 0.013458606014809193)
1(0.01119167070933369, 0.013735039801480609)
1(0.018709145657786475, 0.021221573536791327)
1(0.013779784973260378, 0.016252855725887305)
1(0.01015515181403448, 0.012616670890090664)
1(0.02310591467365386, 0.025550548302663123)
1(0.04388383900328496, 0.04629713717084094)
1(0.04410192067514318, 0.0464837929245393)
1(0.06394012473571964, 0.0662918658498366)
1(0.2739362043687924, 0.27622935156524797)
1(0.012350842587382616, 0.014613135987237902)
1(0.01596156088993772, 0.01819399120445242)
1(0.01837463716878751, 0.020602822309867652)
1(0.014398571793704296, 0.016543128484195813)
1(0.013493913037855632, 0.01559860489913123)
1(0.012358867416510044, 0.01437229769445858)
1(0.013519285895145727, 0.01552572550907394)
1(0.02054719801185223, 0.022545932604226993)
1(0.013445389315496659, 0.015385599158809216)
1(0.020485368761465894, 0.02242011414356515)
1(0.014938686225097086, 0.01685708823907206)
1(0.015558377418891989, 0.01738391937406225)
1(0.01288984234536994, 0.01468209865984571)
1(0.045843168300262915, 0.047613179097453995)
1(0.017836836033131354, 0.019555907911414816)
1(0.08329913304426573, 0.08495942653101485)
1(0.06738984378630208, 0.06900314014471876)
1(0.01327750056380872, 0.014872232944901143)
1(0.04244723493204994, 0.04403529054569155)
1(0.045789257248304405, 0.047263220952097895)
1(0.01873887055655532, 0.020157594417303137)
1(0.021938869565085173, 0.023277089986927013)
1(0.08065791098958419, 0.0819534165629201)
1(0.06427805547893317, 0.06557283477727771)
1(0.016655339438746752, 0.017914478676442358)
1(0.054232000440534556, 0.05542080670347593)
1(0.008865448907091511, 0.010013140464513515)
1(0.009540881139623592, 0.010678741836880334)
1(0.03152644674671479, 0.03264544511811529)
1(0.012059639526285082, 0.013165121041805006)
1(0.010414115779866173, 0.011515472394172943)
1(0.013587559607691979, 0.014655334861940372)
1(0.017393597043848463, 0.01845712402856603)
1(0.012210017466868006, 0.013264531100111943)
1(0.08796118198518721, 0.08899864718644113)
1(0.04120827162249896, 0.04221655640305266)
1(0.012909510224856646, 0.013915869122665847)
1(0.04259812290207565, 0.043571884238341685)
1(0.013311436332349436, 0.014236237354868342)
1(0.0167498702157739, 0.017669947766087213)
1(0.021344871268983212, 0.022240606785956074)
1(0.01512788332069448, 0.016010981280995984)
1(0.019651384864016186, 0.0205046116212918)
1(0.02246526496290524, 0.023277089986927013)
1(0.012057808630077327, 0.012863822383445633)
1(0.01436150165871597, 0.015141778813561824)
1(0.017795226983379653, 0.018560526630727048)
1(0.014133956799411873, 0.014896299149122494)
1(0.014196746025720852, 0.014905600775384054)
1(0.01490498886366809, 0.015578961685177362)
1(0.016134598891414886, 0.016806154766522363)
1(0.02686149222686418, 0.027520650831339255)
1(0.023131131068178656, 0.023779104456599698)
1(0.03530200742791578, 0.035949107336594066)
1(0.010755833875232823, 0.011386253578783423)
1(0.01995323196371057, 0.02055322940524995)
1(0.013557919775248561, 0.014152370378439083)
1(0.05710293483615336, 0.057695269280515604)
1(0.01057639339583627, 0.011163497015888924)
1(0.010891987517160362, 0.011426442294281247)
1(0.022605846882486347, 0.0231301019162109)
1(0.009144684103252088, 0.009650121687742597)
1(0.05081278211427409, 0.051296310990873284)
1(0.008297135363030561, 0.008776140031658608)
1(0.015129197503842562, 0.01559860489913123)
1(0.03237259111321744, 0.032823462741823795)
1(0.023213402690042795, 0.023650445725687086)
1(0.035532438272834366, 0.03593974522575338)
1(0.02777724173009266, 0.028175450571329974)
1(0.013573643608850383, 0.013965894922536526)
1(0.014402806873805019, 0.014774866191124003)
1(0.02006240841863738, 0.020417017600895204)
1(0.006078311488823096, 0.006426113771908382)
1(0.010160554544662026, 0.010505967195028498)
1(0.012000084332448147, 0.012340917033126786)
1(0.04157596108447281, 0.04190078493174998)
1(0.012720851899212349, 0.013008201987168344)
1(0.013481936188696197, 0.013762733112774872)
1(0.01700163749441086, 0.01727555623783117)
1(0.020630597441187115, 0.020875389291746482)
1(0.009313651044279836, 0.009557188687552065)
1(0.02304850406358805, 0.023277089986927013)
1(0.017787811594374925, 0.018002365454357405)
1(0.030625009633043043, 0.030838136157902096)
1(0.011959355238523206, 0.01214627459281259)
1(0.014713278465738222, 0.014896563999564072)
1(0.017050348279511907, 0.017231751915740445)
1(0.02825701536803471, 0.028412762364128374)
1(0.017414319990755267, 0.01756978059498593)
1(0.04367329049176549, 0.043816388624373426)
1(0.013640604043286375, 0.013739265031512793)
1(0.04037898568840326, 0.0404506445049474)
1(0.05812874185439243, 0.05818387069222786)
1(0.022013893025887743, 0.02206845620174791)
1(0.015591325175790427, 0.01563030111828978)
1(0.01743781151186241, 0.017463793645260073)
0(0.0, inf)
0(0.0, 0.746537931098464)
0(0.0, 0.4601825767271439)
0(0.0, 0.4057764937468693)
0(0.0, 0.21604588042142114)
0(0.0, 0.197312000853604)
0(0.0, 0.1750728262556922)
0(0.0, 0.1534074157759786)
0(0.0, 0.14018608063586302)
0(0.0, 0.14009389709241982)
0(0.0, 0.1384230561342843)
0(0.0, 0.12572793856581566)
0(0.0, 0.1153871560397205)
0(0.0, 0.11386773605691525)
0(0.0, 0.11314462428473193)
0(0.0, 0.11295928352897822)
0(0.0, 0.10981313539565363)
0(0.0, 0.10838883541130706)
0(0.0, 0.10699561582209949)
0(0.0, 0.10411318112341938)
0(0.0, 0.10210346462796338)
0(0.0, 0.10151788590477351)
0(0.0, 0.09855606903091729)
0(0.0, 0.09841753104864004)
0(0.0, 0.09824426191532243)
0(0.0, 0.09271310492600615)
0(0.0, 0.0922695226384731)
0(0.0, 0.09112407312470783)
0(0.0, 0.08710558975926741)
0(0.0, 0.0843685476114242)
0(0.0, 0.08246425947162594)
0(0.0, 0.08208934337113882)
0(0.0, 0.08109660451376277)
0(0.0, 0.07906997788115222)
0(0.0, 0.07222487400563382)
0(0.0, 0.07059943562336124)
0(0.0, 0.07057238296506396)
0(0.0, 0.06873571281704682)
0(0.0, 0.06833646268939775)
0(0.0, 0.06762411040358796)
0(0.0, 0.06699432781153847)
0(0.0, 0.06357691196238124)
0(0.0, 0.06354358535694038)
0(0.0, 0.06318035644478726)
0(0.0, 0.06309820623987705)
0(0.0, 0.06303399719671776)
0(0.0, 0.06282639095516918)
0(0.0, 0.06143392726644725)
0(0.0, 0.06140941033643432)
0(0.0, 0.05906496315779286)
0(0.0, 0.05854336114514502)
0(0.0, 0.05825335735788251)
0(0.0, 0.0579079102065585)
0(0.0, 0.05768983900886682)
0(0.0, 0.0574194213794913)
0(0.0, 0.05677598997659472)
0(0.0, 0.05560067917333378)
0(0.0, 0.05459569328240976)
0(0.0, 0.05381422010233661)
0(0.0, 0.053735938404724126)
0(0.0, 0.052277224550288826)
0(0.0, 0.052253722849310735)
0(0.0, 0.0521626211118974)
0(0.0, 0.05162521177493806)
0(0.0, 0.05155296891353245)
0(0.0, 0.05155223823059096)
0(0.0, 0.051148948343820555)
0(0.0, 0.05038279268670309)
0(0.0, 0.050330018546136945)
0(0.0, 0.049828089315477775)
0(0.0, 0.04887906410033671)
0(0.0, 0.048698482714320646)
0(0.0, 0.04852679385258374)
0(0.0, 0.047239652680959865)
0(0.0, 0.047201842289795626)
0(0.0, 0.04718258776451267)
0(0.0, 0.04709860417944134)
0(0.0, 0.047069052711165016)
0(0.0, 0.04695174023534088)
0(0.0, 0.04674179940407941)
0(0.0, 0.046706855463477304)
0(0.0, 0.046621603588581695)
0(0.0, 0.04658752405163291)
0(0.0, 0.04654863793809627)
0(0.0, 0.046484077481416475)
0(0.0, 0.046315476079672235)
0(0.0, 0.04618259009564041)
0(0.0, 0.04608466914336917)
0(0.0, 0.04600227831644088)
0(0.0, 0.04575885987820627)
0(0.0, 0.04562378484113583)
0(0.0, 0.04491880489223965)
0(0.0, 0.044749484038703824)
0(0.0, 0.04469317975441778)
0(0.0, 0.043764094869532255)
0(0.0, 0.04347814107547854)
0(0.0, 0.04314377140822623)
0(0.0, 0.04313929373857872)
0(0.0, 0.04304773452555444)
0(0.0, 0.042526108755348346)
0(0.0, 0.041520615595100785)
0(0.0, 0.041348962669118694)
0(0.0, 0.04104119514080484)
0(0.0, 0.04103933198815479)
0(0.0, 0.04058872931158786)
0(0.0, 0.04053653196862661)
0(0.0, 0.04052220573314347)
0(0.0, 0.04051158144398548)
0(0.0, 0.04048454738019791)
0(0.0, 0.040403652247764765)
0(0.0, 0.03977449724856241)
0(0.0, 0.03938162326535888)
0(0.0, 0.0391794225633012)
0(0.0, 0.039093773217185324)
0(0.0, 0.03873070048738603)
0(0.0, 0.03805895752573529)
0(0.0, 0.03777042232270533)
0(0.0, 0.037768196101989115)
0(0.0, 0.03768063576653358)
0(0.0, 0.0375876610318171)
0(0.0, 0.03739526721853059)
0(0.0, 0.037273189478150615)
0(0.0, 0.037220339310464534)
0(0.0, 0.03681450470106973)
0(0.0, 0.03653180914384224)
0(0.0, 0.03635506782889464)
0(0.0, 0.03621598719558172)
0(0.0, 0.036115290238435516)
0(0.0, 0.03604998259175496)
0(0.0, 0.035974717865389416)
0(0.0, 0.03591263924597343)
0(0.0, 0.03584994680824194)
0(0.0, 0.035818289077768184)
0(0.0, 0.035554958022935956)
0(0.0, 0.03533917862414748)
0(0.0, 0.03506333229288705)
0(0.0, 0.03506171075019815)
0(0.0, 0.034931943071485394)
0(0.0, 0.03485249030067972)
0(0.0, 0.03463517604894728)
0(0.0, 0.03416054689983539)
0(0.0, 0.034157734327435296)
0(0.0, 0.03386444898736152)
0(0.0, 0.03340649644279803)
0(0.0, 0.03339096209673875)
0(0.0, 0.033341272342880646)
0(0.0, 0.03322151004507923)
0(0.0, 0.03312894465787386)
0(0.0, 0.03285971852119052)
0(0.0, 0.03285475588088105)
0(0.0, 0.03283622699470923)
0(0.0, 0.032780974133530094)
0(0.0, 0.03275438293279842)
0(0.0, 0.03269128623633688)
0(0.0, 0.03261937327962672)
0(0.0, 0.03232217821890493)
0(0.0, 0.032251816164522884)
0(0.0, 0.03224350232139739)
0(0.0, 0.03194999585555425)
0(0.0, 0.031840044730881756)
0(0.0, 0.0318390891664182)
0(0.0, 0.031226615596241403)
0(0.0, 0.031103973246634498)
0(0.0, 0.03064142384274471)
0(0.0, 0.030515101983399573)
0(0.0, 0.0304261181449077)
0(0.0, 0.03014088098223522)
0(0.0, 0.030082064153320265)
0(0.0, 0.03004152851219477)
0(0.0, 0.029884818497509458)
0(0.0, 0.029724426568816464)
0(0.0, 0.029712153300849642)
0(0.0, 0.029595664210569583)
0(0.0, 0.029339360976940232)
0(0.0, 0.02923673651385883)
0(0.0, 0.028811845567717653)
0(0.0, 0.028076388975453392)
0(0.0, 0.02806781199751396)
0(0.0, 0.027926474339381557)
0(0.0, 0.027586843277743744)
0(0.0, 0.027258645142715587)
0(0.0, 0.02712881807874279)
0(0.0, 0.027107872676841227)
0(0.0, 0.026996061700446217)
0(0.0, 0.026831082103029535)
0(0.0, 0.026358547609641625)
0(0.0, 0.026204450478578556)
0(0.0, 0.026172849778391405)
0(0.0, 0.026087176107920884)
0(0.0, 0.02608212994982695)
0(0.0, 0.025956318778282528)
0(0.0, 0.025748596335179896)
0(0.0, 0.025535905563438765)
0(0.0, 0.02550739408905045)
0(0.0, 0.02528997886948059)
0(0.0, 0.025033542347365767)
0(0.0, 0.024952272430300737)
0(0.0, 0.02477670780910657)
0(0.0, 0.024656614708696956)
0(0.0, 0.02444600109149142)
0(0.0, 0.024109198394128062)
0(0.0, 0.02401819209337963)
0(0.0, 0.023861160658876)
0(0.0, 0.023489978309025328)
0(0.0, 0.02341503311381321)
0(0.0, 0.02313008890644963)
0(0.0, 0.022935774408777143)
0(0.0, 0.022876041979215223)
0(0.0, 0.022466811505125084)
0(0.0, 0.02232162537761395)
0(0.0, 0.02207802119164337)
0(0.0, 0.022077277559166886)
0(0.0, 0.021980544925737422)
0(0.0, 0.021828466506123467)
0(0.0, 0.021583231882057352)
0(0.0, 0.021433714586911234)
0(0.0, 0.020984268842041187)
0(0.0, 0.0208744992402653)
0(0.0, 0.020799585031943235)
0(0.0, 0.020651501391959037)
0(0.0, 0.020445339481340197)
0(0.0, 0.020175281309227078)
0(0.0, 0.01971102040678807)
0(0.0, 0.019698591514576647)
0(0.0, 0.019304043149415362)
0(0.0, 0.019294175467641783)
0(0.0, 0.019287562354816434)
0(0.0, 0.019071397534041745)
0(0.0, 0.01863877528424618)
0(0.0, 0.018476796017168673)
0(0.0, 0.018446220457269513)
0(0.0, 0.018083201842449603)
0(0.0, 0.018040853299732595)
0(0.0, 0.017960152035054966)
0(0.0, 0.017747568032284167)
0(0.0, 0.01771050277665631)
0(0.0, 0.017333761085195687)
0(0.0, 0.017322972088319122)
0(0.0, 0.016950628127053724)
0(0.0, 0.016941563860760622)
0(0.0, 0.016931970204773772)
0(0.0, 0.01686741699473482)
0(0.0, 0.016840002121760733)
0(0.0, 0.016706259923363054)
0(0.0, 0.016698566340875742)
0(0.0, 0.01655353041446672)
0(0.0, 0.016421728566021088)
0(0.0, 0.016367912298945853)
0(0.0, 0.016165374296540302)
0(0.0, 0.016144906568216433)
0(0.0, 0.016106634031809564)
0(0.0, 0.01606917537820285)
0(0.0, 0.015906329828901833)
0(0.0, 0.015847855816794154)
0(0.0, 0.015768843696608026)
0(0.0, 0.015596923508411131)
0(0.0, 0.015565954341560051)
0(0.0, 0.015533239495391982)
0(0.0, 0.015528590353638516)
0(0.0, 0.015417073961961458)
0(0.0, 0.015340069336745144)
0(0.0, 0.015220593704035723)
0(0.0, 0.015100910984549465)
0(0.0, 0.015096038370192577)
0(0.0, 0.015016466468152245)
0(0.0, 0.014987942111089558)
0(0.0, 0.014924681694492126)
0(0.0, 0.014826303219824477)
0(0.0, 0.014399197968894106)
0(0.0, 0.014388506843996174)
0(0.0, 0.014335075911782624)
0(0.0, 0.014295126869296126)
0(0.0, 0.014283793912720832)
0(0.0, 0.014276269965638688)
0(0.0, 0.014165151952029165)
0(0.0, 0.014162417310879638)
0(0.0, 0.01410309356521422)
0(0.0, 0.014095465588696787)
0(0.0, 0.013939062859368523)
0(0.0, 0.013858161886234455)
0(0.0, 0.013631644334213933)
0(0.0, 0.013513195299892033)
0(0.0, 0.013405194390844755)
0(0.0, 0.013213438562541202)
0(0.0, 0.013067465988562121)
0(0.0, 0.012834204454129083)
0(0.0, 0.012827138437429553)
0(0.0, 0.012709378901028967)
0(0.0, 0.012595944043101603)
0(0.0, 0.012582005890024894)
0(0.0, 0.01238655008061973)
0(0.0, 0.012296133881318227)
0(0.0, 0.012287861799414324)
0(0.0, 0.012264176545199512)
0(0.0, 0.012231127005220999)
0(0.0, 0.012206209940574975)
0(0.0, 0.012185439241609308)
0(0.0, 0.012065669276456692)
0(0.0, 0.011950609324330785)
0(0.0, 0.011893702665174422)
0(0.0, 0.011889347506660486)
0(0.0, 0.011864780699855193)
0(0.0, 0.011858141788919752)
0(0.0, 0.011764109549420643)
0(0.0, 0.011713764292173412)
0(0.0, 0.011639794856537433)
0(0.0, 0.011603116415962678)
0(0.0, 0.01158984378236716)
0(0.0, 0.011442714126003173)
0(0.0, 0.011436491275773175)
0(0.0, 0.011334912972409295)
0(0.0, 0.011199370065871128)
0(0.0, 0.011060145107012365)
0(0.0, 0.011050089095893445)
0(0.0, 0.010967951253019192)
0(0.0, 0.010920891595914806)
0(0.0, 0.010916265320089935)
0(0.0, 0.010868006697616894)
0(0.0, 0.010832728047533102)
0(0.0, 0.010699560519405682)
0(0.0, 0.010621087716673139)
0(0.0, 0.010604206672529815)
0(0.0, 0.010573638200401914)
0(0.0, 0.010564694127405683)
0(0.0, 0.0105370783512434)
0(0.0, 0.010488255177379502)
0(0.0, 0.01042954789987327)
0(0.0, 0.010317095469717041)
0(0.0, 0.010248067358381574)
0(0.0, 0.010228079110414012)
0(0.0, 0.010216491965429508)
0(0.0, 0.010139796051944372)
0(0.0, 0.010137768950155501)
0(0.0, 0.010086020174743249)
0(0.0, 0.010058427967975514)
0(0.0, 0.010029197001941603)
0(0.0, 0.010020231388007894)
0(0.0, 0.009954327961052334)
0(0.0, 0.009946626288893756)
0(0.0, 0.009903411314811095)
0(0.0, 0.009854163007842143)
0(0.0, 0.009733316845312756)
0(0.0, 0.009732733295826024)
0(0.0, 0.009697966738885233)
0(0.0, 0.00965758803496719)
0(0.0, 0.009644571975213845)
0(0.0, 0.009617784697373177)
0(0.0, 0.009617273284251548)
0(0.0, 0.00961703222122856)
0(0.0, 0.009602622567797758)
0(0.0, 0.009583806731060296)
0(0.0, 0.009538782031596749)
0(0.0, 0.009503066979142605)
0(0.0, 0.009499614051900918)
0(0.0, 0.009472828255151278)
0(0.0, 0.009463806890667836)
0(0.0, 0.009421335547911358)
0(0.0, 0.009393917764454085)
0(0.0, 0.009385409437102199)
0(0.0, 0.009354145570195871)
0(0.0, 0.009341098379732182)
0(0.0, 0.009335253218301753)
0(0.0, 0.00929184930493454)
0(0.0, 0.009238990238307876)
0(0.0, 0.009219969195128352)
0(0.0, 0.009062863416352429)
0(0.0, 0.009050041952692767)
0(0.0, 0.00902760711205186)
0(0.0, 0.009024794162981187)
0(0.0, 0.009022934053990461)
0(0.0, 0.009007359554867644)
0(0.0, 0.008954901099103574)
0(0.0, 0.008934148458830338)
0(0.0, 0.008880387501106979)
0(0.0, 0.008816295780382344)
0(0.0, 0.00880233746514636)
0(0.0, 0.008801264513513263)
0(0.0, 0.008525423584417324)
0(0.0, 0.008493304311098293)
0(0.0, 0.008491940074240367)
0(0.0, 0.008417089630390118)
0(0.0, 0.008307438750106755)
0(0.0, 0.00830546017650624)
0(0.0, 0.008171969666611156)
0(0.0, 0.0081658581355748)
0(0.0, 0.008149775433870854)
0(0.0, 0.008138052072635849)
0(0.0, 0.008108470277748525)
0(0.0, 0.00802709556415282)
0(0.0, 0.008004828612125259)
0(0.0, 0.007884573890985291)
0(0.0, 0.007831494723621657)
0(0.0, 0.00760808866084095)
0(0.0, 0.0075460169305340274)
0(0.0, 0.007542661436597653)
0(0.0, 0.007506595156543061)
0(0.0, 0.0074915479169888055)
0(0.0, 0.007292665037124224)
0(0.0, 0.007278257779268604)
0(0.0, 0.007256492775843615)
0(0.0, 0.007190462640488837)
0(0.0, 0.00718860663337928)
0(0.0, 0.007040349534345847)
0(0.0, 0.006935768797450281)
0(0.0, 0.00689984797167098)
0(0.0, 0.0068150871839322)
0(0.0, 0.006700415083587541)
0(0.0, 0.006634832832461246)
0(0.0, 0.006578175787145701)
0(0.0, 0.006230356425380945)
0(0.0, 0.006082791151625022)
0(0.0, 0.006048915483225059)
0(0.0, 0.006021387139455325)
0(0.0, 0.006015218078688989)
0(0.0, 0.006003065408024644)
0(0.0, 0.005984070465417934)
0(0.0, 0.00591369053559232)
0(0.0, 0.005849153297036835)
0(0.0, 0.005800348563809732)
0(0.0, 0.0055500815715116)
0(0.0, 0.005512364614386311)
0(0.0, 0.005336519974787679)
0(0.0, 0.0051469535864755445)
0(0.0, 0.005130774475826105)
0(0.0, 0.005063892342216381)
0(0.0, 0.004930128099192133)
0(0.0, 0.004871096154892118)
0(0.0, 0.004760268674161128)
0(0.0, 0.0047340862709105425)
0(0.0, 0.004212728653609554)
0(0.0, 0.004174540449178976)
0(0.0, 0.003961195866033385)
