1(0.8501554041493553, 1.009404174317112)
1(0.13279679417027068, 0.16796839662373064)
1(0.12453200386763352, 0.15793085448915278)
1(0.14961214047518667, 0.18277513407375323)
1(0.1597861986421355, 0.19052707100500532)
1(0.14620649859887125, 0.17581058738859467)
1(0.11598905178058982, 0.14463829142871276)
1(0.14849215715210684, 0.1769125549819096)
1(0.12284485205403917, 0.15094365938200016)
1(0.12392810936089271, 0.15128454626591803)
1(0.1503334048244841, 0.17766608941003303)
1(0.12250249954161352, 0.1496497765487529)
1(0.13750171347163065, 0.16400153607229928)
1(0.17164291063643888, 0.19812355067543297)
1(0.16320297312544207, 0.18956303850669276)
1(0.14393540993679887, 0.17003101976622903)
1(0.13377538368929087, 0.1596354997742917)
1(0.13366549313187492, 0.15949231303076405)
1(0.13949823183243526, 0.16427160598071977)
1(0.13432579262700994, 0.15881992549691848)
1(0.12503177836675572, 0.14937635145723782)
1(0.1389016219656649, 0.16294393499702498)
1(0.2419370231498421, 0.2655269722012872)
1(0.134759495490007, 0.15798985073764182)
1(0.13127535796238188, 0.1541132580452914)
1(0.14562275242691602, 0.16842348141044272)
1(0.1263913571477957, 0.14910647812839595)
1(0.1416575794779189, 0.16413425190221131)
1(0.14081244451223296, 0.1627690815773225)
1(0.12833696696819452, 0.14993426262755982)
1(0.12621925129050737, 0.1475826903703098)
1(0.1463749479183586, 0.16739811381998992)
1(0.12661499536711818, 0.14754442204977114)
1(0.1458765591412855, 0.16639392846228296)
1(0.1482043523325437, 0.16859505523699447)
1(0.17298365845233998, 0.19314435347937808)
1(0.163921253566089, 0.18402084662500962)
1(0.1451149226059355, 0.16501341579288797)
1(0.14110208534455604, 0.1609092082133743)
1(0.12559888919574191, 0.14488358156815984)
1(0.13219727944468285, 0.15139938639701755)
1(0.16030560809327032, 0.1792475518411415)
1(0.16394177193653992, 0.18277513407375323)
1(0.14017557066457242, 0.15895325070991317)
1(0.12562109773161556, 0.1442779688917648)
1(0.12948379652942954, 0.14813421083416367)
1(0.16671777015812284, 0.18530921497570163)
1(0.1356063623070426, 0.15389148077555104)
1(0.1694979044142445, 0.18731778990755177)
1(0.15582345073048365, 0.17362089712563855)
1(0.13831541760424926, 0.15610389321852547)
1(0.1691572744189127, 0.18691513816429794)
1(0.1801782194199616, 0.19786409883609224)
1(0.14538352155932766, 0.16265995195552307)
1(0.1497609555974726, 0.16694227521063154)
1(0.14613756882954354, 0.16324580909506659)
1(0.13813923888227453, 0.1551864238598718)
1(0.1417987431450929, 0.1585201762092756)
1(0.13252160629034704, 0.14922885509700168)
1(0.13093624294159756, 0.14761371923801125)
1(0.15022810421582822, 0.16677738978621082)
1(0.13202057560125935, 0.14854954511328888)
1(0.16004273360235732, 0.17652514960978516)
1(0.14356665581575268, 0.1599072666530882)
1(0.17165633990813345, 0.18795328715445458)
1(0.1657642057783031, 0.18161311352859177)
1(0.13853870130846646, 0.15429504706157893)
1(0.13597058508032367, 0.15167698171133825)
1(0.1370041365010337, 0.15268625256587132)
1(0.046612036447837624, 0.062205941976404944)
1(0.15394798378346364, 0.16949856419726417)
1(0.13620486322900172, 0.15173357098204943)
1(0.19989819004299914, 0.21516779830749666)
1(0.14466189710240207, 0.15992141929105252)
1(0.13421264315962067, 0.14922885509700168)
1(0.15403091472841834, 0.16878490182087758)
1(0.13351074068268065, 0.14813421083416367)
1(0.13304533433258847, 0.14759669936544761)
1(0.1782086825140743, 0.19268247821365125)
1(0.12997866315607753, 0.1442576307832758)
1(0.13455676746425438, 0.14877473588672785)
1(0.13751061973828915, 0.15167698171133825)
1(0.1618529755544188, 0.1759134962148603)
1(0.15903740632257923, 0.1729118254994796)
1(0.12886924677350287, 0.14260097949494321)
1(0.14686386052008693, 0.16044782415089665)
1(0.16472144443199288, 0.1780181605296477)
1(0.11926000254849001, 0.13252124896229034)
1(0.1738710060836589, 0.18685289413211204)
1(0.16669053369237208, 0.1794938399979814)
1(0.14166613849181298, 0.15442807199995712)
1(0.1661665810373334, 0.17891468219739326)
1(0.1586045253301367, 0.17133475625739603)
1(0.10394051353277556, 0.11660254486193222)
1(0.18400615414709465, 0.19655307032351388)
1(0.17577864399953602, 0.18829247716381603)
1(0.17294941342359493, 0.18530921497570163)
1(0.13262292473663484, 0.14497726175927184)
1(0.140470928331196, 0.15279324092346447)
1(0.14863503615878493, 0.16093866638388532)
1(0.18502013111646787, 0.19724875155890131)
1(0.148502055503975, 0.16058401425289692)
1(0.13316881151732918, 0.14523419185551711)
1(0.1671026623922588, 0.17907615321575865)
1(0.1445826056979428, 0.1563763355061808)
1(0.16948369032648658, 0.18104024523100637)
1(0.12405489538870984, 0.1354744066205129)
1(0.13521251066893303, 0.14658191702670187)
1(0.12841391821600545, 0.13964372534093383)
1(0.1413616027570137, 0.15254067037129304)
1(0.13943780250944493, 0.15060888979137177)
1(0.16106135190413717, 0.17222539483695964)
1(0.16054661040509632, 0.17170029959698752)
1(0.16062455167997614, 0.17175047743200222)
1(0.14803170249038533, 0.15913667688434485)
1(0.1677260120724272, 0.17869894365313022)
1(0.10782459425172763, 0.11863915788658974)
1(0.12954640165842313, 0.14011346070589414)
1(0.13835403578593586, 0.1488793556438862)
1(0.13327393308933222, 0.14379475667852348)
1(0.11708127405153956, 0.12758548366307843)
1(0.17771651165585223, 0.18795328715445458)
1(0.13959636924716556, 0.149703145505933)
1(0.1377118431634119, 0.1477359864562563)
1(0.14560783487836948, 0.1555961891938934)
1(0.15075576834370485, 0.16058401425289692)
1(0.1594186190182435, 0.16921658152851815)
1(0.13950048420793115, 0.14915727897836495)
1(0.17654860951874018, 0.18608373849971893)
1(0.12460540687102739, 0.13413384450002397)
1(0.158950770835239, 0.16841342858111352)
1(0.045665760989034965, 0.05507638356539246)
1(0.13412041426612575, 0.14352833700323164)
1(0.13878768434759703, 0.14811383799129818)
1(0.1380306541886387, 0.14726922202731363)
1(0.13239174870083203, 0.14160627860888597)
1(0.14652167961488283, 0.15569217915582245)
1(0.1598452240676772, 0.16884965371579408)
1(0.16505013547696512, 0.17401505646768844)
1(0.13993680527414842, 0.14888834278756435)
1(0.14591721945537584, 0.15481672535179813)
1(0.1333072563906722, 0.1420098061389713)
1(0.1512203647660555, 0.15982749035233657)
1(0.13908168303523805, 0.14765703486160053)
1(0.18089018200475893, 0.18946189258732282)
1(0.19753307942699105, 0.2060925408769836)
1(0.16286134282070075, 0.17136457603457178)
1(0.25181287660372953, 0.260309714528165)
1(0.14711558888615528, 0.15555322419556727)
1(0.12653102155889906, 0.13493907469547228)
1(0.20739954821249673, 0.215746622514696)
1(0.14626559295537844, 0.15451288027955157)
1(0.1994441131550584, 0.20764189918618858)
1(0.16413438296206562, 0.17233032217122235)
1(0.13029335323207047, 0.13847570775031082)
1(0.22958332791141345, 0.2377334111731736)
1(0.14448073559678132, 0.1526120412633406)
1(0.10645915962856256, 0.11455789695513052)
1(0.15747590415347168, 0.16555755843949782)
1(0.13118879695146712, 0.13914133003315554)
1(0.05256253995621396, 0.060512582981817276)
1(0.1942284018129311, 0.2021024297789069)
1(0.1448882327958203, 0.15261430992833258)
1(0.17111163588472156, 0.17877049981883186)
1(0.13902348919846363, 0.1466269212364396)
1(0.17352330431288954, 0.1810884967634263)
1(0.1675173486845143, 0.17506120565346928)
1(0.127860537358352, 0.13523049751663963)
1(0.14871128395985223, 0.15594344966150442)
1(0.1415006180855971, 0.14839299041441079)
1(0.13608555708326575, 0.14296795836358445)
1(0.1457799012442177, 0.15264095180396386)
1(0.1426689031883126, 0.14951887537721775)
1(0.027010587211551695, 0.03376926705497929)
1(0.14419402992878705, 0.15094365938200016)
1(0.045374121936860745, 0.05204839493375757)
1(0.13169570338083458, 0.1382914345849039)
1(0.1661677698227545, 0.17270222284132752)
1(0.02860710214556139, 0.03510352893537261)
1(0.1441749036415384, 0.15064278250357932)
1(0.032068799187082275, 0.038522372907873526)
1(0.14562234863813472, 0.1520508659015669)
1(0.02919797398540369, 0.035618045045269775)
1(0.1533740983216476, 0.1597881499410505)
1(0.14623892182041875, 0.1526120412633406)
1(0.19626946430188252, 0.20255010660088202)
1(0.17051046457749242, 0.1767273028841253)
1(0.029772177532331856, 0.03596656773344176)
1(0.12617827665054882, 0.13231860670011164)
1(0.1679009670720043, 0.17399623324636138)
1(0.14638735711822304, 0.152379525469163)
1(0.15302797653462308, 0.15898218962577249)
1(0.20399319096174795, 0.20989714322096553)
1(0.17524182587057857, 0.18104024523100637)
1(0.14703666634650403, 0.15279324092346447)
1(0.14457341334179008, 0.15029926960274054)
1(0.1413675213927723, 0.14709041845782378)
1(0.15064346269843576, 0.1563568724640414)
1(0.1894071980832921, 0.19508341350354974)
1(0.1977205965162836, 0.20334666797293077)
1(0.03645480348720731, 0.042059208384738866)
1(0.03309745632782213, 0.03869171873921229)
1(0.15409745170443123, 0.15963384916276413)
1(0.14235754892514108, 0.1478470232916741)
1(0.13863638670620504, 0.14410807864654962)
1(0.18883545141962865, 0.19421695564020014)
1(0.03486609812904906, 0.040163931564958455)
1(0.17351674864474698, 0.17877049981883186)
1(0.0256122224312616, 0.030849598899498898)
1(0.02875560615859718, 0.03399140570659731)
1(0.14827277941106232, 0.1534789038412061)
1(0.17231088035475617, 0.1774235454765769)
1(0.030519239993575087, 0.035599589463121584)
1(0.15889635209852104, 0.1639170426428349)
1(0.04823746640168847, 0.05319350643037757)
1(0.1554189759581669, 0.16037339708396847)
1(0.14435603647884798, 0.14930701043385652)
1(0.06019116282513981, 0.06508029073284838)
1(0.14296694464916715, 0.1478470232916741)
1(0.04619878587004578, 0.05105243882651389)
1(0.1468568355353589, 0.15168637141909125)
1(0.04400780590197573, 0.048835848078471855)
1(0.1490510028090991, 0.15387550278544226)
1(0.03926418992509029, 0.04406987913521876)
1(0.046808484500606484, 0.051590127016310605)
1(0.03659176330943592, 0.04135535604776008)
1(0.15770636228597978, 0.16245132767375792)
1(0.19862483384683238, 0.20334666797293077)
1(0.14467823018478476, 0.14939942420098584)
1(0.031525832879276905, 0.036227201180162316)
1(0.1571626418829697, 0.16181978417976584)
1(0.14531071852654787, 0.14993426262755982)
1(0.1551057311939027, 0.1597284735583956)
1(0.036759160093515764, 0.04137575420308992)
1(0.02587801129361056, 0.0304482069636669)
1(0.1880087578345342, 0.19253383351263798)
1(0.1459620299597405, 0.15047423767625456)
1(0.1289384063973461, 0.1334435622094301)
1(0.050122242956115115, 0.05460238278213869)
1(0.13715254250215148, 0.1416295039482941)
1(0.02761732131340433, 0.032091621700859)
1(0.14819018388090943, 0.15265528416695762)
1(0.02767129019471881, 0.03211019587515118)
1(0.16469417430459954, 0.16909242738387698)
1(0.04747043220974767, 0.05185893822178789)
1(0.029545303142877732, 0.03389848680669305)
1(0.14465053422556517, 0.14900115861227015)
1(0.1736598309348697, 0.1779478785290608)
1(0.14535946703136893, 0.14956701665192285)
1(0.17125760877898055, 0.17539675686789258)
1(0.039416233052899985, 0.04354556149103472)
1(0.16294095883085125, 0.16704720454790234)
1(0.15920326355211623, 0.16328440578785597)
1(0.04787302524002102, 0.05191885055078527)
1(0.14022950228522713, 0.14425665326737436)
1(0.17302440571302213, 0.17703297645630178)
1(0.911282711989349, 0.9152439719687702)
1(0.1688191455662731, 0.17277371529590513)
1(0.1431406436162458, 0.14708517589484127)
1(0.15960443960321335, 0.16354402117774314)
1(0.048700693879702994, 0.052593481014267085)
1(0.15506709166804267, 0.15892792608164552)
1(0.1678107054089294, 0.17166526791636338)
1(0.039346457119196154, 0.04319980787722577)
1(0.1280528394879158, 0.1318569553108162)
1(0.14278743505606362, 0.14658191702670187)
1(0.14507614670565994, 0.14885889124447294)
1(0.17467560815520256, 0.17845605665163522)
1(0.04258349883905843, 0.046354700844065566)
1(0.17630266352422486, 0.18006357518833793)
1(0.16315715133015518, 0.16691466991934412)
1(0.03917010800718412, 0.042921548815141874)
1(0.03331042160706954, 0.03705939205074771)
1(0.054609798788342934, 0.058311346347735604)
1(0.034251927280906536, 0.03794056304281079)
1(0.02626228385585938, 0.02992218674876479)
1(0.172819464238416, 0.17646777357689225)
1(0.20378576550592997, 0.20732986289685507)
1(0.17369427927566372, 0.17721740054930968)
1(0.13895184606922917, 0.14246634271684033)
1(0.03156028627770069, 0.03504019694238247)
1(0.047769491483243165, 0.05121992005431952)
1(0.13193284085312795, 0.13533650205717718)
1(0.16520360112943322, 0.16860504374177898)
1(0.028887875426944487, 0.0322728293150536)
1(0.15965346357641175, 0.16302417287379034)
1(0.03885420750069879, 0.04221715478989063)
1(0.1591083501373275, 0.1624462633400483)
1(0.05523410913422955, 0.05855015035753064)
1(0.1731381952038492, 0.17645095623256168)
1(0.180423046265202, 0.1837341421048625)
1(0.15965072168408434, 0.16293050776109896)
1(0.03330522333292074, 0.03655572873858215)
1(0.030793045049719026, 0.034021924812544846)
1(0.03089927784498281, 0.03409126542521612)
1(0.0288893080406053, 0.03207191293069578)
1(0.20527737612470953, 0.2084500612311565)
1(0.027738874575113148, 0.030905751282854776)
1(0.03567840341929451, 0.038824034521209416)
1(0.16530399528643802, 0.16842348141044272)
1(0.029972488845340317, 0.0330845250121482)
1(0.15530617732206908, 0.1583428510887216)
1(0.04259159507905763, 0.04560844179618562)
1(0.031027856659389452, 0.034021924812544846)
1(0.14847655851963404, 0.15139938639701755)
1(0.031018858553985895, 0.033906531610577884)
1(0.14780740226119427, 0.15067659310479709)
1(0.027859845608438016, 0.030725456743162738)
1(0.032755173962933926, 0.03558079362737254)
1(0.03878351022051696, 0.041527527609726556)
1(0.03702018617804481, 0.03972288302916316)
1(0.0321564510320681, 0.03485832020491042)
1(0.15468351344522946, 0.15737891962991157)
1(0.04177348877319731, 0.044450651641509076)
1(0.03878048917926136, 0.041413456989156994)
1(0.032198878694529864, 0.03478927801937337)
1(0.13936320418157433, 0.1418902418675333)
1(0.02939347390235547, 0.031878316655624794)
1(0.03516048852985598, 0.03762272281839818)
1(0.05140510469340853, 0.05385694636713689)
1(0.041203999097362165, 0.04365560224325926)
1(0.048475700694137425, 0.0509223683325809)
1(0.14470504714481602, 0.14709041845782378)
1(0.03623746141159079, 0.03860995350861074)
1(0.050449764303349576, 0.05282021220841582)
1(0.20268022658056206, 0.20504427321610996)
1(0.05687568803120868, 0.059232849476454796)
1(0.17152312827844907, 0.17377182497352595)
1(0.02930086292473222, 0.0315332560854783)
1(0.14282529848291514, 0.14505254422712488)
1(0.030623586350462695, 0.0328433927429449)
1(0.03448253210335761, 0.036695182841754104)
1(0.03091287852305602, 0.0330845250121482)
1(0.17830684290545884, 0.18047445793544759)
1(0.16772082700320423, 0.16986890432840207)
1(0.029435565086733284, 0.03153934309621553)
1(0.15052088441438305, 0.15262092442844155)
1(0.031180745885863836, 0.03327986007407213)
1(0.02694577043014057, 0.029030728997897493)
1(0.16285663540489081, 0.16493401940234564)
1(0.1267587113288029, 0.1288124901035177)
1(0.030761699253266994, 0.03276606937325599)
1(0.040525999164209625, 0.04252527307737286)
1(0.14403917520015475, 0.14601450879716305)
1(0.14060263766346437, 0.14256577321900543)
1(0.037104986967739784, 0.039066235682404415)
1(0.03024385137523622, 0.032204319003595216)
1(0.13941682614103212, 0.14137154071827063)
1(0.04361388178390091, 0.04555850523613869)
1(0.15700414299089094, 0.1589113062965587)
1(0.14382204582905334, 0.14570859162117633)
1(0.1241485704724391, 0.12602694266717562)
1(0.03967923984136901, 0.041528192601466674)
1(0.1287408762320288, 0.13057176380948154)
1(0.03664621525291967, 0.03846294303966369)
1(0.15580768615351637, 0.15761379744288162)
1(0.030965754108387977, 0.03276606937325599)
1(0.05105802705187501, 0.05282021220841582)
1(0.022974015526661895, 0.024708666138193225)
1(0.0378094964444492, 0.03951041694316171)
1(0.050358109608009904, 0.05204839493375757)
1(0.03806922660262502, 0.03968197904774218)
1(0.1438943053704378, 0.1454862758069284)
1(0.03558269987950735, 0.03716171442532168)
1(0.1473594061112512, 0.14891554716756994)
1(0.16400983883183506, 0.16552464638931785)
1(0.13285598284197586, 0.13436309505843003)
1(0.03242820691858883, 0.033912907587949626)
1(0.032779857071791096, 0.03425467674771754)
1(0.045789356326564, 0.047261203863461776)
1(0.032144207562722515, 0.03361402145738468)
1(0.027673188861986886, 0.029136956371077716)
1(0.036014479174093394, 0.037472481891811515)
1(0.1522786231694142, 0.15371474034282018)
1(0.030771378624812606, 0.03220686048986343)
1(0.037055436822389876, 0.038473413928662215)
1(0.039738557325005086, 0.04115391699301452)
1(0.16924870934282232, 0.17064856304936482)
1(0.1596415931093751, 0.1610396245527036)
1(0.03932185022240253, 0.040706827798461465)
1(0.039851602009086884, 0.04122698685473347)
1(0.1779588306861004, 0.17933021221523926)
1(0.03672973016713621, 0.038098951985807594)
1(0.17644713569882375, 0.17780736542044728)
1(0.14560710972624147, 0.1469574273202412)
1(0.036172804293008065, 0.03750883010047512)
1(0.20077178136772078, 0.2021024297789069)
1(0.036250698171181095, 0.03758112232330879)
1(0.0758785766060105, 0.0772062839358919)
1(0.18354619681385287, 0.18485942932197819)
1(0.17272611297327733, 0.17401505646768844)
1(0.025689576752999876, 0.026972145272557424)
1(0.18488941209065146, 0.1861324434244065)
1(0.036208863750958886, 0.03745062353750994)
1(0.1586034453423355, 0.15982749035233657)
1(0.02940438969802317, 0.030611784188867674)
1(0.031708674195345066, 0.032867166703000716)
1(0.20923339237066407, 0.21037672930667184)
1(0.029720880381494563, 0.030826791541405996)
1(0.16113232252639165, 0.1622001866357703)
1(0.0323911089817549, 0.0334513733410422)
1(0.03814437159739803, 0.039195360054136597)
1(0.1386360291694254, 0.13965432532837763)
1(0.1315641503131102, 0.13252124896229034)
1(0.04781734335067711, 0.04876382939770307)
1(0.029029603282489713, 0.02995662396642551)
1(0.16236859915599489, 0.16324580909506659)
1(0.06878059315314411, 0.06964648789501704)
1(0.14699644817429192, 0.14783158873913893)
1(0.03515211429455334, 0.03595451851497622)
1(0.14837528527969357, 0.1491755306812914)
1(0.1371215964571355, 0.13791873707643676)
1(0.02853533233214034, 0.029324741393601417)
1(0.05506526361220454, 0.055843034973457994)
1(0.056814338908868445, 0.057558537725263204)
1(0.035315503271732274, 0.03605621475677012)
1(0.032529392113698985, 0.03324978362228015)
1(0.034156633543981574, 0.0348766059055865)
1(0.05382618066174927, 0.05453141336841527)
1(0.0508143209944103, 0.05150647854036117)
1(0.030252272708300887, 0.03093452620931736)
1(0.16208868396080878, 0.1627690815773225)
1(0.14441068484516006, 0.14508037770835136)
1(0.032318855462540985, 0.03298693054790891)
1(0.1992309079076673, 0.19988905581320693)
1(0.02848165352542853, 0.029136956371077716)
1(0.05857144222296906, 0.059215100208843685)
1(0.033151097973024846, 0.033766396226808104)
1(0.029251844720351805, 0.02985644087306627)
1(0.02897633998736393, 0.029580310974933743)
1(0.03363645507077506, 0.03423550506946116)
1(0.1795514526497084, 0.1801403515584148)
1(0.04425568686431247, 0.044820445157621736)
1(0.038345132281600525, 0.038901829368999774)
1(0.026981999068064866, 0.027535868019366805)
1(0.14653743148274256, 0.14709041845782378)
1(0.035505028120018434, 0.03604304041538586)
1(0.1639657227473703, 0.16449264874074254)
1(0.1460879044522987, 0.14661447914746195)
1(0.037052527596470375, 0.03757712137521052)
1(0.1506832932708253, 0.151201390904401)
1(0.1563852331243175, 0.15688759901496707)
1(0.06241275954986514, 0.0629001767653461)
1(0.16029139466636244, 0.1607619791097714)
1(0.14645833667629593, 0.14691207653972627)
1(0.16258687498928337, 0.16303641254654877)
1(0.171561537936053, 0.17199160870573316)
1(0.023099634223491927, 0.023518217756555382)
1(0.05632066422314608, 0.056738295088841095)
1(0.029678663470537048, 0.03009172974402663)
1(0.05082795413106478, 0.05123959087305707)
1(0.04369684720584721, 0.04409701521238596)
1(0.02874911622491738, 0.029136956371077716)
1(0.03713531147347071, 0.03752138630994173)
1(0.15051393388693823, 0.15087286756433615)
1(0.17328211483848477, 0.1736319603437817)
1(0.034724472329550005, 0.035073057604307345)
1(0.028981256084385287, 0.029308901102384488)
1(0.030761228058896917, 0.031087261175820613)
1(0.026897769746144995, 0.027213910823029708)
1(0.04035604161498241, 0.04064468232065166)
1(0.04240731905200723, 0.042684242600691924)
1(0.05983221847883402, 0.06010429294283148)
1(0.18813333959372835, 0.18838253253267745)
1(0.17744076738668169, 0.17766053115978908)
1(0.1307056673668312, 0.1309199246403695)
1(0.1573812815420207, 0.15758849047649248)
1(0.0368811050311294, 0.03708366244113159)
1(0.16505631875360838, 0.16524908635651436)
1(0.19175704805981908, 0.19194419928090167)
1(0.16782423016504489, 0.16798942659434424)
1(0.0351580493098268, 0.03531895157169751)
1(0.02730821419555407, 0.02743895368702154)
1(0.027635380801812937, 0.02775789312234278)
1(0.13221204039639778, 0.1323301739401772)
1(0.02617829281392936, 0.02627895997524743)
1(0.028941743149417998, 0.029030728997897493)
1(0.034539832034618634, 0.03461826693539005)
1(0.024428142244433904, 0.02449699532750793)
1(0.03692777351991605, 0.03696435664101638)
1(0.03470543829415251, 0.03473396289576325)
0(0.0, inf)
0(0.0, 0.8152989538510729)
0(0.0, 0.706143558939151)
0(0.0, 0.6949372848228463)
0(0.0, 0.5168481579816222)
0(0.0, 0.45391281154797003)
0(0.0, 0.42177772253546686)
0(0.0, 0.40000507288902487)
0(0.0, 0.2654192645697109)
0(0.0, 0.24587303625643275)
0(0.0, 0.23239922274536085)
0(0.0, 0.23173697983966346)
0(0.0, 0.21364520659752273)
0(0.0, 0.2003984436535452)
0(0.0, 0.2003005354234978)
0(0.0, 0.19969855954941684)
0(0.0, 0.19963924839131997)
0(0.0, 0.1989822598677058)
0(0.0, 0.193520802255165)
0(0.0, 0.19220007138927453)
0(0.0, 0.19069746756563233)
0(0.0, 0.1893715430860301)
0(0.0, 0.18797326611791965)
0(0.0, 0.18455415360499627)
0(0.0, 0.18283088877993792)
0(0.0, 0.1808635668120412)
0(0.0, 0.17678350009366028)
0(0.0, 0.17510159280638238)
0(0.0, 0.17116591737397613)
0(0.0, 0.16768427097950678)
0(0.0, 0.1675360959427592)
0(0.0, 0.16725394292189433)
0(0.0, 0.16662810301476216)
0(0.0, 0.16526912577072272)
0(0.0, 0.1651128464250886)
0(0.0, 0.16480917438856624)
0(0.0, 0.1634703385670001)
0(0.0, 0.1631471763254876)
0(0.0, 0.1631112038475353)
0(0.0, 0.16255212309392797)
0(0.0, 0.16189726431699514)
0(0.0, 0.161628452788384)
0(0.0, 0.16148836428114366)
0(0.0, 0.16049777174934743)
0(0.0, 0.1589890755591209)
0(0.0, 0.15608873876177465)
0(0.0, 0.15591716975553915)
0(0.0, 0.1536808503089504)
0(0.0, 0.15365272301126076)
0(0.0, 0.15288987656872788)
0(0.0, 0.15265480016579636)
0(0.0, 0.15250772825262593)
0(0.0, 0.15212688085990878)
0(0.0, 0.15188162804627425)
0(0.0, 0.15175373347393717)
0(0.0, 0.15142548038472037)
0(0.0, 0.15115279582223706)
0(0.0, 0.15097791977219843)
0(0.0, 0.15071130578934933)
0(0.0, 0.150493780572868)
0(0.0, 0.1501621270019594)
0(0.0, 0.1495312213853458)
0(0.0, 0.1488783458880204)
0(0.0, 0.14824079159888193)
0(0.0, 0.14579795848521548)
0(0.0, 0.1455994409279101)
0(0.0, 0.14499385943066145)
0(0.0, 0.14497472684125)
0(0.0, 0.1439351502289471)
0(0.0, 0.1438627538371997)
0(0.0, 0.14355220483321163)
0(0.0, 0.14318077570680232)
0(0.0, 0.14314116853855474)
0(0.0, 0.14287917706850817)
0(0.0, 0.14278053593675577)
0(0.0, 0.14263476846362833)
0(0.0, 0.14245366998874187)
0(0.0, 0.1424469487313812)
0(0.0, 0.14240491321389248)
0(0.0, 0.14233527757810227)
0(0.0, 0.14151041595370062)
0(0.0, 0.14136742797787416)
0(0.0, 0.14120218658413897)
0(0.0, 0.14093982780333536)
0(0.0, 0.1407286830116803)
0(0.0, 0.14039762877209905)
0(0.0, 0.14017235063747358)
0(0.0, 0.14001307674175234)
0(0.0, 0.14000855392643163)
0(0.0, 0.13976523058152202)
0(0.0, 0.13976079134127883)
0(0.0, 0.1390466792271312)
0(0.0, 0.1390445729986407)
0(0.0, 0.13886442043256086)
0(0.0, 0.1385715540669068)
0(0.0, 0.13821520982897562)
0(0.0, 0.1382129940985951)
0(0.0, 0.13780951577107348)
0(0.0, 0.13773160400375384)
0(0.0, 0.13612846127802714)
0(0.0, 0.135982328888543)
0(0.0, 0.13489981677892982)
0(0.0, 0.13460455135404448)
0(0.0, 0.13376670738673846)
0(0.0, 0.1337602130965897)
0(0.0, 0.13341913945395023)
0(0.0, 0.1331883839361152)
0(0.0, 0.13260578829403902)
0(0.0, 0.1322931920868231)
0(0.0, 0.1317052513638326)
0(0.0, 0.13146557387902447)
0(0.0, 0.131327147709965)
0(0.0, 0.13131381777686002)
0(0.0, 0.13128754381496632)
0(0.0, 0.13109915859268328)
0(0.0, 0.13094245262843995)
0(0.0, 0.13053858111965622)
0(0.0, 0.13053297538925146)
0(0.0, 0.1304724004063913)
0(0.0, 0.13043111856846767)
0(0.0, 0.13038002310756347)
0(0.0, 0.13026196444965477)
0(0.0, 0.12942627817851693)
0(0.0, 0.1289522156412808)
0(0.0, 0.12892124242991387)
0(0.0, 0.12858194115283306)
0(0.0, 0.12848290276211904)
0(0.0, 0.12846049262042136)
0(0.0, 0.1284181240468809)
0(0.0, 0.12821945759084252)
0(0.0, 0.12821883131903633)
0(0.0, 0.1279678006927768)
0(0.0, 0.12782912580483574)
0(0.0, 0.1276605895526225)
0(0.0, 0.12755237228662142)
0(0.0, 0.12739296225355878)
0(0.0, 0.12716591840756197)
0(0.0, 0.12702895510076495)
0(0.0, 0.12685450529945574)
0(0.0, 0.12675306570134826)
0(0.0, 0.1266129630504742)
0(0.0, 0.12639120501714685)
0(0.0, 0.1263743175581009)
0(0.0, 0.12619649856188864)
0(0.0, 0.1261660085239923)
0(0.0, 0.12614500713362686)
0(0.0, 0.1261143864817169)
0(0.0, 0.125637441781274)
0(0.0, 0.12549115225936647)
0(0.0, 0.12542451588392522)
0(0.0, 0.12516465947036381)
0(0.0, 0.12463904582481689)
0(0.0, 0.12438796837890997)
0(0.0, 0.12402436052242216)
0(0.0, 0.12395973806798855)
0(0.0, 0.12369671383872172)
0(0.0, 0.12368921766816376)
0(0.0, 0.12332298599088276)
0(0.0, 0.12231395119246591)
0(0.0, 0.1222820930214713)
0(0.0, 0.12226545637802377)
0(0.0, 0.12225187088931755)
0(0.0, 0.12208401349857878)
0(0.0, 0.12166591265402793)
0(0.0, 0.12143005465510903)
0(0.0, 0.12114274104290157)
0(0.0, 0.12088789013462231)
0(0.0, 0.1205425111558972)
0(0.0, 0.1201074998567716)
0(0.0, 0.12007026649659924)
0(0.0, 0.12001758863038348)
0(0.0, 0.11996620693419224)
0(0.0, 0.11988576564548215)
0(0.0, 0.11983519027827327)
0(0.0, 0.11969422962231013)
0(0.0, 0.11962253365525255)
0(0.0, 0.11931544396945781)
0(0.0, 0.1190195758581406)
0(0.0, 0.11814938345334924)
0(0.0, 0.11798715937709847)
0(0.0, 0.11775787879051036)
0(0.0, 0.1175862462467836)
0(0.0, 0.11705407134758594)
0(0.0, 0.11564105829754989)
0(0.0, 0.11546530929500365)
0(0.0, 0.1154243776163979)
0(0.0, 0.11534698289920609)
0(0.0, 0.11439784076277526)
0(0.0, 0.11329666079298051)
0(0.0, 0.11318117354014245)
0(0.0, 0.11276146285254407)
0(0.0, 0.11257582859420046)
0(0.0, 0.11239619314685867)
0(0.0, 0.11110738938001818)
0(0.0, 0.11108268573786262)
0(0.0, 0.11107970618626872)
0(0.0, 0.1109991122814461)
0(0.0, 0.11099437167028181)
0(0.0, 0.11048048211377681)
0(0.0, 0.11039939478361005)
0(0.0, 0.11012553224838251)
0(0.0, 0.11009920211787472)
0(0.0, 0.1094718492036888)
0(0.0, 0.1089458404198943)
0(0.0, 0.10873281363694909)
0(0.0, 0.10831059970407175)
0(0.0, 0.10819608693406468)
0(0.0, 0.10757018169106225)
0(0.0, 0.10737448353467194)
0(0.0, 0.10687174613774386)
0(0.0, 0.1062868879222506)
0(0.0, 0.10603168473525804)
0(0.0, 0.1058819799750279)
0(0.0, 0.10577466545610148)
0(0.0, 0.10499185036464431)
0(0.0, 0.1049703059986078)
0(0.0, 0.10452573391698994)
0(0.0, 0.10440194448363238)
0(0.0, 0.1039178015662513)
0(0.0, 0.10343291795037679)
0(0.0, 0.10336100792864544)
0(0.0, 0.10133491036090514)
0(0.0, 0.10092323480292376)
0(0.0, 0.10080105246976412)
0(0.0, 0.09890980234523294)
0(0.0, 0.09824591439142216)
0(0.0, 0.09589605378709087)
0(0.0, 0.09348231456738465)
0(0.0, 0.09220114309925309)
0(0.0, 0.09064164137053321)
0(0.0, 0.08820527470959016)
0(0.0, 0.08716387197883191)
0(0.0, 0.08469737283922052)
0(0.0, 0.08364914363596931)
0(0.0, 0.08160096931227967)
0(0.0, 0.08040627964558289)
0(0.0, 0.07308567547796574)
0(0.0, 0.07253455584949664)
0(0.0, 0.06967107133165962)
0(0.0, 0.06111521458835245)
0(0.0, 0.06060036232455068)
0(0.0, 0.05965792669458714)
0(0.0, 0.05874712373071189)
0(0.0, 0.05676156922333009)
0(0.0, 0.05672483341355372)
0(0.0, 0.05575934943029348)
0(0.0, 0.05517960971276392)
0(0.0, 0.052770189308745)
0(0.0, 0.05214369754690107)
0(0.0, 0.05200745097057968)
0(0.0, 0.051684860764042106)
0(0.0, 0.05145557962174718)
0(0.0, 0.05050917927868859)
0(0.0, 0.05041245883000245)
0(0.0, 0.05036099576585518)
0(0.0, 0.05024601394053774)
0(0.0, 0.05001323207327213)
0(0.0, 0.04945752918363233)
0(0.0, 0.04892263874719771)
0(0.0, 0.048894764744255914)
0(0.0, 0.0487445372289288)
0(0.0, 0.04731170355779202)
0(0.0, 0.046509482990430784)
0(0.0, 0.04636955374149121)
0(0.0, 0.045728287170092696)
0(0.0, 0.045113179727582775)
0(0.0, 0.044501411362197985)
0(0.0, 0.04441787008415554)
0(0.0, 0.04434430907793818)
0(0.0, 0.04412435149906524)
0(0.0, 0.043398878901406035)
0(0.0, 0.04270882330565118)
0(0.0, 0.04249882530038562)
0(0.0, 0.042126612411391706)
0(0.0, 0.04197895392895168)
0(0.0, 0.04088283322179942)
0(0.0, 0.04039704378922315)
0(0.0, 0.04024967343054686)
0(0.0, 0.039606118959410797)
0(0.0, 0.039533281773492024)
0(0.0, 0.03926574412944017)
0(0.0, 0.039186384071450364)
0(0.0, 0.038857885606638276)
0(0.0, 0.03883233243904849)
0(0.0, 0.03864596531246911)
0(0.0, 0.0385199995813581)
0(0.0, 0.038338214728928066)
0(0.0, 0.03828127498680289)
0(0.0, 0.03783908906485978)
0(0.0, 0.03766198229257356)
0(0.0, 0.03741121168038086)
0(0.0, 0.037331513482994794)
0(0.0, 0.0371593367090598)
0(0.0, 0.036744257886447085)
0(0.0, 0.03651381112824492)
0(0.0, 0.03647125433454401)
0(0.0, 0.0364122899514191)
0(0.0, 0.036232764134287665)
0(0.0, 0.03610062529345803)
0(0.0, 0.036054384695168085)
0(0.0, 0.03604482542636944)
0(0.0, 0.035949015636249526)
0(0.0, 0.03590898533741271)
0(0.0, 0.03559187311265111)
0(0.0, 0.03552833944813749)
0(0.0, 0.03515498173972176)
0(0.0, 0.035068097743888416)
0(0.0, 0.03500210493047651)
0(0.0, 0.03494029392809295)
0(0.0, 0.0348933061670722)
0(0.0, 0.03483229374139529)
0(0.0, 0.03447478583017016)
0(0.0, 0.03404067131739863)
0(0.0, 0.034012469608294627)
0(0.0, 0.03387137691234976)
0(0.0, 0.033544261165179834)
0(0.0, 0.03337535552799853)
0(0.0, 0.032913875669891346)
0(0.0, 0.03286136156097863)
0(0.0, 0.03254402303688475)
0(0.0, 0.03249790682383258)
0(0.0, 0.031979028487155836)
0(0.0, 0.03193531436177088)
0(0.0, 0.03184695028482154)
0(0.0, 0.03164518081697043)
0(0.0, 0.031616255247465475)
0(0.0, 0.031520500235379445)
0(0.0, 0.031187413963278954)
0(0.0, 0.031157691322664882)
0(0.0, 0.031085299458424642)
0(0.0, 0.03102959377323533)
0(0.0, 0.030601104783930966)
0(0.0, 0.03056765184701582)
0(0.0, 0.030481756831613693)
0(0.0, 0.030457076648802928)
0(0.0, 0.03003910361455686)
0(0.0, 0.030011380634450857)
0(0.0, 0.029834601038009056)
0(0.0, 0.029829876621311757)
0(0.0, 0.02972233347436959)
0(0.0, 0.029528090634684312)
0(0.0, 0.029427527488434357)
0(0.0, 0.029315796444106756)
0(0.0, 0.02915791745126517)
0(0.0, 0.02914592446630271)
0(0.0, 0.029115719317337252)
0(0.0, 0.02892132512596568)
0(0.0, 0.02879274264701448)
0(0.0, 0.028739111946920803)
0(0.0, 0.028471163323595117)
0(0.0, 0.028425008736638224)
0(0.0, 0.028345349952272003)
0(0.0, 0.028264479617936877)
0(0.0, 0.028177602653462808)
0(0.0, 0.027993161441408176)
0(0.0, 0.02766233666438711)
0(0.0, 0.02754277699498109)
0(0.0, 0.027523875774670747)
0(0.0, 0.02743682841666928)
0(0.0, 0.02739962267008511)
0(0.0, 0.0273631310992819)
0(0.0, 0.02719174860916085)
0(0.0, 0.027127218881709325)
0(0.0, 0.0269655125876177)
0(0.0, 0.02671594843616043)
0(0.0, 0.02664973487570743)
0(0.0, 0.026622020135183333)
0(0.0, 0.026598308012806826)
0(0.0, 0.026559564053991624)
0(0.0, 0.026451292601273102)
0(0.0, 0.026236750614335058)
0(0.0, 0.026205299009241734)
0(0.0, 0.02614632489643287)
0(0.0, 0.026131440205307555)
0(0.0, 0.02608931984173013)
0(0.0, 0.02606287371491145)
0(0.0, 0.025945739849749794)
0(0.0, 0.025895215808835137)
0(0.0, 0.025866325362171594)
0(0.0, 0.025762291995733655)
0(0.0, 0.025593951225913125)
0(0.0, 0.025582100196461233)
0(0.0, 0.025555407547011244)
0(0.0, 0.02545800186426317)
0(0.0, 0.025272933067363224)
0(0.0, 0.025039062740241147)
0(0.0, 0.024999324851594618)
0(0.0, 0.024890775230329898)
0(0.0, 0.0246758906934057)
0(0.0, 0.02455102300833001)
0(0.0, 0.024530935533431997)
0(0.0, 0.024417748377983717)
0(0.0, 0.024415075236410066)
0(0.0, 0.024381629839677288)
0(0.0, 0.024070994944393465)
0(0.0, 0.02396122196113082)
0(0.0, 0.02391301713222349)
0(0.0, 0.023701224402095766)
0(0.0, 0.023659250243304064)
0(0.0, 0.023583612503537577)
0(0.0, 0.02334509912544036)
0(0.0, 0.02332975818893257)
0(0.0, 0.023253636819505208)
0(0.0, 0.023128517615694344)
0(0.0, 0.023084400763495383)
0(0.0, 0.02284203185391953)
0(0.0, 0.022607321631907262)
0(0.0, 0.022517095168660073)
0(0.0, 0.022458621191174366)
0(0.0, 0.02237768609581703)
0(0.0, 0.022361602964606653)
0(0.0, 0.022321675721082346)
0(0.0, 0.022310694932151764)
0(0.0, 0.02224718174486917)
0(0.0, 0.02199219167373645)
0(0.0, 0.021892697601048172)
0(0.0, 0.021872898663278018)
0(0.0, 0.021707768459094945)
0(0.0, 0.021661071857198566)
0(0.0, 0.021209241046032945)
0(0.0, 0.02090192708978933)
0(0.0, 0.020643998121746998)
0(0.0, 0.02064335995897737)
0(0.0, 0.020065055426369383)
0(0.0, 0.019944299908363994)
0(0.0, 0.019660769213572737)
0(0.0, 0.019005048315960504)
0(0.0, 0.017120158945124864)
0(0.0, 0.013769631436410634)
0(0.0, 0.011051811635535702)
0(0.0, 0.007782151016896388)
0(0.0, 0.00449041423769625)
