1(0.6077132189407826, 0.8320751635675716)
1(1.0094284799436077, 1.1710200581744266)
1(0.15974664171952135, 0.2166774633764782)
1(0.17257146147064661, 0.2197004360429774)
1(0.8093923924924299, 0.8547121623391841)
1(0.15011315709598927, 0.19537954258571555)
1(0.1796424528066658, 0.22351227279188324)
1(0.1671568302072559, 0.20996833507235324)
1(0.1627225819462912, 0.20506949549541653)
1(0.16345481851712473, 0.2053911586051883)
1(0.16464270607327047, 0.20523286094887871)
1(0.15910860213810452, 0.19701652787971424)
1(0.16094222220630283, 0.1974601334221454)
1(0.17154167530292097, 0.20729800604099258)
1(0.15006410947074655, 0.18418738452169003)
1(0.13372327897423308, 0.16773353174077354)
1(0.1670167854047453, 0.1982644903189673)
1(0.17575509064699557, 0.20634961088308745)
1(0.1642479113200308, 0.19396108210815954)
1(0.15035024920363282, 0.17986529989505418)
1(0.17936173464738858, 0.20683155915279694)
1(0.1763716061998476, 0.20338314839328298)
1(0.18111962622190902, 0.20802549902727807)
1(0.1772223842370173, 0.2031284026862834)
1(0.11001272414090368, 0.13535713919703452)
1(0.17577491825331093, 0.20066996619264943)
1(0.0879440315119624, 0.11246560253886406)
1(0.1471605454487065, 0.17137576648878106)
1(0.1711790910123253, 0.19535412370059335)
1(0.1517552772205849, 0.1756202701805809)
1(0.15405927922624896, 0.1771433896122777)
1(0.1305006179006729, 0.15279474859722464)
1(0.1480975886952317, 0.17015962515314365)
1(0.10337047288161716, 0.12542806491713598)
1(0.10288767255055697, 0.12489878179954894)
1(0.21895334294535207, 0.2402662442641722)
1(0.19571088257152958, 0.21686346304413917)
1(0.16640650843551807, 0.18698789481116018)
1(0.16049048018615342, 0.18100777740980267)
1(0.1611881055858302, 0.18159305679259474)
1(0.17087265454642353, 0.19045328875767276)
1(0.1876860692945692, 0.20722391385527184)
1(0.1502264652885772, 0.16974536881542757)
1(0.15286079970449118, 0.17231766497457213)
1(0.15811270665894195, 0.17731593847454297)
1(0.20594386962848177, 0.22501878511155726)
1(0.20502580863233655, 0.22381226946873978)
1(0.22121656013830304, 0.2399803160331958)
1(0.16629155477997404, 0.1845897230901572)
1(0.16317035117456347, 0.18144890364239208)
1(0.15044493931340652, 0.16872054942529524)
1(0.1482598475195097, 0.16614881007271765)
1(0.17302127756437102, 0.19086634986691808)
1(0.17091767763166021, 0.18840434718379306)
1(0.18308749986058248, 0.20053126333478932)
1(0.15517062664953418, 0.1726009231336928)
1(0.17567037947927255, 0.19258240735227838)
1(0.18410458460333556, 0.2010160104052512)
1(0.18956495790122108, 0.20647355540980705)
1(0.16855876710658935, 0.18530182919410443)
1(0.18823047986404307, 0.20483940532223166)
1(0.1678259469200225, 0.1844318302965391)
1(0.13257712371053876, 0.14873577321596754)
1(0.25220545512142134, 0.26823775910280656)
1(0.16151000704726493, 0.1775268276471481)
1(0.15366167410388598, 0.16960354196912386)
1(0.1648217034627215, 0.18067558249160554)
1(0.20804355072135827, 0.2238701350990483)
1(0.19418963574937487, 0.2099542714191166)
1(0.19817083554222203, 0.2138652418234065)
1(0.14207688960918674, 0.15767455397443564)
1(0.16510795893897956, 0.18050309106640394)
1(0.058882613869582046, 0.07403521387682277)
1(0.19048833401125387, 0.20562007243730374)
1(0.13109954309637073, 0.14618409143670585)
1(0.1410629062067077, 0.15590399586120196)
1(0.13026722780849198, 0.14507004718800454)
1(0.14762266471726626, 0.16241088670390724)
1(0.19431695964919504, 0.20904651105539906)
1(0.16705635502012195, 0.18159305679259474)
1(0.16993685495403466, 0.1842961499579503)
1(0.15546526655196524, 0.16974536881542757)
1(0.1630662825055771, 0.17731593847454297)
1(0.19032440313854004, 0.20443261126931822)
1(0.1934595257196231, 0.2073704418622927)
1(0.1641092903421283, 0.17782027280848367)
1(0.1430036328001525, 0.15666337154591703)
1(0.1821980588626283, 0.19584721565434715)
1(0.19750788746252712, 0.21113818857534694)
1(0.05360829398580458, 0.0671653900144632)
1(0.221261698541245, 0.2347872603104898)
1(0.18960343291834225, 0.2030022299135691)
1(0.1608789714249863, 0.17400841943216072)
1(0.18886831961148065, 0.20198976311325334)
1(0.17511720754011773, 0.1880894225094879)
1(0.08954895725320156, 0.10236827462788456)
1(0.16305528520240486, 0.1756202701805809)
1(0.04138920586796346, 0.05340183067153814)
1(0.16562617821046766, 0.1776310851966736)
1(0.17571518370826822, 0.18771548756028356)
1(0.1822992697840271, 0.1942650586363429)
1(0.15777491725859072, 0.16970928813997566)
1(0.1887942796190717, 0.2006931390266189)
1(0.1523869788372415, 0.1642505288636894)
1(0.1591082767253197, 0.1707585788709287)
1(0.15805471430973073, 0.16960354196912386)
1(0.16941878282425826, 0.1809160755653627)
1(0.20265233076671896, 0.21407953093433385)
1(0.1441857106637302, 0.15555158723181706)
1(0.2027244507338677, 0.21402215673712321)
1(0.15677386616764488, 0.16803434592369537)
1(0.15936420546634078, 0.17058406977027152)
1(0.19347636460849837, 0.20462530151852587)
1(0.05715060300508201, 0.06825535978087394)
1(0.18202875041572886, 0.19312373134402572)
1(0.07823151369328762, 0.089180636522731)
1(0.18203926936014625, 0.1929032982541643)
1(0.139568509147317, 0.1503794712147648)
1(0.1706715663428603, 0.18116378440384684)
1(0.16754421146020115, 0.17793323199240185)
1(0.08280985101267468, 0.09319527464941679)
1(0.16051361508217932, 0.1708505455257976)
1(0.11604480837112818, 0.1263619150823615)
1(0.16052579648749643, 0.17081512853228376)
1(0.1830434565043747, 0.19331546947705414)
1(0.05810232239208424, 0.06835729940931545)
1(0.1561224625042612, 0.16610744777559705)
1(0.13591292576707326, 0.145887533318946)
1(0.15475958677992574, 0.16467625950089804)
1(0.05107947386190381, 0.06094107962821449)
1(0.06417542127180331, 0.07401487320251987)
1(0.15982757340184262, 0.16960354196912386)
1(0.1247667432358407, 0.1345407116983901)
1(0.20576309953386807, 0.21550624566055432)
1(0.16901758932403177, 0.1785741979239609)
1(0.1967521456612027, 0.20628990005321257)
1(0.17906566050191364, 0.1883741314736772)
1(0.035051839347730596, 0.04435739331437649)
1(0.18352712153359396, 0.19278550036242958)
1(0.17335450399109542, 0.1825484856536279)
1(0.05717016031670474, 0.06628341875130717)
1(0.1822344008927007, 0.19130039839762014)
1(0.05795480062513647, 0.06698797755581654)
1(0.05360545463051902, 0.06256488509815239)
1(0.16054605516413922, 0.16943312387690745)
1(0.1001723695392448, 0.10905457967736132)
1(0.1383992077399402, 0.147263169660794)
1(0.25583818381390155, 0.2646994211194045)
1(0.20896004382567457, 0.21778660225279922)
1(0.05681067106656179, 0.06557216074175465)
1(0.17984937473099782, 0.1885965015384533)
1(0.16167003254339096, 0.17041499355484924)
1(0.11495825568193752, 0.12359385089537556)
1(0.1876791383916545, 0.19628238470400783)
1(0.16669837120208364, 0.17526918907472733)
1(0.06153051163704115, 0.07005129524012843)
1(0.03814255665908106, 0.046482289542660205)
1(0.18553076699359217, 0.19384689838172253)
1(0.1315811301366384, 0.13977703406110253)
1(0.06491187646070662, 0.07308726827023149)
1(0.12564660174102515, 0.13376194471242342)
1(0.16966895239958557, 0.17774761340732514)
1(0.19452904585883568, 0.20260213093024382)
1(0.158059722389847, 0.16602610940121054)
1(0.18102075450006827, 0.1889102870318573)
1(0.19999734532346547, 0.20785728849910445)
1(0.1712677852545882, 0.17906074051659682)
1(0.8826793971556929, 0.8904566182978761)
1(0.18388689537404113, 0.19160411301504432)
1(0.14865071691626575, 0.1563271208109257)
1(0.17491311453172387, 0.18248211390575853)
1(0.17631488263422823, 0.1838538525736556)
1(0.12839704261262774, 0.13593117497159535)
1(0.06809053416224109, 0.07556458755286188)
1(0.17638508881022696, 0.1838538525736556)
1(0.04774511055542929, 0.05513401161154863)
1(0.05196921383131736, 0.05929423020051705)
1(0.17647400385670498, 0.18364055835696758)
1(0.1835721047181056, 0.19064894381510367)
1(0.04400945494785102, 0.05106547192897348)
1(0.05806145218455805, 0.06511664359873814)
1(0.058759257019223354, 0.06577778067035855)
1(0.17393925862869153, 0.1809160755653627)
1(0.31505014352650196, 0.32202290363846886)
1(0.1354574337169946, 0.14236201987463504)
1(0.11977575587611011, 0.12664140576889882)
1(0.045515145056299944, 0.05235037681039012)
1(0.03580053701700803, 0.04262639666462087)
1(0.185867585669084, 0.19258240735227838)
1(0.04730940932897176, 0.05401517867451744)
1(0.1390363139552937, 0.14569000288863287)
1(0.15870029500676675, 0.16534885142850042)
1(0.18241833163974752, 0.1890604905850507)
1(0.03417763831285392, 0.04081381130710293)
1(0.19114814961289817, 0.19778427364034934)
1(0.18285893609603454, 0.1894911467174718)
1(0.17611250467414585, 0.18263863076784392)
1(0.05357895783904021, 0.06009453980202084)
1(0.05863622243323552, 0.0650891566965196)
1(0.05904793410225273, 0.065481005408354)
1(0.08140689433539072, 0.0878389213469496)
1(0.041340737705666264, 0.04772121913215255)
1(0.18711998014380593, 0.193490033805498)
1(0.05626662827968665, 0.06260979595020466)
1(0.1715169474330943, 0.1778501510205064)
1(0.0393678624569207, 0.045699593831461494)
1(0.036601049093954674, 0.04280809025752863)
1(0.28865215654965526, 0.2948511641570386)
1(0.20811067473002764, 0.2142833480634012)
1(0.19134061061058028, 0.1975017347819279)
1(0.07530161997463758, 0.08145625059456352)
1(0.16636228071064985, 0.17251508802228743)
1(0.060033737558441325, 0.06615411730035436)
1(0.19204615926932822, 0.19808576914539622)
1(0.16416054344195796, 0.17014172041169984)
1(0.045539087116663435, 0.05145591265144189)
1(0.07798572397520565, 0.08385937543393984)
1(0.06176579214989797, 0.06763618523708959)
1(0.16019607993641705, 0.16604802657509188)
1(0.05363626796898846, 0.0594824801989281)
1(0.15968445204660386, 0.16546379900966768)
1(0.06686041746831695, 0.07263381124259538)
1(0.0394561131439185, 0.045206901504419195)
1(0.03506929699446826, 0.04081381130710293)
1(0.14029468497476283, 0.14591101171697196)
1(0.11968798221817256, 0.12522401534441463)
1(0.05301201440354486, 0.058534430588892516)
1(0.18284069373730105, 0.18807859772885382)
1(0.07031976941267581, 0.07553858764308197)
1(0.16730650524259916, 0.17251508802228743)
1(0.1861416327881935, 0.19132137199317245)
1(0.13224117985559392, 0.13737123886208458)
1(0.05928735159627185, 0.06440732273735372)
1(0.06609554271145857, 0.07121356153405956)
1(0.09357893977653708, 0.09862882294173037)
1(0.15375352253368224, 0.15878705002173454)
1(0.21232641999218127, 0.2173578072625465)
1(0.04361266313592804, 0.04851601813061279)
1(0.2062594166201721, 0.21113818857534694)
1(0.06201862011748127, 0.06688023404587184)
1(0.15514635103460972, 0.15998870389883424)
1(0.06597085546637482, 0.07080381644833034)
1(0.06726724701377684, 0.0720589587905861)
1(0.20580292268674438, 0.21057425285673603)
1(0.1866985088640014, 0.19146171750678276)
1(0.040477036852817116, 0.04524021130361744)
1(0.150629647195633, 0.15530395456419166)
1(0.057635215732285916, 0.062286427440191416)
1(0.1642213837694343, 0.1688672358635952)
1(0.1620684094370577, 0.16655827232350295)
1(0.22647155684602638, 0.23096004995672426)
1(0.04270604876269557, 0.04718801033118847)
1(0.03689512723437138, 0.041351268424850485)
1(0.2215645936205235, 0.22599079407611466)
1(0.11613968089566984, 0.12055978356315211)
1(0.03489063503068224, 0.039291668472469676)
1(0.03956034154409638, 0.043935161564983005)
1(0.03222658070278095, 0.0365844520611629)
1(0.15906073560597478, 0.1634176348009363)
1(0.0871358827417571, 0.0914741401147331)
1(0.19095521395822945, 0.19528878982635522)
1(0.17704708535401037, 0.18137579029644335)
1(0.03858424797901816, 0.04287287990820243)
1(0.04781320621758611, 0.052038567155045956)
1(0.16402922553583488, 0.16816704909828495)
1(0.029037996933027777, 0.033162498677648755)
1(0.11539822861077498, 0.11942268612366469)
1(0.07009119522516938, 0.07407012096636512)
1(0.15762841287270823, 0.1615905114724887)
1(0.05652992973029969, 0.060280895938799484)
1(0.05924242134571123, 0.06295301480233073)
1(0.03433691947787754, 0.03804065945171886)
1(0.1780828599934544, 0.1817760422813286)
1(0.0627029312678663, 0.06639418137902409)
1(0.06072641368184317, 0.06440732273735372)
1(0.058940933341827706, 0.06258406264202332)
1(0.038288118655420034, 0.04189745628295527)
1(0.029891069687503324, 0.03349095125426138)
1(0.17815001364216243, 0.18172795507586292)
1(0.041271504852021246, 0.044824878989032535)
1(0.11517906080261286, 0.11867826811131221)
1(0.04499954336093581, 0.04847433223551545)
1(0.03303373133027532, 0.03645133249733734)
1(0.03315625665384325, 0.036508388506176326)
1(0.04969363554291495, 0.05299852001461802)
1(0.1871025005894763, 0.1904025887997738)
1(0.17908435113916388, 0.1823467998996292)
1(0.05785511927570053, 0.06110779097381258)
1(0.19448845762575218, 0.19769586246238458)
1(0.10639136680104921, 0.10951215291973493)
1(0.17835008478068848, 0.18146998091450306)
1(0.0607095642409442, 0.06377740316992864)
1(0.15485688866965364, 0.15790736671171168)
1(0.05439880641833861, 0.05743099523609141)
1(0.04834374787249718, 0.05136254278036201)
1(0.08596836381757889, 0.08897575104985078)
1(0.1977342360697809, 0.2007014850368457)
1(0.17834426047441387, 0.18130542424587326)
1(0.0401718776267046, 0.04312210283057483)
1(0.15348155088173543, 0.1563969524185902)
1(0.05135461347815107, 0.05423662923035644)
1(0.03691845398861959, 0.039750960695584925)
1(0.22432276527288086, 0.22711901545394464)
1(0.04088954667938949, 0.04365177029248801)
1(0.19624237288674906, 0.19900334459782687)
1(0.049289318697632534, 0.052038567155045956)
1(0.07670186833303982, 0.07941640904007252)
1(0.04067083242637248, 0.04329348935497457)
1(0.05721584969640425, 0.05980948234884931)
1(0.04704594450318267, 0.049629398276197834)
1(0.06361092853988881, 0.06615411730035436)
1(0.06117267139020954, 0.06369634548172154)
1(0.03611762860995027, 0.03858071987764533)
1(0.053877964688436975, 0.05632855363312361)
1(0.11763982042290655, 0.1200502833031245)
1(0.07239627254581249, 0.07478969407051683)
1(0.054480840421818555, 0.05687107194920871)
1(0.04007466737938137, 0.042462940852315945)
1(0.18939722646226054, 0.19174690358612967)
1(0.03783376587938014, 0.04013245921390385)
1(0.16373723569906817, 0.16602598818431535)
1(0.18292471759530093, 0.1851829663674729)
1(0.05807759961716863, 0.06030952402928791)
1(0.05786929177835842, 0.06009453980202084)
1(0.155615931597336, 0.15783439084906137)
1(0.04829150797403514, 0.050496426425137075)
1(0.2186417905083402, 0.22080431471437745)
1(0.04758629199884579, 0.04973955877953107)
1(0.041279173621294296, 0.043388100477711244)
1(0.15180010328653937, 0.1539034831984667)
1(0.17883951308662327, 0.18089804122743947)
1(0.08605392841571691, 0.08805105683060344)
1(0.04953617969950341, 0.05151323689646159)
1(0.058692829882942, 0.06066573458002722)
1(0.15402804064651965, 0.15599768237487255)
1(0.06789287699375213, 0.06983062491600567)
1(0.19958763429181325, 0.20152380651311175)
1(0.03787975327813742, 0.039807388747888695)
1(0.06865193949182125, 0.07055530877400917)
1(0.18681177274084593, 0.18870566365759323)
1(0.1708147613117108, 0.17265559787533713)
1(0.05764558586842505, 0.05946066704104447)
1(0.04968299061913806, 0.051491537033283685)
1(0.1936130562363082, 0.19534389498289606)
1(0.03724638503331201, 0.038957418915036346)
1(0.14770369340498324, 0.14940099114565364)
1(0.16038450617027178, 0.1619733646817103)
1(0.046593249080938204, 0.0481720481261273)
1(0.03672076505546462, 0.038299383718340296)
1(0.06112943535935045, 0.0626838760984848)
1(0.18724464292063747, 0.18879189182117895)
1(0.045190497376440875, 0.046733698461099316)
1(0.0606144313654472, 0.062157153653422004)
1(0.18260111451621608, 0.18408650942092342)
1(0.17217646691985733, 0.17363645445936882)
1(0.05002741296267765, 0.05145325799755773)
1(0.06471571034006784, 0.06612735368772404)
1(0.17526188227204376, 0.1766571621404477)
1(0.17487438755053142, 0.176256796427666)
1(0.049077659156607, 0.050459448763605086)
1(0.16021182140563095, 0.1615905114724887)
1(0.1882348339603257, 0.18954558554783707)
1(0.16402341114961327, 0.16527542694896247)
1(0.18817563942117577, 0.1894040396166604)
1(0.07399739167695152, 0.07515285116866632)
1(0.07101484675016423, 0.07214051877952177)
1(0.20845540774358406, 0.20951520948392854)
1(0.05094165721370314, 0.051985032888989924)
1(0.06454968262542671, 0.06557806879241224)
1(0.19164631418136402, 0.19267039845594547)
1(0.08267815258787103, 0.08367774572742881)
1(0.04661362793678214, 0.04760882170715253)
1(0.22576786739599686, 0.22676041837935168)
1(0.06937459051155792, 0.07035354256682469)
1(0.1582475898457696, 0.1592238398865129)
1(0.17889857397663866, 0.17986147855378887)
1(0.039205603838377345, 0.040167603398820195)
1(0.051027845558324625, 0.051985032888989924)
1(0.23932163300970388, 0.2402584153390832)
1(0.05428550098199392, 0.055219622621435205)
1(0.19060725924469757, 0.19152974543644852)
1(0.06421415874424174, 0.06511664359873814)
1(0.06199910953183596, 0.06289113872966878)
1(0.04761164125116668, 0.04839838534473262)
1(0.037819462666898285, 0.03858071987764533)
1(0.04341644558832769, 0.04415779575850409)
1(0.04374556614271963, 0.04448464065389146)
1(0.18657735633139916, 0.18729921742248545)
1(0.03894225989596822, 0.039659994846595215)
1(0.06368397474303833, 0.06440143219709571)
1(0.17356357226852748, 0.1742780384782313)
1(0.0394548487777866, 0.040167603398820195)
1(0.05484321079761767, 0.055516870191036904)
1(0.12340104663504126, 0.12406766220809229)
1(0.0347113939095014, 0.0353613115626088)
1(0.041990812393873145, 0.04262639666462087)
1(0.033606068323410954, 0.0342310408975649)
1(0.038424959572993744, 0.03904407354239914)
1(0.04404996069038469, 0.04465682782157765)
1(0.06370848364235526, 0.06431362130629104)
1(0.20195038871558102, 0.20254913954851195)
1(0.03600046965261139, 0.03657825426216976)
1(0.0570229307463308, 0.05759668788346639)
1(0.039699165097971334, 0.04026445308691595)
1(0.046565041477657054, 0.04712133321378065)
1(0.039219171196103964, 0.039750960695584925)
1(0.03798263893595877, 0.038475984505184746)
1(0.13233416106602647, 0.13280516452235003)
1(0.16303564401537407, 0.16350172400978036)
1(0.2526679119898573, 0.2531247132101002)
1(0.06795119060371901, 0.06835729940931545)
1(0.033825438414955444, 0.0342310408975649)
1(0.041357689202855985, 0.041762021178108455)
1(0.061962895006631435, 0.06235955490490808)
1(0.06382921861950452, 0.06417607983692719)
1(0.180267709907882, 0.18056606981077206)
1(0.18500486023838847, 0.18530182919410443)
1(0.10472803544488185, 0.10499796066743838)
1(0.04742177908178824, 0.04753515849172352)
1(0.07633685343323693, 0.07641074799964442)
1(0.06674940727230172, 0.06682069851653416)
1(0.07771813932406124, 0.07773484492303728)
1(0.21484063601575765, 0.21484809053579101)
0(0.0, inf)
0(0.0, 0.7692717198610366)
0(0.0, 0.551890357989741)
0(0.0, 0.5420163172520002)
0(0.0, 0.44278200714853755)
0(0.0, 0.34382375507568286)
0(0.0, 0.33873536688573036)
0(0.0, 0.29938617468734374)
0(0.0, 0.26697036381708505)
0(0.0, 0.26650775899443035)
0(0.0, 0.2600198265838237)
0(0.0, 0.25155726098096964)
0(0.0, 0.24619439747070526)
0(0.0, 0.2386896294411216)
0(0.0, 0.2376922645595957)
0(0.0, 0.2216683307888564)
0(0.0, 0.21838710789066718)
0(0.0, 0.21717396543893908)
0(0.0, 0.20531083326512112)
0(0.0, 0.20289921574238634)
0(0.0, 0.1993392977800026)
0(0.0, 0.1962320064032882)
0(0.0, 0.19594916519991123)
0(0.0, 0.195944610553499)
0(0.0, 0.18974570840501603)
0(0.0, 0.18669556758979755)
0(0.0, 0.18431350066603092)
0(0.0, 0.18301685620611097)
0(0.0, 0.18288429633097214)
0(0.0, 0.18184966401357128)
0(0.0, 0.18105884975438713)
0(0.0, 0.1801288055470741)
0(0.0, 0.17950697861638298)
0(0.0, 0.17909118106260435)
0(0.0, 0.1780960325667853)
0(0.0, 0.17808529370217818)
0(0.0, 0.17680277605490546)
0(0.0, 0.1763898260322414)
0(0.0, 0.1758440520939668)
0(0.0, 0.17560790703541052)
0(0.0, 0.17556347857040377)
0(0.0, 0.1743043988474715)
0(0.0, 0.17425215276935058)
0(0.0, 0.1737280576274427)
0(0.0, 0.17352791925658928)
0(0.0, 0.1734638734062659)
0(0.0, 0.1725632310195876)
0(0.0, 0.17243831412075383)
0(0.0, 0.1721295703244785)
0(0.0, 0.1687594100923978)
0(0.0, 0.16753653750481523)
0(0.0, 0.16708622165155995)
0(0.0, 0.16693708271288143)
0(0.0, 0.16681008470655556)
0(0.0, 0.16650176399924665)
0(0.0, 0.16605488804216872)
0(0.0, 0.16584469009774871)
0(0.0, 0.16583124412699657)
0(0.0, 0.16564079449778168)
0(0.0, 0.16488383152902264)
0(0.0, 0.16454391495835996)
0(0.0, 0.16450619164788405)
0(0.0, 0.164504001416639)
0(0.0, 0.1640344376448032)
0(0.0, 0.16400594899966847)
0(0.0, 0.16395632669096016)
0(0.0, 0.1633804014220651)
0(0.0, 0.16295199282550366)
0(0.0, 0.16286029101562705)
0(0.0, 0.16232884416758286)
0(0.0, 0.16224795580245188)
0(0.0, 0.1613563106961443)
0(0.0, 0.16124831687103425)
0(0.0, 0.16090518335541903)
0(0.0, 0.1603047913007879)
0(0.0, 0.16022782674228486)
0(0.0, 0.15992171953686352)
0(0.0, 0.15922094188746938)
0(0.0, 0.15911703845530445)
0(0.0, 0.15867891576966064)
0(0.0, 0.15866403360277637)
0(0.0, 0.15829778213066859)
0(0.0, 0.15751754917372618)
0(0.0, 0.15718911110817102)
0(0.0, 0.15695198864858284)
0(0.0, 0.1561613743440179)
0(0.0, 0.15604543883458744)
0(0.0, 0.15550637190838057)
0(0.0, 0.1543637807374787)
0(0.0, 0.15389705202190251)
0(0.0, 0.15353510644125634)
0(0.0, 0.1535113581318207)
0(0.0, 0.15347732731586428)
0(0.0, 0.15343448724302122)
0(0.0, 0.15337631001834595)
0(0.0, 0.152328469449465)
0(0.0, 0.15214459416586446)
0(0.0, 0.1512527671067283)
0(0.0, 0.15101398521182596)
0(0.0, 0.15070929933130062)
0(0.0, 0.1490202462840825)
0(0.0, 0.14863612144392824)
0(0.0, 0.14836010313096226)
0(0.0, 0.14696393571528998)
0(0.0, 0.1467821139535027)
0(0.0, 0.14674880571607662)
0(0.0, 0.1465320623936367)
0(0.0, 0.14648108407827165)
0(0.0, 0.14543971966295777)
0(0.0, 0.14526302969166782)
0(0.0, 0.14509564989507173)
0(0.0, 0.14480720718172158)
0(0.0, 0.1446254428161129)
0(0.0, 0.14461313121376307)
0(0.0, 0.14398141427042022)
0(0.0, 0.1438093922815178)
0(0.0, 0.14380882776742765)
0(0.0, 0.14334967208899296)
0(0.0, 0.14321622735850825)
0(0.0, 0.14316485882707897)
0(0.0, 0.1429391335170087)
0(0.0, 0.14252660130697314)
0(0.0, 0.14230448083126934)
0(0.0, 0.14224890950148583)
0(0.0, 0.14190341359435954)
0(0.0, 0.1412698196248926)
0(0.0, 0.1407798604702193)
0(0.0, 0.13990438690676987)
0(0.0, 0.13982554704240235)
0(0.0, 0.13926430845243998)
0(0.0, 0.1390099905821438)
0(0.0, 0.138185234874179)
0(0.0, 0.13816592653308124)
0(0.0, 0.13803090595873213)
0(0.0, 0.13789999278134513)
0(0.0, 0.13750251570333838)
0(0.0, 0.1369864498499671)
0(0.0, 0.13666712067837616)
0(0.0, 0.13634588090528565)
0(0.0, 0.1360695711290303)
0(0.0, 0.13591562041461192)
0(0.0, 0.13585509720764855)
0(0.0, 0.13572184734538417)
0(0.0, 0.13571934856928936)
0(0.0, 0.13478920346377765)
0(0.0, 0.1341789904441485)
0(0.0, 0.1340658311288626)
0(0.0, 0.13353289325917883)
0(0.0, 0.13347034174544115)
0(0.0, 0.1331565464400135)
0(0.0, 0.13299601487621027)
0(0.0, 0.13184840766310169)
0(0.0, 0.1315141196361197)
0(0.0, 0.1314635475207524)
0(0.0, 0.1314594416794661)
0(0.0, 0.13113714258660192)
0(0.0, 0.13042556299154828)
0(0.0, 0.130090786794683)
0(0.0, 0.12912941532705924)
0(0.0, 0.12898196884592705)
0(0.0, 0.1287617416544692)
0(0.0, 0.1287003436311358)
0(0.0, 0.12842571613386244)
0(0.0, 0.12804489443706446)
0(0.0, 0.1280038596082268)
0(0.0, 0.12727976860765178)
0(0.0, 0.12653856065826663)
0(0.0, 0.12632063024044704)
0(0.0, 0.12625207622707268)
0(0.0, 0.12623901659924508)
0(0.0, 0.12580553342863576)
0(0.0, 0.12576467436061667)
0(0.0, 0.1250639759679728)
0(0.0, 0.12494979475834112)
0(0.0, 0.1243145922891653)
0(0.0, 0.12429933705419571)
0(0.0, 0.12365104890718426)
0(0.0, 0.1233601046181586)
0(0.0, 0.12160840496348002)
0(0.0, 0.12046293642076544)
0(0.0, 0.11991358328029456)
0(0.0, 0.11893440794418375)
0(0.0, 0.11835543703566975)
0(0.0, 0.11834786267560105)
0(0.0, 0.11819295187225165)
0(0.0, 0.11803918834836569)
0(0.0, 0.11773415307424107)
0(0.0, 0.1162340709217311)
0(0.0, 0.1153995683379111)
0(0.0, 0.11508221450675171)
0(0.0, 0.114076202566055)
0(0.0, 0.11380858419074091)
0(0.0, 0.11378033182973457)
0(0.0, 0.11356654934926469)
0(0.0, 0.11197350345623913)
0(0.0, 0.11189446455487617)
0(0.0, 0.11181635717703531)
0(0.0, 0.10901890970913031)
0(0.0, 0.10892944448111075)
0(0.0, 0.10532960787257695)
0(0.0, 0.10521015237420639)
0(0.0, 0.10270195262320692)
0(0.0, 0.10251307410161026)
0(0.0, 0.10247160088988361)
0(0.0, 0.10165937524554636)
0(0.0, 0.1015241464322787)
0(0.0, 0.10111831191445564)
0(0.0, 0.10069232306133868)
0(0.0, 0.10059153377849361)
0(0.0, 0.10050669269853174)
0(0.0, 0.0996353422864642)
0(0.0, 0.09892843928531747)
0(0.0, 0.09875853999838269)
0(0.0, 0.09649731034546538)
0(0.0, 0.09619085146122552)
0(0.0, 0.09000695417317317)
0(0.0, 0.0887503976829247)
0(0.0, 0.0885135869706255)
0(0.0, 0.08829258698814613)
0(0.0, 0.08749883197911179)
0(0.0, 0.0874472121200186)
0(0.0, 0.0862002249104934)
0(0.0, 0.08437305796976013)
0(0.0, 0.08401362658542089)
0(0.0, 0.08400073446752887)
0(0.0, 0.08386054774959473)
0(0.0, 0.08357861687723644)
0(0.0, 0.08195428976616759)
0(0.0, 0.08110102259162266)
0(0.0, 0.08089442333598607)
0(0.0, 0.0801271214910817)
0(0.0, 0.0799056937082604)
0(0.0, 0.07911091669811265)
0(0.0, 0.07857770234128447)
0(0.0, 0.07737811625388402)
0(0.0, 0.07628781006908214)
0(0.0, 0.07609294032888936)
0(0.0, 0.07560792076386325)
0(0.0, 0.07542420058938826)
0(0.0, 0.07534986791293641)
0(0.0, 0.07334098341985151)
0(0.0, 0.07299539414761758)
0(0.0, 0.07250004807169408)
0(0.0, 0.07229994545631035)
0(0.0, 0.07207685625409843)
0(0.0, 0.07162585688686351)
0(0.0, 0.07123923714291491)
0(0.0, 0.07084379710646627)
0(0.0, 0.07063243374185268)
0(0.0, 0.06979241116475698)
0(0.0, 0.0686682035695364)
0(0.0, 0.06863964119969401)
0(0.0, 0.06845494414138431)
0(0.0, 0.06812381736478579)
0(0.0, 0.06668006592777431)
0(0.0, 0.06663571594927076)
0(0.0, 0.06542598066906957)
0(0.0, 0.06483087266034238)
0(0.0, 0.06420230174098607)
0(0.0, 0.06398714500508274)
0(0.0, 0.0622277956429349)
0(0.0, 0.06201282675631736)
0(0.0, 0.06200523527230872)
0(0.0, 0.06165390651428071)
0(0.0, 0.06156920972762636)
0(0.0, 0.06145758492777642)
0(0.0, 0.06100473553722563)
0(0.0, 0.059810928170028754)
0(0.0, 0.05974968858115981)
0(0.0, 0.05899345849130755)
0(0.0, 0.05859157548806859)
0(0.0, 0.0576669162272494)
0(0.0, 0.056805768545966195)
0(0.0, 0.056698435048691764)
0(0.0, 0.0565163647304362)
0(0.0, 0.05608992443125005)
0(0.0, 0.05607702185131247)
0(0.0, 0.05597590161474697)
0(0.0, 0.055912135270661856)
0(0.0, 0.055549028823189794)
0(0.0, 0.054907287729925036)
0(0.0, 0.05484075113204079)
0(0.0, 0.05418351350381634)
0(0.0, 0.05341766866540498)
0(0.0, 0.053311203713737765)
0(0.0, 0.052735801528539406)
0(0.0, 0.052337992981111414)
0(0.0, 0.05167652851976556)
0(0.0, 0.051573766943315724)
0(0.0, 0.051528480738489146)
0(0.0, 0.051446288618380964)
0(0.0, 0.051180594264916945)
0(0.0, 0.0510193071652183)
0(0.0, 0.05090378744288271)
0(0.0, 0.05077073800238341)
0(0.0, 0.050655919917390824)
0(0.0, 0.050473392720940424)
0(0.0, 0.05036964203777061)
0(0.0, 0.05027460009034568)
0(0.0, 0.05020647731561312)
0(0.0, 0.050200817831549505)
0(0.0, 0.05004027292826796)
0(0.0, 0.04966493663590765)
0(0.0, 0.049292780324753926)
0(0.0, 0.048672248072156865)
0(0.0, 0.04829229175042005)
0(0.0, 0.0481909824029374)
0(0.0, 0.047931652744029996)
0(0.0, 0.04788715174342073)
0(0.0, 0.047537760485895975)
0(0.0, 0.047500256300997856)
0(0.0, 0.04731656807433515)
0(0.0, 0.04696354846748885)
0(0.0, 0.04623698976622592)
0(0.0, 0.04614720149485896)
0(0.0, 0.04581525603869485)
0(0.0, 0.04427691979484738)
0(0.0, 0.04422085926156405)
0(0.0, 0.04420250181692231)
0(0.0, 0.04395078918407036)
0(0.0, 0.043882066810521314)
0(0.0, 0.042816352911329014)
0(0.0, 0.042780299468808236)
0(0.0, 0.042323316792160504)
0(0.0, 0.04231334371052853)
0(0.0, 0.04224995680087884)
0(0.0, 0.042142971483373315)
0(0.0, 0.04211460761703478)
0(0.0, 0.04204787637291585)
0(0.0, 0.04182293795750969)
0(0.0, 0.041595322739913176)
0(0.0, 0.04140555268315205)
0(0.0, 0.04124246413031285)
0(0.0, 0.04121368923350155)
0(0.0, 0.04106469189345374)
0(0.0, 0.040428924107603126)
0(0.0, 0.04042374830801898)
0(0.0, 0.03981736062390362)
0(0.0, 0.0395650640258427)
0(0.0, 0.03947349726674332)
0(0.0, 0.039338335399850655)
0(0.0, 0.03931456275048073)
0(0.0, 0.03888655002273944)
0(0.0, 0.038591534418520035)
0(0.0, 0.038581144436881765)
0(0.0, 0.03830796018961802)
0(0.0, 0.038263416634392367)
0(0.0, 0.03825090801622533)
0(0.0, 0.03824302561479054)
0(0.0, 0.038207769693613725)
0(0.0, 0.03785101145311287)
0(0.0, 0.037806653547437064)
0(0.0, 0.03767925564876551)
0(0.0, 0.03754307248568112)
0(0.0, 0.037517669624089645)
0(0.0, 0.03736610485117742)
0(0.0, 0.03732205456508464)
0(0.0, 0.037306973401204035)
0(0.0, 0.037165834943478915)
0(0.0, 0.03713007224767695)
0(0.0, 0.03693744278750777)
0(0.0, 0.03676156222900506)
0(0.0, 0.03671749207976982)
0(0.0, 0.03652173578020168)
0(0.0, 0.03633508837294264)
0(0.0, 0.03605722488325558)
0(0.0, 0.035847662075768394)
0(0.0, 0.03569436261361891)
0(0.0, 0.035491626934251896)
0(0.0, 0.03503757356172721)
0(0.0, 0.03452569087888502)
0(0.0, 0.03450270505142117)
0(0.0, 0.03432198518345586)
0(0.0, 0.03424993124398523)
0(0.0, 0.03415788849280488)
0(0.0, 0.03404650502137807)
0(0.0, 0.03361563069852347)
0(0.0, 0.03358275102192354)
0(0.0, 0.033361071137573806)
0(0.0, 0.033103436150851095)
0(0.0, 0.033002414851978856)
0(0.0, 0.03289662972659546)
0(0.0, 0.03283575213807577)
0(0.0, 0.03269384825675781)
0(0.0, 0.03267839560011321)
0(0.0, 0.03264736457823225)
0(0.0, 0.032360837213856075)
0(0.0, 0.03199667270631423)
0(0.0, 0.031591578379343566)
0(0.0, 0.031244903263499046)
0(0.0, 0.031235795832352142)
0(0.0, 0.031014677748987474)
0(0.0, 0.03066503006440291)
0(0.0, 0.030612527636481146)
0(0.0, 0.030443107325018537)
0(0.0, 0.030116156194006982)
0(0.0, 0.030016076768315858)
0(0.0, 0.029948818469457184)
0(0.0, 0.02977717693440507)
0(0.0, 0.029561447428026022)
0(0.0, 0.0295406030490607)
0(0.0, 0.02940842848993508)
0(0.0, 0.02907210425834672)
0(0.0, 0.028842066223254914)
0(0.0, 0.028555699758697983)
0(0.0, 0.02822349187838502)
0(0.0, 0.02753484857214028)
0(0.0, 0.027153503235005427)
0(0.0, 0.027135967486641488)
0(0.0, 0.026820056798310343)
0(0.0, 0.026815417970680988)
0(0.0, 0.02641530990676344)
0(0.0, 0.0254578119914316)
0(0.0, 0.0247106011763073)
0(0.0, 0.02387689571267404)
0(0.0, 0.023842315530198666)
0(0.0, 0.0232963552448886)
0(0.0, 0.023123780099043367)
0(0.0, 0.022731394051867526)
0(0.0, 0.021602904170454407)
0(0.0, 0.0197437595642167)
0(0.0, 0.016319518115362253)
0(0.0, 0.014830861606156653)
0(0.0, 0.008351300623730795)
0(0.0, 0.007295195058480419)
0(0.0, 0.005413397594775993)
0(0.0, 0.0020694652650379286)
0(0.0, 0.001998236677395071)
0(0.0, 0.0016488657129131168)
0(0.0, 0.0016304733390569703)
0(0.0, 0.0014840163022729058)
0(0.0, 0.0011958221519516865)
