1(0.2873324361139794, 0.3999776445118035)
1(0.9035920481943808, 1.0012680712115714)
1(0.19355887505606673, 0.2511585369150021)
1(0.22631114136868724, 0.2795211050084556)
1(0.16345210465511895, 0.20908795081061526)
1(0.19874841173909674, 0.24226125362040052)
1(0.1388723575155013, 0.1804010746202851)
1(0.1827447693130838, 0.2220203430356994)
1(0.26764775922775574, 0.3064089838581596)
1(0.17836459790892722, 0.2168746064880569)
1(0.16286917452826455, 0.20130656975157424)
1(0.1988473074851972, 0.23677681037075293)
1(0.17377067262789936, 0.20981410987367)
1(0.2750354717590152, 0.3103084206365554)
1(0.22970905662634955, 0.26387054293872614)
1(0.27348542432127676, 0.30727413977032714)
1(0.22883949750822452, 0.26245259626459183)
1(0.13350339704392133, 0.16664422013500302)
1(0.14795697318209067, 0.18085619565528133)
1(0.19431223634515749, 0.2265418043356584)
1(0.1940167016601675, 0.22566194505850434)
1(0.21930505988359794, 0.25002836555747243)
1(0.1698612590543347, 0.19999855085329976)
1(0.21603591113503084, 0.24612972102579267)
1(0.21036056270922066, 0.2400021308063781)
1(0.22152448633794863, 0.2511660182761031)
1(0.2769215711542976, 0.3055442477400324)
1(0.15520963937904841, 0.18321154017969687)
1(0.13042305384326658, 0.15830172612601656)
1(0.2365490198143706, 0.2641957475534529)
1(0.1568898715824255, 0.18448462767491736)
1(0.16444369084487254, 0.1918478524701691)
1(0.21896902337421298, 0.24620697239573752)
1(0.12467184843965506, 0.1515906173771615)
1(0.17518214752554018, 0.20089154681064703)
1(0.19065934798848327, 0.2161438096142667)
1(0.21064755236872512, 0.2360675547587281)
1(0.1065782637355649, 0.1314779807389963)
1(0.15070631640371335, 0.17534592945065353)
1(0.16762237183927442, 0.19130240630089057)
1(0.23566924133366196, 0.25916268880835924)
1(0.13766423125754668, 0.16113950780912023)
1(0.18555373991679724, 0.2089866115156478)
1(0.15403489469308074, 0.17732131419932118)
1(0.18039496303686942, 0.2035140402563933)
1(0.16558304049111894, 0.18856771946961604)
1(0.28744473290908357, 0.3103084206365554)
1(0.17084273902226443, 0.1935992301534878)
1(0.18414458022406188, 0.2066201653090003)
1(0.20618356977007612, 0.22835172511574586)
1(0.28103665265581834, 0.3031309775591855)
1(0.1948166626771901, 0.21644935190800496)
1(0.17728011658566434, 0.19826012422587946)
1(0.17983603134890724, 0.2004663486671271)
1(0.18520320976246962, 0.20578379047108586)
1(0.12627337573791597, 0.14666823956316966)
1(0.21910386257828984, 0.2388742517000927)
1(0.2012550677945265, 0.22098527769968768)
1(1.1610519341495933, 1.1806631136103938)
1(0.24372337344591233, 0.2629947407617339)
1(0.11678061305905074, 0.1359476237033711)
1(0.15332157661811885, 0.17199615602291096)
1(0.2267231663221536, 0.24533465387382958)
1(0.14802936762441055, 0.1666218786667798)
1(0.20845577272121152, 0.22698568030132638)
1(0.08466871182626523, 0.10316639950671014)
1(0.1515982175399616, 0.16998869057289123)
1(0.16586554466340842, 0.1841537690552003)
1(0.17041165657694268, 0.18843320539800956)
1(0.16541281348451764, 0.18327989749451046)
1(0.18069523328195958, 0.19855824450732706)
1(0.1819326664401435, 0.19977633622125712)
1(0.1924908882848254, 0.2101325729405662)
1(0.22798010598062224, 0.24545409094415593)
1(0.16996829012687487, 0.18733926619755603)
1(0.18689560108969783, 0.20424063841855222)
1(0.1508635021606889, 0.16787495146448483)
1(0.19139022957023022, 0.20834730971895044)
1(0.17055250458519688, 0.1874891932741124)
1(0.1375525847172504, 0.15438708864966)
1(0.1613256675089082, 0.1779157504016664)
1(0.1631943156945337, 0.17973963013881256)
1(0.14719424790320068, 0.1636177048874039)
1(0.2293190204145229, 0.24561645714926883)
1(0.18060112496117375, 0.19686497698631156)
1(0.18835533625258594, 0.20459006443215255)
1(0.1667459713522229, 0.18289458301054162)
1(0.07841025249108957, 0.09442191728344496)
1(0.16012540819662635, 0.17613521456311054)
1(0.18386375235516994, 0.1995623926037955)
1(0.17412805369479922, 0.18968004045024234)
1(0.16031745351470506, 0.17582599093428997)
1(0.1666362456825643, 0.18212449056025048)
1(0.19856310749890593, 0.2139813602687728)
1(0.15539413826000126, 0.17064602372338078)
1(0.14946945538587775, 0.16429851044727484)
1(0.16702445643166663, 0.18166894212395823)
1(0.15752359903623447, 0.17211344514960447)
1(0.06900779676620927, 0.08347331292102866)
1(0.23492846211266805, 0.24921558571501823)
1(0.12326775586893968, 0.13755023937467092)
1(0.06764228663531424, 0.08189929394048912)
1(0.06396731579278325, 0.07808593344574954)
1(0.1816611906594603, 0.19567827542796024)
1(0.08267233516514871, 0.0965289752944577)
1(0.28030184175115147, 0.29409360907065063)
1(0.07742272436980213, 0.09103099919127078)
1(0.1357171865856316, 0.1493023261013796)
1(0.15083747218861476, 0.16429851044727484)
1(0.27993688388843285, 0.29337793893007225)
1(0.17759116254604135, 0.19096153477539723)
1(0.20139263326388523, 0.2146581575368578)
1(0.15904950181307898, 0.17199615602291096)
1(0.05849465626840156, 0.0712781257846592)
1(0.2678227063709162, 0.28047506411962364)
1(0.17570099322103627, 0.18820532256793465)
1(0.17539775864136697, 0.18781441298207024)
1(0.06403974075386099, 0.07624391723585644)
1(1.140646235183948, 1.1528169837383757)
1(0.23253548210449126, 0.24436648531554372)
1(0.18344599025846753, 0.1949710888788433)
1(0.19074010950459186, 0.20199703645734768)
1(0.2321007408083955, 0.24330260886898358)
1(0.17414587368986068, 0.18525151491856995)
1(0.2122462824930933, 0.2232192644384663)
1(0.1250081794628446, 0.1359476237033711)
1(0.15696705806659728, 0.16787495146448483)
1(0.15392819855068662, 0.16479261314712512)
1(0.13555359826018554, 0.14636157623358148)
1(0.0809196803982365, 0.09165876755832247)
1(0.1898685184012674, 0.20059263043883413)
1(0.0674255140089769, 0.07808593344574954)
1(0.07819060555240953, 0.08871814685253021)
1(0.0701038229111598, 0.08042236758412702)
1(0.1698057159166081, 0.17997633036727678)
1(0.09303945392907509, 0.1031815462260064)
1(0.2077299696300582, 0.21787040680914038)
1(0.21027639222905614, 0.22026808478209703)
1(0.2091924760319499, 0.21916915361043832)
1(0.06969107149130604, 0.07958980204859833)
1(0.08210506191951461, 0.09196767391268434)
1(0.22891164826066301, 0.2387598777790101)
1(0.08891858432055944, 0.09874992859887921)
1(0.17756889711409451, 0.1873965548409593)
1(0.2698420888461365, 0.27938622350111375)
1(0.28206157109042773, 0.29139883841392533)
1(0.13922175549027604, 0.14853619650753735)
1(0.16240221598219096, 0.17161279316189926)
1(0.07016839396438235, 0.079283355208009)
1(0.0718493212890794, 0.08091898650054985)
1(0.08500827843078118, 0.09403092276032454)
1(0.16812148561553075, 0.17704106039263912)
1(0.09388805901019093, 0.10265178897018257)
1(0.1540506134607741, 0.16279352710607808)
1(0.1760284800967492, 0.1846883392701998)
1(0.17284049663547763, 0.18147334458157316)
1(0.11436788002770693, 0.12283998086493741)
1(0.1752619388560276, 0.18372124527809575)
1(0.0731094810985965, 0.0815311325436665)
1(0.07510447795543385, 0.08347331292102866)
1(0.1704505799652133, 0.17879312838005768)
1(0.06063718399266327, 0.0689660636753684)
1(0.18633034734330944, 0.19458299995353234)
1(0.07816276161349289, 0.08638891187604547)
1(0.2524489199314818, 0.2606706875270287)
1(0.18178739826389845, 0.18995372284402567)
1(0.1967999289857424, 0.20492887384425607)
1(0.17231719377305554, 0.18037565923065968)
1(0.15299460814031662, 0.16096495618249507)
1(0.0786542971447145, 0.08657814896943405)
1(0.3031103371053113, 0.3109020402767573)
1(0.0776552743233756, 0.08544572346250623)
1(0.19980220050566277, 0.2075154202669559)
1(0.13092863227087304, 0.13862479602857192)
1(0.06616019675979357, 0.07378449329297754)
1(0.1344734645294664, 0.14207109593973966)
1(0.18040491569372752, 0.1879313361926277)
1(0.18939185900561284, 0.19686497698631156)
1(0.30900341928844965, 0.316427961035875)
1(0.0741570396240796, 0.0815311325436665)
1(0.17735502808775305, 0.1845913900775683)
1(0.1749781567317671, 0.1822075756063597)
1(0.22428153134051776, 0.23145527362053442)
1(0.20908118387750452, 0.2162256717706985)
1(0.0376146493486198, 0.04472524248366838)
1(0.07950059658933362, 0.08660659545882354)
1(0.07596389293066541, 0.08299393274374767)
1(0.20477479847643598, 0.21174800245448988)
1(0.16846984474108762, 0.17534592945065353)
1(0.1746795562054333, 0.18151280625087385)
1(0.2270636673372849, 0.23383910502963712)
1(0.1477390074550714, 0.15450090402234196)
1(0.14540665331620706, 0.15214989656682676)
1(0.2298646078450708, 0.23656171385698954)
1(0.2005744086669582, 0.2071581697083369)
1(0.23021197266601923, 0.2367430456106242)
1(0.15934716664741722, 0.1657602777044762)
1(0.07005561435872909, 0.07645548467194208)
1(0.07434208641724316, 0.08073205850973453)
1(0.03094773260952477, 0.03719646697340351)
1(0.07857277690827091, 0.08478254924532147)
1(0.09167552904642151, 0.09778972638420702)
1(0.09756135206482186, 0.10363120466626208)
1(0.19396816557517227, 0.2000279815393845)
1(0.23562671936253154, 0.2416836171861937)
1(0.13601658353472346, 0.14205636492458462)
1(0.19385632906676642, 0.19977633622125712)
1(0.18550907328089172, 0.19131555978094372)
1(0.2141190191371819, 0.21992031519570576)
1(0.03250760990961332, 0.03825956942849429)
1(0.03882274579183309, 0.0445622081322925)
1(0.07080704820255845, 0.07638189105037096)
1(0.039426574795638936, 0.0449663590990782)
1(0.04203244771616077, 0.0475109731164588)
1(0.09130077183646501, 0.0967338858271184)
1(0.14257330105945987, 0.14798401067324896)
1(0.13264284284463412, 0.1380321329411961)
1(0.18022338631895685, 0.18557820531082092)
1(0.14356097540018886, 0.14891254768702955)
1(0.14740027643762976, 0.15273886678881987)
1(0.1786348050164358, 0.18397113790490038)
1(0.10261654614392224, 0.10788293999423204)
1(0.027446472967955327, 0.03266379785967222)
1(0.2152905823294483, 0.22050048968737168)
1(0.18665552418896836, 0.1917184178185556)
1(0.18011826049143564, 0.18515222439025925)
1(0.08878456920288735, 0.09375174010598031)
1(0.04090112730901441, 0.045712064628671945)
1(0.06975895969806689, 0.0745307675316953)
1(0.20390981366927896, 0.2086574922494806)
1(0.23238778178273456, 0.23703880035428648)
1(0.1907154170670846, 0.19520992221001987)
1(0.07658436127626045, 0.08107089971173531)
1(0.0750141074220998, 0.07945705608751708)
1(0.1483564210779592, 0.15273886678881987)
1(0.1964801264042132, 0.2008435146304972)
1(0.1883637534734367, 0.19271899906876588)
1(0.08944759884971043, 0.09375174010598031)
1(0.21144080020375589, 0.2157332364733069)
1(0.17737906757022937, 0.1816432624074813)
1(0.24497526121273017, 0.24920781059190145)
1(0.17284633202800992, 0.17704106039263912)
1(0.14868021384659913, 0.15273886678881987)
1(0.02793134702733102, 0.031962187626180194)
1(0.027426046762943024, 0.031418980941797625)
1(0.036046386858152424, 0.04002647766119383)
1(0.14459725702294113, 0.14853619650753735)
1(0.15306061333509347, 0.15695206699000464)
1(0.02649641027806049, 0.030371068228161824)
1(0.20939541514903381, 0.21324266676913084)
1(0.18767279673680615, 0.19148952334237646)
1(0.25420630929750354, 0.257987396891582)
1(0.2065706814161088, 0.21030191960166622)
1(0.21680047257100665, 0.2205312266771554)
1(0.03279233589665198, 0.036508540968080094)
1(0.07753759080379741, 0.08120734604104851)
1(0.07626941709799251, 0.07990117579402989)
1(0.07915570301967301, 0.08277400566711246)
1(0.18485838416477807, 0.1884704555584641)
1(0.08047416708597577, 0.08406885542411391)
1(0.22333223943343083, 0.2269223486324229)
1(0.06906659222583722, 0.07264733471320861)
1(0.06781393216660947, 0.07134021697981618)
1(0.034280269639560546, 0.037777795332763486)
1(0.15027044684071056, 0.15352232919948383)
1(0.22139620834345985, 0.22464120822819988)
1(0.06852229120151887, 0.07175395239155791)
1(0.22145743739692125, 0.22464120822819988)
1(0.04432796722852794, 0.047511458536491524)
1(0.18464707862707985, 0.18781441298207024)
1(0.03699288379279708, 0.04013922162927752)
1(0.17622836086796345, 0.17934979649002836)
1(0.08527867228772634, 0.08838210979441008)
1(0.034102045305102635, 0.037161930218185146)
1(0.17849994949847392, 0.18151280625087385)
1(0.03437659318342867, 0.03738661493623441)
1(0.30081801330397884, 0.30382355751450696)
1(0.07804378998478456, 0.08103337053308346)
1(0.20168251289200667, 0.2046074636043782)
1(0.03103181133761357, 0.033955352165618735)
1(0.028872908685457777, 0.03175576441675132)
1(0.07707464677252596, 0.07995314417624322)
1(0.03856805278299513, 0.04142842973324279)
1(0.08999143486958705, 0.0928119433401885)
1(0.08065101979922562, 0.08346826409452879)
1(0.08989173814243989, 0.09270870111120344)
1(0.05667750382954284, 0.059488608378679975)
1(0.18453752726171735, 0.18733926619755603)
1(0.037205296839429525, 0.040001866441498946)
1(0.21967212837735828, 0.22244751345158176)
1(0.18111699276981763, 0.18386976548445222)
1(0.06289270467302066, 0.06564495126950531)
1(0.20314740106365847, 0.20587189618843116)
1(0.03731095534473339, 0.040001866441498946)
1(0.07518103354183481, 0.07785672514327846)
1(0.21937778360761084, 0.2220203430356994)
1(0.07026561745637505, 0.07288848972145667)
1(0.1930820810565118, 0.19567255551192386)
1(0.23542426200450717, 0.2379523945255715)
1(0.1821084715210971, 0.1845913900775683)
1(0.07520538018348666, 0.07767214914205645)
1(0.15703972983336822, 0.1594438028119185)
1(0.25606621054363976, 0.2584538734066548)
1(0.09618815098322497, 0.09857514783646659)
1(0.03292464554995589, 0.035270927301402466)
1(0.02939507869410407, 0.03170140369433738)
1(0.03485946436275256, 0.03715955672102622)
1(0.06725460953079532, 0.06947264455514501)
1(0.06430343580172404, 0.06651398068440706)
1(0.0433068672345619, 0.04546060266410634)
1(0.12440296690571973, 0.12653518626007498)
1(0.09019892711647637, 0.09226560139953066)
1(0.08463110806875462, 0.08667997889945755)
1(0.09039865942490277, 0.09244589972147987)
1(0.03379436342980913, 0.03583624410687258)
1(0.19745686373579996, 0.19946396842540104)
1(0.19848588500431275, 0.2004587443836796)
1(0.08309503962163611, 0.08505276023156905)
1(0.03615042771309929, 0.038098521344084646)
1(0.07617964025717094, 0.07810801879506102)
1(0.029050774494916776, 0.030975492559211726)
1(0.029014217215718174, 0.030849012889944127)
1(0.06383822415776852, 0.06564495126950531)
1(0.2865288532365554, 0.2883052169829421)
1(0.03561027947701523, 0.037376759424732175)
1(0.22937701257591792, 0.2311021182944506)
1(0.03637438903486778, 0.038098521344084646)
1(0.03370458319045866, 0.035401714083485025)
1(0.17202344949833048, 0.17371031086444488)
1(0.17409756740160942, 0.17576857112679012)
1(0.09883732315324933, 0.10046049871332574)
1(0.20969418921629213, 0.2113118484333365)
1(0.1651237885811233, 0.16673421654996667)
1(0.07833101451881963, 0.07990117579402989)
1(0.15284642998443398, 0.15438708864966)
1(0.029210148451895734, 0.030742579170293438)
1(0.2040502582749011, 0.20557458178455568)
1(0.17303144141164406, 0.17453740986168298)
1(0.21702038840726634, 0.2185187257687582)
1(0.04180848415771332, 0.043290827746876426)
1(0.08484324557452827, 0.08630118274851084)
1(0.07957678570148563, 0.08103337053308346)
1(0.028760396623527362, 0.03018035361142435)
1(0.03000047687268781, 0.031418980941797625)
1(0.1442975271553225, 0.1457013902065728)
1(0.09804192713849003, 0.09943372135669215)
1(0.0801469430498285, 0.08152918970390366)
1(0.23903354103224017, 0.24040545782078127)
1(0.21813496277919464, 0.21947814216714934)
1(0.03155675317649542, 0.03282290131437471)
1(0.03265093964601773, 0.03389677299438287)
1(0.11102660902025863, 0.11221798380566905)
1(0.03645248621964903, 0.037618214372097225)
1(0.1811577499740361, 0.182320855134258)
1(0.06521290273713098, 0.06636335934404003)
1(0.030427269941085577, 0.031574489202668254)
1(0.04218317136668481, 0.04330811143266744)
1(0.05794983413428967, 0.05906144899542798)
1(0.07006261381029288, 0.07116317273523154)
1(0.031146810069592634, 0.03224512423176573)
1(0.029696240136544483, 0.030742579170293438)
1(0.20083803758784813, 0.20183144585277435)
1(0.034338876497860715, 0.035270927301402466)
1(0.07806971287372866, 0.07899663203928142)
1(0.2018126905567088, 0.2027274240111916)
1(0.12226802063162723, 0.12316689099780842)
1(0.09262708583961099, 0.09349138572798132)
1(0.03486982983230791, 0.03570671900329625)
1(0.04755253401978321, 0.04837789147939531)
1(0.20246512204601141, 0.20326958448058507)
1(0.03636296955141516, 0.037127628574419425)
1(0.21974194253223622, 0.22050048968737168)
1(0.2020053047322763, 0.20276203057192232)
1(0.0398541816022, 0.040598676554069346)
1(0.0755123198972274, 0.07622884317212297)
1(0.2378266778052318, 0.23853916262000285)
1(0.03003440915597355, 0.030742579170293438)
1(0.14734999947309424, 0.14798401067324896)
1(0.07316825343797251, 0.0737990822059249)
1(0.1414970786370473, 0.14207109593973966)
1(0.1661973681718687, 0.16667436232210808)
1(0.06806149803519301, 0.06852855794123602)
1(0.07651867763975506, 0.07698002328293052)
1(0.025524383287434782, 0.02596416741273777)
1(0.17994858153625248, 0.1803467463171673)
1(0.24349357869362143, 0.24383937147239565)
1(0.18761511028452527, 0.18795477903655644)
1(0.047186140257649556, 0.047511458536491524)
1(0.053738890372781456, 0.05406213748276012)
1(0.1896423007505067, 0.18995372284402567)
1(0.029804456774463084, 0.030108305466406082)
1(0.03630692035737337, 0.03660599769696926)
1(0.03480472670065138, 0.035098065736583695)
1(0.03559313171366518, 0.03586450210122605)
1(0.02781757494633541, 0.028055051834583122)
1(0.18701024463605354, 0.18724464941965668)
1(0.06216570762438989, 0.062388630283162216)
1(0.027787867177876624, 0.02800803855569034)
1(0.03776693249738283, 0.03797170442773823)
1(0.03377494057512431, 0.03397199391404848)
1(0.030532408216706775, 0.030727758120302484)
1(0.04730282440104672, 0.047491867417069455)
1(0.03424968229318959, 0.03442414712086583)
1(0.0328927906690778, 0.03305869738477796)
1(0.06437813832285466, 0.06453709845307154)
1(0.18553916461693298, 0.18561198953031777)
1(0.17987484538526677, 0.17994389025159652)
1(0.03932615416955043, 0.039370094620204354)
1(0.17996333299197198, 0.17997633036727678)
0(0.0, inf)
0(0.0, 0.5870872144899784)
0(0.0, 0.40989688272572167)
0(0.0, 0.3659950738429335)
0(0.0, 0.30338784908364425)
0(0.0, 0.2920806365944094)
0(0.0, 0.28459458892421774)
0(0.0, 0.28034801171281487)
0(0.0, 0.27987922094265694)
0(0.0, 0.27267154922151027)
0(0.0, 0.2699297463549414)
0(0.0, 0.26745932938769357)
0(0.0, 0.2620586001926519)
0(0.0, 0.25645632806768404)
0(0.0, 0.2559618193136537)
0(0.0, 0.2520256555180863)
0(0.0, 0.25015672079825046)
0(0.0, 0.24504066615806208)
0(0.0, 0.24438525601768335)
0(0.0, 0.241947056772307)
0(0.0, 0.236870645309316)
0(0.0, 0.2337265863218051)
0(0.0, 0.22997963758267503)
0(0.0, 0.22834082596151117)
0(0.0, 0.22777417870337058)
0(0.0, 0.22696892486240305)
0(0.0, 0.22519576638064676)
0(0.0, 0.22489315051870085)
0(0.0, 0.22401424184732321)
0(0.0, 0.22271148828233)
0(0.0, 0.22221126922425316)
0(0.0, 0.21930566510003624)
0(0.0, 0.2190693093526047)
0(0.0, 0.2190571386435617)
0(0.0, 0.21738924001531634)
0(0.0, 0.21701809167588482)
0(0.0, 0.2166353161767398)
0(0.0, 0.21610564915527275)
0(0.0, 0.2140094472210302)
0(0.0, 0.21012426405753482)
0(0.0, 0.20888885900177556)
0(0.0, 0.20768738528379005)
0(0.0, 0.20739264146894587)
0(0.0, 0.20656304964851502)
0(0.0, 0.20337296987365583)
0(0.0, 0.20295803752054364)
0(0.0, 0.20167871749811628)
0(0.0, 0.20159169678613065)
0(0.0, 0.19919676111366746)
0(0.0, 0.1983482904675561)
0(0.0, 0.19756777458453745)
0(0.0, 0.19749431396100792)
0(0.0, 0.19667787127487824)
0(0.0, 0.1957821971744389)
0(0.0, 0.19449918687363343)
0(0.0, 0.19449543695217186)
0(0.0, 0.1938019381345435)
0(0.0, 0.19361794952878864)
0(0.0, 0.1929011492569579)
0(0.0, 0.19131128383664808)
0(0.0, 0.19063969598954056)
0(0.0, 0.1905877249436546)
0(0.0, 0.1900906766965994)
0(0.0, 0.18954106057547548)
0(0.0, 0.1873958206799562)
0(0.0, 0.18656470037546613)
0(0.0, 0.1865432420104225)
0(0.0, 0.18607200926513967)
0(0.0, 0.18584606275088145)
0(0.0, 0.1855932521835829)
0(0.0, 0.18552614047648175)
0(0.0, 0.1843279278509401)
0(0.0, 0.18224942039632586)
0(0.0, 0.18149557935744665)
0(0.0, 0.17933595654192214)
0(0.0, 0.17922782207924315)
0(0.0, 0.177712463072634)
0(0.0, 0.17752650346069387)
0(0.0, 0.17738374455114603)
0(0.0, 0.17732435829895865)
0(0.0, 0.17725422272062874)
0(0.0, 0.17683482239508597)
0(0.0, 0.17669325430854588)
0(0.0, 0.17639897370783209)
0(0.0, 0.17585155604197789)
0(0.0, 0.17532127320247337)
0(0.0, 0.17477389222941309)
0(0.0, 0.17455768609207134)
0(0.0, 0.17407469912274298)
0(0.0, 0.17285661240253258)
0(0.0, 0.17216681093308872)
0(0.0, 0.17055405014241787)
0(0.0, 0.16956891633620386)
0(0.0, 0.16831768562480698)
0(0.0, 0.1682701735944544)
0(0.0, 0.16814126789770945)
0(0.0, 0.16718691415210096)
0(0.0, 0.16703886429295778)
0(0.0, 0.1664739375402433)
0(0.0, 0.16633689943927488)
0(0.0, 0.16611568159291112)
0(0.0, 0.16605218261029475)
0(0.0, 0.1658997111450139)
0(0.0, 0.16535074238297143)
0(0.0, 0.16532065589453182)
0(0.0, 0.16454808406460752)
0(0.0, 0.16383406702955317)
0(0.0, 0.16355224233542276)
0(0.0, 0.16332440594156727)
0(0.0, 0.1627223182145664)
0(0.0, 0.16149665400107294)
0(0.0, 0.16135287209933735)
0(0.0, 0.1611512615583145)
0(0.0, 0.16105350557314335)
0(0.0, 0.16095503448469783)
0(0.0, 0.16033117509445782)
0(0.0, 0.16024541371439627)
0(0.0, 0.1600553382361377)
0(0.0, 0.15959062966932303)
0(0.0, 0.1587501904083206)
0(0.0, 0.1580044618591805)
0(0.0, 0.1575494108470905)
0(0.0, 0.1560071738426927)
0(0.0, 0.15591909276272298)
0(0.0, 0.1557915930976116)
0(0.0, 0.15534093306942398)
0(0.0, 0.1548379948634686)
0(0.0, 0.15462592385520812)
0(0.0, 0.15365008040342543)
0(0.0, 0.15336665998908305)
0(0.0, 0.1532775161543498)
0(0.0, 0.15301694725212023)
0(0.0, 0.15208897681941125)
0(0.0, 0.15192706655021893)
0(0.0, 0.15129684634520413)
0(0.0, 0.15089921873755274)
0(0.0, 0.1500934979641373)
0(0.0, 0.15009281225994386)
0(0.0, 0.1496857872315399)
0(0.0, 0.14824632400720728)
0(0.0, 0.14816296062962986)
0(0.0, 0.14784125987411723)
0(0.0, 0.14756704552031574)
0(0.0, 0.14722541583268078)
0(0.0, 0.1465977938023385)
0(0.0, 0.14636044133780957)
0(0.0, 0.14622581798652023)
0(0.0, 0.14510251936207452)
0(0.0, 0.14510137772142895)
0(0.0, 0.14419792065153503)
0(0.0, 0.14411919557029684)
0(0.0, 0.1439376181546601)
0(0.0, 0.14381646391017178)
0(0.0, 0.14327152512028218)
0(0.0, 0.14291466022548682)
0(0.0, 0.14246021162019462)
0(0.0, 0.1423499443294658)
0(0.0, 0.1412061318601634)
0(0.0, 0.1406144200566164)
0(0.0, 0.1405410340758465)
0(0.0, 0.14032909142374816)
0(0.0, 0.13977535007435682)
0(0.0, 0.13915481993416723)
0(0.0, 0.1386277433250137)
0(0.0, 0.13729266562190945)
0(0.0, 0.13544033033608693)
0(0.0, 0.1341051324046333)
0(0.0, 0.13360342891467347)
0(0.0, 0.13227392900219126)
0(0.0, 0.13195333835258882)
0(0.0, 0.13193652825332058)
0(0.0, 0.13169331436052567)
0(0.0, 0.1313114067784802)
0(0.0, 0.13073267249700582)
0(0.0, 0.13021310519918117)
0(0.0, 0.12853718203189524)
0(0.0, 0.12823051028421573)
0(0.0, 0.12805173097246692)
0(0.0, 0.1280133049747053)
0(0.0, 0.12715905216146173)
0(0.0, 0.12691759933803604)
0(0.0, 0.12668183905989083)
0(0.0, 0.12652718872678703)
0(0.0, 0.12642986519435429)
0(0.0, 0.1256486025414031)
0(0.0, 0.12367837410138915)
0(0.0, 0.12354716638081553)
0(0.0, 0.1228475848192282)
0(0.0, 0.12278854474045464)
0(0.0, 0.12277843353983597)
0(0.0, 0.12072952547710991)
0(0.0, 0.1190383977689986)
0(0.0, 0.11903314071646431)
0(0.0, 0.11898719629246335)
0(0.0, 0.11876061421280004)
0(0.0, 0.11812490028317624)
0(0.0, 0.11767914464784768)
0(0.0, 0.11746526207060959)
0(0.0, 0.1170150914040079)
0(0.0, 0.11660701637200821)
0(0.0, 0.11523554333867647)
0(0.0, 0.1147087876670253)
0(0.0, 0.11452843891014863)
0(0.0, 0.11419394145088313)
0(0.0, 0.11381037079152989)
0(0.0, 0.11378169676595395)
0(0.0, 0.11184076782813712)
0(0.0, 0.11158186054281016)
0(0.0, 0.11040294871517431)
0(0.0, 0.11031443527703388)
0(0.0, 0.10988765285582691)
0(0.0, 0.10942022550971053)
0(0.0, 0.10895217945643987)
0(0.0, 0.10789743837805854)
0(0.0, 0.10652292034502864)
0(0.0, 0.1045893937360326)
0(0.0, 0.1039168998041824)
0(0.0, 0.10382173136113337)
0(0.0, 0.10375831448607409)
0(0.0, 0.10066834451405349)
0(0.0, 0.10058661595635365)
0(0.0, 0.09993568186501778)
0(0.0, 0.09875909788009807)
0(0.0, 0.09648537717176098)
0(0.0, 0.09461908713342648)
0(0.0, 0.09394446996497319)
0(0.0, 0.09353148686624901)
0(0.0, 0.09335673498003372)
0(0.0, 0.09232412064835338)
0(0.0, 0.0920883983722115)
0(0.0, 0.09193809052940904)
0(0.0, 0.09155901434954161)
0(0.0, 0.0906406844129154)
0(0.0, 0.08941124195280958)
0(0.0, 0.08900909473044849)
0(0.0, 0.08820630201996782)
0(0.0, 0.08814797898982929)
0(0.0, 0.08794839990024261)
0(0.0, 0.08449916559511583)
0(0.0, 0.08427155507757955)
0(0.0, 0.08202941154317267)
0(0.0, 0.08192829652676292)
0(0.0, 0.08155435244381815)
0(0.0, 0.08087708040093955)
0(0.0, 0.07917567437541961)
0(0.0, 0.07904728073771206)
0(0.0, 0.0787441341718611)
0(0.0, 0.07872987897660533)
0(0.0, 0.07803112878631568)
0(0.0, 0.07748919937456178)
0(0.0, 0.07698632841851405)
0(0.0, 0.07552164203661416)
0(0.0, 0.0752726551260483)
0(0.0, 0.07509721075239495)
0(0.0, 0.0731958729999399)
0(0.0, 0.0726145315036314)
0(0.0, 0.07222940058244554)
0(0.0, 0.07208532432390158)
0(0.0, 0.07204837653720098)
0(0.0, 0.07203458888600045)
0(0.0, 0.07155968669202539)
0(0.0, 0.07137530122251978)
0(0.0, 0.07056697202231121)
0(0.0, 0.06920416582679467)
0(0.0, 0.06901232130539803)
0(0.0, 0.06895288664436294)
0(0.0, 0.06852389243630963)
0(0.0, 0.06831695269488736)
0(0.0, 0.06778976690139094)
0(0.0, 0.06778849813518129)
0(0.0, 0.0677000509129746)
0(0.0, 0.06755621511701293)
0(0.0, 0.06742764193914663)
0(0.0, 0.06734233656444777)
0(0.0, 0.06718963676956369)
0(0.0, 0.06693038359982206)
0(0.0, 0.06640592956683922)
0(0.0, 0.066381909110526)
0(0.0, 0.06600806149400706)
0(0.0, 0.06548713691203678)
0(0.0, 0.06476239245826643)
0(0.0, 0.06440691577360558)
0(0.0, 0.06416213796952996)
0(0.0, 0.06411037624667482)
0(0.0, 0.06383976716549489)
0(0.0, 0.06370489911570809)
0(0.0, 0.06336703375196506)
0(0.0, 0.06305223457708631)
0(0.0, 0.06266878624805738)
0(0.0, 0.06265647395707596)
0(0.0, 0.06260102219185792)
0(0.0, 0.06259635595722846)
0(0.0, 0.06244529165115298)
0(0.0, 0.06218361107096271)
0(0.0, 0.062164019472400134)
0(0.0, 0.06126726467224397)
0(0.0, 0.06106303806207081)
0(0.0, 0.0608170830950191)
0(0.0, 0.060620766655471225)
0(0.0, 0.06041206627109297)
0(0.0, 0.060385150483310945)
0(0.0, 0.05985240776176004)
0(0.0, 0.05949169785420105)
0(0.0, 0.05930004605975825)
0(0.0, 0.05910534174466686)
0(0.0, 0.05876607417642743)
0(0.0, 0.058553283760324204)
0(0.0, 0.05845160530185889)
0(0.0, 0.05821861350236657)
0(0.0, 0.05814631620569222)
0(0.0, 0.05805722487802323)
0(0.0, 0.057543382767073936)
0(0.0, 0.05717795501392908)
0(0.0, 0.05714243503601235)
0(0.0, 0.05701797587085711)
0(0.0, 0.05604507175401341)
0(0.0, 0.05575435076357882)
0(0.0, 0.05525327428970728)
0(0.0, 0.05503646187274702)
0(0.0, 0.05471057924910483)
0(0.0, 0.05468707867227607)
0(0.0, 0.053678115323060105)
0(0.0, 0.05355125684422801)
0(0.0, 0.053509533654633956)
0(0.0, 0.05329567478726238)
0(0.0, 0.05305401184199776)
0(0.0, 0.052602740872094156)
0(0.0, 0.05185045084339679)
0(0.0, 0.05183158362238094)
0(0.0, 0.05122341282348053)
0(0.0, 0.05078099495998478)
0(0.0, 0.050100681182443596)
0(0.0, 0.0495225161272459)
0(0.0, 0.049440093918916794)
0(0.0, 0.04935610159751791)
0(0.0, 0.04892651772206458)
0(0.0, 0.04888843230067619)
0(0.0, 0.048525813365818626)
0(0.0, 0.04845972588287362)
0(0.0, 0.048243035259762146)
0(0.0, 0.047920580668602164)
0(0.0, 0.046403140809844534)
0(0.0, 0.044264275972282)
0(0.0, 0.04397117945558371)
0(0.0, 0.04376040224848354)
0(0.0, 0.04328839252033145)
0(0.0, 0.04321021211974252)
0(0.0, 0.042744150521633495)
0(0.0, 0.04267215233197996)
0(0.0, 0.04154133887721889)
0(0.0, 0.04083333777415077)
0(0.0, 0.040624745587407474)
0(0.0, 0.03931498336536232)
0(0.0, 0.03778037506558951)
0(0.0, 0.03758833575370557)
0(0.0, 0.037479157402935726)
0(0.0, 0.036791358052528644)
0(0.0, 0.03678681320319943)
0(0.0, 0.036700861526705486)
0(0.0, 0.03588829318572673)
0(0.0, 0.03506517667850262)
0(0.0, 0.034884407581100896)
0(0.0, 0.034701330012823495)
0(0.0, 0.03352552199929937)
0(0.0, 0.03320136061387613)
0(0.0, 0.03307212274440208)
0(0.0, 0.03223136338385035)
0(0.0, 0.03222176461829451)
0(0.0, 0.03210382932241529)
0(0.0, 0.031513455005777846)
0(0.0, 0.031259592749126264)
0(0.0, 0.031218241461256513)
0(0.0, 0.03068769267800253)
0(0.0, 0.030618032779164528)
0(0.0, 0.0305941133051848)
0(0.0, 0.030580041774329825)
0(0.0, 0.030410380522215008)
0(0.0, 0.030141215301335178)
0(0.0, 0.029421686515901158)
0(0.0, 0.02925681971146743)
0(0.0, 0.029021480194168614)
0(0.0, 0.029004903704063167)
0(0.0, 0.02875999433995824)
0(0.0, 0.028660143374836244)
0(0.0, 0.02838713060567777)
0(0.0, 0.02801664004628257)
0(0.0, 0.027939747897458123)
0(0.0, 0.027679402473434145)
0(0.0, 0.02763317530673326)
0(0.0, 0.027233409975409573)
0(0.0, 0.02697899743475285)
0(0.0, 0.026853824182354713)
0(0.0, 0.026842920880218557)
0(0.0, 0.02667811943632381)
0(0.0, 0.02662169411159554)
0(0.0, 0.026301559995395296)
0(0.0, 0.026220388504741732)
0(0.0, 0.026111121481854904)
0(0.0, 0.02610710848598896)
0(0.0, 0.0259043243767495)
0(0.0, 0.025871349629051132)
0(0.0, 0.025728888941225048)
0(0.0, 0.0256418355022342)
0(0.0, 0.025618490999023247)
0(0.0, 0.025461182294400087)
0(0.0, 0.025444865348055345)
0(0.0, 0.025378400342967344)
0(0.0, 0.02517601389507773)
0(0.0, 0.024583132127587337)
0(0.0, 0.024523929335120265)
0(0.0, 0.02430074558614137)
0(0.0, 0.024272085516650943)
0(0.0, 0.02424637403645491)
0(0.0, 0.024188628134541812)
0(0.0, 0.02405851710260687)
0(0.0, 0.022887890745725725)
0(0.0, 0.02278282884579752)
0(0.0, 0.022603444984926724)
0(0.0, 0.02225408280318386)
0(0.0, 0.022034621338678617)
0(0.0, 0.021619788423065556)
0(0.0, 0.02133415924304738)
0(0.0, 0.021164360677245475)
0(0.0, 0.02109300892033894)
0(0.0, 0.020783456871516726)
0(0.0, 0.020772361766645098)
0(0.0, 0.020760123133955477)
0(0.0, 0.020757756793106208)
0(0.0, 0.019735997438099395)
0(0.0, 0.019099458974004224)
0(0.0, 0.01883690521198489)
0(0.0, 0.004913828313299007)
