1(0.9705962337325962, 1.0304970058310585)
1(0.0945979012975221, 0.13091288062479112)
1(0.162009311347863, 0.19755153364011813)
1(0.3455865884929439, 0.37426815687433845)
1(0.14146320897685916, 0.1682726211655481)
1(0.13797272352502155, 0.16333671105369807)
1(0.10962573897825523, 0.13449597196294627)
1(0.10477084525005842, 0.128982278914904)
1(0.16206886862379777, 0.18563223231401782)
1(0.10319812559003216, 0.12641395915895537)
1(0.14626599346729052, 0.16656737051612114)
1(0.10954659067598993, 0.12937647547620146)
1(0.1360849754942891, 0.15571946937128733)
1(0.13062435940892037, 0.14996164685559443)
1(0.08508339228327366, 0.10408979776047844)
1(0.1366186130705339, 0.15312040248340109)
1(0.11639538872036514, 0.13252624081792685)
1(0.1338093833708186, 0.14991631746024137)
1(0.09156175320161086, 0.10763291194464286)
1(0.1578911042679617, 0.17331428819291017)
1(0.10674417802331415, 0.12200681750095133)
1(0.11186490088011036, 0.1264432698550616)
1(0.16732770936003682, 0.18143460146783685)
1(0.12311668474315896, 0.1368442160733293)
1(0.10291139835273744, 0.11588515938912347)
1(0.13220730567041783, 0.1449073590358746)
1(0.13113803764772292, 0.14381769700894687)
1(0.049246696420418457, 0.06158388758285571)
1(0.11985793910323927, 0.1320296509364569)
1(0.13648138496791684, 0.14821546125445373)
1(0.07758360839303335, 0.08929799976438724)
1(0.12082155014648166, 0.1323399062535997)
1(0.11708468761121849, 0.128556758166551)
1(0.09477020107497236, 0.10614363510033109)
1(0.051810793332470184, 0.0629218066205619)
1(0.1132307133487348, 0.12431032163107691)
1(0.04792015192580967, 0.05810939135455517)
1(0.0681875857347416, 0.07830248836100973)
1(0.1122840497379235, 0.12233032117306375)
1(0.04584147528880833, 0.055763250261006925)
1(0.14077501849130603, 0.15057875412700916)
1(0.04627863940368471, 0.05589403847606378)
1(0.12330162843515713, 0.13279391766711035)
1(0.058719031135111344, 0.06793554161019955)
1(0.08411728692312115, 0.09315174539915294)
1(0.12768293843258394, 0.13602761401248176)
1(0.06249538153917655, 0.07072758137371249)
1(0.13516833989590515, 0.14297745671120377)
1(0.13061381336028832, 0.13836148939693582)
1(0.07250198595745361, 0.08015151428217471)
1(0.04438386431963082, 0.052014492096082554)
1(0.06374788620092309, 0.07136722628804504)
1(0.04777374090618436, 0.05537477359566756)
1(0.14211093701591637, 0.1494891226019559)
1(0.11982185305517645, 0.12710233171585106)
1(0.10922334014229951, 0.11640853467650913)
1(0.10432353321964305, 0.11147208814892706)
1(0.04565391025387078, 0.05249764385511135)
1(0.05550336428735991, 0.06233702974960953)
1(0.11979881038893525, 0.12661977295462756)
1(0.09619253865014987, 0.1029559079035175)
1(0.018746363512926467, 0.025506822145119568)
1(0.05981562889853942, 0.06652164266104377)
1(0.03203221478758911, 0.03869968758803666)
1(0.051273996179351244, 0.05772476645998714)
1(0.14768382557326176, 0.15398635369654812)
1(0.03810952088932906, 0.04441086832427221)
1(0.09509720326429782, 0.10111222541438514)
1(0.16675266433611402, 0.17267152880088443)
1(0.11393474817430094, 0.1198164407086747)
1(0.16510407142486805, 0.17086653251051132)
1(0.06334381366408326, 0.06909665872396265)
1(0.07811547324755141, 0.08382559532752298)
1(0.059681891230943473, 0.06536584913907695)
1(0.06065221114742214, 0.06625294111990832)
1(0.04451071497651482, 0.05003324186302138)
1(0.018359592022978433, 0.023837655045143236)
1(0.13948851216690306, 0.1449073590358746)
1(0.0668384819508453, 0.07213929273790165)
1(0.09940941849222551, 0.10465930383595723)
1(0.1366582060075361, 0.14189774720338733)
1(0.051338758605941615, 0.056573093737207425)
1(0.05865094920456482, 0.06383929260156695)
1(0.01425684282138795, 0.019394970845455606)
1(0.11750301025139898, 0.12260880453734158)
1(0.09193230078492154, 0.0969221596230484)
1(0.023210033688939702, 0.02817480330867783)
1(0.11306400681769369, 0.11797039076647398)
1(0.08636601795516219, 0.0912653510686946)
1(0.015781704290845133, 0.020658106736144433)
1(0.06281814535865904, 0.06758510858889921)
1(0.020496509505260496, 0.0252463702864707)
1(0.05496917475978791, 0.059503204956218525)
1(0.10137100202815852, 0.1058956662979893)
1(0.1045933549204201, 0.1090590511212739)
1(0.034236813264993726, 0.03869968758803666)
1(0.08310333335781428, 0.08754671610901554)
1(0.023122448787964767, 0.027514921043663598)
1(0.14845492955883888, 0.15283859600884564)
1(0.04194942790004652, 0.04628224611910048)
1(0.05252040393319968, 0.056710322930838)
1(0.07077967217083048, 0.07496883983877245)
1(0.08575389713686266, 0.08985149280316695)
1(0.027566359654245698, 0.031587687240545725)
1(0.05512903731514884, 0.059079921976712635)
1(0.12332808092377123, 0.127180529874389)
1(0.08932419675709447, 0.09315174539915294)
1(0.09024619438774206, 0.094067692913955)
1(0.11332057518363858, 0.11713241955900522)
1(0.07615707495417989, 0.07988490024936523)
1(0.1081867552590996, 0.11186961794784933)
1(0.0586688206686683, 0.06231872166777219)
1(0.12263761673864226, 0.1262633730480639)
1(0.129959561928765, 0.13355056032777324)
1(0.0545270775835085, 0.05810116207222327)
1(0.11680587019375444, 0.12033805726434954)
1(0.0204550492628911, 0.02397311371470401)
1(0.013748683494836489, 0.017263860239653872)
1(0.05218726311464461, 0.05569158329314372)
1(0.1595558867335337, 0.1629707885208317)
1(0.09331844504382625, 0.09672403464176582)
1(0.22009695013881603, 0.22345510238699062)
1(0.05459948362085909, 0.05791328439909116)
1(0.05935608454208352, 0.0626569546519965)
1(0.058368145913225145, 0.06155096723241005)
1(0.02165582814538991, 0.02482215169944857)
1(0.09591476801096488, 0.09904466979336357)
1(0.027928453534738384, 0.031027502642660965)
1(0.014251813285423465, 0.017346356834385568)
1(0.07705342194714149, 0.08011445585596044)
1(0.05071120106794513, 0.05374970035565174)
1(0.11159814666935242, 0.11463515569458171)
1(0.03150241166897971, 0.03450410861738196)
1(0.04893599926100545, 0.05189141566031186)
1(0.024671000764470596, 0.027461495706731176)
1(0.019474730267727725, 0.022249080101955143)
1(0.1311606793538479, 0.13391697477504017)
1(0.1352532986642957, 0.1379997778068709)
1(0.05343303053672488, 0.05617438345337933)
1(0.05603379347497328, 0.058767650234015645)
1(0.0333686063388573, 0.0361007295281216)
1(0.02830421671254635, 0.031027560710039426)
1(0.0392596084024428, 0.04193124753660593)
1(0.13782482675449714, 0.14042405139569458)
1(0.03809930945200912, 0.04067197171626746)
1(0.08691703513884041, 0.08948407754960463)
1(0.028251275314143398, 0.03081648521589897)
1(0.06288777856372418, 0.06536584913907695)
1(0.051527413084876406, 0.05392196774998215)
1(0.022720891416107558, 0.025095103219434978)
1(0.0224992226097106, 0.024861556520767936)
1(0.016322526041538277, 0.01854924951942105)
1(0.021757480140132457, 0.023979810786203593)
1(0.024973301497544953, 0.02715190718194449)
1(0.014061305778221844, 0.016208071211311403)
1(0.07984892746687289, 0.08198647842066753)
1(0.04972925319723287, 0.05183477951707138)
1(0.015242124365422272, 0.017310762286754544)
1(0.057346754465423144, 0.0593700126888298)
1(0.014372787711284363, 0.016391558441181453)
1(0.01601488053439626, 0.018033090680769415)
1(0.15212752971958365, 0.15414498413305244)
1(0.01195956476277027, 0.013934670139606697)
1(0.09105314287387534, 0.09301491461567701)
1(0.021461987033903895, 0.023421163690252378)
1(0.022474958855387972, 0.024384846443573305)
1(0.01131424431086725, 0.01321985466629716)
1(0.02522574841218106, 0.027129164053686927)
1(0.05027943769516219, 0.05217853247893156)
1(0.023143461119913944, 0.025029464968356008)
1(0.022099491508529412, 0.023979810786203593)
1(0.01669735647395998, 0.018576301188888866)
1(0.05429706578824367, 0.05617034163446066)
1(0.01453999647434423, 0.01636850988671512)
1(0.06657047904530755, 0.06836597109806852)
1(0.044845138420152586, 0.04662941883546412)
1(0.018039880629166616, 0.019795319011939205)
1(0.05905163906670985, 0.06077304704805031)
1(0.011659788870187815, 0.013269232871053416)
1(0.019306908147701085, 0.02090979762788192)
1(0.052028551997819306, 0.05362407023786919)
1(0.01187469625135662, 0.013445194941621108)
1(0.016677984876757423, 0.018226658770246318)
1(0.0141320696077748, 0.015657221001753485)
1(0.153112391898639, 0.15462786613891666)
1(0.013219568755462152, 0.014728059442370767)
1(0.11136198231601901, 0.11286471271346521)
1(0.017918523566087363, 0.019416455111106123)
1(0.020672902219118994, 0.02214700026188099)
1(0.01643095894283786, 0.017898062502816336)
1(0.014754809139524983, 0.016221527238551747)
1(0.026620893351264496, 0.028065403473587103)
1(0.020314511721605366, 0.021758512178564504)
1(0.015127807175201902, 0.016558410999609863)
1(0.12511042746724244, 0.12647913486041718)
1(0.016004215135593802, 0.01736963578018713)
1(0.0162980069710712, 0.01764125531456895)
1(0.01779329312342648, 0.01913216615792679)
1(0.01494962746094497, 0.01625381213691135)
1(0.022128975492707093, 0.02341646476295789)
1(0.10584122665111118, 0.10712519354292593)
1(0.01705367675940772, 0.018308340528635392)
1(0.053117717030848555, 0.05431698369294036)
1(0.014166076470800815, 0.015363352509760397)
1(0.015222126888231435, 0.016397259512547224)
1(0.022573806083070136, 0.023728130199724307)
1(0.015260713245312307, 0.016391558441181453)
1(0.019032872078256546, 0.0200954290269727)
1(0.09209333963771404, 0.09315174539915294)
1(0.02952410841577291, 0.0305691297449312)
1(0.012088675583125319, 0.013124788837393986)
1(0.012182669869574947, 0.013200915483544073)
1(0.01925510195939817, 0.020268252648512286)
1(0.020181942532235708, 0.021190206413375323)
1(0.03966512857023785, 0.04067197171626746)
1(0.054896692705363015, 0.05589403847606378)
1(0.14152878730823482, 0.1425026846608104)
1(0.012232602280435989, 0.013200915483544073)
1(0.013477325182530975, 0.014443150558922868)
1(0.013593395451758639, 0.014558119859722662)
1(0.025060566304942578, 0.026022751071992922)
1(0.02129161653066247, 0.022235326136339384)
1(0.024121906798517, 0.025009917245308988)
1(0.015245824956133691, 0.016115253407077645)
1(0.0501198712945754, 0.050970991319782666)
1(0.03739594311884664, 0.03819636704188678)
1(0.05088121689870062, 0.05166879445521333)
1(0.027232404736664884, 0.027998071165517224)
1(0.02107529995123336, 0.021830398675036555)
1(0.048889674418294504, 0.04963605647381242)
1(0.028877272102384555, 0.029612695934284394)
1(0.02030422927291997, 0.021025951543661492)
1(0.01562557982867041, 0.016346117693369466)
1(0.025316243209324574, 0.026022751071992922)
1(0.01506984186333149, 0.0157663889666404)
1(0.013093374691283688, 0.01377474327311723)
1(0.015246932764107823, 0.015916476362307086)
1(0.02799904171244072, 0.028653449667792374)
1(0.03815803868494172, 0.038809133572664134)
1(0.01336917641692037, 0.014000027896962641)
1(0.11212566751617792, 0.11272120952493248)
1(0.020355383610975775, 0.02090979762788192)
1(0.09176425169303426, 0.09231852305279564)
1(0.015979782696594724, 0.016522443718858137)
1(0.01812426194781691, 0.01864946496098918)
1(0.016707773232006673, 0.017223487678561633)
1(0.01674272259753029, 0.017240787072521968)
1(0.01738490098572476, 0.017862095721857596)
1(0.057624689725155775, 0.05810116207222327)
1(0.13947756963449165, 0.13994336397031137)
1(0.021772437808991185, 0.022194000950896298)
1(0.05858339645207433, 0.05890885671609569)
1(0.020837423032018187, 0.02116167729996188)
1(0.01652401026193817, 0.01683751370739206)
1(0.028796524285607306, 0.029101271838025577)
1(0.015454769910499322, 0.015756745449776788)
1(0.018975475790386498, 0.01925655700439466)
1(0.04528432149119632, 0.04555887222693944)
1(0.016061935329772625, 0.016333143950107876)
1(0.12301297857235849, 0.12328238197648189)
1(0.05266383174840794, 0.05292982797742518)
1(0.01609886501602109, 0.016361890011611924)
1(0.012480677512819893, 0.012730944462415184)
1(0.014412605863894035, 0.014659790459860988)
1(0.013909434621935723, 0.014143755500781507)
1(0.016973898563825363, 0.017165612002968067)
1(0.016359819618556815, 0.016545531515577805)
1(0.05307258294794859, 0.05325563172516179)
1(0.017384006314854594, 0.01753273690732393)
1(0.025099123053569206, 0.0252463702864707)
1(0.015686982757701307, 0.015802459585895545)
1(0.024241080732654297, 0.024354745648705656)
1(0.023367120382500328, 0.023469335598361507)
1(0.012330571321894523, 0.01241295839717138)
1(0.01744713852518187, 0.017496132611617532)
1(0.013956827910541425, 0.013997596297040338)
1(0.027292392228484785, 0.027307230226864432)
1(0.019177956340857505, 0.019192160471637965)
1(0.021184474800144515, 0.021190206413375323)
1(0.1422255444142685, 0.14223125195535713)
1(0.05193174119223187, 0.05193669991376093)
0(0.0, inf)
0(0.0, 0.956819976747826)
0(0.0, 0.6779140910215808)
0(0.0, 0.5341987376334715)
0(0.0, 0.47393200447667205)
0(0.0, 0.43856605086545875)
0(0.0, 0.317382294848065)
0(0.0, 0.23226571390344097)
0(0.0, 0.2098243603260712)
0(0.0, 0.19018239381345992)
0(0.0, 0.179086742433188)
0(0.0, 0.16526309754497315)
0(0.0, 0.15535189575209596)
0(0.0, 0.1550349749282156)
0(0.0, 0.15241848369716438)
0(0.0, 0.14783399519580842)
0(0.0, 0.14121129952598788)
0(0.0, 0.13953683512412662)
0(0.0, 0.13720296372072693)
0(0.0, 0.13602044815307057)
0(0.0, 0.1322694122918997)
0(0.0, 0.13010082969479375)
0(0.0, 0.1291887705555007)
0(0.0, 0.12899876481396455)
0(0.0, 0.12690352290333984)
0(0.0, 0.12689203925939796)
0(0.0, 0.12673588720314433)
0(0.0, 0.12621544743744073)
0(0.0, 0.12609407224150482)
0(0.0, 0.12460095475485777)
0(0.0, 0.12421201757394873)
0(0.0, 0.12389683260922102)
0(0.0, 0.12173869605213983)
0(0.0, 0.12023382406444494)
0(0.0, 0.12023341345562766)
0(0.0, 0.11939137378183107)
0(0.0, 0.11916448150199)
0(0.0, 0.11888672001475997)
0(0.0, 0.11825970188197177)
0(0.0, 0.11653149510076344)
0(0.0, 0.11577378463543053)
0(0.0, 0.11564392920396405)
0(0.0, 0.1154451326077397)
0(0.0, 0.11492594058105643)
0(0.0, 0.11459939155704402)
0(0.0, 0.11330832902682908)
0(0.0, 0.11289080932435758)
0(0.0, 0.11193135731981319)
0(0.0, 0.11122012800221381)
0(0.0, 0.11099900805427632)
0(0.0, 0.11040613095477592)
0(0.0, 0.10941466087459539)
0(0.0, 0.10937281829902179)
0(0.0, 0.10928574269479885)
0(0.0, 0.10915376213655592)
0(0.0, 0.10782116991714286)
0(0.0, 0.10753661816803428)
0(0.0, 0.10696775178604057)
0(0.0, 0.10691507027808389)
0(0.0, 0.10633758253986059)
0(0.0, 0.10531783025456232)
0(0.0, 0.1051467492242002)
0(0.0, 0.10468439565007648)
0(0.0, 0.10370559145702996)
0(0.0, 0.10367020736303212)
0(0.0, 0.10340691494029486)
0(0.0, 0.10316354987511922)
0(0.0, 0.10290490000048025)
0(0.0, 0.1026274815139333)
0(0.0, 0.10222892391164795)
0(0.0, 0.10153590389608813)
0(0.0, 0.10082115278860404)
0(0.0, 0.10066051309442936)
0(0.0, 0.09989867489666948)
0(0.0, 0.09980502059093388)
0(0.0, 0.09884367193679189)
0(0.0, 0.09836155073201891)
0(0.0, 0.09797301732870789)
0(0.0, 0.09710900221452567)
0(0.0, 0.09648351369224062)
0(0.0, 0.09560613186771905)
0(0.0, 0.09539331441194632)
0(0.0, 0.09528485413129117)
0(0.0, 0.09410821406732972)
0(0.0, 0.09364049189077772)
0(0.0, 0.09267736912713354)
0(0.0, 0.09219866377348229)
0(0.0, 0.09159433741495782)
0(0.0, 0.09139592402670083)
0(0.0, 0.09079757858985782)
0(0.0, 0.09047476037875923)
0(0.0, 0.08963071386276311)
0(0.0, 0.08939457615776958)
0(0.0, 0.0887833680902883)
0(0.0, 0.08796558758203288)
0(0.0, 0.08670341515705238)
0(0.0, 0.08660602189577438)
0(0.0, 0.08655583865268435)
0(0.0, 0.08576999210575953)
0(0.0, 0.08530353762699405)
0(0.0, 0.08504115848376903)
0(0.0, 0.08433738655366119)
0(0.0, 0.08416415115766096)
0(0.0, 0.08317526560929278)
0(0.0, 0.0826636739599308)
0(0.0, 0.08062227645901432)
0(0.0, 0.08040071776187607)
0(0.0, 0.07993769547185559)
0(0.0, 0.07934486882951808)
0(0.0, 0.0786064293106522)
0(0.0, 0.07712591320582918)
0(0.0, 0.07642606081551295)
0(0.0, 0.07594809335412345)
0(0.0, 0.07572645429674996)
0(0.0, 0.07557140964443532)
0(0.0, 0.07492037961045317)
0(0.0, 0.07426044059492243)
0(0.0, 0.07406056165411024)
0(0.0, 0.07170455468371673)
0(0.0, 0.07140852747059168)
0(0.0, 0.07125558182445502)
0(0.0, 0.07115651978493498)
0(0.0, 0.0707994897884815)
0(0.0, 0.07043683933820322)
0(0.0, 0.06948397370081472)
0(0.0, 0.06937497675818682)
0(0.0, 0.06900301387879182)
0(0.0, 0.06799249906240712)
0(0.0, 0.06765573855246643)
0(0.0, 0.06765223375692486)
0(0.0, 0.06597579068158754)
0(0.0, 0.06586587668254029)
0(0.0, 0.06524351317113075)
0(0.0, 0.06522169522886645)
0(0.0, 0.06496662617454207)
0(0.0, 0.0648400058197447)
0(0.0, 0.06412312688355881)
0(0.0, 0.06397137299399003)
0(0.0, 0.06286933466911293)
0(0.0, 0.06281995631614579)
0(0.0, 0.061755052519508524)
0(0.0, 0.061643232315692686)
0(0.0, 0.06138996967599519)
0(0.0, 0.06136766182698283)
0(0.0, 0.0613273926321497)
0(0.0, 0.0612559522558791)
0(0.0, 0.0612403555712121)
0(0.0, 0.06123450383489548)
0(0.0, 0.05937037765381237)
0(0.0, 0.05913394461400445)
0(0.0, 0.059058119296197864)
0(0.0, 0.05871461846970627)
0(0.0, 0.05802757714487372)
0(0.0, 0.05696422105699306)
0(0.0, 0.056782194707714395)
0(0.0, 0.05628751025240741)
0(0.0, 0.056207463536171454)
0(0.0, 0.05600436818544807)
0(0.0, 0.05591328912855187)
0(0.0, 0.055427717890248696)
0(0.0, 0.05456911104102957)
0(0.0, 0.053588518971820154)
0(0.0, 0.05323171204106192)
0(0.0, 0.053168136444017966)
0(0.0, 0.05304257272149915)
0(0.0, 0.052958517208134825)
0(0.0, 0.05264454582628619)
0(0.0, 0.05250015359296334)
0(0.0, 0.051863432418621014)
0(0.0, 0.0514638256123533)
0(0.0, 0.051252040359599516)
0(0.0, 0.050863629322992376)
0(0.0, 0.050657514914415835)
0(0.0, 0.05041075535216055)
0(0.0, 0.04958572490803104)
0(0.0, 0.049578637458911556)
0(0.0, 0.04955640791932181)
0(0.0, 0.049537921255388584)
0(0.0, 0.04920341050232102)
0(0.0, 0.049174888431945285)
0(0.0, 0.04897518257744149)
0(0.0, 0.04855990038149305)
0(0.0, 0.04775285273985208)
0(0.0, 0.04756783145442256)
0(0.0, 0.04743981462546276)
0(0.0, 0.04718878899387846)
0(0.0, 0.04714119877013545)
0(0.0, 0.04691809934159863)
0(0.0, 0.04606053044258285)
0(0.0, 0.04597974200902988)
0(0.0, 0.0458025254562876)
0(0.0, 0.04578529167502354)
0(0.0, 0.04548129209172869)
0(0.0, 0.04542994971362391)
0(0.0, 0.044863871973851)
0(0.0, 0.04479880804877723)
0(0.0, 0.0438863233379454)
0(0.0, 0.043326489741624785)
0(0.0, 0.04313989282925934)
0(0.0, 0.0430343322649025)
0(0.0, 0.04270810015318549)
0(0.0, 0.04226823537417046)
0(0.0, 0.04220115194502383)
0(0.0, 0.04210455708382199)
0(0.0, 0.04205021554429078)
0(0.0, 0.04202359562601943)
0(0.0, 0.04200916976505964)
0(0.0, 0.041931029859732294)
0(0.0, 0.041770456363103725)
0(0.0, 0.04135728058613641)
0(0.0, 0.0413498362443544)
0(0.0, 0.041302257560420164)
0(0.0, 0.04128181933235753)
0(0.0, 0.04122915490935253)
0(0.0, 0.04122533298546871)
0(0.0, 0.041115047170265484)
0(0.0, 0.04094666573580419)
0(0.0, 0.04094380617250981)
0(0.0, 0.04085685859868271)
0(0.0, 0.04085276857478093)
0(0.0, 0.04052709073402916)
0(0.0, 0.03972270722245408)
0(0.0, 0.0396897569506538)
0(0.0, 0.039567557005431464)
0(0.0, 0.03942195452485142)
0(0.0, 0.03905979112944913)
0(0.0, 0.0389836933929002)
0(0.0, 0.038882425489907724)
0(0.0, 0.03886870217749494)
0(0.0, 0.03879061199144129)
0(0.0, 0.038643646555425515)
0(0.0, 0.03862831040911041)
0(0.0, 0.03754197968087147)
0(0.0, 0.037311727794151484)
0(0.0, 0.03669382477491723)
0(0.0, 0.03653520792029774)
0(0.0, 0.036514210598889485)
0(0.0, 0.03613170868588478)
0(0.0, 0.03584074448111052)
0(0.0, 0.035762066470538034)
0(0.0, 0.03557451359916852)
0(0.0, 0.03517990642824598)
0(0.0, 0.034966497040588074)
0(0.0, 0.03482629511470137)
0(0.0, 0.03456272816159145)
0(0.0, 0.034542885717296135)
0(0.0, 0.034473353558786446)
0(0.0, 0.03407448124158741)
0(0.0, 0.03381420829411785)
0(0.0, 0.03313432338207678)
0(0.0, 0.032977063758792835)
0(0.0, 0.032938142325268704)
0(0.0, 0.03251457076146791)
0(0.0, 0.03241004632837019)
0(0.0, 0.032264146790101145)
0(0.0, 0.03209623267251294)
0(0.0, 0.031758712928444344)
0(0.0, 0.03173361608002545)
0(0.0, 0.03170452594074613)
0(0.0, 0.031624379268997305)
0(0.0, 0.03142403741481481)
0(0.0, 0.03111941867418122)
0(0.0, 0.030752086032190262)
0(0.0, 0.029961187018339053)
0(0.0, 0.029834554137888047)
0(0.0, 0.029479834505554248)
0(0.0, 0.029376354130219107)
0(0.0, 0.029256483017164436)
0(0.0, 0.02906889288859027)
0(0.0, 0.02880726577741355)
0(0.0, 0.02623235458065387)
0(0.0, 0.025865027489632486)
0(0.0, 0.025863930382971412)
0(0.0, 0.02579275242457546)
0(0.0, 0.02507325925877557)
0(0.0, 0.025029940173414422)
0(0.0, 0.024769674320067714)
0(0.0, 0.024761404928401398)
0(0.0, 0.0245032868441869)
0(0.0, 0.02437885511873339)
0(0.0, 0.02425633857401388)
0(0.0, 0.024062206991635415)
0(0.0, 0.023567655659640585)
0(0.0, 0.02300653608375347)
0(0.0, 0.02273311408891221)
0(0.0, 0.02251917560082406)
0(0.0, 0.02230047856798667)
0(0.0, 0.0221191509321097)
0(0.0, 0.02183327337499741)
0(0.0, 0.021777634982322214)
0(0.0, 0.021712457959372156)
0(0.0, 0.02170318845924979)
0(0.0, 0.0215372967083719)
0(0.0, 0.021349809329516134)
0(0.0, 0.021206010643234352)
0(0.0, 0.0211581164506377)
0(0.0, 0.020959769082534163)
0(0.0, 0.020744897391489214)
0(0.0, 0.020686125904988972)
0(0.0, 0.020570394699384043)
0(0.0, 0.020263854580311214)
0(0.0, 0.0202148526904965)
0(0.0, 0.020057068395999078)
0(0.0, 0.019855071514234046)
0(0.0, 0.019679104703092976)
0(0.0, 0.01967119909478532)
0(0.0, 0.019621750696039664)
0(0.0, 0.019475104203671934)
0(0.0, 0.01940712831282032)
0(0.0, 0.01921228545355136)
0(0.0, 0.019187407581934268)
0(0.0, 0.018984863647614203)
0(0.0, 0.01896734618854845)
0(0.0, 0.018634252933028672)
0(0.0, 0.01863316221170097)
0(0.0, 0.018621494688780715)
0(0.0, 0.0184556683414292)
0(0.0, 0.01833200117428302)
0(0.0, 0.018240639214400667)
0(0.0, 0.018103942059227385)
0(0.0, 0.017937130552131753)
0(0.0, 0.017524963663960946)
0(0.0, 0.01736656739340825)
0(0.0, 0.01736113380310278)
0(0.0, 0.017244099130104273)
0(0.0, 0.017233823669839055)
0(0.0, 0.017186816370411195)
0(0.0, 0.017092807887329475)
0(0.0, 0.01708058332535045)
0(0.0, 0.016901445911276847)
0(0.0, 0.01680254772487899)
0(0.0, 0.01658689031800853)
0(0.0, 0.01650713952940175)
0(0.0, 0.016443949566871674)
0(0.0, 0.016285503694862813)
0(0.0, 0.01618656185524181)
0(0.0, 0.015915672110121903)
0(0.0, 0.01591082812487088)
0(0.0, 0.01589152437593555)
0(0.0, 0.01586420258756127)
0(0.0, 0.015690748494503137)
0(0.0, 0.015674757948035634)
0(0.0, 0.015532528184126204)
0(0.0, 0.015479199595338056)
0(0.0, 0.015465844599678813)
0(0.0, 0.01539610916320755)
0(0.0, 0.015319963156629646)
0(0.0, 0.015156528600648311)
0(0.0, 0.014931403991353731)
0(0.0, 0.014857770025575423)
0(0.0, 0.014821067666674015)
0(0.0, 0.014812400543116166)
0(0.0, 0.014781909344950828)
0(0.0, 0.014699324244021206)
0(0.0, 0.014697110845600547)
0(0.0, 0.014692966466068547)
0(0.0, 0.014681381281244188)
0(0.0, 0.014592565266953073)
0(0.0, 0.014243445081970618)
0(0.0, 0.014193993848158226)
0(0.0, 0.01394301748758675)
0(0.0, 0.013914202482866567)
0(0.0, 0.013875109919774253)
0(0.0, 0.013858932746607433)
0(0.0, 0.013841745237580971)
0(0.0, 0.01383395593528225)
0(0.0, 0.01375610443350539)
0(0.0, 0.013647668245975408)
0(0.0, 0.013592291418365265)
0(0.0, 0.0135631933397663)
0(0.0, 0.01352874703604423)
0(0.0, 0.013424172353085573)
0(0.0, 0.013406613482387586)
0(0.0, 0.013346741801098072)
0(0.0, 0.013211624093896757)
0(0.0, 0.013198402353416294)
0(0.0, 0.013150000360326541)
0(0.0, 0.01308280981144494)
0(0.0, 0.013033036054160618)
0(0.0, 0.012960045898909311)
0(0.0, 0.012697249846365555)
0(0.0, 0.01250835536617012)
0(0.0, 0.012468342847285707)
0(0.0, 0.012386347062076863)
0(0.0, 0.012320203556954401)
0(0.0, 0.012298236920672556)
0(0.0, 0.012181305057830216)
0(0.0, 0.012153929064620761)
0(0.0, 0.01199305398713546)
0(0.0, 0.011896421934939783)
0(0.0, 0.01187469052557355)
0(0.0, 0.011855287257458436)
0(0.0, 0.011832521841087185)
0(0.0, 0.01172026096943768)
0(0.0, 0.011691998477163623)
0(0.0, 0.01167817616184652)
0(0.0, 0.011646614943490285)
0(0.0, 0.011637795564080955)
0(0.0, 0.01162690190910698)
0(0.0, 0.011576374570214765)
0(0.0, 0.01156095132431778)
0(0.0, 0.011442805988427063)
0(0.0, 0.011366601521205277)
0(0.0, 0.011198499593958355)
0(0.0, 0.011177824765129185)
0(0.0, 0.011102869344861488)
0(0.0, 0.0110934565007057)
0(0.0, 0.011089422043928931)
0(0.0, 0.011084482661243622)
0(0.0, 0.010916518103204598)
0(0.0, 0.010796148122598215)
0(0.0, 0.010791864421298758)
0(0.0, 0.010718407309619149)
0(0.0, 0.010612204798856606)
0(0.0, 0.010585762168794921)
0(0.0, 0.010492850539466914)
0(0.0, 0.01040805196403416)
0(0.0, 0.010368770662177784)
0(0.0, 0.01035472151777439)
0(0.0, 0.01025617486279562)
0(0.0, 0.01003992732060055)
0(0.0, 0.009995197624244168)
0(0.0, 0.009806709600088004)
0(0.0, 0.009695974741878222)
0(0.0, 0.009620731917627467)
0(0.0, 0.009413341483504478)
0(0.0, 0.009327992848818023)
0(0.0, 0.008944922401374122)
0(0.0, 0.008315466101891156)
0(0.0, 0.007763720639981653)
0(0.0, 0.006385337823870851)
0(0.0, 0.00538251467173001)
