1(0.4225948009514835, 0.678441940627541)
1(0.9143373320602857, 1.1376746566631637)
1(0.5996477395913722, 0.6779994247178902)
1(0.12510488900585293, 0.16579385533189273)
1(0.158700303272301, 0.18878163670860393)
1(0.12097926632668288, 0.1490279760468768)
1(0.10951844826427859, 0.13667632532674856)
1(0.10515689228576264, 0.1318081084346151)
1(0.1276896937284312, 0.15346225283779125)
1(0.11168921914946628, 0.13742853717103387)
1(0.12120252325018877, 0.14653843812543998)
1(0.14840822365349315, 0.17365602480608477)
1(0.12012519300823887, 0.1443433355226752)
1(0.11191726953567693, 0.135688367887988)
1(0.13042339197708974, 0.15305621378864886)
1(0.1357790439097447, 0.15828331691336794)
1(0.0673243568144567, 0.08966203883319335)
1(0.1319458236402613, 0.15346225283779125)
1(0.11670866872491148, 0.13745481430129458)
1(0.12209970489214794, 0.14272572923044424)
1(0.16976823648482364, 0.18922170387356074)
1(0.08843391083832919, 0.1069848872816519)
1(0.09731930350344042, 0.11581902986050341)
1(0.08533392347277502, 0.10367413504764089)
1(0.07985002645560368, 0.09791999458174017)
1(0.14456201225380827, 0.1624575987995126)
1(0.15052120781226563, 0.16837498673600026)
1(0.18606956657956375, 0.20362427654944892)
1(0.11533788094906516, 0.13277693753434572)
1(0.12170941770426147, 0.1390228046802583)
1(0.13231878949403286, 0.14935841371534475)
1(0.12524912400349708, 0.14227123713292145)
1(0.11224055640335251, 0.12916812566491198)
1(0.09136250608597662, 0.10811791500564494)
1(0.12154881956374453, 0.13811779825631765)
1(0.123491781722334, 0.13957026486556057)
1(0.10091831946755803, 0.11660230902176516)
1(0.09557415089183485, 0.11124857513289221)
1(0.13086610433806722, 0.14653843812543998)
1(0.11320291436027818, 0.12852657782569166)
1(0.18173950838637432, 0.19705935234286132)
1(0.11714124071429577, 0.1324168664761297)
1(0.1735648365371667, 0.1880116171106322)
1(0.15668138030018097, 0.17107704150230219)
1(0.04443390491389776, 0.05873491551650356)
1(0.15195808816539114, 0.16609347138604125)
1(0.12487603364132938, 0.13894518829999847)
1(0.1509949033598703, 0.16491008057350665)
1(0.07256809734497705, 0.0862798345252257)
1(0.9897002554591532, 1.0028339719445016)
1(0.11314832923441487, 0.12625243897679994)
1(0.12612724416550491, 0.1390228046802583)
1(0.12342519061969592, 0.13601378904144823)
1(0.10931631237567785, 0.12175869552803564)
1(0.15456859930504574, 0.1669933275570863)
1(0.07126668961112415, 0.0835837200358528)
1(0.11868417795722352, 0.1309818287166069)
1(0.1176802244612799, 0.12996631905899392)
1(0.12095441836283727, 0.1321306563722756)
1(0.12801208161736544, 0.13915568211446483)
1(0.05118850681554599, 0.06220548838650364)
1(0.1218490416007817, 0.13244619604381036)
1(0.11713582265296385, 0.1276405267346642)
1(0.04893447252657834, 0.05916933534838098)
1(0.16937519742233986, 0.17913955429781592)
1(0.12633339583865433, 0.13581664142221828)
1(0.12902314660715541, 0.1382840882095987)
1(0.1059635356459272, 0.11516744425869818)
1(0.1583359179850189, 0.167395606085479)
1(0.24758372388217786, 0.25660433234465707)
1(0.045648539590341985, 0.05463875555610087)
1(0.21896097112196644, 0.22745221694875106)
1(0.06019106814259034, 0.06866097123466564)
1(0.12522801248321813, 0.1333803471655911)
1(0.13722157799837786, 0.14533502749061478)
1(0.13346965669136046, 0.14144712388333192)
1(0.16443594276656837, 0.1722883760934535)
1(0.07860346549652841, 0.08642879129936265)
1(0.05100548365822932, 0.05880877347206559)
1(0.17005396182361265, 0.17782970616758131)
1(0.12571818214092234, 0.13311555726342228)
1(0.051601906069413506, 0.05890687165072295)
1(0.04284654869008209, 0.0501470852104835)
1(0.0747187906451725, 0.08199688827437257)
1(0.037182204615493486, 0.0444577377292541)
1(0.07121561085362871, 0.07825744639362464)
1(0.04326141919875792, 0.0501470852104835)
1(0.09638463284757948, 0.10274783673787224)
1(0.13950310287323164, 0.1458133473718869)
1(0.1632598322755533, 0.16915407194485677)
1(0.03904531169299286, 0.044868039746142174)
1(0.08236297240826984, 0.08816346993876001)
1(0.023493842437590562, 0.02927046341730355)
1(0.1553875904789901, 0.16116062227367267)
1(0.02064442698994473, 0.02638872232238043)
1(0.030498879448613403, 0.03613605000109377)
1(0.04896442488352071, 0.05449620533825272)
1(0.11823485487681684, 0.12364411619837912)
1(0.15577782834489706, 0.16118706483818013)
1(0.10067492472944672, 0.10606908432955453)
1(0.059335088859203466, 0.06470867096654376)
1(0.15221289984269137, 0.15755489331560135)
1(0.1284562366657851, 0.13368024034697235)
1(0.10945582905842943, 0.11465935710654651)
1(0.11742437214640189, 0.1226012315552879)
1(0.08770963834661116, 0.09286746384161315)
1(0.08725820495164016, 0.09232935216702942)
1(0.02467726616424326, 0.029724580068992923)
1(0.11073722814957643, 0.11556461679544239)
1(0.03209223934115346, 0.03687010737164953)
1(0.023782256338221952, 0.028458047792460084)
1(0.11089920398850528, 0.11555911412449227)
1(0.13283872626371984, 0.13745481430129458)
1(0.026003558262587934, 0.030619085038503968)
1(0.053823514213534485, 0.058410478785974274)
1(0.04956192047606278, 0.05409652051605229)
1(0.03086713505091576, 0.03528496640073486)
1(0.03726276147939378, 0.0416468484427599)
1(0.025340290611703176, 0.0297059778218427)
1(0.01938553451775671, 0.023520469654728093)
1(0.1314606834730816, 0.1355670086273334)
1(0.053746274441565434, 0.057846968026483814)
1(0.14626852149575553, 0.15035985521498607)
1(0.021572424477565355, 0.025651750202085766)
1(0.12901000457750544, 0.13306450691100902)
1(0.07319714724678428, 0.07716887123936023)
1(0.02551493826716189, 0.029429420197397915)
1(0.11958013399003908, 0.12346938323307399)
1(0.1594134836400939, 0.16324405221690974)
1(0.09978120657176115, 0.10358378494811771)
1(0.07539652874386715, 0.07911925472200998)
1(0.1142678629690772, 0.11790989394947393)
1(0.11410196215127266, 0.11760977005253337)
1(0.0570447566965997, 0.06054304908882224)
1(0.1288616710581626, 0.13230319995998308)
1(0.015501328629743849, 0.018941326369876887)
1(0.022275895955691682, 0.025706531403441257)
1(0.07780357990804954, 0.08119969242843372)
1(0.02237471340259478, 0.025764959888620487)
1(0.059093501460997455, 0.06245528260437594)
1(0.0770375040197806, 0.08025603647376733)
1(0.09497729493313356, 0.09817273242824265)
1(0.018623391470892314, 0.021806143233362607)
1(0.02490956541873146, 0.028084875587505276)
1(0.13969134574469888, 0.1427943728657125)
1(0.07004976770561411, 0.07307728781622713)
1(0.025021027598679413, 0.028017912887056462)
1(0.14207456626165038, 0.14501847840599835)
1(0.14028392574651938, 0.14309492892911024)
1(0.06708006432109637, 0.06987687793984965)
1(0.015034497035438021, 0.01782144025065735)
1(0.01274873907889762, 0.015532585767560336)
1(0.04630315111054739, 0.04907262466940543)
1(0.04013771393761112, 0.042861315212122)
1(0.13764234865398894, 0.14036189665868193)
1(0.02613204873904107, 0.028807803940241294)
1(0.01598921608270798, 0.018654777370171072)
1(0.11599457470889762, 0.11864319218715202)
1(0.144115770052337, 0.1467336956529337)
1(0.07504159954324885, 0.07763063639288292)
1(0.020819932838872957, 0.023368425901238332)
1(0.06409107094000699, 0.0665286940185128)
1(0.26162313058837283, 0.2640557412701541)
1(0.012101788491651444, 0.014491764134941909)
1(0.018028173935457414, 0.02038636514977854)
1(0.17971202867752212, 0.1820689372855262)
1(0.0834467954160314, 0.08578645850686784)
1(0.023802537433059934, 0.02611411193383173)
1(0.015835629100644955, 0.018070468809932683)
1(0.013344163051920876, 0.015434272547310224)
1(0.12310720500427541, 0.12517661430420612)
1(0.02696306203480814, 0.028943994960785813)
1(0.026142901133546337, 0.028095425764582127)
1(0.014950655680230795, 0.016862382823060296)
1(0.20738343265823367, 0.20929433697548083)
1(0.1451756002868645, 0.1470740609116945)
1(0.025199746836867654, 0.027084610912371687)
1(0.046731644608446254, 0.048586506132672236)
1(0.026487719961996503, 0.02829955053600386)
1(0.013557422999527335, 0.015355432978561345)
1(0.011273468089852745, 0.013050687344964396)
1(0.022011920487463588, 0.023781285742116465)
1(0.01599916107702215, 0.017754683162016227)
1(0.15459168373691534, 0.15632486070701102)
1(0.06541464643539097, 0.06712933208662408)
1(0.08479627617400609, 0.08642879129936265)
1(0.015795023399644115, 0.017377599174094094)
1(0.0641913339556508, 0.06576815612792053)
1(0.014627231465421331, 0.016139030558293133)
1(0.02443940496150898, 0.02594632764757676)
1(0.05178933015669929, 0.05327203335429642)
1(0.028358235289189904, 0.029839777238619414)
1(0.04549694012448524, 0.04696171643183533)
1(0.165533013004746, 0.1669933275570863)
1(0.027671615242614966, 0.02911111676215261)
1(0.024178573182277008, 0.02558377942149992)
1(0.015101518034093875, 0.016475405310584113)
1(0.049392144384309944, 0.050765223269556126)
1(0.015503580039789577, 0.016858894123763846)
1(0.9178152193171569, 0.919147742608788)
1(0.11807463357768067, 0.11938065724030356)
1(0.019809200816411243, 0.021086556014650037)
1(0.05251455345624212, 0.053730745478818176)
1(0.029427395025803826, 0.030634012815823897)
1(0.016772716072263494, 0.017951802693427887)
1(0.05603344455574666, 0.057154639781633376)
1(0.0958202467156134, 0.09693047408527744)
1(0.04485982684470302, 0.04594719287882687)
1(0.01844935686671445, 0.01952312004156309)
1(0.04885795401586879, 0.04989462875566042)
1(0.015743917998702006, 0.016774663944891133)
1(0.019677496224710933, 0.020603643518693593)
1(0.028095721183867384, 0.028994463400445536)
1(0.17346689228571466, 0.1743523492382104)
1(0.020372861985743285, 0.021257440092976587)
1(0.016167965727491906, 0.0170467376197444)
1(0.050890972378350385, 0.05176971804431452)
1(0.019032900826575827, 0.019889150487629514)
1(0.05446144067102776, 0.05530408921161889)
1(0.04391409517311928, 0.044743430345186685)
1(0.015982092863826347, 0.01677450687607951)
1(0.02671462087267029, 0.027503430256843098)
1(0.11355755162223136, 0.11433459087233377)
1(0.01488206075597831, 0.015639201464887842)
1(0.025428340687055795, 0.026183373841123236)
1(0.015742426520220842, 0.01649346817833741)
1(0.028900404290254755, 0.029629533361414606)
1(0.021467332807632244, 0.022195729626674376)
1(0.04834512004767155, 0.04907262466940543)
1(0.027502587719152483, 0.028227620202148862)
1(0.12946212775839883, 0.130152858330006)
1(0.0185403269755563, 0.01922062720774753)
1(0.02671240917474149, 0.027306176873974075)
1(0.029714922088623252, 0.030283364225203946)
1(0.14570893454027545, 0.14624551743683434)
1(0.11843905990649672, 0.11896810259579271)
1(0.01864700171434197, 0.01916227684194094)
1(0.053820948199748475, 0.054321398028225554)
1(0.024104194753577834, 0.024576147909049828)
1(0.01818320149565278, 0.018654777370171072)
1(0.03444869874792278, 0.03490832566460367)
1(0.0712700963024443, 0.07171089336265402)
1(0.0229547845986261, 0.023368425901238332)
1(0.04350999908119968, 0.0439197881628377)
1(0.021901432267911303, 0.022309606123723236)
1(0.017312222207385153, 0.01770180235736918)
1(0.024556960758890356, 0.024883353431210176)
1(0.016533838428235192, 0.016858894123763846)
1(0.023460957913094882, 0.02378407460249221)
1(0.01699274911157933, 0.017285742159807382)
1(0.020904733528814057, 0.021182589502955707)
1(0.013004106215521283, 0.013274159074476377)
1(0.01318278556285335, 0.01345142335269589)
1(0.023722058303911275, 0.023921149787620832)
1(0.02552156220283508, 0.02571427647401736)
1(0.026830528757140537, 0.02701077757983794)
1(0.21715933984285407, 0.2173161522857433)
1(0.023518014993964775, 0.023629527232705616)
1(0.02178669857071147, 0.02188830060777014)
1(0.021849612751752234, 0.021930654498579116)
1(0.059490834881211097, 0.059559934295800976)
1(0.09785089761187238, 0.09791999458174017)
1(0.10084374417635589, 0.10088906010797094)
1(0.018373929223825525, 0.01841083330441684)
1(0.05853599398577769, 0.058559143162580374)
1(0.03455845031824578, 0.03457693881440638)
1(0.12410272236286146, 0.12410776050938255)
0(0.0, inf)
0(0.0, 0.7452896404662469)
0(0.0, 0.6380761496061405)
0(0.0, 0.3364623971440266)
0(0.0, 0.3272427200444923)
0(0.0, 0.3254199091031419)
0(0.0, 0.26790120561404385)
0(0.0, 0.26644593341414646)
0(0.0, 0.2511523875681513)
0(0.0, 0.22402416218025778)
0(0.0, 0.2042069726374396)
0(0.0, 0.17545745317057804)
0(0.0, 0.16847753759467388)
0(0.0, 0.1614815369290793)
0(0.0, 0.1589162948247188)
0(0.0, 0.15532628120037362)
0(0.0, 0.15471076585940868)
0(0.0, 0.15404260123957414)
0(0.0, 0.15135683484844842)
0(0.0, 0.14940747616477157)
0(0.0, 0.1468235141312536)
0(0.0, 0.14559496143627404)
0(0.0, 0.14363528433750128)
0(0.0, 0.1429740427363161)
0(0.0, 0.14252050888822276)
0(0.0, 0.14019361482901582)
0(0.0, 0.139519418603)
0(0.0, 0.13851888574736737)
0(0.0, 0.13627377505409688)
0(0.0, 0.13278800713915873)
0(0.0, 0.1323708893948381)
0(0.0, 0.13169800811763055)
0(0.0, 0.13149889894223143)
0(0.0, 0.13116783857212588)
0(0.0, 0.13008068130253858)
0(0.0, 0.12780243132338975)
0(0.0, 0.12745616519988923)
0(0.0, 0.12684820976679323)
0(0.0, 0.12535060661315767)
0(0.0, 0.12381577531063215)
0(0.0, 0.12210193276156678)
0(0.0, 0.12149476395941838)
0(0.0, 0.12021865496961293)
0(0.0, 0.12012977705021788)
0(0.0, 0.11938108777508483)
0(0.0, 0.11836245469580897)
0(0.0, 0.11810508346003279)
0(0.0, 0.11794494515137732)
0(0.0, 0.11790159989309512)
0(0.0, 0.11763419843019052)
0(0.0, 0.1173133518006898)
0(0.0, 0.11638553794867867)
0(0.0, 0.11632728348041255)
0(0.0, 0.11604205476888574)
0(0.0, 0.11514299403045436)
0(0.0, 0.11384605222053756)
0(0.0, 0.11383628213971753)
0(0.0, 0.1135978239819111)
0(0.0, 0.11339771082728956)
0(0.0, 0.11256543701907784)
0(0.0, 0.11131435164376813)
0(0.0, 0.11092600590601376)
0(0.0, 0.1108693573446401)
0(0.0, 0.11086244789595834)
0(0.0, 0.11050440481587864)
0(0.0, 0.11042730791950472)
0(0.0, 0.10946037027566247)
0(0.0, 0.10926848724251648)
0(0.0, 0.10814851934614778)
0(0.0, 0.10769569764476061)
0(0.0, 0.10760883966034274)
0(0.0, 0.10722771151942068)
0(0.0, 0.10687642735752922)
0(0.0, 0.10655582187884582)
0(0.0, 0.10646362322459035)
0(0.0, 0.10624362169085588)
0(0.0, 0.10585742756917915)
0(0.0, 0.10517165028484421)
0(0.0, 0.10490728795158177)
0(0.0, 0.10461714716131099)
0(0.0, 0.10460821714260127)
0(0.0, 0.1045424691087572)
0(0.0, 0.10412567930732597)
0(0.0, 0.10385049934552615)
0(0.0, 0.10355419452315917)
0(0.0, 0.10271830949060279)
0(0.0, 0.10251606030838356)
0(0.0, 0.10212204819078896)
0(0.0, 0.10194490048629046)
0(0.0, 0.1014570309925158)
0(0.0, 0.10118484234158909)
0(0.0, 0.10110338456352164)
0(0.0, 0.10091676836829788)
0(0.0, 0.10085877722195535)
0(0.0, 0.0992662996399275)
0(0.0, 0.0991845722268665)
0(0.0, 0.09882936610151194)
0(0.0, 0.09807643689688528)
0(0.0, 0.09659759706432647)
0(0.0, 0.09562827220633463)
0(0.0, 0.09522508268970786)
0(0.0, 0.09475791523792787)
0(0.0, 0.09473165693827135)
0(0.0, 0.09471850076223565)
0(0.0, 0.09448620320735646)
0(0.0, 0.0942945634387552)
0(0.0, 0.09407534122885397)
0(0.0, 0.09328098961976283)
0(0.0, 0.09267201746608833)
0(0.0, 0.0924609179676329)
0(0.0, 0.09234533193884031)
0(0.0, 0.09194991135935293)
0(0.0, 0.09187921585771053)
0(0.0, 0.09046218116385996)
0(0.0, 0.09026184571884677)
0(0.0, 0.09020932634981738)
0(0.0, 0.08993489580072112)
0(0.0, 0.08945921647834987)
0(0.0, 0.08905517993421563)
0(0.0, 0.088769922077366)
0(0.0, 0.08825691744841613)
0(0.0, 0.08737885354193409)
0(0.0, 0.08715799514215539)
0(0.0, 0.087154735147291)
0(0.0, 0.08666147833574733)
0(0.0, 0.08656696317662049)
0(0.0, 0.08583981627217319)
0(0.0, 0.08563955199930029)
0(0.0, 0.08456517595886925)
0(0.0, 0.0840646610410567)
0(0.0, 0.08373575423452151)
0(0.0, 0.08269818184293687)
0(0.0, 0.08252658760835607)
0(0.0, 0.08251557436325396)
0(0.0, 0.08192672414775692)
0(0.0, 0.08108027645884419)
0(0.0, 0.08097375515459715)
0(0.0, 0.0795204254644798)
0(0.0, 0.07910153948495979)
0(0.0, 0.0775137135530164)
0(0.0, 0.07747400286047601)
0(0.0, 0.077161726647623)
0(0.0, 0.07691051839826579)
0(0.0, 0.07646369593370106)
0(0.0, 0.07565998402437879)
0(0.0, 0.07542787864995804)
0(0.0, 0.07522799426327886)
0(0.0, 0.0741706078730171)
0(0.0, 0.07398320429655492)
0(0.0, 0.07338788342535152)
0(0.0, 0.07336313061936062)
0(0.0, 0.07331003382026469)
0(0.0, 0.07212673751277554)
0(0.0, 0.0718101615344724)
0(0.0, 0.07153979821975143)
0(0.0, 0.07139315225393628)
0(0.0, 0.0713207942179328)
0(0.0, 0.07061466057431687)
0(0.0, 0.07010767793360306)
0(0.0, 0.06983313788931178)
0(0.0, 0.06903757865985438)
0(0.0, 0.06854811806972028)
0(0.0, 0.0675497549332108)
0(0.0, 0.06749270448446676)
0(0.0, 0.06638680895845184)
0(0.0, 0.06508705994986708)
0(0.0, 0.0650048855680111)
0(0.0, 0.06495719662712063)
0(0.0, 0.06494831858713845)
0(0.0, 0.06433801680926621)
0(0.0, 0.06368675011060498)
0(0.0, 0.06294639203090302)
0(0.0, 0.06216140486185351)
0(0.0, 0.06209406293363551)
0(0.0, 0.06157550063411377)
0(0.0, 0.060664484291557574)
0(0.0, 0.06063404267444039)
0(0.0, 0.060431434032652276)
0(0.0, 0.059300046555411434)
0(0.0, 0.058839221129229013)
0(0.0, 0.05820247753360186)
0(0.0, 0.057728056715396714)
0(0.0, 0.05752289635006014)
0(0.0, 0.05751696583166377)
0(0.0, 0.05748698427986365)
0(0.0, 0.05639647284865057)
0(0.0, 0.05631392717790873)
0(0.0, 0.054647746865321034)
0(0.0, 0.053166606094889324)
0(0.0, 0.05297825699926839)
0(0.0, 0.052675537996042965)
0(0.0, 0.05209513453655035)
0(0.0, 0.05207703628039384)
0(0.0, 0.05184119602057857)
0(0.0, 0.05176600272526821)
0(0.0, 0.051505653366074156)
0(0.0, 0.051110002168488045)
0(0.0, 0.05041095066765611)
0(0.0, 0.05027903340930118)
0(0.0, 0.05012191405663036)
0(0.0, 0.04899198227779189)
0(0.0, 0.04887015392270966)
0(0.0, 0.04879387690734038)
0(0.0, 0.04853162529809796)
0(0.0, 0.048482648789855864)
0(0.0, 0.04832897269122538)
0(0.0, 0.04801947746789581)
0(0.0, 0.04764015981768266)
0(0.0, 0.04763687135190964)
0(0.0, 0.047596006982965844)
0(0.0, 0.04740761656801351)
0(0.0, 0.04686465121422523)
0(0.0, 0.046862521070990204)
0(0.0, 0.04567110052749068)
0(0.0, 0.04530084125301437)
0(0.0, 0.04474092611141245)
0(0.0, 0.04457532701484768)
0(0.0, 0.044568089053730664)
0(0.0, 0.044365117204867466)
0(0.0, 0.043942806271558665)
0(0.0, 0.04352623922670196)
0(0.0, 0.04352204706705953)
0(0.0, 0.043417533224129556)
0(0.0, 0.04341496903125608)
0(0.0, 0.04309252522724605)
0(0.0, 0.042873054509731556)
0(0.0, 0.04274178953148211)
0(0.0, 0.041949103992357295)
0(0.0, 0.04177410125028269)
0(0.0, 0.041669864558402714)
0(0.0, 0.04152457209078786)
0(0.0, 0.04129695841651726)
0(0.0, 0.04103270727021824)
0(0.0, 0.04043423852007644)
0(0.0, 0.04036714302390643)
0(0.0, 0.04033651386920256)
0(0.0, 0.04024138586593262)
0(0.0, 0.04010481905323926)
0(0.0, 0.04001120093870003)
0(0.0, 0.039984357982124186)
0(0.0, 0.03995943220708231)
0(0.0, 0.03987865873145824)
0(0.0, 0.03975421358286879)
0(0.0, 0.039656130183835625)
0(0.0, 0.0393832611785595)
0(0.0, 0.03930526554562208)
0(0.0, 0.03916944238970377)
0(0.0, 0.038930601845461155)
0(0.0, 0.03884155003369616)
0(0.0, 0.03883592758956422)
0(0.0, 0.03864362513645314)
0(0.0, 0.038517524715355966)
0(0.0, 0.03805988571977026)
0(0.0, 0.03774681942156688)
0(0.0, 0.03767695052942288)
0(0.0, 0.03751426792421131)
0(0.0, 0.037452042111928874)
0(0.0, 0.036232986283010526)
0(0.0, 0.036145133187547196)
0(0.0, 0.03579386852245647)
0(0.0, 0.035003811759799164)
0(0.0, 0.03486113684417469)
0(0.0, 0.034811520483563174)
0(0.0, 0.03466750354789094)
0(0.0, 0.03422339204607916)
0(0.0, 0.0340596859659249)
0(0.0, 0.0340488654784139)
0(0.0, 0.033861316598586044)
0(0.0, 0.03379842597795568)
0(0.0, 0.03373757836869673)
0(0.0, 0.033682902848815144)
0(0.0, 0.03360476008964797)
0(0.0, 0.03341520386397512)
0(0.0, 0.033210321992323655)
0(0.0, 0.03307484142668993)
0(0.0, 0.032647667669956304)
0(0.0, 0.032575626658232215)
0(0.0, 0.03251273936257115)
0(0.0, 0.031984369453410544)
0(0.0, 0.03196872913518023)
0(0.0, 0.031325581014459924)
0(0.0, 0.031110294018871776)
0(0.0, 0.03093097072724904)
0(0.0, 0.03038102801909215)
0(0.0, 0.030001351221949246)
0(0.0, 0.02981335582181155)
0(0.0, 0.0294024791770926)
0(0.0, 0.029130075111379883)
0(0.0, 0.028668886852903808)
0(0.0, 0.02860797485435973)
0(0.0, 0.02857820268551825)
0(0.0, 0.028451433668617465)
0(0.0, 0.02779855384190466)
0(0.0, 0.027675897521014292)
0(0.0, 0.026547817634964943)
0(0.0, 0.026459320495748617)
0(0.0, 0.026278749615316177)
0(0.0, 0.02626162376720209)
0(0.0, 0.025804949183903525)
0(0.0, 0.02476532563068956)
0(0.0, 0.02464715967600395)
0(0.0, 0.024543574331151174)
0(0.0, 0.02432314880221431)
0(0.0, 0.024203981353454695)
0(0.0, 0.023711097138234716)
0(0.0, 0.023549992079519244)
0(0.0, 0.02339926366791778)
0(0.0, 0.02336574106783662)
0(0.0, 0.023236087124659077)
0(0.0, 0.023223811076858447)
0(0.0, 0.023190168009779022)
0(0.0, 0.023157760135959493)
0(0.0, 0.02298250660367307)
0(0.0, 0.02292632237471892)
0(0.0, 0.022880010876943135)
0(0.0, 0.022844836596355833)
0(0.0, 0.022781573060966287)
0(0.0, 0.022652917676399098)
0(0.0, 0.022617415639474947)
0(0.0, 0.02257960794471825)
0(0.0, 0.022531988855643226)
0(0.0, 0.022523440677188034)
0(0.0, 0.022306644504420436)
0(0.0, 0.02209709409526517)
0(0.0, 0.02203367512252885)
0(0.0, 0.022019983262046683)
0(0.0, 0.02188499361303753)
0(0.0, 0.02186831905800679)
0(0.0, 0.021807300104146998)
0(0.0, 0.02178808746448524)
0(0.0, 0.021710983158966024)
0(0.0, 0.021666269425840823)
0(0.0, 0.0215817212359406)
0(0.0, 0.02157670169736292)
0(0.0, 0.02149853386290701)
0(0.0, 0.021470644811030115)
0(0.0, 0.021311735523615538)
0(0.0, 0.02116419302498418)
0(0.0, 0.021034278818908958)
0(0.0, 0.020912198388394865)
0(0.0, 0.020607847471863505)
0(0.0, 0.020310361944803845)
0(0.0, 0.020195427230218166)
0(0.0, 0.020022589493997822)
0(0.0, 0.020003226309307953)
0(0.0, 0.019969270417174112)
0(0.0, 0.01993462910952648)
0(0.0, 0.019484410429758126)
0(0.0, 0.019033851653872835)
0(0.0, 0.018807995512156284)
0(0.0, 0.01872052282997394)
0(0.0, 0.018465793316100876)
0(0.0, 0.01837933222045418)
0(0.0, 0.018244420457230515)
0(0.0, 0.018167278690844557)
0(0.0, 0.01789365584956215)
0(0.0, 0.01739853021611948)
0(0.0, 0.01737972146044542)
0(0.0, 0.017307108421197537)
0(0.0, 0.017294560616978538)
0(0.0, 0.017164919026693926)
0(0.0, 0.0170862977585996)
0(0.0, 0.017050427863246953)
0(0.0, 0.01702421356959427)
0(0.0, 0.016981242498723015)
0(0.0, 0.016509735682610827)
0(0.0, 0.01632589251959593)
0(0.0, 0.015988016807970573)
0(0.0, 0.0155393906379937)
0(0.0, 0.015503799237391647)
0(0.0, 0.015421464865809531)
0(0.0, 0.015303029644927912)
0(0.0, 0.015195952111021094)
0(0.0, 0.015151767911347869)
0(0.0, 0.014919136225000629)
0(0.0, 0.014822847424326158)
0(0.0, 0.014818375266433148)
0(0.0, 0.014694679720176018)
0(0.0, 0.014665598518313727)
0(0.0, 0.014636239910367443)
0(0.0, 0.014587044467180732)
0(0.0, 0.014361991948193542)
0(0.0, 0.014332367317777761)
0(0.0, 0.014316738446716992)
0(0.0, 0.014242178979447018)
0(0.0, 0.014240357987004182)
0(0.0, 0.014146873770271462)
0(0.0, 0.014089751265390027)
0(0.0, 0.01391416660945799)
0(0.0, 0.013895668106288839)
0(0.0, 0.013725452817901829)
0(0.0, 0.013564642358883994)
0(0.0, 0.013555169801311773)
0(0.0, 0.013541189825714506)
0(0.0, 0.01353442436911445)
0(0.0, 0.013495003723855814)
0(0.0, 0.013398019930505267)
0(0.0, 0.0132591408603141)
0(0.0, 0.01322672218944232)
0(0.0, 0.013007905808087417)
0(0.0, 0.012890491877621146)
0(0.0, 0.012823543105966895)
0(0.0, 0.012488391275740529)
0(0.0, 0.012192343296300145)
0(0.0, 0.011912301707193373)
0(0.0, 0.01188136210333457)
0(0.0, 0.011856909809518479)
0(0.0, 0.011742150593312739)
0(0.0, 0.011249257612805152)
0(0.0, 0.01112740948379165)
0(0.0, 0.011039973756338917)
0(0.0, 0.010964306008091174)
0(0.0, 0.010930375999491981)
0(0.0, 0.010889244743144677)
0(0.0, 0.010578614863742453)
0(0.0, 0.010188921797167572)
0(0.0, 0.010101717111118291)
0(0.0, 0.01007856548473729)
0(0.0, 0.009772375209914586)
0(0.0, 0.009403854930127409)
0(0.0, 0.008253339849930708)
0(0.0, 0.007836271674251383)
0(0.0, 0.005366309444137518)
0(0.0, 0.005319818608206406)
0(0.0, 0.0034643113537583536)
0(0.0, 0.0033608853258074722)
0(0.0, 0.0032680701420834124)
0(0.0, 0.00243159569298379)
0(0.0, 0.002286007492230402)
0(0.0, 0.0019757592957166947)
0(0.0, 0.0014601137254679486)
0(0.0, 0.0012611611038424453)
