1(1.0700244117739, 1.2158151472624534)
1(0.20479443459114555, 0.2529030380559564)
1(0.11675108394695155, 0.15605712341223432)
1(0.16307140578073387, 0.20173003392062983)
1(0.15016492650038082, 0.18609043078700416)
1(0.12613784405644024, 0.15831987440144346)
1(0.23123730592214975, 0.26075580252484387)
1(0.14065889253559172, 0.1699923438762021)
1(0.11784254276995443, 0.146883651048886)
1(0.11374338229883385, 0.14259788404722884)
1(0.11035141813996352, 0.1388111027378771)
1(0.18286455516511424, 0.21044447833061075)
1(0.11035285417893403, 0.1375619940177989)
1(0.20061734710489898, 0.22778186186561833)
1(0.11460403736742675, 0.1411085991010319)
1(0.1080009255865122, 0.1343006199888711)
1(0.12897321605578982, 0.15524127792270936)
1(0.09534244459685237, 0.12137834136776449)
1(0.31240591482082347, 0.3383162638223459)
1(0.09629550876513149, 0.12181257345854368)
1(0.14541859843555682, 0.1699923438762021)
1(0.21622147645683953, 0.2407341757480389)
1(0.12106799487027053, 0.14541231848343605)
1(0.2151646304667294, 0.2387781783073042)
1(0.15171667049647997, 0.17506735192637768)
1(0.16587942293203917, 0.18852235828100217)
1(0.13107619568770734, 0.15321372173774817)
1(0.11730587890553024, 0.13915325116438693)
1(0.1400288594942377, 0.16127958085011307)
1(0.13049501900239646, 0.15100618278089017)
1(0.1334053291437709, 0.15381604595889198)
1(0.11944514589684485, 0.13983794929694793)
1(0.19708019421607847, 0.2174300102162442)
1(0.11502726081672554, 0.1351088790930619)
1(0.15604117565767395, 0.1759341371856188)
1(0.08949810106092249, 0.10853996749687711)
1(0.13870207806550383, 0.15718580270466842)
1(0.10958134510573292, 0.127751014779259)
1(0.1192628703119234, 0.13733595589664904)
1(0.11629286573741926, 0.13391492612864042)
1(0.08003926369182168, 0.09748600466865809)
1(0.1569578432663521, 0.17434256727762376)
1(0.2091153790137451, 0.2264036952865085)
1(0.2022131303399014, 0.21926106699611658)
1(0.12794454831359114, 0.14432015345603633)
1(0.08841779992910703, 0.10434780008916167)
1(0.1192641002056326, 0.1351088790930619)
1(0.097392479305898, 0.11304289096429421)
1(0.14044198589663182, 0.15573141628126563)
1(0.1114570980242231, 0.12671694395529032)
1(0.13016724246553235, 0.14541231848343605)
1(0.1489295969429022, 0.16415268256350923)
1(0.07526784308089929, 0.09027106529185536)
1(0.25299519574541596, 0.26761271915547546)
1(0.13626933343900816, 0.1507495006072097)
1(0.070146307107391, 0.08461540653948507)
1(0.16614901281277328, 0.1802626740575063)
1(0.12291870078476974, 0.13690407841069996)
1(0.048166062694837586, 0.06208370784830164)
1(0.13023802653435157, 0.14355697379841748)
1(0.036018160973013136, 0.04917720243828172)
1(0.1211767971798764, 0.13420751626279837)
1(0.1229656338941657, 0.13597536620344575)
1(0.13162767602960912, 0.14432015345603633)
1(0.24131290139247397, 0.2538040516372386)
1(0.1950966485522071, 0.20753983960949618)
1(0.0935508130354975, 0.10578989038256659)
1(0.17328454172036356, 0.18546586205393378)
1(0.14093669850289514, 0.15293152760065754)
1(0.09722436895191444, 0.1090330938987979)
1(0.1742835277028908, 0.18581689499587528)
1(0.06495366465433217, 0.07634154291385609)
1(0.09757099800798386, 0.10887065998130474)
1(0.12367057274882731, 0.1348730254109164)
1(0.1052843083518541, 0.1164641728213689)
1(0.05609376267597366, 0.06666288034654755)
1(0.07873568771262163, 0.08899305832446314)
1(0.061110702485898005, 0.07115600143208656)
1(0.11415535600167692, 0.12419599170692996)
1(0.13469176334807165, 0.14461704999686176)
1(0.13264910872923152, 0.14256111552825412)
1(0.08232911147306288, 0.09223999803406524)
1(0.08947874252514354, 0.09921759996274049)
1(0.08118364420582147, 0.09088190594600498)
1(0.3218536871536267, 0.3315031816982741)
1(0.06900704435303862, 0.07840970648707624)
1(0.1463907604882304, 0.15573141628126563)
1(0.12877559015601014, 0.13808075724060898)
1(0.06808321863645017, 0.07728324419370947)
1(0.14259404726399705, 0.15175491343964775)
1(0.12540263159002585, 0.13453863854314518)
1(0.0486610412665377, 0.057530495480605404)
1(0.06039067132783038, 0.06894930079797834)
1(0.04071108321469519, 0.048961916326559995)
1(0.107768777931881, 0.11597819269025389)
1(0.13305459562090738, 0.14121328214716988)
1(0.0270694655708289, 0.03515703403064274)
1(0.1627360497293846, 0.17079567399891238)
1(0.09482212307531535, 0.10282024330528938)
1(0.10916691633675457, 0.1169052733674838)
1(0.05918296195207107, 0.06654679487470161)
1(0.09685664265638239, 0.10418996698223182)
1(0.10762312991209466, 0.11489804212717014)
1(0.133262947023696, 0.14048396779565964)
1(0.11493820990525949, 0.12211538617858742)
1(0.10292581984528437, 0.11008978469896047)
1(0.21221454286289043, 0.2193069271480993)
1(0.06765397873197121, 0.07463256351828662)
1(0.06639744588030516, 0.07325897672909865)
1(0.18504703101615383, 0.1919045910117121)
1(0.08576121855475027, 0.09258019416356034)
1(0.09626631241332029, 0.10307777999409873)
1(0.04014462138471486, 0.04653898630143827)
1(0.03184710265088542, 0.03822946523203141)
1(0.031152136287127874, 0.03748888730994382)
1(0.11221932536152768, 0.1185373524551031)
1(0.1182561842959553, 0.12439244552422546)
1(0.18905712824244325, 0.19512908191356793)
1(0.13072871376560447, 0.13673448690640122)
1(0.14601215872282136, 0.1520084699335087)
1(0.0269480154494377, 0.03288747234945533)
1(0.04807189758171804, 0.053992718357592895)
1(0.09382596894540784, 0.09959076715736581)
1(0.08934191731467256, 0.09509130810653754)
1(0.11893608828458802, 0.12463185144047828)
1(0.1110258651917796, 0.1166996223133151)
1(0.12616436105597417, 0.13173679696097607)
1(0.11024794109934577, 0.11553758964524352)
1(0.15727246291003893, 0.1625276612628106)
1(0.1578593800376532, 0.1630228745443426)
1(0.03867338739577664, 0.04380779866557194)
1(0.16725488141676514, 0.17238690222961284)
1(0.05304815256462103, 0.05810576324632122)
1(0.015399912411780514, 0.020376744962188997)
1(0.1491686001001571, 0.1541191731191882)
1(0.11293708339645403, 0.11782789602564814)
1(0.13772291289797844, 0.14259788404722884)
1(0.03556496687296784, 0.040420952287391954)
1(0.15623492155068464, 0.16104995345022666)
1(0.11260928192201614, 0.11739237065028141)
1(0.10838184483425517, 0.11315844407667108)
1(0.060103840096805916, 0.06482211494446855)
1(0.021619252132302536, 0.026322789717935557)
1(0.13723304318578677, 0.1418796121359468)
1(0.18729214946094408, 0.1919045910117121)
1(0.1425130971680475, 0.147057837868939)
1(0.038040027692948675, 0.04255698319268442)
1(0.0880820817368475, 0.09258019416356034)
1(0.06847558649731111, 0.07289144288285554)
1(0.07881879370225064, 0.08304953259595604)
1(0.10787366513960339, 0.11209133587492748)
1(0.027368017666385747, 0.03142739625994917)
1(0.13284995189979, 0.13690407841069996)
1(0.04264285761437592, 0.04662362592658176)
1(0.03357454421689976, 0.03753221367229054)
1(0.12590571543476503, 0.12986179754748106)
1(0.14192685739194233, 0.14587564911861406)
1(0.029528555729890438, 0.03344446852307392)
1(0.1985821122281043, 0.20244214481667266)
1(0.01762268798124622, 0.021479214418612558)
1(0.13838155675542718, 0.1422224576247576)
1(0.1776627356504814, 0.1814924132486596)
1(0.10078525854719034, 0.1045225150300726)
1(0.14273137991970364, 0.1464359255481843)
1(0.06955238134720432, 0.07320216136439262)
1(0.07279251150141752, 0.07639917722389977)
1(0.032880834944417514, 0.0364563888719005)
1(0.1466463020766703, 0.15019087504410034)
1(0.018785614545278384, 0.022289231135224963)
1(0.028509834905635634, 0.03199266490367447)
1(0.03908214559754275, 0.04255698319268442)
1(0.11416398088030133, 0.11762869344388249)
1(0.1123238066136516, 0.11578247827704036)
1(0.1275365168846343, 0.13088365925269896)
1(0.1296852193665835, 0.13302926392513115)
1(0.1438318943435707, 0.1471606600745149)
1(0.12783933154299698, 0.13116514492936382)
1(0.12889018314434664, 0.13219773015379221)
1(0.040129449031282016, 0.04338754416053592)
1(0.028285558316591297, 0.03146745402907358)
1(0.14984391755671223, 0.15298832063540913)
1(0.03776503940849274, 0.0408987648037451)
1(0.07791895054412867, 0.08095163484914003)
1(0.06571058018608666, 0.06873541871377498)
1(0.07856132258996451, 0.0815556560451337)
1(0.022064563783989688, 0.025056038688331506)
1(0.02058560486348049, 0.02354663120508993)
1(0.05544688351848037, 0.05837278999211959)
1(0.14781412918031722, 0.15066376268307013)
1(0.13792669444971928, 0.14074402036339306)
1(0.12043560237880602, 0.12324590312905603)
1(0.028520260776449313, 0.031318348047150835)
1(0.14762516383271052, 0.15041079846904148)
1(0.13439176847164325, 0.1370736828355863)
1(0.04168432133658617, 0.044354653715595105)
1(0.10515532538944994, 0.10781808635372658)
1(0.16730298042593217, 0.1699562508737511)
1(0.1274315029221884, 0.130058845426832)
1(0.019117872834881755, 0.021728436936138018)
1(0.0477802455588916, 0.05037552504377785)
1(0.08207054790626933, 0.0846237067956278)
1(0.01771363803671877, 0.020213394431416343)
1(0.14010185768505523, 0.14259788404722884)
1(0.1493443668304646, 0.15177795806703864)
1(0.10072382954837544, 0.10311493451036069)
1(0.014995894211400684, 0.017300085559164846)
1(0.030851478959398992, 0.033119948464236826)
1(0.05534357240284482, 0.0576120012795297)
1(0.025925356155550583, 0.0281637126901344)
1(0.020263529353320875, 0.022496280228460508)
1(0.15982605147786522, 0.16204460084145333)
1(0.08593482127988228, 0.08812429874484096)
1(0.17624292162026467, 0.17842635550415253)
1(0.016352616971169187, 0.018480222841483873)
1(0.03828332210320928, 0.04037526098756816)
1(0.13596368184690033, 0.1379769000426624)
1(0.04418035660084141, 0.04613061571487631)
1(0.13929135333210285, 0.1412373448718891)
1(0.041119176083526554, 0.04304457211058865)
1(0.017118736067510576, 0.018981147892312422)
1(0.1303523145970783, 0.13219773015379221)
1(0.031130106113608003, 0.03296984011726278)
1(0.03810695023166755, 0.03993587079284844)
1(0.015997083295525072, 0.01781627405342523)
1(0.024241212086901442, 0.0260297228072357)
1(0.1001582211767248, 0.10182734313885322)
1(0.06713098977685972, 0.06879614016328006)
1(0.03721269622128265, 0.03887766510995894)
1(0.05227447274916264, 0.053932539032048754)
1(0.04932378133397963, 0.05097399838344041)
1(0.026129308473919144, 0.027745912039313647)
1(0.10395597827393954, 0.10554312692735046)
1(0.026640541404936657, 0.028218862829109348)
1(0.0857500550254311, 0.08731277447024643)
1(0.03941981396829364, 0.040977860967518986)
1(0.06903534584456583, 0.07058480086367769)
1(0.014401389933478725, 0.01594418097495498)
1(0.11832457650272432, 0.119858269001062)
1(0.018437306000671838, 0.01995400295118188)
1(0.07740707496054111, 0.07890481464963583)
1(0.15999150155029884, 0.16145128107452178)
1(0.12786325788913477, 0.1292841088585217)
1(0.019763314971715906, 0.021174877703848072)
1(0.020651979553395483, 0.022028260610768235)
1(0.09914982281973672, 0.10047820434121157)
1(0.032533944761288236, 0.03368138728282222)
1(0.09615221253372774, 0.09729613710291074)
1(0.029384552433461386, 0.030445307087309748)
1(0.1781112826250656, 0.1791453278927848)
1(0.015761448590570604, 0.016737032519970274)
1(0.03330476789575254, 0.034212400648487185)
1(0.1269088501682082, 0.12780142203678146)
1(0.18597977094205775, 0.18686464071604592)
1(0.01901073946566323, 0.01987828768301414)
1(0.027186389183687543, 0.028016173063883154)
1(0.071440440418304, 0.07223962496555558)
1(0.039026543611507925, 0.039825067719581275)
1(0.11072845971075063, 0.11151321017553528)
1(0.05446085301690673, 0.055241859640803415)
1(0.03341271942348478, 0.03411409057756154)
1(0.09660286215448177, 0.09729613710291074)
1(0.01683143161388656, 0.01750908006921781)
1(0.0372078430410796, 0.03788172844414772)
1(0.019878424631083802, 0.020513676076154397)
1(0.014016263374936444, 0.014625826542228881)
1(0.03486252957252289, 0.03540236907386152)
1(0.16139078116893601, 0.1618858900770943)
1(0.20105703704762867, 0.20154146071425305)
1(0.023143687527877432, 0.02362068379510962)
1(0.16297895005923857, 0.1634537781405273)
1(0.1552280980606784, 0.15570097559426332)
1(0.04452484744893492, 0.04497036308384761)
1(0.03294035627770553, 0.03338277413623403)
1(0.13281347249726494, 0.133230476734425)
1(0.024573834783904958, 0.024980397677224153)
1(0.014290049945066108, 0.014625826542228881)
1(0.11376031658133168, 0.114079437127945)
1(0.03813949801174543, 0.0384314054899606)
1(0.028755280559210616, 0.028996287751964056)
1(0.14026601544070572, 0.14043337744951623)
1(0.05079413342647199, 0.050926648443644584)
1(0.03982721212417817, 0.03993587079284844)
1(0.043700814344305394, 0.04380779866557194)
1(0.027105302471351234, 0.02719356928667327)
1(0.01822559620329145, 0.018295192344355615)
0(0.0, inf)
0(0.0, 0.594098444752538)
0(0.0, 0.3930537532126248)
0(0.0, 0.3545833351831391)
0(0.0, 0.33969478561568633)
0(0.0, 0.24940587466920672)
0(0.0, 0.2385559566411367)
0(0.0, 0.22037653041837235)
0(0.0, 0.2101219232394853)
0(0.0, 0.20707711327109035)
0(0.0, 0.19857407907033797)
0(0.0, 0.190059506954794)
0(0.0, 0.17531898257003276)
0(0.0, 0.1747650985910748)
0(0.0, 0.1735296002782587)
0(0.0, 0.17022681498425318)
0(0.0, 0.16844283862446674)
0(0.0, 0.16767232844749447)
0(0.0, 0.1662995872653278)
0(0.0, 0.16469225273242916)
0(0.0, 0.16430425396515036)
0(0.0, 0.1615551410743804)
0(0.0, 0.16126049372242435)
0(0.0, 0.15984868944906827)
0(0.0, 0.15974671535734986)
0(0.0, 0.1551317223637223)
0(0.0, 0.15491414304700413)
0(0.0, 0.15356871592862031)
0(0.0, 0.15354381523222105)
0(0.0, 0.147888182666139)
0(0.0, 0.14758725944105722)
0(0.0, 0.14719452746682482)
0(0.0, 0.1467123353931401)
0(0.0, 0.14578140521604654)
0(0.0, 0.14160793273618444)
0(0.0, 0.1395199625583735)
0(0.0, 0.13945173599933292)
0(0.0, 0.13931106669409898)
0(0.0, 0.13796795224152003)
0(0.0, 0.13668292570570062)
0(0.0, 0.13547285504622497)
0(0.0, 0.13502602534517183)
0(0.0, 0.13489579843725163)
0(0.0, 0.13432198139796292)
0(0.0, 0.13395452478271874)
0(0.0, 0.13328902212623506)
0(0.0, 0.13309943200383034)
0(0.0, 0.12873100125091497)
0(0.0, 0.12785865225958915)
0(0.0, 0.12762357894226573)
0(0.0, 0.1274233535957927)
0(0.0, 0.1258369640631265)
0(0.0, 0.12517251634716298)
0(0.0, 0.12503468104477156)
0(0.0, 0.12459683974944435)
0(0.0, 0.12414567656264253)
0(0.0, 0.12296411077082325)
0(0.0, 0.1225678835262628)
0(0.0, 0.12254663024562407)
0(0.0, 0.122132747988831)
0(0.0, 0.12203744631447133)
0(0.0, 0.12042473007645205)
0(0.0, 0.12040802716552967)
0(0.0, 0.11890204027701867)
0(0.0, 0.11831607879553219)
0(0.0, 0.11791223015048757)
0(0.0, 0.11753559017159243)
0(0.0, 0.11683183444837186)
0(0.0, 0.11605984577882467)
0(0.0, 0.11596228301801781)
0(0.0, 0.11359924000250488)
0(0.0, 0.11315701161596947)
0(0.0, 0.11296228514570028)
0(0.0, 0.11165888154391923)
0(0.0, 0.11108846968677843)
0(0.0, 0.11032440490881767)
0(0.0, 0.11031186032821783)
0(0.0, 0.11017755699394016)
0(0.0, 0.1099320610139588)
0(0.0, 0.10957252325136757)
0(0.0, 0.10930916250972988)
0(0.0, 0.10925767273901976)
0(0.0, 0.10907966895901944)
0(0.0, 0.10901856420591005)
0(0.0, 0.1086133009626753)
0(0.0, 0.10853075871493223)
0(0.0, 0.10852305088743708)
0(0.0, 0.10750238355445452)
0(0.0, 0.10730413077454093)
0(0.0, 0.1070650019677305)
0(0.0, 0.1064457606961342)
0(0.0, 0.10622346761629098)
0(0.0, 0.10540259178665334)
0(0.0, 0.10535171704492818)
0(0.0, 0.10489875098341295)
0(0.0, 0.10456591994067088)
0(0.0, 0.10455693093887442)
0(0.0, 0.10445049345137936)
0(0.0, 0.1044406136766085)
0(0.0, 0.10423300207282638)
0(0.0, 0.10405245824715792)
0(0.0, 0.10362583174817908)
0(0.0, 0.10311497665054237)
0(0.0, 0.10183794505377908)
0(0.0, 0.10158532761036243)
0(0.0, 0.10065009224467347)
0(0.0, 0.10051679464821361)
0(0.0, 0.10040257527444674)
0(0.0, 0.10037944276096389)
0(0.0, 0.0995705778504915)
0(0.0, 0.09954856933912493)
0(0.0, 0.09944134986579123)
0(0.0, 0.09933261695474249)
0(0.0, 0.09931786482388938)
0(0.0, 0.09887001201428025)
0(0.0, 0.09830890161849803)
0(0.0, 0.09825102796856344)
0(0.0, 0.09823601357738865)
0(0.0, 0.09773073679574718)
0(0.0, 0.09755111546941075)
0(0.0, 0.09753298761595486)
0(0.0, 0.09634482445369785)
0(0.0, 0.09547758277889062)
0(0.0, 0.09518430731181637)
0(0.0, 0.0947850082852495)
0(0.0, 0.09448963511959496)
0(0.0, 0.09380707491438933)
0(0.0, 0.09334077190013312)
0(0.0, 0.09314811256550204)
0(0.0, 0.09306743895205805)
0(0.0, 0.09301215166769228)
0(0.0, 0.09292289474837112)
0(0.0, 0.0928050714958909)
0(0.0, 0.09238483807888187)
0(0.0, 0.09235960991112568)
0(0.0, 0.09169720237457135)
0(0.0, 0.0912445930998852)
0(0.0, 0.09114636046560243)
0(0.0, 0.09101790236754126)
0(0.0, 0.0908502820718331)
0(0.0, 0.09029600002473537)
0(0.0, 0.09000835412371688)
0(0.0, 0.08971169235245025)
0(0.0, 0.08954619450104251)
0(0.0, 0.08833321934183824)
0(0.0, 0.08801045136616303)
0(0.0, 0.08726754353642097)
0(0.0, 0.08645859654521293)
0(0.0, 0.0864094214996648)
0(0.0, 0.08619633961351403)
0(0.0, 0.08404868783776553)
0(0.0, 0.08402066098119121)
0(0.0, 0.08345019907999285)
0(0.0, 0.08319916323787968)
0(0.0, 0.08309645316076864)
0(0.0, 0.08295697407066549)
0(0.0, 0.08188663751489655)
0(0.0, 0.0817037308001326)
0(0.0, 0.0811851272454468)
0(0.0, 0.08082550040557535)
0(0.0, 0.08034910577731968)
0(0.0, 0.07911027213881638)
0(0.0, 0.07887696371325037)
0(0.0, 0.07880037236796211)
0(0.0, 0.07759435924880387)
0(0.0, 0.07750631441629763)
0(0.0, 0.07745451831353312)
0(0.0, 0.07723373298523728)
0(0.0, 0.07719827093936837)
0(0.0, 0.07718057609769147)
0(0.0, 0.07685477072006308)
0(0.0, 0.07657481984681991)
0(0.0, 0.07629597384470377)
0(0.0, 0.07590283369804407)
0(0.0, 0.0758763252110135)
0(0.0, 0.07575778942134903)
0(0.0, 0.07520371962094752)
0(0.0, 0.07513790277775734)
0(0.0, 0.07424027482722395)
0(0.0, 0.07381916530511479)
0(0.0, 0.07369630382062198)
0(0.0, 0.07367628930684367)
0(0.0, 0.07337575560724297)
0(0.0, 0.07295220618283604)
0(0.0, 0.07235777052661518)
0(0.0, 0.07109733279644892)
0(0.0, 0.07062442157300997)
0(0.0, 0.07003940863410951)
0(0.0, 0.06968549301102989)
0(0.0, 0.0693078705153427)
0(0.0, 0.06850528707456727)
0(0.0, 0.06825912395916889)
0(0.0, 0.06822103946910096)
0(0.0, 0.06749517886733802)
0(0.0, 0.06748782231433015)
0(0.0, 0.06724941076903013)
0(0.0, 0.06722428818656467)
0(0.0, 0.06664236201507412)
0(0.0, 0.06608768098048823)
0(0.0, 0.06535754191282539)
0(0.0, 0.06527753211690257)
0(0.0, 0.06490845124167355)
0(0.0, 0.06354758661124282)
0(0.0, 0.06269473415196902)
0(0.0, 0.06190984578587466)
0(0.0, 0.06160992547375732)
0(0.0, 0.06128136300664899)
0(0.0, 0.0602973928608701)
0(0.0, 0.059541244497021695)
0(0.0, 0.05883295352361162)
0(0.0, 0.058247877531186654)
0(0.0, 0.05742741214062064)
0(0.0, 0.057048615383570755)
0(0.0, 0.05677186205665563)
0(0.0, 0.05668919754655355)
0(0.0, 0.05655140707621442)
0(0.0, 0.0563460223920238)
0(0.0, 0.05623759622423563)
0(0.0, 0.056203759908332374)
0(0.0, 0.05618946397207636)
0(0.0, 0.0561076770578437)
0(0.0, 0.05589855574880076)
0(0.0, 0.05475648516542064)
0(0.0, 0.05349424895985311)
0(0.0, 0.052992535311672695)
0(0.0, 0.05292378760211003)
0(0.0, 0.05283125163732294)
0(0.0, 0.052595495653324664)
0(0.0, 0.051770875600533506)
0(0.0, 0.05174302525900876)
0(0.0, 0.051678262044890566)
0(0.0, 0.050860976877031394)
0(0.0, 0.050640896323528195)
0(0.0, 0.050596259455063186)
0(0.0, 0.04973923265961)
0(0.0, 0.04956090585879169)
0(0.0, 0.04867244700682738)
0(0.0, 0.048388253749681365)
0(0.0, 0.04836355386064195)
0(0.0, 0.04791437053272207)
0(0.0, 0.04696159893066554)
0(0.0, 0.04658896994667938)
0(0.0, 0.0465375628057042)
0(0.0, 0.046494116756404136)
0(0.0, 0.04629203009941918)
0(0.0, 0.04609515807270603)
0(0.0, 0.04588239941602479)
0(0.0, 0.04501674973340697)
0(0.0, 0.044874816734916445)
0(0.0, 0.044703706256532194)
0(0.0, 0.04440371848162006)
0(0.0, 0.04415796539505312)
0(0.0, 0.04409255994557559)
0(0.0, 0.04382943535479633)
0(0.0, 0.04361568659039672)
0(0.0, 0.04329128717701847)
0(0.0, 0.04295132084611142)
0(0.0, 0.04290912989073581)
0(0.0, 0.04204546908684037)
0(0.0, 0.04172384678909036)
0(0.0, 0.04139323414885321)
0(0.0, 0.041155625407115703)
0(0.0, 0.04104389480958448)
0(0.0, 0.040764266875469635)
0(0.0, 0.04044793377550093)
0(0.0, 0.04024210518903004)
0(0.0, 0.04010923233263963)
0(0.0, 0.03996317853681308)
0(0.0, 0.03979850489423009)
0(0.0, 0.038765866339385835)
0(0.0, 0.03799872975469687)
0(0.0, 0.03777732577786763)
0(0.0, 0.03755691491718949)
0(0.0, 0.03706091668318223)
0(0.0, 0.03691531385101765)
0(0.0, 0.036421693929825305)
0(0.0, 0.036144383347549325)
0(0.0, 0.03599928755732551)
0(0.0, 0.03596649148983089)
0(0.0, 0.03500427816225238)
0(0.0, 0.03486731277502453)
0(0.0, 0.034824725544135515)
0(0.0, 0.034743832527480256)
0(0.0, 0.03445904248527354)
0(0.0, 0.03444134191729786)
0(0.0, 0.034381012018206536)
0(0.0, 0.034145392958098486)
0(0.0, 0.03413278550046639)
0(0.0, 0.033847385406429176)
0(0.0, 0.03378821149180633)
0(0.0, 0.03371338691382464)
0(0.0, 0.033505842547643105)
0(0.0, 0.03286424984871461)
0(0.0, 0.03254244743467527)
0(0.0, 0.03170686711339221)
0(0.0, 0.03151865925867936)
0(0.0, 0.03150946551519829)
0(0.0, 0.031163392821722646)
0(0.0, 0.0311232927298154)
0(0.0, 0.031091345832536477)
0(0.0, 0.030998929210151238)
0(0.0, 0.030774252671314506)
0(0.0, 0.030596592961731783)
0(0.0, 0.03042681679637238)
0(0.0, 0.030390144781084594)
0(0.0, 0.030336895023390542)
0(0.0, 0.030295334700227827)
0(0.0, 0.029992004542853112)
0(0.0, 0.029837546183746233)
0(0.0, 0.02952603178310287)
0(0.0, 0.02932702896075734)
0(0.0, 0.02904140854626358)
0(0.0, 0.028827958260966624)
0(0.0, 0.02844830897688011)
0(0.0, 0.028334372992483314)
0(0.0, 0.028241745757576542)
0(0.0, 0.02822258816176826)
0(0.0, 0.028187288887002948)
0(0.0, 0.027568279719380695)
0(0.0, 0.027518882998831873)
0(0.0, 0.02736206476285674)
0(0.0, 0.027318386109417392)
0(0.0, 0.027166588382961376)
0(0.0, 0.027158126936639326)
0(0.0, 0.027029122285876284)
0(0.0, 0.02701292973700542)
0(0.0, 0.02685272721949472)
0(0.0, 0.026722990602947694)
0(0.0, 0.026429617125386162)
0(0.0, 0.026168208284113148)
0(0.0, 0.026143229257951872)
0(0.0, 0.025936256646048816)
0(0.0, 0.02589095752142956)
0(0.0, 0.02587159204460232)
0(0.0, 0.025743831319116395)
0(0.0, 0.025177439174180027)
0(0.0, 0.02456421830995381)
0(0.0, 0.024222484936948008)
0(0.0, 0.024172551895613514)
0(0.0, 0.023867308012675226)
0(0.0, 0.023393903794963422)
0(0.0, 0.023223900318322)
0(0.0, 0.023057114198343887)
0(0.0, 0.02280496579695246)
0(0.0, 0.022641774476921284)
0(0.0, 0.022199902474901667)
0(0.0, 0.022154834076534735)
0(0.0, 0.022073651013320927)
0(0.0, 0.02204465945885048)
0(0.0, 0.021995953294439263)
0(0.0, 0.021828807419544294)
0(0.0, 0.02150982875645402)
0(0.0, 0.020924456088545318)
0(0.0, 0.020863317084570454)
0(0.0, 0.02048089225558969)
0(0.0, 0.02041019872411276)
0(0.0, 0.02032201981629156)
0(0.0, 0.02029585737350048)
0(0.0, 0.0202035862383948)
0(0.0, 0.020137745417733166)
0(0.0, 0.020124105652824298)
0(0.0, 0.020113385038533327)
0(0.0, 0.020048751769265127)
0(0.0, 0.019769239937154737)
0(0.0, 0.01973042018419746)
0(0.0, 0.01970289003324066)
0(0.0, 0.018824410172619488)
0(0.0, 0.01879906985524793)
0(0.0, 0.01876484022178382)
0(0.0, 0.018696566233465606)
0(0.0, 0.018677086183397584)
0(0.0, 0.018273745906953076)
0(0.0, 0.017962866264506494)
0(0.0, 0.017864866018943437)
0(0.0, 0.01744539086750918)
0(0.0, 0.017254628854295184)
0(0.0, 0.017136378106730965)
0(0.0, 0.017123600535436156)
0(0.0, 0.017106579198572947)
0(0.0, 0.017071939935549563)
0(0.0, 0.016716142763658293)
0(0.0, 0.01670869545797915)
0(0.0, 0.016585926937882745)
0(0.0, 0.016387788834272166)
0(0.0, 0.01631477447430152)
0(0.0, 0.016245316105621188)
0(0.0, 0.016189408721266063)
0(0.0, 0.016007067192636337)
0(0.0, 0.015936383568472823)
0(0.0, 0.015876569350717462)
0(0.0, 0.01580089386758954)
0(0.0, 0.015657428500960524)
0(0.0, 0.015621633873627583)
0(0.0, 0.015506070178420539)
0(0.0, 0.015445812979206774)
0(0.0, 0.015091148169608548)
0(0.0, 0.014790926550412142)
0(0.0, 0.01479072704387474)
0(0.0, 0.014769817067937008)
0(0.0, 0.014724484328293763)
0(0.0, 0.014634708499976612)
0(0.0, 0.014491727262583076)
0(0.0, 0.014357736922484543)
0(0.0, 0.014251258440063808)
0(0.0, 0.014104894032057502)
0(0.0, 0.01407428149016654)
0(0.0, 0.013916557183251244)
0(0.0, 0.013905970976084814)
0(0.0, 0.013775979045622999)
0(0.0, 0.013711576774659395)
0(0.0, 0.013601251696951144)
0(0.0, 0.013324266823348752)
0(0.0, 0.013319375432477742)
0(0.0, 0.013279048223438727)
0(0.0, 0.01314247643793287)
0(0.0, 0.013128262875610308)
0(0.0, 0.01306070339351284)
0(0.0, 0.01302191315782586)
0(0.0, 0.012979716344130754)
0(0.0, 0.012947606380571686)
0(0.0, 0.01272802723932931)
0(0.0, 0.012723724183973939)
0(0.0, 0.012688794097824752)
0(0.0, 0.012360778853746979)
0(0.0, 0.012315390340357668)
0(0.0, 0.0119052844769445)
0(0.0, 0.011658654313615124)
0(0.0, 0.011374227435923645)
0(0.0, 0.010822148644380247)
0(0.0, 0.010032613633782939)
0(0.0, 0.009142985450308339)
0(0.0, 0.007642018029254349)
