1(0.005138455100559737, 0.005971937207542282)
1(0.00611113557686928, 0.006841185769108648)
1(0.009227528466238774, 0.009946065427671777)
1(0.004780054623814393, 0.005479319987595511)
1(0.005809801325114417, 0.006467252410975284)
1(0.006778924296881262, 0.007428693105152174)
1(0.005514927219575421, 0.006118988886117367)
1(0.006520604145349122, 0.007120649074807419)
1(0.006553482115760939, 0.007131902235352511)
1(0.005383067409532651, 0.0059546466568165856)
1(0.004837279565902524, 0.005403384430617578)
1(0.0068272539138602316, 0.007386069397877744)
1(0.0063102991708320465, 0.006864686294160537)
1(0.005049817600696854, 0.005603299883180228)
1(0.006173321846604442, 0.006720362793435125)
1(0.0056043639592916064, 0.0061398434472419204)
1(0.005109845648686138, 0.0056388097550258125)
1(0.00562827519986802, 0.006155453736547325)
1(0.008971177133425746, 0.009491664894965798)
1(0.005661762067432954, 0.006179453837365684)
1(0.004893975635455659, 0.00541093486206315)
1(0.0053707657611695315, 0.00587825852795857)
1(0.005939421730773808, 0.006443019269527021)
1(0.006448252894290201, 0.006951036890564283)
1(0.005169010467121848, 0.005657716276779084)
1(0.00594744519575434, 0.0064186809832954515)
1(0.005913661381129377, 0.0063817806268219295)
1(0.005943462279628257, 0.006407159810580477)
1(0.0073590150612333005, 0.007818974782277126)
1(0.005642234184053973, 0.006101354381363868)
1(0.006231641911949828, 0.0066862974198447995)
1(0.005743873555877206, 0.006197561618212204)
1(0.004778704580485317, 0.00522949825200242)
1(0.005538796878079973, 0.00598207821948736)
1(0.0057584405202955975, 0.006198828718008691)
1(0.0057514749264891436, 0.006179453837365684)
1(0.00618320161763746, 0.006609716119884255)
1(0.007537138252747168, 0.007960612606441403)
1(0.006279368285462617, 0.006697388017129072)
1(0.005294983576010567, 0.005703418541897826)
1(0.005255427712617603, 0.005662500409799008)
1(0.005841122944320325, 0.006243905520212567)
1(0.005458171901191612, 0.005857792596674838)
1(0.006717286636249171, 0.007114189823393691)
1(0.006481770361227162, 0.006875676162424908)
1(0.0050675093117376465, 0.005460219897050114)
1(0.005054780393712976, 0.00544695773355445)
1(0.006856064628907624, 0.007245687390459452)
1(0.0060233078402415876, 0.006404281763776857)
1(0.005780303719746149, 0.006158633461952825)
1(0.005685450546730949, 0.006060280323042368)
1(0.005082832565072113, 0.005457495126418272)
1(0.005788961198734726, 0.006161595290514552)
1(0.005490434535350693, 0.0058516829776814)
1(0.006187199233029015, 0.006546559645414942)
1(0.005847131085895484, 0.0062061462386615845)
1(0.0055289268702754454, 0.005886401520508682)
1(0.004949499983949016, 0.005306920053255938)
1(0.004966166621226415, 0.0053231645045688555)
1(0.005990292196256089, 0.006346152586866317)
1(0.005398152757439042, 0.0057436461623090376)
1(0.005820836297171548, 0.006163139643990422)
1(0.005829335935049702, 0.006170490821765006)
1(0.005612391252102974, 0.0059515816093359064)
1(0.006533685773258888, 0.006872348516805209)
1(0.00666965521779039, 0.007006571483325122)
1(0.005020765947467574, 0.005349239278382395)
1(0.0052792532403370595, 0.005607002562250464)
1(0.006216270512692525, 0.006536451254363188)
1(0.007405848404841914, 0.007725178098444131)
1(0.006368566451242836, 0.006687878462359907)
1(0.006016409184521458, 0.006332272920574486)
1(0.006802035499053483, 0.007117327578822782)
1(0.005433657565748706, 0.005746869746883163)
1(0.005869736068225622, 0.006181088817873101)
1(0.006038595549090576, 0.006346152586866317)
1(0.007436368167951299, 0.007741834868326778)
1(0.0062401375594424, 0.006543811798918636)
1(0.005921839143377882, 0.006219835036819044)
1(0.005646695328862574, 0.005942800657799271)
1(0.006848988219424522, 0.0071436723189344555)
1(0.0054622897744307205, 0.005753472768438499)
1(0.0057021455851649005, 0.005990902707487909)
1(0.005516274729801693, 0.005803812627560927)
1(0.006267863064882166, 0.006538567839268245)
1(0.007516437164337969, 0.0077868701182168725)
1(0.005151375632232385, 0.005421183016475305)
1(0.005032960885893816, 0.005297722865537692)
1(0.005369339089777633, 0.005631556517284475)
1(0.0053538590030886265, 0.005615227688146701)
1(0.006420843939748714, 0.006679531096994388)
1(0.004674929471055068, 0.004931282731694862)
1(0.00626045247836278, 0.00651535365213305)
1(0.006313974204546628, 0.00656862978379255)
1(0.006083550950625414, 0.006337986285226524)
1(0.0049403329764224485, 0.005194088461106807)
1(0.006186768987327303, 0.006440325894122163)
1(0.005998120886464652, 0.006251311229274576)
1(0.00645795498328684, 0.006707863375916849)
1(0.005497001225771809, 0.005742606683165401)
1(0.006161790143799221, 0.00640654476232615)
1(0.005621349200574335, 0.005865846152545342)
1(0.006750881940609083, 0.0069936867781091715)
1(0.00732475221439665, 0.007566492609382287)
1(0.006250156411707074, 0.006491173855390129)
1(0.007640295464818415, 0.007877874885287739)
1(0.006769143128586523, 0.0070046826763177205)
1(0.006768896504480725, 0.007003974796206284)
1(0.005275948649962253, 0.005508888443601809)
1(0.006004354389220938, 0.006235072860924605)
1(0.004866493387951156, 0.005096980289819254)
1(0.005217528665705024, 0.0054466188721738725)
1(0.0049770949846306865, 0.0052037673575796835)
1(0.0061356023522322, 0.006362072778581382)
1(0.0055507800708745276, 0.005776939490249596)
1(0.004762050416351973, 0.004987339618313189)
1(0.005979678885088886, 0.00620013273902602)
1(0.004985064349668673, 0.00520054532355976)
1(0.007487674317959071, 0.007700511393974792)
1(0.005205881546479121, 0.005418510560311414)
1(0.006006935402220849, 0.00621911013510367)
1(0.005223676938224708, 0.005435580103580429)
1(0.005098894087796193, 0.005310756346323304)
1(0.0048650731930176185, 0.005076170471581632)
1(0.0059719930445798035, 0.006178428050705823)
1(0.005278551871873096, 0.005483789542598947)
1(0.005035756942674433, 0.005238576300998651)
1(0.006194712864180797, 0.006396128787916643)
1(0.0053522675202404635, 0.005553360098614354)
1(0.005534436913197036, 0.005735181730382148)
1(0.00595981711140638, 0.006158633461952825)
1(0.007963060939592249, 0.008159904790423377)
1(0.004961518973301823, 0.005157640405947344)
1(0.006286770633947289, 0.006482507247021488)
1(0.005314916660016222, 0.005508888443601809)
1(0.011551116548680651, 0.011743000030845628)
1(0.005498168686736701, 0.005689920167133407)
1(0.007496054274857349, 0.007685228442658627)
1(0.005551510653347394, 0.005737109740828883)
1(0.005942874123254776, 0.006128164847680164)
1(0.005251087789749824, 0.005433922097148552)
1(0.005449784466155495, 0.005631556517284475)
1(0.007041074890667861, 0.007222678503761097)
1(0.005216180907420559, 0.005396135834825735)
1(0.0057686954168301675, 0.005948360624912232)
1(0.0058016637111553, 0.005978766343687189)
1(0.005016309928308894, 0.005186375359043073)
1(0.005450100084561092, 0.00561959111002748)
1(0.005927388600687586, 0.006096415520606535)
1(0.007081660632029555, 0.007245687390459452)
1(0.006155627363769504, 0.0063191627351298785)
1(0.006599604542418735, 0.006759209603387407)
1(0.004833148264411862, 0.004991552026239443)
1(0.005959791308374269, 0.0061172246571480115)
1(0.005000278041130171, 0.005157640405947344)
1(0.006937664950098662, 0.007094091043323624)
1(0.005146365770029767, 0.005301931821260781)
1(0.0052937554052581975, 0.005448525650731587)
1(0.007534417493552866, 0.007688172574744242)
1(0.005834590375702034, 0.005987442061950066)
1(0.006859032670895466, 0.0070115116616071465)
1(0.005099476088690419, 0.005248167024562652)
1(0.005073962335174813, 0.005222031377694703)
1(0.006905828106996283, 0.007052462393384372)
1(0.006598385294506602, 0.00674493542943765)
1(0.0053112952294823495, 0.005457495126418272)
1(0.005775840277647781, 0.005921679316935693)
1(0.00663387198914185, 0.00677918915892016)
1(0.006699895125156563, 0.006840709937883429)
1(0.005939248580304551, 0.0060792031644563375)
1(0.005608030582090628, 0.005744575796644424)
1(0.005777744847996447, 0.005914273973898505)
1(0.005943157679724468, 0.0060776239909563975)
1(0.008068584690435691, 0.008198990426141356)
1(0.005481680498764827, 0.005611766911300325)
1(0.0057420628455336475, 0.005871627337400578)
1(0.004833714816254423, 0.004963110985703346)
1(0.00753449248556389, 0.0076628178450029545)
1(0.007431471262639012, 0.007559782670807747)
1(0.005337930578141285, 0.005465478897679835)
1(0.006269287858893721, 0.006396048371335224)
1(0.005371317738645687, 0.0054967796202963735)
1(0.005671488919900948, 0.005795332574882652)
1(0.0064658492642904256, 0.006588144735782365)
1(0.0066378705710338675, 0.0067578907819868875)
1(0.005030676098622918, 0.0051492310700673154)
1(0.0058822613154355255, 0.006000273393461881)
1(0.007019782521865636, 0.007137500857995272)
1(0.004766308508801069, 0.004883380268488204)
1(0.006121894343296274, 0.00623725029004846)
1(0.005649153813018724, 0.005764214080151397)
1(0.006745763994588067, 0.006858947857661623)
1(0.0052255923915186095, 0.0053382690483137546)
1(0.006579698414178671, 0.006691073532695331)
1(0.004951236689184971, 0.005061591722883848)
1(0.0058712748772233, 0.005979201715195595)
1(0.005341255558336818, 0.005448525650731587)
1(0.0057536711733028045, 0.005859330126594095)
1(0.006628649825933843, 0.0067332102717260305)
1(0.008149846275331926, 0.008254233235339137)
1(0.005392426506349021, 0.0054967796202963735)
1(0.005218880835125438, 0.005321140059408349)
1(0.0061980916795062735, 0.00629999672305078)
1(0.008235256319119822, 0.008336695840921187)
1(0.0059775933525502084, 0.0060778772397600935)
1(0.006517687579313349, 0.006614563748691603)
1(0.005115586053607573, 0.00521202854806566)
1(0.005904503490081892, 0.006000273393461881)
1(0.005208984552378141, 0.005304700435008522)
1(0.005314250040026036, 0.00540759045272513)
1(0.0069127087269627, 0.007005020615045026)
1(0.006258619856059052, 0.006350138243347399)
1(0.006063769648758837, 0.006154947852979428)
1(0.005313002576945207, 0.005403519728547172)
1(0.0058904165746429355, 0.005980895007700798)
1(0.005640995794717431, 0.00572929639579102)
1(0.005213815258456621, 0.005301931821260781)
1(0.007731069841691087, 0.007818974782277126)
1(0.00497015720183062, 0.005057918371267007)
1(0.00536774706266091, 0.005453346064643822)
1(0.006405217997331466, 0.006489787703717384)
1(0.006503774567357781, 0.006586824259202634)
1(0.0048427496150634805, 0.00492452731828248)
1(0.004695598880217269, 0.004776061196774819)
1(0.007703141760816486, 0.007780109210061872)
1(0.005516072419152049, 0.005590425116809994)
1(0.00745412961550628, 0.007527910987968557)
1(0.0055725404965284425, 0.0056456029233123185)
1(0.005294268543072555, 0.005366584818073975)
1(0.005659537353943868, 0.0057308707790161345)
1(0.0058439339261655175, 0.005914961620801906)
1(0.0048940482752737, 0.004963110985703346)
1(0.011545274813893369, 0.011613040293844424)
1(0.006476539829432511, 0.006543811798918636)
1(0.005446782927782863, 0.005514006659017224)
1(0.005549843701202747, 0.005615363207978837)
1(0.005861897691673509, 0.0059269529520248046)
1(0.007637073456088465, 0.0077003923719709735)
1(0.005862091872291125, 0.00592388900769542)
1(0.006975540597820638, 0.007037195407097709)
1(0.006205476697785173, 0.006266382251840746)
1(0.005619545978891031, 0.005680324679379281)
1(0.005941332940410945, 0.0060014033452776136)
1(0.006925703998553151, 0.006985656792616739)
1(0.005605244306405871, 0.005663653449425421)
1(0.006417919730294804, 0.006476324185635645)
1(0.006186420481243147, 0.006243905520212567)
1(0.005029878668015567, 0.0050870938537540345)
1(0.004923569502097404, 0.004979950708494423)
1(0.005351169461891653, 0.005406717606017471)
1(0.006579081105009476, 0.006631323332141125)
1(0.005795837741928884, 0.005846806376920264)
1(0.006980681450640426, 0.0070312451450697585)
1(0.0062770535836944785, 0.006327100558446273)
1(0.008687637253916112, 0.008737343828881784)
1(0.0065801605680377495, 0.006629779547980626)
1(0.005628084639050165, 0.005675620732170931)
1(0.005233088721069576, 0.005280410423228835)
1(0.0060811558990526175, 0.006128164847680164)
1(0.0052591148589700995, 0.005304613113195925)
1(0.0059930825283315186, 0.006036587016364491)
1(0.006062189469532428, 0.006104714558308756)
1(0.006677095614645963, 0.006719311117502227)
1(0.0054751926484861635, 0.005515872774036226)
1(0.005973565618529198, 0.006013877206566824)
1(0.006064088241376491, 0.006104394353108319)
1(0.006671552143648681, 0.006711788074959786)
1(0.006014413724400511, 0.006053695762373881)
1(0.005592170361558404, 0.0056313955591779)
1(0.007131627330617742, 0.0071693137015301)
1(0.005672021824544993, 0.005708480073095871)
1(0.005745457779643122, 0.005781404795624017)
1(0.006483142727064477, 0.006517907531532497)
1(0.005660536924547573, 0.0056922283058576)
1(0.005833904319669546, 0.005863868482944511)
1(0.005465937197550336, 0.0054956744003555325)
1(0.006048427693871921, 0.0060778772397600935)
1(0.005822848885759625, 0.005849002348371989)
1(0.006078536349050961, 0.006104664835056907)
1(0.0055956649854876995, 0.00561975403485331)
1(0.006263275644937495, 0.006287319237932965)
1(0.005353983984881366, 0.005376849234595448)
1(0.006379810367319853, 0.006402346925595562)
1(0.007019196696456773, 0.007041453476119028)
1(0.005636486317428529, 0.005657716276779084)
1(0.006039457937169264, 0.0060564694572083745)
1(0.005395812850175687, 0.005412624393041178)
1(0.005196166525735252, 0.005212719975357564)
1(0.005960097030213698, 0.005975616630971722)
1(0.00749928542105253, 0.00751407084614335)
1(0.007857527307055717, 0.007869460327963334)
1(0.006152033891103391, 0.006163258667935718)
1(0.006019556714056662, 0.00603072189892074)
1(0.007096264458546093, 0.007106939946387981)
1(0.006561923504808401, 0.00657132702663368)
1(0.005611807174318278, 0.005621004664676775)
1(0.007230305865762548, 0.0072388009048978165)
1(0.0067725508173252695, 0.006780880216502302)
1(0.00554659139295927, 0.005553360098614354)
1(0.005625259697775207, 0.0056313955591779)
1(0.006668539616221581, 0.006674327781303768)
1(0.006847651192299718, 0.006849982568457204)
1(0.006672297968787206, 0.006674327781303768)
1(0.005342774131911617, 0.005343331755094329)
0(0.0, inf)
0(0.0, 0.02943020967422821)
0(0.0, 0.02880895754739399)
0(0.0, 0.021265763463212094)
0(0.0, 0.01655520045357157)
0(0.0, 0.014592601985863998)
0(0.0, 0.01426936957929567)
0(0.0, 0.01310102645792694)
0(0.0, 0.01281009942413126)
0(0.0, 0.012601218259316958)
0(0.0, 0.01145028605626889)
0(0.0, 0.011214884494318508)
0(0.0, 0.010710646877666721)
0(0.0, 0.010416795058543128)
0(0.0, 0.010366617953192632)
0(0.0, 0.010210534019990692)
0(0.0, 0.010195899878545063)
0(0.0, 0.010156152028763094)
0(0.0, 0.010105520800943537)
0(0.0, 0.010098914550056072)
0(0.0, 0.009455964122516543)
0(0.0, 0.009391586498137386)
0(0.0, 0.009178492574608914)
0(0.0, 0.008956200349770333)
0(0.0, 0.008933720117399405)
0(0.0, 0.008897925857812163)
0(0.0, 0.008835493023897727)
0(0.0, 0.008792230000641842)
0(0.0, 0.008583624857463832)
0(0.0, 0.00852170024586976)
0(0.0, 0.008412626853309707)
0(0.0, 0.008282014037626875)
0(0.0, 0.008135512137311719)
0(0.0, 0.008132465581146118)
0(0.0, 0.008128433499165175)
0(0.0, 0.008122826523748463)
0(0.0, 0.008038748041412797)
0(0.0, 0.008032366739494062)
0(0.0, 0.00802318359148704)
0(0.0, 0.008015457262238951)
0(0.0, 0.008009785296721108)
0(0.0, 0.007985264402798089)
0(0.0, 0.007805738338718086)
0(0.0, 0.007732683095737448)
0(0.0, 0.007706648249870408)
0(0.0, 0.007664456100514112)
0(0.0, 0.0075836969011129325)
0(0.0, 0.007530571892441809)
0(0.0, 0.007475547772109907)
0(0.0, 0.007473311676541222)
0(0.0, 0.007471983658439119)
0(0.0, 0.007459189441524946)
0(0.0, 0.007457532466137091)
0(0.0, 0.007455655898552685)
0(0.0, 0.007450258856586026)
0(0.0, 0.007419237710467627)
0(0.0, 0.007408887933100074)
0(0.0, 0.007395333647615837)
0(0.0, 0.007385053943945965)
0(0.0, 0.007324206034310146)
0(0.0, 0.0072772097880676985)
0(0.0, 0.007220015504705931)
0(0.0, 0.0071984640974830285)
0(0.0, 0.007186029461382668)
0(0.0, 0.007183115625561044)
0(0.0, 0.0071776552009958005)
0(0.0, 0.0071689244228923706)
0(0.0, 0.007158638550685113)
0(0.0, 0.007151427509607874)
0(0.0, 0.007144895930187584)
0(0.0, 0.007131427456080328)
0(0.0, 0.00707646858360351)
0(0.0, 0.007073634596160327)
0(0.0, 0.007053138021818877)
0(0.0, 0.007049016416541967)
0(0.0, 0.007047837454349088)
0(0.0, 0.007020749906788913)
0(0.0, 0.007018355168267522)
0(0.0, 0.00700935337429335)
0(0.0, 0.007004564951956948)
0(0.0, 0.006975181617654566)
0(0.0, 0.0069069779060981235)
0(0.0, 0.006905089427841954)
0(0.0, 0.006892812398697559)
0(0.0, 0.006890052833302341)
0(0.0, 0.006859001276989223)
0(0.0, 0.006805579208297978)
0(0.0, 0.0068032586112342745)
0(0.0, 0.006798807608368285)
0(0.0, 0.006771326865410937)
0(0.0, 0.0067591453656506775)
0(0.0, 0.006749676572228612)
0(0.0, 0.006722863287697413)
0(0.0, 0.006721546330488846)
0(0.0, 0.006720022725412732)
0(0.0, 0.0067084147624563205)
0(0.0, 0.006685190980493141)
0(0.0, 0.006667912423948727)
0(0.0, 0.006650424923443541)
0(0.0, 0.006648221994616506)
0(0.0, 0.006623075101829583)
0(0.0, 0.006612718423267081)
0(0.0, 0.006609810711038859)
0(0.0, 0.006606511064543545)
0(0.0, 0.006596976276988204)
0(0.0, 0.006579677627565476)
0(0.0, 0.006571499867685305)
0(0.0, 0.006570255438554188)
0(0.0, 0.0065537217840902495)
0(0.0, 0.0065534009203513655)
0(0.0, 0.006539995740192704)
0(0.0, 0.006536260285083457)
0(0.0, 0.006508667867365184)
0(0.0, 0.006495693345472178)
0(0.0, 0.006489717759830938)
0(0.0, 0.006464984271333142)
0(0.0, 0.006454690433462326)
0(0.0, 0.006454416504421449)
0(0.0, 0.006452961944034318)
0(0.0, 0.006443110703921624)
0(0.0, 0.00643953449494511)
0(0.0, 0.006437828795991426)
0(0.0, 0.0064283853037247875)
0(0.0, 0.006421879312346492)
0(0.0, 0.006421236481022448)
0(0.0, 0.006408417098987936)
0(0.0, 0.006408355793587186)
0(0.0, 0.006405948747216441)
0(0.0, 0.006404798641735409)
0(0.0, 0.006400830007399539)
0(0.0, 0.006346512870682689)
0(0.0, 0.00633517933848859)
0(0.0, 0.00631012386287671)
0(0.0, 0.00629644889690908)
0(0.0, 0.006290428573283574)
0(0.0, 0.006275658935254517)
0(0.0, 0.00627320081343814)
0(0.0, 0.006262977333391548)
0(0.0, 0.006260699682190912)
0(0.0, 0.006258365891057122)
0(0.0, 0.006257450341607265)
0(0.0, 0.006248913506573192)
0(0.0, 0.006247430476089865)
0(0.0, 0.006220437126362365)
0(0.0, 0.006208935270377911)
0(0.0, 0.006197544344367672)
0(0.0, 0.0061965398954847)
0(0.0, 0.006195602383195405)
0(0.0, 0.00619218512675633)
0(0.0, 0.006181130671981858)
0(0.0, 0.006176013008069233)
0(0.0, 0.006166247606687848)
0(0.0, 0.006160982023599105)
0(0.0, 0.006150618015930313)
0(0.0, 0.006148342092611808)
0(0.0, 0.0061158188791911395)
0(0.0, 0.006108979577512938)
0(0.0, 0.006105546378824728)
0(0.0, 0.006100886413400584)
0(0.0, 0.006085915341011059)
0(0.0, 0.006085158675621045)
0(0.0, 0.006062132259666081)
0(0.0, 0.006060856469652954)
0(0.0, 0.006053859140220075)
0(0.0, 0.006053074890154907)
0(0.0, 0.0060474730372551255)
0(0.0, 0.006044950347914959)
0(0.0, 0.006030771471382144)
0(0.0, 0.006027093038662009)
0(0.0, 0.006021915360828476)
0(0.0, 0.00601443740772505)
0(0.0, 0.006013210366520122)
0(0.0, 0.006005086687637838)
0(0.0, 0.005994727606949206)
0(0.0, 0.005994293403979693)
0(0.0, 0.005989961152569006)
0(0.0, 0.005986969309588934)
0(0.0, 0.005956929423415646)
0(0.0, 0.005940701197409339)
0(0.0, 0.005930076199720573)
0(0.0, 0.005928431699697603)
0(0.0, 0.0059197498997299505)
0(0.0, 0.005919526815746503)
0(0.0, 0.005890146379420599)
0(0.0, 0.005889288221993787)
0(0.0, 0.005887697862506935)
0(0.0, 0.0058868292407564665)
0(0.0, 0.0058834735304044376)
0(0.0, 0.00585743042687438)
0(0.0, 0.005837781348227477)
0(0.0, 0.005835498208204101)
0(0.0, 0.005829127629723353)
0(0.0, 0.005826578960183381)
0(0.0, 0.005811920566754424)
0(0.0, 0.0058104705412836835)
0(0.0, 0.005804994731937975)
0(0.0, 0.005800046789335465)
0(0.0, 0.005796215263275707)
0(0.0, 0.005792055056480709)
0(0.0, 0.005776295499627617)
0(0.0, 0.005774772012377963)
0(0.0, 0.00577362863785801)
0(0.0, 0.005773623073294043)
0(0.0, 0.005772254689524305)
0(0.0, 0.005768590508699217)
0(0.0, 0.005766991315667163)
0(0.0, 0.00576449036744252)
0(0.0, 0.005764075758852788)
0(0.0, 0.0057605832354593565)
0(0.0, 0.005740367184109314)
0(0.0, 0.0057377751262842145)
0(0.0, 0.0057353186182729134)
0(0.0, 0.005734115110523693)
0(0.0, 0.00573180687511227)
0(0.0, 0.005722856881154893)
0(0.0, 0.005709860216699494)
0(0.0, 0.005706356008713813)
0(0.0, 0.005683394340164521)
0(0.0, 0.005680801206313441)
0(0.0, 0.0056661920627108595)
0(0.0, 0.0056431434172718314)
0(0.0, 0.005641872534338177)
0(0.0, 0.005626919357700068)
0(0.0, 0.0056186738455756835)
0(0.0, 0.005612273452643443)
0(0.0, 0.005609606124805744)
0(0.0, 0.005605389627459152)
0(0.0, 0.005602966120184517)
0(0.0, 0.005602825638281719)
0(0.0, 0.005600264580402538)
0(0.0, 0.0055919538137176724)
0(0.0, 0.0055870875045659855)
0(0.0, 0.005577376714029964)
0(0.0, 0.005571479636610902)
0(0.0, 0.005565662670269898)
0(0.0, 0.005562224314530812)
0(0.0, 0.00554881787150789)
0(0.0, 0.0055404489769304)
0(0.0, 0.0055391304057925105)
0(0.0, 0.005531064253164485)
0(0.0, 0.0055278710041009186)
0(0.0, 0.00552421674405206)
0(0.0, 0.005514331395517472)
0(0.0, 0.005511708010636175)
0(0.0, 0.0055084267801282)
0(0.0, 0.005498896028274902)
0(0.0, 0.005493925117745119)
0(0.0, 0.005484095837481485)
0(0.0, 0.005483922842629164)
0(0.0, 0.005478827393660095)
0(0.0, 0.005456599177988412)
0(0.0, 0.005437400936218683)
0(0.0, 0.005435162607389103)
0(0.0, 0.005434820028837138)
0(0.0, 0.005434563558323083)
0(0.0, 0.005417147968610423)
0(0.0, 0.0054062879149168)
0(0.0, 0.0053959846993602905)
0(0.0, 0.005392066682686448)
0(0.0, 0.005386035882274868)
0(0.0, 0.0053831435927540715)
0(0.0, 0.005368798832880824)
0(0.0, 0.00536533196097843)
0(0.0, 0.005353067533395002)
0(0.0, 0.005348105634920482)
0(0.0, 0.005347144999430747)
0(0.0, 0.005345722068891415)
0(0.0, 0.005344706403933436)
0(0.0, 0.0053383890290273975)
0(0.0, 0.0053232630660459525)
0(0.0, 0.005323023623586543)
0(0.0, 0.005320746237933528)
0(0.0, 0.0053163045432429445)
0(0.0, 0.005312552396103901)
0(0.0, 0.005308541775500603)
0(0.0, 0.005289856855409439)
0(0.0, 0.005289798816804706)
0(0.0, 0.005280331945619013)
0(0.0, 0.00527895544135007)
0(0.0, 0.005273123199688186)
0(0.0, 0.005263953107957578)
0(0.0, 0.0052590403833693835)
0(0.0, 0.005255826525420993)
0(0.0, 0.005252926849291252)
0(0.0, 0.005244511497238703)
0(0.0, 0.005238082839408296)
0(0.0, 0.005237850640022134)
0(0.0, 0.0052249258264523675)
0(0.0, 0.005218020945036076)
0(0.0, 0.005211686399959265)
0(0.0, 0.005198004425945813)
0(0.0, 0.005192706450058393)
0(0.0, 0.005192336719541447)
0(0.0, 0.00519072214400492)
0(0.0, 0.005190664898325602)
0(0.0, 0.005184499612288605)
0(0.0, 0.005178723519134899)
0(0.0, 0.0051703489317091655)
0(0.0, 0.00516052241852081)
0(0.0, 0.005147687108374254)
0(0.0, 0.005137234983270305)
0(0.0, 0.005135831773031145)
0(0.0, 0.005130038924993253)
0(0.0, 0.005128669031909245)
0(0.0, 0.005124013782266119)
0(0.0, 0.005122318579671429)
0(0.0, 0.005105974884704081)
0(0.0, 0.005097380975957454)
0(0.0, 0.00508551379347799)
0(0.0, 0.005082906107455391)
0(0.0, 0.005082399669490554)
0(0.0, 0.005080434185301079)
0(0.0, 0.005071274696202922)
0(0.0, 0.005069533857510037)
0(0.0, 0.0050568175532199324)
0(0.0, 0.005056117440055998)
0(0.0, 0.005053194501938341)
0(0.0, 0.005051254128694106)
0(0.0, 0.005045703726999095)
0(0.0, 0.005040776109043855)
0(0.0, 0.005025850755302928)
0(0.0, 0.005022092888163689)
0(0.0, 0.005020453856280041)
0(0.0, 0.004995069984012235)
0(0.0, 0.004986465542983514)
0(0.0, 0.004976170966381222)
0(0.0, 0.004973599422643447)
0(0.0, 0.004972439350871512)
0(0.0, 0.004971467545525978)
0(0.0, 0.004963227987100673)
0(0.0, 0.004956813292406966)
0(0.0, 0.004949216464032154)
0(0.0, 0.004949159126439849)
0(0.0, 0.004947012658492039)
0(0.0, 0.004943392901871438)
0(0.0, 0.004943361811062698)
0(0.0, 0.004942080500614192)
0(0.0, 0.004942000425840409)
0(0.0, 0.004941809120487893)
0(0.0, 0.004940200292967149)
0(0.0, 0.0049251248728978125)
0(0.0, 0.004923644538117424)
0(0.0, 0.004915348416530109)
0(0.0, 0.004913131175139296)
0(0.0, 0.0048921412831250235)
0(0.0, 0.004888168798927169)
0(0.0, 0.0048793037396164364)
0(0.0, 0.004879026633629624)
0(0.0, 0.004870624471710188)
0(0.0, 0.004870459457206906)
0(0.0, 0.004854497297599079)
0(0.0, 0.004852451634662476)
0(0.0, 0.0048511878131120845)
0(0.0, 0.004849344828521574)
0(0.0, 0.004840289949773151)
0(0.0, 0.004839040419034958)
0(0.0, 0.004838320063585979)
0(0.0, 0.004835828109803129)
0(0.0, 0.004830704067485436)
0(0.0, 0.004816272725740533)
0(0.0, 0.0048149089081011036)
0(0.0, 0.004813188212047134)
0(0.0, 0.004809809241155205)
0(0.0, 0.0048008811156447445)
0(0.0, 0.00480012915496155)
0(0.0, 0.004796116594920483)
0(0.0, 0.004789930592645132)
0(0.0, 0.004786028829974593)
0(0.0, 0.004784448010305597)
0(0.0, 0.004775059677885559)
0(0.0, 0.004764345346682398)
0(0.0, 0.004763468822277892)
0(0.0, 0.004762101678268809)
0(0.0, 0.004761774324287212)
0(0.0, 0.0047575376367246175)
0(0.0, 0.004756222386571669)
0(0.0, 0.004739872566159503)
0(0.0, 0.004723999807071657)
0(0.0, 0.004719041382105598)
0(0.0, 0.0047156385906267865)
0(0.0, 0.0047130220812308665)
0(0.0, 0.004712060777531444)
0(0.0, 0.0047112980824361005)
0(0.0, 0.0047046892685137275)
0(0.0, 0.004693197399538706)
0(0.0, 0.004690400310820121)
0(0.0, 0.0046895348694474094)
0(0.0, 0.004669575090719664)
0(0.0, 0.004668010662885183)
0(0.0, 0.004663665612814963)
0(0.0, 0.004658025216144184)
0(0.0, 0.004657483202280549)
0(0.0, 0.004650084683200017)
0(0.0, 0.004642571835648248)
0(0.0, 0.004638569625844667)
0(0.0, 0.004633030878644855)
0(0.0, 0.004622821341715739)
0(0.0, 0.0046092025782395315)
0(0.0, 0.00460917676357426)
0(0.0, 0.00460787100798362)
0(0.0, 0.004600174058329654)
0(0.0, 0.004582561511967718)
0(0.0, 0.004578513361299349)
0(0.0, 0.004566788335790846)
0(0.0, 0.004555047547696475)
0(0.0, 0.00455082623582422)
0(0.0, 0.004548233302276425)
0(0.0, 0.0045452102085430605)
0(0.0, 0.0045448852942520145)
0(0.0, 0.004544411376876562)
0(0.0, 0.004532427806524086)
0(0.0, 0.00452284135857514)
0(0.0, 0.004461637267763828)
0(0.0, 0.004433919580845543)
0(0.0, 0.00440996042720799)
0(0.0, 0.0043870211186778614)
0(0.0, 0.004376000374317399)
0(0.0, 0.00435999780818667)
0(0.0, 0.004359291906791784)
0(0.0, 0.004358335491060998)
0(0.0, 0.004311295132535471)
0(0.0, 0.00430950202550111)
0(0.0, 0.0043042693942012085)
0(0.0, 0.004281980042706956)
0(0.0, 0.0042587380083970085)
0(0.0, 0.004257019001391401)
0(0.0, 0.004253709931051216)
0(0.0, 0.004237988870102484)
0(0.0, 0.004207037033385269)
0(0.0, 0.004166314524759738)
0(0.0, 0.003993191667625532)
0(0.0, 0.003988478574548064)
