1(0.006561816192302685, 0.007306756588777422)
1(0.005242493745260121, 0.005845190128929881)
1(0.005203051308067143, 0.005773670021149761)
1(0.005253199021567293, 0.0057995812728876455)
1(0.007306877953790345, 0.007848569509134096)
1(0.005089192301035754, 0.005629706946288736)
1(0.004968259109111576, 0.00548030623530141)
1(0.007736050006667312, 0.008239206465656793)
1(0.005273507070460177, 0.0057728467601854145)
1(0.0045188815865316, 0.005007670753635142)
1(0.005537642773826055, 0.0059953168421056965)
1(0.004987189994512128, 0.005441857973437162)
1(0.005060215934136881, 0.005503595285902607)
1(0.005487535287182604, 0.005929405925897131)
1(0.005411526921508113, 0.005848968943188404)
1(0.004814320200869052, 0.005247889917670829)
1(0.006081167335722344, 0.0065147042735474595)
1(0.00545576976221152, 0.005888596686108574)
1(0.00528923551444886, 0.005715872007131838)
1(0.005182801903784317, 0.0056074076631349975)
1(0.0068072625368425935, 0.00722540794908912)
1(0.005769948480950682, 0.0061807481111251575)
1(0.005187487160445628, 0.005588320392796516)
1(0.004795202665169492, 0.005184233265329384)
1(0.0055029407708832075, 0.005887828185625659)
1(0.006214707473473235, 0.006599313115833986)
1(0.006871727772724899, 0.0072557633290631415)
1(0.004755875185275821, 0.005131517542028229)
1(0.004670577207094191, 0.005040412712131061)
1(0.005491158792750606, 0.005846625073122283)
1(0.006455487370973682, 0.006798806295526309)
1(0.005199652950261891, 0.005542007490909814)
1(0.004690700887672221, 0.00502937530760278)
1(0.005018248821482935, 0.0053487628935464295)
1(0.005465356223612483, 0.005791525090050409)
1(0.004920987864632674, 0.005246208397721354)
1(0.00510223071841452, 0.005424938871161164)
1(0.005394388498737163, 0.005715737033985116)
1(0.004916840767378265, 0.005233572139940822)
1(0.005783117110649757, 0.006093874030170233)
1(0.0055140786648423725, 0.00582365792213729)
1(0.004839293617649397, 0.005144796019226313)
1(0.0059806688156799435, 0.0062856607996707526)
1(0.007377119527431185, 0.007679581543729791)
1(0.006957253980828134, 0.0072557633290631415)
1(0.0051586071297946064, 0.0054558004690760525)
1(0.005565870443281853, 0.005855782540746669)
1(0.0049940180512731865, 0.005283737725897704)
1(0.00568065226856229, 0.005969203383869205)
1(0.0066757110150438845, 0.006963595974846065)
1(0.005289305155751128, 0.005574325994177447)
1(0.0052094425182079955, 0.005493381633520791)
1(0.005275965264631408, 0.005558276319266891)
1(0.00550190457089795, 0.005778645439542176)
1(0.005425663598933322, 0.005701162219673168)
1(0.008200415445660289, 0.008473619215226125)
1(0.005281090087451575, 0.005553699274115482)
1(0.004939897196174964, 0.0052100295209483866)
1(0.0061260151573697165, 0.006395786876155215)
1(0.005505524936739524, 0.005773670021149761)
1(0.005369157892330292, 0.005632602836306801)
1(0.005583186634031872, 0.005846469425847242)
1(0.00548478399058218, 0.005747019894275945)
1(0.005983595780066892, 0.00624524619997187)
1(0.0049264185138320074, 0.005187454969744496)
1(0.00534789732265742, 0.005608419567124065)
1(0.005586265774029254, 0.005844979869009975)
1(0.00583978498408284, 0.0060964785578109994)
1(0.007691854325571799, 0.007948024868361315)
1(0.0051489014533816005, 0.0054036374186922686)
1(0.005035734504594289, 0.005285427021050518)
1(0.005234056291914204, 0.005481413205339504)
1(0.005777885866039065, 0.0060203421150136615)
1(0.007996970965304228, 0.008239206465656793)
1(0.005277073311450586, 0.00551809909273121)
1(0.005197047384939683, 0.00543590416074135)
1(0.006405496316029605, 0.006643899229280115)
1(0.004789876502243595, 0.005027661534828041)
1(0.005788942833370443, 0.006025392659416695)
1(0.00553847848760649, 0.005774500011032323)
1(0.0054510792598927976, 0.005682210889292081)
1(0.005594460325743187, 0.005824459041710066)
1(0.005496721359658518, 0.0057223083829399815)
1(0.005342972152787883, 0.0055681178637169955)
1(0.005272203579437082, 0.005497220525397139)
1(0.005534429335697927, 0.005758308297153274)
1(0.005712187450458406, 0.005934721125785847)
1(0.005402307980558295, 0.005622847700882835)
1(0.005513287867616424, 0.005731731744699253)
1(0.005280436450011945, 0.005497220525397139)
1(0.0057050671806920545, 0.005917695721596235)
1(0.005303096216322651, 0.005512479213870135)
1(0.0054222862554993085, 0.005626162098027587)
1(0.005241393436963214, 0.00544483107107929)
1(0.0063271724443540135, 0.006530418252440979)
1(0.004866832871555269, 0.005066569457973805)
1(0.0057239379782250245, 0.0059165437253301196)
1(0.004992044603985764, 0.005182194594494212)
1(0.006093113222358877, 0.006282444472481662)
1(0.005554307065457198, 0.005743517574723919)
1(0.004936738661595807, 0.005124557249747371)
1(0.005620642354227845, 0.005808412374150544)
1(0.005646343954206152, 0.005828018393801625)
1(0.005206106676181329, 0.005378023286967365)
1(0.005268845181001953, 0.005438404689798335)
1(0.007079263328813365, 0.0072464591051863946)
1(0.0051190161720013425, 0.005285427021050518)
1(0.006455643411047298, 0.006619266913410823)
1(0.005333085667621903, 0.005495386017534157)
1(0.004755474913730837, 0.004914993399553867)
1(0.005926171639646111, 0.006084190477309797)
1(0.004999346845289692, 0.005156634980616819)
1(0.00497949998574108, 0.005135907490232872)
1(0.0049104096848253944, 0.005066569457973805)
1(0.00603813071402039, 0.006189225754044762)
1(0.00530839936682819, 0.0054593058565180425)
1(0.005008047185529731, 0.005158594104030304)
1(0.004975472513997942, 0.005125612310642402)
1(0.0056966262539010215, 0.005845190128929881)
1(0.00591445546731301, 0.00605653563599)
1(0.005286839763680506, 0.005428401184460283)
1(0.005623386650009869, 0.005762936042546472)
1(0.004753052543987522, 0.004892005586195538)
1(0.005475994761202936, 0.005614801797413365)
1(0.004977105165456324, 0.005115844638126438)
1(0.005225319612292359, 0.005363153489130357)
1(0.005670122503285607, 0.005807265701785746)
1(0.005569324946235601, 0.005705874181095431)
1(0.005748502855105385, 0.005883993955981549)
1(0.005649367337099058, 0.005783918828901207)
1(0.005412071576582532, 0.005546506389690182)
1(0.005360332443888025, 0.005493599101914024)
1(0.00726188287864153, 0.0073945941450338695)
1(0.005609945554686526, 0.005742278872195144)
1(0.005007773655713123, 0.005138910142652326)
1(0.005457437070324482, 0.005586566180495335)
1(0.005494522037004852, 0.005623231624371712)
1(0.004969730041329117, 0.0050983279790483265)
1(0.006576499000472267, 0.006704458040508381)
1(0.004880903925542159, 0.005007670753635142)
1(0.006098873102581626, 0.00622533678383411)
1(0.0060093401383485715, 0.006135389218179537)
1(0.005055566523739995, 0.0051805564092939314)
1(0.006089751488813274, 0.006214732337678638)
1(0.006067678433187396, 0.0061918319211831385)
1(0.005109090833338949, 0.005232481969127614)
1(0.00575693716279498, 0.005878200946897161)
1(0.005359630420471907, 0.00547918649978547)
1(0.005180175009998506, 0.00529770303727664)
1(0.005691556608018534, 0.005805984005945769)
1(0.004893632063107204, 0.005007670753635142)
1(0.00494690542536984, 0.005059291827144452)
1(0.005620715180278254, 0.0057325286938019575)
1(0.005794185996794483, 0.005904691517816913)
1(0.006067950777534903, 0.006178395214788644)
1(0.005511470366923625, 0.005621679113797061)
1(0.006384545957892394, 0.006494375311641714)
1(0.0053864974096261425, 0.005494257986428128)
1(0.005323903502509331, 0.005431322486323986)
1(0.00564702667844461, 0.00575256314326997)
1(0.005466011000795339, 0.005571229502563796)
1(0.005743078623252175, 0.005846469425847242)
1(0.005954369070947895, 0.00605653563599)
1(0.0050060379811969055, 0.005107874194007301)
1(0.005010886486748267, 0.005111813736930171)
1(0.005947506160514308, 0.006047074129602453)
1(0.005606737191791847, 0.005705153958281693)
1(0.005891730968464977, 0.005988253796422242)
1(0.005748764763151522, 0.005845190128929881)
1(0.005460106842422693, 0.0055528561056486575)
1(0.005414947241496356, 0.005506445548378338)
1(0.005378494213164232, 0.005469075900345178)
1(0.005411928600528776, 0.0054986710497628224)
1(0.004981186527745198, 0.005066569457973805)
1(0.006261412026730259, 0.0063438728777141205)
1(0.00577672107857284, 0.005858894823994367)
1(0.005693251690198956, 0.005773198255620861)
1(0.005246907725328513, 0.005326426059134209)
1(0.005474762017144368, 0.0055528561056486575)
1(0.005428465161849529, 0.005506445548378338)
1(0.005047769194329622, 0.005125612310642402)
1(0.005415186432922695, 0.00549144348689083)
1(0.005052776248854844, 0.005127806237484825)
1(0.006195236093714284, 0.00626895435747207)
1(0.0052929241766329375, 0.005363153489130357)
1(0.005805957593257029, 0.005874434171923578)
1(0.006194211851374333, 0.006260053892808953)
1(0.005007376271222935, 0.0050688097702462145)
1(0.007420539740322145, 0.00748113530960561)
1(0.005439790461415074, 0.005500253116272075)
1(0.005718898369078264, 0.005779146397220035)
1(0.005486801142881333, 0.005546506389690182)
1(0.00729522122690831, 0.007354564991243408)
1(0.005437012628414594, 0.005495386017534157)
1(0.005019183763653003, 0.005075193741215715)
1(0.005362639811493818, 0.005418647519990874)
1(0.005986642571821306, 0.006041483060845081)
1(0.005645647682848398, 0.005700196565772364)
1(0.005224942064562759, 0.0052788612105887185)
1(0.005054594685729954, 0.005107874194007301)
1(0.005833563788746864, 0.005886394913757262)
1(0.005319093123079876, 0.005370495297336827)
1(0.004856217005445037, 0.004906947510852801)
1(0.004865223828380656, 0.004914993399553867)
1(0.00558404001237586, 0.005632076037969767)
1(0.005577628720548136, 0.005625203112931513)
1(0.005355961590118604, 0.005402978581012881)
1(0.006592681883477652, 0.00663855183250691)
1(0.005164229084161363, 0.00520872113256246)
1(0.006080798926226593, 0.006121034635473332)
1(0.0055096460710864865, 0.005546506389690182)
1(0.00524221470599484, 0.0052788612105887185)
1(0.005226500832470736, 0.005259595700713543)
1(0.005150476993591618, 0.005181769812748404)
1(0.005448298126842398, 0.00547918649978547)
1(0.006215178465469148, 0.006245204921256776)
1(0.006439387267761096, 0.006467534402129399)
1(0.005935911938129818, 0.005963875468806698)
1(0.0056130738658279455, 0.005639414193482208)
1(0.0054978364591709026, 0.005523919290272713)
1(0.004922221477786433, 0.004947917738910586)
1(0.005232654066245713, 0.005257282702622858)
1(0.005768286710250749, 0.0057911650326922404)
1(0.005060641694822463, 0.005083488744426106)
1(0.005837336751794359, 0.005858894823994367)
1(0.005712315793444156, 0.0057333787549665866)
1(0.006219865164398757, 0.006238661974266436)
1(0.0058372148661429, 0.005855850662291414)
1(0.004686382110028881, 0.004704776556970931)
1(0.005410945929502527, 0.0054281040438152964)
1(0.005128261791488607, 0.0051450153950343665)
1(0.005518336542723226, 0.005534402758676964)
1(0.00525609389936103, 0.005269167885061675)
1(0.005313494770515686, 0.005324806728949299)
1(0.005790654128021003, 0.005799811429964125)
1(0.005215234507514672, 0.005221198048532797)
1(0.005733050522801421, 0.0057386377690015165)
1(0.005698783398581408, 0.005704045333292124)
1(0.0056471715240234005, 0.005650634703045645)
1(0.0058575089678292985, 0.005860585760428945)
1(0.005273005651264146, 0.0052752105890190755)
1(0.006091818565071244, 0.006093874030170233)
0(0.0, inf)
0(0.0, 0.02289119878059081)
0(0.0, 0.02011016431773024)
0(0.0, 0.011853163112061867)
0(0.0, 0.011506276136609326)
0(0.0, 0.011315568466190794)
0(0.0, 0.010788542509729224)
0(0.0, 0.010662823615556746)
0(0.0, 0.010629192448344748)
0(0.0, 0.009497822084570128)
0(0.0, 0.008364268603273738)
0(0.0, 0.008085203966465126)
0(0.0, 0.008083534460839408)
0(0.0, 0.008038114931833009)
0(0.0, 0.00801132607561548)
0(0.0, 0.007976470171054888)
0(0.0, 0.007957363856689298)
0(0.0, 0.007859229562035823)
0(0.0, 0.0076848277025805805)
0(0.0, 0.007584796835609764)
0(0.0, 0.007559271228387138)
0(0.0, 0.007545490182180195)
0(0.0, 0.007505862948838117)
0(0.0, 0.007432921050911584)
0(0.0, 0.007397347518899386)
0(0.0, 0.0071924005311656)
0(0.0, 0.007170700094483628)
0(0.0, 0.007142509957374838)
0(0.0, 0.007135755493038154)
0(0.0, 0.007135460820461752)
0(0.0, 0.007051659215495279)
0(0.0, 0.00699991577788098)
0(0.0, 0.006905627318651275)
0(0.0, 0.006857633854667302)
0(0.0, 0.006801531542919464)
0(0.0, 0.006755983521431906)
0(0.0, 0.006750154424844575)
0(0.0, 0.006748527830889072)
0(0.0, 0.006748330651873976)
0(0.0, 0.006730998063850878)
0(0.0, 0.0066504203619811905)
0(0.0, 0.006587797290768672)
0(0.0, 0.006524713663440489)
0(0.0, 0.006425762684696539)
0(0.0, 0.006407309640161233)
0(0.0, 0.006387856972062829)
0(0.0, 0.006375449381945027)
0(0.0, 0.006359284728623632)
0(0.0, 0.0063503475326463195)
0(0.0, 0.00629304173019849)
0(0.0, 0.0062829393580608045)
0(0.0, 0.006244863231599929)
0(0.0, 0.006222999005729896)
0(0.0, 0.0061839418929907405)
0(0.0, 0.006183382622632265)
0(0.0, 0.006176527274958727)
0(0.0, 0.006134530792269891)
0(0.0, 0.006085696853254611)
0(0.0, 0.006074485138843473)
0(0.0, 0.006050159540534341)
0(0.0, 0.006041939942189909)
0(0.0, 0.0060305849372024895)
0(0.0, 0.006029931794754569)
0(0.0, 0.005988353473615546)
0(0.0, 0.0059861955620845505)
0(0.0, 0.005955700395874775)
0(0.0, 0.005938227136900688)
0(0.0, 0.00591484374846032)
0(0.0, 0.005906324399406026)
0(0.0, 0.005903382597038688)
0(0.0, 0.005887446043425642)
0(0.0, 0.005881896980092044)
0(0.0, 0.0058799216641742865)
0(0.0, 0.005875011520699709)
0(0.0, 0.005873425233078729)
0(0.0, 0.005861419032999391)
0(0.0, 0.0058570017911862855)
0(0.0, 0.005844668289734727)
0(0.0, 0.005823774261137797)
0(0.0, 0.005821543105820008)
0(0.0, 0.00578104561739965)
0(0.0, 0.0057786830428002795)
0(0.0, 0.005775838278155272)
0(0.0, 0.00577555041721052)
0(0.0, 0.005747245719882121)
0(0.0, 0.005746527544525549)
0(0.0, 0.005737005819209139)
0(0.0, 0.005733237313913814)
0(0.0, 0.005732904722333812)
0(0.0, 0.005708329225522859)
0(0.0, 0.005700241185388861)
0(0.0, 0.005680472124928235)
0(0.0, 0.005661257769109005)
0(0.0, 0.005656823246092956)
0(0.0, 0.005653946903135545)
0(0.0, 0.005644642707946866)
0(0.0, 0.0056426588220121095)
0(0.0, 0.005640801576169996)
0(0.0, 0.005640195134972306)
0(0.0, 0.005627093225240133)
0(0.0, 0.005603746509201327)
0(0.0, 0.005603600109563257)
0(0.0, 0.005578323115747756)
0(0.0, 0.005575555982075551)
0(0.0, 0.0055734571178068255)
0(0.0, 0.005555534371109816)
0(0.0, 0.005547688396389691)
0(0.0, 0.005540537219941338)
0(0.0, 0.005539841522701916)
0(0.0, 0.005510086350256108)
0(0.0, 0.005509735629488815)
0(0.0, 0.0055052351141262985)
0(0.0, 0.005491369721502329)
0(0.0, 0.005481821702246806)
0(0.0, 0.005477955398046367)
0(0.0, 0.005475648191561357)
0(0.0, 0.005472703901086788)
0(0.0, 0.005470222965965301)
0(0.0, 0.0054633234461433375)
0(0.0, 0.005454931603066893)
0(0.0, 0.005451593574476208)
0(0.0, 0.005447238172656078)
0(0.0, 0.005442599798208024)
0(0.0, 0.005432324962219081)
0(0.0, 0.005419045370001291)
0(0.0, 0.005418142272091939)
0(0.0, 0.005418114115429598)
0(0.0, 0.005413723872926498)
0(0.0, 0.005412286456795017)
0(0.0, 0.0054061582835391074)
0(0.0, 0.005393817657344811)
0(0.0, 0.005393333673712208)
0(0.0, 0.005390794606496678)
0(0.0, 0.005389899261164079)
0(0.0, 0.005384693309347098)
0(0.0, 0.005381623365734607)
0(0.0, 0.005356857898371609)
0(0.0, 0.0053315291086851015)
0(0.0, 0.005330437213988966)
0(0.0, 0.005315907328030383)
0(0.0, 0.005305080918516631)
0(0.0, 0.005290617002616927)
0(0.0, 0.005271122396950716)
0(0.0, 0.005269199720914387)
0(0.0, 0.00526225273032493)
0(0.0, 0.00523020698074197)
0(0.0, 0.005229753793435889)
0(0.0, 0.005220459413769994)
0(0.0, 0.0052167370263596505)
0(0.0, 0.005212692333393478)
0(0.0, 0.005205312861753222)
0(0.0, 0.00520153513122854)
0(0.0, 0.005187380230421111)
0(0.0, 0.005185255821487683)
0(0.0, 0.005183961785144426)
0(0.0, 0.005181948566485745)
0(0.0, 0.005181609647322355)
0(0.0, 0.0051714474472879645)
0(0.0, 0.0051456433979303745)
0(0.0, 0.0051431289683311465)
0(0.0, 0.005138318539590271)
0(0.0, 0.0051344150718912705)
0(0.0, 0.005128738343464414)
0(0.0, 0.005121053224145691)
0(0.0, 0.005114673751673454)
0(0.0, 0.005108395637542452)
0(0.0, 0.0051009868197793365)
0(0.0, 0.0050890282068248496)
0(0.0, 0.005086375459599752)
0(0.0, 0.0050837269022548075)
0(0.0, 0.005082875900042184)
0(0.0, 0.005081251670982798)
0(0.0, 0.005080736752860851)
0(0.0, 0.005075444486619422)
0(0.0, 0.005071008640815429)
0(0.0, 0.00506806789238727)
0(0.0, 0.005067168233254477)
0(0.0, 0.005065829239934494)
0(0.0, 0.005063738995117308)
0(0.0, 0.005062436505424265)
0(0.0, 0.005048531473169173)
0(0.0, 0.005045750954212116)
0(0.0, 0.005045744463578577)
0(0.0, 0.005040592515250227)
0(0.0, 0.005027613497007995)
0(0.0, 0.005026708062059058)
0(0.0, 0.005015404062628523)
0(0.0, 0.005014009978811184)
0(0.0, 0.00501319701907369)
0(0.0, 0.005010100878451573)
0(0.0, 0.004998191896705273)
0(0.0, 0.004992222535218512)
0(0.0, 0.00498913207599002)
0(0.0, 0.004984036811426012)
0(0.0, 0.00498118392365277)
0(0.0, 0.004974822947601838)
0(0.0, 0.00497021147266797)
0(0.0, 0.004966543025516979)
0(0.0, 0.0049537511214448665)
0(0.0, 0.004953518447034861)
0(0.0, 0.004952596767308244)
0(0.0, 0.004940523022613793)
0(0.0, 0.0049328817243214345)
0(0.0, 0.004932048272902037)
0(0.0, 0.004929139242080111)
0(0.0, 0.004924310401662237)
0(0.0, 0.004922656579623384)
0(0.0, 0.004913924142307662)
0(0.0, 0.004908170549374366)
0(0.0, 0.00490759467432973)
0(0.0, 0.004901928134381657)
0(0.0, 0.004901815850931782)
0(0.0, 0.004901344704030451)
0(0.0, 0.004897467403117772)
0(0.0, 0.0048972298085293835)
0(0.0, 0.004888291697345984)
0(0.0, 0.004884859040357176)
0(0.0, 0.004873220978979406)
0(0.0, 0.004871919927711639)
0(0.0, 0.004859118963450424)
0(0.0, 0.004859057629142814)
0(0.0, 0.0048559084041025526)
0(0.0, 0.004854675675445194)
0(0.0, 0.004843122848039693)
0(0.0, 0.0048410795228377565)
0(0.0, 0.0048379472288204595)
0(0.0, 0.004832892625547487)
0(0.0, 0.004832430362192945)
0(0.0, 0.004828469440475111)
0(0.0, 0.0048178272128310395)
0(0.0, 0.004815653147770565)
0(0.0, 0.0048155271361488465)
0(0.0, 0.004810735220788161)
0(0.0, 0.004809950763727451)
0(0.0, 0.004809355030528324)
0(0.0, 0.0048049574107051395)
0(0.0, 0.004798245680032765)
0(0.0, 0.004793529165431781)
0(0.0, 0.004791026353443936)
0(0.0, 0.004790894091668799)
0(0.0, 0.004790577617579927)
0(0.0, 0.004789433539646976)
0(0.0, 0.004784673510864319)
0(0.0, 0.004773686894211723)
0(0.0, 0.0047623166418995395)
0(0.0, 0.004757135100332534)
0(0.0, 0.004756053047442825)
0(0.0, 0.004751406276811344)
0(0.0, 0.0047499867985964245)
0(0.0, 0.00474988698449946)
0(0.0, 0.004748995399049277)
0(0.0, 0.004738733476052708)
0(0.0, 0.004737199678879302)
0(0.0, 0.004735407395848556)
0(0.0, 0.004733076720582282)
0(0.0, 0.004729392051404557)
0(0.0, 0.004724561706676197)
0(0.0, 0.004721153288733458)
0(0.0, 0.004712877529351018)
0(0.0, 0.004704998184322612)
0(0.0, 0.004697038490791421)
0(0.0, 0.004685779682645978)
0(0.0, 0.004681601400267514)
0(0.0, 0.004672943706447975)
0(0.0, 0.00466714316462219)
0(0.0, 0.0046651629306154315)
0(0.0, 0.004651640361584613)
0(0.0, 0.004647945697205337)
0(0.0, 0.004646596677791737)
0(0.0, 0.0046436898521682165)
0(0.0, 0.004625806354846454)
0(0.0, 0.0046197654745731885)
0(0.0, 0.004612920099970222)
0(0.0, 0.0046106888246439225)
0(0.0, 0.0046045209026991845)
0(0.0, 0.0046023895793242614)
0(0.0, 0.004593464522155873)
0(0.0, 0.004587213190471771)
0(0.0, 0.004573372921314679)
0(0.0, 0.004568060945480008)
0(0.0, 0.004561559960265134)
0(0.0, 0.004561491975937378)
0(0.0, 0.0045572912849101395)
0(0.0, 0.0045507194141175735)
0(0.0, 0.004545178838481649)
0(0.0, 0.004540586154599631)
0(0.0, 0.004530507887078584)
0(0.0, 0.004529571817851991)
0(0.0, 0.004526952037754887)
0(0.0, 0.004519632554853552)
0(0.0, 0.0045149579191845245)
0(0.0, 0.0045125568341472435)
0(0.0, 0.004510648812431523)
0(0.0, 0.004507755292364006)
0(0.0, 0.004470357032891923)
0(0.0, 0.004449142687955409)
0(0.0, 0.004447890057369083)
0(0.0, 0.004441815987803578)
0(0.0, 0.00442884217865394)
0(0.0, 0.004425206107241821)
0(0.0, 0.004418790899204215)
0(0.0, 0.0044029541757827995)
0(0.0, 0.004401062553826891)
0(0.0, 0.004394142338299952)
0(0.0, 0.004391025589148281)
0(0.0, 0.004389276642456515)
0(0.0, 0.004353945365191795)
0(0.0, 0.004333070567064462)
0(0.0, 0.0043228984954129255)
0(0.0, 0.004322676180021252)
0(0.0, 0.004320922782668599)
0(0.0, 0.004309754575122176)
0(0.0, 0.004308191396135701)
0(0.0, 0.0043044407758278825)
0(0.0, 0.004248724474830485)
0(0.0, 0.004227960263171663)
0(0.0, 0.004168374151787726)
0(0.0, 0.004119228822002057)
0(0.0, 0.0041002717215597555)
0(0.0, 0.004082880706132525)
0(0.0, 0.003991042304775627)
0(0.0, 0.00397506599110418)
0(0.0, 0.003948479183082657)
0(0.0, 0.0038919540409581826)
