1(0.00665102278971569, 0.007568917685719352)
1(0.009552741016701274, 0.010392929539199952)
1(0.007365593239512557, 0.00811163999198985)
1(0.006704850291550172, 0.007305981993423275)
1(0.008172068475006018, 0.008760275531809818)
1(0.005596286326235422, 0.006179913309974619)
1(0.005762418806346908, 0.006296078113368)
1(0.005918579285139868, 0.00641101825737958)
1(0.0054468134011730705, 0.0059386433516731875)
1(0.005677421994008309, 0.006153132082853815)
1(0.005460081841755599, 0.005931518488814256)
1(0.005839509604717977, 0.006308160832488754)
1(0.007401784477865748, 0.007868779197327608)
1(0.005457209668676112, 0.005909207637809072)
1(0.005659982318601628, 0.006106700096674012)
1(0.005404372001853697, 0.005816867433544107)
1(0.006447822556869383, 0.006837991077455351)
1(0.00541046109037403, 0.005796255581289881)
1(0.005309299071463579, 0.005693335243256484)
1(0.005480747665988247, 0.005857597607675358)
1(0.02048528707863047, 0.020860396570897794)
1(0.005069544636983649, 0.005438216735387893)
1(0.005289167226268597, 0.005657448728553459)
1(0.0075829500918223785, 0.007943962262885204)
1(0.005328684499939825, 0.0056842021730904805)
1(0.0052587875863608505, 0.005613684965445906)
1(0.005844796329174422, 0.0061895925426506074)
1(0.006296070698054159, 0.006636405714455799)
1(0.005310606996459639, 0.005644026244972742)
1(0.006283339453619073, 0.006605992214713108)
1(0.00756437552898304, 0.007884754158549707)
1(0.0065959990624363885, 0.006916095083071559)
1(0.007231486840675029, 0.007546084698750641)
1(0.005638685397836994, 0.0059447947168397176)
1(0.005223275106409818, 0.005527630474503575)
1(0.005474654201965793, 0.005771458053282322)
1(0.004984932318049715, 0.0052751309602735216)
1(0.005903612308628282, 0.0061895925426506074)
1(0.006323049882190808, 0.006580363665010587)
1(0.005672631011161378, 0.005929636782535124)
1(0.006484511809952163, 0.00673532947901085)
1(0.0054186121228313715, 0.005665742805228086)
1(0.00515979119987562, 0.00538609295014649)
1(0.0072552722092272285, 0.007480553259429012)
1(0.006898896809924535, 0.007120156528217204)
1(0.006796254239492522, 0.007012529178228632)
1(0.005505764423833479, 0.005712679753589709)
1(0.007160594554486025, 0.007365971642859599)
1(0.0050597216839361695, 0.005263967276212612)
1(0.0050202097450844085, 0.005213228134099466)
1(0.005402001516003376, 0.005590836997922362)
1(0.005026314573811977, 0.005214531760690655)
1(0.004826472551847269, 0.005013352529731755)
1(0.0057120115164220895, 0.005896827018283985)
1(0.005526670906885355, 0.005704417813093835)
1(0.005647345618862702, 0.005824773412481135)
1(0.006865933032522371, 0.007043317186937763)
1(0.007188889841458089, 0.007365971642859599)
1(0.005464973754794553, 0.005636061579089425)
1(0.005989528404798384, 0.0061590485117157525)
1(0.0063008845274986555, 0.006464973503423141)
1(0.012742458758776791, 0.012906390333603279)
1(0.007010996585920265, 0.0071711268189488826)
1(0.005355817536375305, 0.005513332688979105)
1(0.0063561856162364545, 0.006512421156952459)
1(0.006844595928693071, 0.006999728583541667)
1(0.007042767206129224, 0.007195657598928887)
1(0.005778562146620881, 0.005929709818260512)
1(0.0065044962884944395, 0.006654613770676804)
1(0.005497619389762405, 0.0056447063084679745)
1(0.007561134528349677, 0.007707014852021344)
1(0.006296785306439437, 0.006442503078556888)
1(0.005893530736605585, 0.006039097624803394)
1(0.005508870719680685, 0.00565367273982863)
1(0.0055672205256436435, 0.005705848891464513)
1(0.009560001328043998, 0.009696073984539644)
1(0.005653895023017512, 0.005784261332159193)
1(0.005988425290265663, 0.006116029511132267)
1(0.005160023369793965, 0.005284590233229953)
1(0.005126010084711334, 0.005247553995712603)
1(0.005929929784841713, 0.006050023764292324)
1(0.005511435945465002, 0.0056285996517848064)
1(0.005171314698752234, 0.005284939609687114)
1(0.00620243211604775, 0.006313156717259448)
1(0.00740392755998138, 0.007509955957365516)
1(0.005535103913339577, 0.005635777533693197)
1(0.005170376819940039, 0.005263967276212612)
1(0.007477065655923003, 0.007570223841410987)
1(0.006121068612393542, 0.006210341652749793)
1(0.008449459581053963, 0.008537971717690732)
1(0.005126162667542406, 0.005214399664265945)
1(0.005819924074667819, 0.0059018148483249815)
1(0.005644899938899829, 0.005725348038451372)
1(0.005546064767909095, 0.005626254931070314)
1(0.00536038017075449, 0.005438216735387893)
1(0.006588883030764152, 0.006666308594242243)
1(0.005416981756586734, 0.005487207110622872)
1(0.005201003987812679, 0.005266509911583083)
1(0.005497417248275461, 0.005561697868588489)
1(0.005682585136522357, 0.005746370190122842)
1(0.00507036471708403, 0.005134076878592164)
1(0.006083235793905446, 0.006146486389678714)
1(0.005429918043610327, 0.005490122206891992)
1(0.005276574397287448, 0.005334218103591828)
1(0.0056866219964157635, 0.005744210530567132)
1(0.0058951582976310484, 0.0059490157194976405)
1(0.007350882325313633, 0.007404062054948122)
1(0.006243072126753179, 0.006296078113368)
1(0.005177095770587158, 0.00522888034031269)
1(0.005705696220110101, 0.005755342608854734)
1(0.006688891928259557, 0.006738534831600218)
1(0.007897564994201902, 0.007946315716971237)
1(0.00923717107243897, 0.009285553302665261)
1(0.0051668265551029656, 0.005214531760690655)
1(0.005493004355769061, 0.00554040177402468)
1(0.006685629378844851, 0.006731362555245804)
1(0.00511997151046672, 0.0051653433951781265)
1(0.011453892692126485, 0.011497635728851926)
1(0.006078898115638134, 0.006120089630861386)
1(0.005720003542879539, 0.005757217756588302)
1(0.006018130428430335, 0.006054294269190893)
1(0.00522809956878036, 0.005263967276212612)
1(0.010796120908549119, 0.010831664835083127)
1(0.00594001487512144, 0.005973940757506714)
1(0.0053144959259532444, 0.005345114806920076)
1(0.005117790194526871, 0.0051453642114227295)
1(0.005699773767578744, 0.005726633937497592)
1(0.006573253132146572, 0.006595163542879784)
1(0.005910993828543253, 0.005931518488814256)
1(0.005651180965169406, 0.005669774458579372)
1(0.005431288747628865, 0.005449837653041949)
1(0.0056621500045785835, 0.005680676510305571)
1(0.005181190312110752, 0.005198791574258783)
1(0.007954817237272264, 0.007971127202218549)
1(0.005378866712498582, 0.005391157819422073)
1(0.006389554681426076, 0.0064012869167779825)
1(0.005593843256626911, 0.0056050709591779985)
1(0.005550755225351574, 0.005561697868588489)
1(0.005333296714635776, 0.005342055195672666)
1(0.0056140733978671045, 0.005621084542839514)
1(0.00571876293937713, 0.005725348038451372)
1(0.0047661847121033855, 0.004772718283618509)
1(0.006369874879133132, 0.006375377087234888)
1(0.006162449312564127, 0.006166860838778962)
1(0.005536553451960391, 0.00554040177402468)
1(0.006845961845085955, 0.006849540061479861)
1(0.005972508424367139, 0.00597571583095777)
1(0.007186750046308821, 0.007189740204849913)
1(0.005775789545171849, 0.0057787193242425546)
1(0.006139160147506746, 0.006139401820127006)
0(0.0, inf)
0(0.0, 0.029407659980061052)
0(0.0, 0.027121274005969438)
0(0.0, 0.017270248377411025)
0(0.0, 0.013128710638770035)
0(0.0, 0.012724614569891797)
0(0.0, 0.012575954150193745)
0(0.0, 0.012517429230962059)
0(0.0, 0.012283826765926624)
0(0.0, 0.012225914003205794)
0(0.0, 0.011989159568680048)
0(0.0, 0.01150606787550267)
0(0.0, 0.01139525482383627)
0(0.0, 0.011096695952064035)
0(0.0, 0.011053658788121727)
0(0.0, 0.010992700556926199)
0(0.0, 0.010731479707725766)
0(0.0, 0.010467875014013105)
0(0.0, 0.010099052153188817)
0(0.0, 0.009713401731568318)
0(0.0, 0.009604675373797188)
0(0.0, 0.009567722770969359)
0(0.0, 0.00947450040224248)
0(0.0, 0.00946897700584731)
0(0.0, 0.009358394360779003)
0(0.0, 0.009319766012104559)
0(0.0, 0.009252067461941028)
0(0.0, 0.009242410820449897)
0(0.0, 0.009192006283426602)
0(0.0, 0.008996536532593951)
0(0.0, 0.008963216255814446)
0(0.0, 0.008957136910690952)
0(0.0, 0.008839332552111353)
0(0.0, 0.008425529234966932)
0(0.0, 0.00824960331785095)
0(0.0, 0.00820911625889214)
0(0.0, 0.008167672288041156)
0(0.0, 0.007813049420511814)
0(0.0, 0.007755182572176056)
0(0.0, 0.007746149936121447)
0(0.0, 0.0077273048780102365)
0(0.0, 0.007715928028259453)
0(0.0, 0.007590271572616727)
0(0.0, 0.007533641715975864)
0(0.0, 0.007509439790168871)
0(0.0, 0.007445525257729559)
0(0.0, 0.007396902189648048)
0(0.0, 0.00738136236217236)
0(0.0, 0.007344195863295334)
0(0.0, 0.00731132992836636)
0(0.0, 0.007026983653717204)
0(0.0, 0.006993425993871704)
0(0.0, 0.00696569825883312)
0(0.0, 0.00690219096041627)
0(0.0, 0.0068930996344419215)
0(0.0, 0.006890516846188506)
0(0.0, 0.006885164967577215)
0(0.0, 0.00688356283227897)
0(0.0, 0.0068627460638584666)
0(0.0, 0.006856809994759249)
0(0.0, 0.006846950427961)
0(0.0, 0.006771602664776991)
0(0.0, 0.006752958242078467)
0(0.0, 0.006743770899723388)
0(0.0, 0.006720781144652373)
0(0.0, 0.0067139355438948925)
0(0.0, 0.00670895525417029)
0(0.0, 0.006607385130939634)
0(0.0, 0.006587961748972963)
0(0.0, 0.006581084357716095)
0(0.0, 0.0065112124106623285)
0(0.0, 0.006504172033262737)
0(0.0, 0.006503265205631197)
0(0.0, 0.006480158786345211)
0(0.0, 0.006475466258150587)
0(0.0, 0.006440443218765757)
0(0.0, 0.006429338065549277)
0(0.0, 0.006415095701533887)
0(0.0, 0.006386862405728366)
0(0.0, 0.006367351575881248)
0(0.0, 0.006362074508176423)
0(0.0, 0.0063451924504689125)
0(0.0, 0.006344864732563165)
0(0.0, 0.00632929940698332)
0(0.0, 0.0063148992447505025)
0(0.0, 0.006312689557789478)
0(0.0, 0.006304276050474181)
0(0.0, 0.0062929542524891345)
0(0.0, 0.006277517339978156)
0(0.0, 0.006234401162560288)
0(0.0, 0.006198509339762413)
0(0.0, 0.006165045968447389)
0(0.0, 0.00612760314486979)
0(0.0, 0.006103471484644489)
0(0.0, 0.006083252640607639)
0(0.0, 0.0060694525746098175)
0(0.0, 0.006063372245765497)
0(0.0, 0.006027848629900981)
0(0.0, 0.00600775751183498)
0(0.0, 0.005995308841544543)
0(0.0, 0.005969990693754357)
0(0.0, 0.0059520987932908205)
0(0.0, 0.005950021303616554)
0(0.0, 0.0059458643725997015)
0(0.0, 0.005933434384043453)
0(0.0, 0.005918337138933372)
0(0.0, 0.005912193546382191)
0(0.0, 0.005910423291956992)
0(0.0, 0.005907809017350312)
0(0.0, 0.0058980302987757)
0(0.0, 0.005887903742614149)
0(0.0, 0.005862224567226338)
0(0.0, 0.0058547146188629735)
0(0.0, 0.005848580990861744)
0(0.0, 0.005841461683180338)
0(0.0, 0.005840930039160667)
0(0.0, 0.005819402421917686)
0(0.0, 0.00580902416213251)
0(0.0, 0.005761503492878431)
0(0.0, 0.005718081632309759)
0(0.0, 0.005716725790357524)
0(0.0, 0.005715820826310501)
0(0.0, 0.005704054994698958)
0(0.0, 0.005698443103220211)
0(0.0, 0.005694186981351699)
0(0.0, 0.005679407040211126)
0(0.0, 0.00567812846810266)
0(0.0, 0.005660781121603487)
0(0.0, 0.005649047633203929)
0(0.0, 0.005628058623336637)
0(0.0, 0.005618346507145016)
0(0.0, 0.005611250226797412)
0(0.0, 0.005606943012845317)
0(0.0, 0.005597797527650746)
0(0.0, 0.005581458372167654)
0(0.0, 0.005558023761147361)
0(0.0, 0.0055470108373881066)
0(0.0, 0.005546892601728585)
0(0.0, 0.005540302527616809)
0(0.0, 0.005537094604848244)
0(0.0, 0.005516068821879772)
0(0.0, 0.0055126660156533626)
0(0.0, 0.005509190212976508)
0(0.0, 0.005492036028886186)
0(0.0, 0.0054889094362052275)
0(0.0, 0.00547812835038597)
0(0.0, 0.00547259130438092)
0(0.0, 0.005442849426742884)
0(0.0, 0.005429653278013543)
0(0.0, 0.005422087240266283)
0(0.0, 0.005413427488735111)
0(0.0, 0.005405843925578777)
0(0.0, 0.005403392130694967)
0(0.0, 0.005397094601827926)
0(0.0, 0.005386579766232394)
0(0.0, 0.005373829530445184)
0(0.0, 0.005367905965824086)
0(0.0, 0.005361978375507221)
0(0.0, 0.005360233543189705)
0(0.0, 0.005346062479684639)
0(0.0, 0.005332643500290373)
0(0.0, 0.005331106573442066)
0(0.0, 0.005320882575430911)
0(0.0, 0.005301114986536173)
0(0.0, 0.005287905299133761)
0(0.0, 0.005284798235733581)
0(0.0, 0.005281020079689405)
0(0.0, 0.005261819165051364)
0(0.0, 0.005253490261793564)
0(0.0, 0.0052464438468494525)
0(0.0, 0.0052444211431784335)
0(0.0, 0.0052406513889563106)
0(0.0, 0.005238911872206491)
0(0.0, 0.0052388092737739094)
0(0.0, 0.005237274734997016)
0(0.0, 0.005236025354824597)
0(0.0, 0.005228471830288545)
0(0.0, 0.0052047770003034515)
0(0.0, 0.005202783177914589)
0(0.0, 0.0051852799710301375)
0(0.0, 0.005182908924341563)
0(0.0, 0.005182645625304881)
0(0.0, 0.0051793100750451865)
0(0.0, 0.005170918954014815)
0(0.0, 0.005155152168170592)
0(0.0, 0.005154894019859253)
0(0.0, 0.005150433474046736)
0(0.0, 0.0051495696373115435)
0(0.0, 0.005135120540764625)
0(0.0, 0.005130881034508563)
0(0.0, 0.005130222969298724)
0(0.0, 0.005128945020593861)
0(0.0, 0.005127293948759635)
0(0.0, 0.005118617431973217)
0(0.0, 0.005112791214306087)
0(0.0, 0.0050910852814834325)
0(0.0, 0.005089816738522824)
0(0.0, 0.005084763290437849)
0(0.0, 0.005066403490266494)
0(0.0, 0.005064327288912412)
0(0.0, 0.005061296464762363)
0(0.0, 0.0050495238276462686)
0(0.0, 0.005046093033726329)
0(0.0, 0.005039684179036086)
0(0.0, 0.005023859516745997)
0(0.0, 0.005020056857033059)
0(0.0, 0.004999583553375637)
0(0.0, 0.00498293429266057)
0(0.0, 0.004982349166460739)
0(0.0, 0.004980758247233481)
0(0.0, 0.004964002722519941)
0(0.0, 0.004957793397829487)
0(0.0, 0.00493974898389133)
0(0.0, 0.004935437517292417)
0(0.0, 0.004929825199943851)
0(0.0, 0.0049276037327373465)
0(0.0, 0.004925226532698186)
0(0.0, 0.004915348848482589)
0(0.0, 0.004899458357381191)
0(0.0, 0.004896463028239803)
0(0.0, 0.004879429162035094)
0(0.0, 0.004874648784955622)
0(0.0, 0.004871724328670893)
0(0.0, 0.0048670361416879165)
0(0.0, 0.0048605929623369145)
0(0.0, 0.0048415364342935885)
0(0.0, 0.004819080636527601)
0(0.0, 0.0048011755351159615)
0(0.0, 0.004799743070807198)
0(0.0, 0.004797983525559393)
0(0.0, 0.004795007154200125)
0(0.0, 0.004793226001253034)
0(0.0, 0.004792953131065882)
0(0.0, 0.004791975880034738)
0(0.0, 0.004762413787295248)
0(0.0, 0.004741687537496247)
0(0.0, 0.004720536749629749)
0(0.0, 0.004704071593577783)
0(0.0, 0.004666214542947505)
0(0.0, 0.004664947948368967)
0(0.0, 0.004653391748318923)
0(0.0, 0.004650975471053988)
0(0.0, 0.004650865946637395)
0(0.0, 0.004647095413791613)
0(0.0, 0.004631455571731246)
0(0.0, 0.0046292967877616525)
0(0.0, 0.004622131242234393)
0(0.0, 0.004598179805997786)
0(0.0, 0.004560239103685422)
0(0.0, 0.00455703862451413)
0(0.0, 0.00454745410905196)
0(0.0, 0.004473392525080448)
0(0.0, 0.004461904985790103)
0(0.0, 0.004367673023902327)
0(0.0, 0.004351812643779737)
0(0.0, 0.0043428790987895555)
0(0.0, 0.0043314159799853836)
0(0.0, 0.004278020598316524)
0(0.0, 0.003901048254288988)
0(0.0, 0.0038236749335795275)
0(0.0, 0.0037810212494324945)
