1(0.005450051138468196, 0.006252343000592906)
1(0.005476230838363309, 0.006250503907879866)
1(0.004880922727265577, 0.005609129401067333)
1(0.0065621858330547735, 0.007240780547029037)
1(0.006976899219485929, 0.007638720825164613)
1(0.005687578142101978, 0.006349300309108952)
1(0.005600314926636342, 0.0062392902529090554)
1(0.005225779300742536, 0.005803564677841221)
1(0.006605184273757746, 0.00714603832585236)
1(0.005191905430720418, 0.005726299239211679)
1(0.004320547471320928, 0.004852392894724114)
1(0.004427037154407988, 0.004958509209132366)
1(0.005351597737742978, 0.005880739809560336)
1(0.004943966025840462, 0.005460298665047789)
1(0.006607698958814541, 0.0071134158596345256)
1(0.004612332514249639, 0.005107051257681006)
1(0.005130068314480029, 0.005599347070278128)
1(0.004982459615686457, 0.005445084668807103)
1(0.007458660534577839, 0.007920451133443926)
1(0.005370455530324496, 0.005830857109407615)
1(0.005247464920138161, 0.005706721144325978)
1(0.004785780411827552, 0.005238149467368556)
1(0.00485112395875749, 0.005302112664632749)
1(0.004989462539581653, 0.005436813191395818)
1(0.005413549410797859, 0.0058563187397799536)
1(0.005590556270449765, 0.006031929883139557)
1(0.005238605150560391, 0.005672985064078853)
1(0.004874868811808484, 0.00529126072371689)
1(0.005099850953676892, 0.0055052898513895865)
1(0.004672872247689796, 0.00507590228458417)
1(0.004514221055121952, 0.004915960919468967)
1(0.005439684909936169, 0.005833632634784682)
1(0.005019975756948247, 0.005406269944005259)
1(0.0049491273614260525, 0.0053227194978874666)
1(0.005259386021230498, 0.005632592928905384)
1(0.005235500524872047, 0.005607793545022741)
1(0.004765033225040986, 0.005133316552626848)
1(0.005494105324569964, 0.005858789571274003)
1(0.004930861892685957, 0.005295111213317059)
1(0.0046769271062869645, 0.00503864727941098)
1(0.00518245516904478, 0.00554339566958911)
1(0.004564731462295897, 0.004924114069688425)
1(0.005084940040374998, 0.005442707219959155)
1(0.004398380456072384, 0.0047526298785271195)
1(0.004821365933639871, 0.005172559004777252)
1(0.0046554767783192706, 0.005006655210484593)
1(0.004691813174309902, 0.005038195541474597)
1(0.00491151311887511, 0.005257364214034209)
1(0.005396365560189334, 0.005740426927809358)
1(0.004540983417508189, 0.00487725596679785)
1(0.005923127845739532, 0.006253990318714328)
1(0.004932914177402244, 0.00526007876164371)
1(0.004987878235379524, 0.005313715070403401)
1(0.00484727177558505, 0.005170517226750405)
1(0.0047629693806371266, 0.005083665820362956)
1(0.00434585352005315, 0.004665577272080546)
1(0.004995354346012609, 0.0053033433450878804)
1(0.004468319853213011, 0.004770619954579209)
1(0.00452598377053636, 0.004828178078462809)
1(0.0050400165374388855, 0.005340152705197603)
1(0.007205535066342824, 0.007502426694958065)
1(0.005264103817153723, 0.005560107466347454)
1(0.0051745789360617515, 0.005469987191557052)
1(0.004921153008192831, 0.00521567313020531)
1(0.005331632550514057, 0.005621114636407689)
1(0.00594708162167193, 0.006234284973673269)
1(0.0047704986129336845, 0.005054433221071399)
1(0.004608256880041827, 0.004888296319068824)
1(0.0058028633418112305, 0.006078907099030439)
1(0.006267643942439225, 0.006541956375839452)
1(0.0048446441779013884, 0.0051184977564317155)
1(0.005220598199723597, 0.005493663028564806)
1(0.005119347260513472, 0.005391329252295328)
1(0.004729553745773757, 0.005000208461136124)
1(0.00460853581010448, 0.004879069085657614)
1(0.0045703913638319256, 0.004839971411311393)
1(0.00481394097203458, 0.005081350476995269)
1(0.005417310349732203, 0.005683730759936462)
1(0.00525220426220524, 0.0055171105133155485)
1(0.004682199206479794, 0.004946262016836798)
1(0.004965729895335798, 0.005226774645666379)
1(0.005326785747895312, 0.0055877316070016905)
1(0.004300382618142992, 0.0045604400133974965)
1(0.0047276330704880565, 0.004984901867689665)
1(0.0052582044739089145, 0.005513063693435418)
1(0.004803672995104584, 0.005055335562627714)
1(0.004669291189481556, 0.004920931487908525)
1(0.004568802984741737, 0.004818609784672154)
1(0.005459686769164591, 0.005706721144325978)
1(0.0050984887980913725, 0.005345304918683037)
1(0.005385390697488056, 0.005630124423425816)
1(0.0046859708493797395, 0.004929747967632214)
1(0.004550367274337923, 0.0047935653625830466)
1(0.004814774760568618, 0.0050572748381281065)
1(0.004816550619330606, 0.0050583132522486795)
1(0.005785930379088903, 0.006022762111766384)
1(0.005055974669471928, 0.005292397484234062)
1(0.005034992611188026, 0.005269819635577213)
1(0.005529911593910072, 0.005762481131385568)
1(0.0073180143113959276, 0.007550353176667271)
1(0.006737517502011309, 0.006969405968300876)
1(0.004852603934975244, 0.00507590228458417)
1(0.005349756432352035, 0.005571675492947216)
1(0.005145145031363885, 0.005367032194227575)
1(0.004423181809362728, 0.004644581487554282)
1(0.004990158890664891, 0.005210463622851008)
1(0.005433767336799644, 0.0056514993226776875)
1(0.005381152851588383, 0.005597614862521043)
1(0.005516348861369176, 0.005730284306996472)
1(0.0048771014193462825, 0.005090251881809167)
1(0.004654353336370842, 0.004865284086309486)
1(0.004706946541990332, 0.004917368531254847)
1(0.004849676504576961, 0.005059843437343225)
1(0.0058077249813235044, 0.006017486210674638)
1(0.005724753570243136, 0.005934388571101264)
1(0.004804594043586352, 0.005012605329568294)
1(0.005711592429976152, 0.005915697628246391)
1(0.00561732657438686, 0.005821152541035601)
1(0.005113590476358467, 0.005316257101881763)
1(0.005514919804688392, 0.005716396631475674)
1(0.005256762732958567, 0.005455446030071697)
1(0.0050371782774916276, 0.005232804678174753)
1(0.005016279742835173, 0.005211799614399163)
1(0.005204891434150756, 0.005399161758377814)
1(0.004672450407552665, 0.004859004868082511)
1(0.005848588001674975, 0.006034953672943704)
1(0.0052042758255346, 0.005390635838481631)
1(0.008254772721909484, 0.00844054258732575)
1(0.0055528129456442156, 0.005738203110651955)
1(0.005010977022719084, 0.005192425095329788)
1(0.005280481296689256, 0.0054592535340086835)
1(0.00474082690095599, 0.004919029270506623)
1(0.005758783058827274, 0.005933989420198728)
1(0.005355833819987363, 0.005529081879051327)
1(0.004847227341091599, 0.005019043390865334)
1(0.005274753245632228, 0.005444080351569934)
1(0.005088471546212484, 0.0052564137328662795)
1(0.005377762897501433, 0.0055396777813462245)
1(0.0051843984922616, 0.005345946178503892)
1(0.005268658264218157, 0.005429830835645266)
1(0.004836340832933079, 0.004997466455543191)
1(0.005501609052176855, 0.005659124840925814)
1(0.005053343560392345, 0.005203814734510728)
1(0.005515774113732185, 0.005666090561214106)
1(0.005101449668284002, 0.005251746331094135)
1(0.004905567925756314, 0.005054732068476996)
1(0.004622728529883764, 0.004770619954579209)
1(0.0054330032271335, 0.005580541616137567)
1(0.0054879164084800725, 0.0056344065228187985)
1(0.0052529525273063505, 0.00539918675799874)
1(0.005737095332146509, 0.005880242674392194)
1(0.0056462552822686175, 0.0057874300778374375)
1(0.004250223542360745, 0.004391248145044952)
1(0.0046993357366958855, 0.004839971411311393)
1(0.004914835180471469, 0.005054433221071399)
1(0.004722912769780262, 0.004858296167466975)
1(0.00507568540644214, 0.005210463622851008)
1(0.0047615322361695, 0.004892326031619388)
1(0.005391105965130198, 0.005521266331611748)
1(0.004516019934256808, 0.004643867546647528)
1(0.0050718363396631775, 0.0051977496741778435)
1(0.005698213402681866, 0.005823601178328918)
1(0.0048515766931574, 0.004976046572828687)
1(0.004930886379538084, 0.005055335562627714)
1(0.0056062829337249894, 0.005730284306996472)
1(0.004884497924746298, 0.005007455033065766)
1(0.004415493712043848, 0.004535901884513212)
1(0.005182382919822804, 0.005302156464018069)
1(0.004514872086669918, 0.004633865982588699)
1(0.006119424207903106, 0.00623704626671741)
1(0.006794255392983384, 0.006910947680246487)
1(0.0051417920045532944, 0.005258473672222903)
1(0.004913377149715853, 0.005027802346634821)
1(0.0057670344939767864, 0.005879200753264795)
1(0.0055853016328385845, 0.005696939656002246)
1(0.005302100774765492, 0.005413645984362349)
1(0.005632101230230102, 0.005742996856296694)
1(0.004696374680918747, 0.004807102389060795)
1(0.0057741852842373865, 0.005884525993361573)
1(0.014578772726256574, 0.0146887037033186)
1(0.004601710904951137, 0.0047102777268582426)
1(0.004657244422261249, 0.004765347571511546)
1(0.005940726316026383, 0.006048104264810212)
1(0.004547522420750653, 0.004650450612258932)
1(0.0050791454999899455, 0.005181211644214234)
1(0.007919289100304393, 0.008020777831193834)
1(0.005238717701101018, 0.005338040304758719)
1(0.005204958086739398, 0.005302112664632749)
1(0.005168740502901385, 0.005265483493783813)
1(0.0051138910866268105, 0.005208462118045623)
1(0.00535265411964039, 0.005444865015811772)
1(0.00469434003051096, 0.004785157864855293)
1(0.004324680897680086, 0.004410036178106078)
1(0.004935534664806316, 0.0050206138236742245)
1(0.005512085923431218, 0.005596196737713688)
1(0.004870920814107024, 0.004954659982678824)
1(0.005068489757080633, 0.005151068341681233)
1(0.004939979991089263, 0.005022431273692422)
1(0.004487676311908983, 0.004569667195671861)
1(0.005170774615632337, 0.005251746331094135)
1(0.005053390666179225, 0.005132563021126656)
1(0.00466794446365096, 0.004745812530945326)
1(0.005605743703474712, 0.005683113752642313)
1(0.006132014298663039, 0.006208312652310635)
1(0.004776653517555023, 0.004852392894724114)
1(0.005008666942580693, 0.005083475595779303)
1(0.005309558346636445, 0.0053841567494326914)
1(0.005250875933932818, 0.005324945501825575)
1(0.005303834343847402, 0.005377689257026827)
1(0.005624255256931059, 0.00569711911813671)
1(0.005628966444228294, 0.0057012315886614895)
1(0.006045466523536308, 0.006117328283890625)
1(0.004947198504353216, 0.005019043390865334)
1(0.004684319570722314, 0.004753353962837795)
1(0.0051292210842439016, 0.00519743739745322)
1(0.005294838184897549, 0.005362386844142293)
1(0.005143176464655013, 0.005210045222022563)
1(0.004563184042311277, 0.004629224807581176)
1(0.005496579392171528, 0.005559882274113217)
1(0.0048519759256688295, 0.004914167660340715)
1(0.005360797222489047, 0.005422243937703364)
1(0.005120709985712348, 0.005181868014500943)
1(0.004731855741058816, 0.0047922581232845915)
1(0.005339762752927323, 0.00539923012014968)
1(0.005437389608063633, 0.005494728804377109)
1(0.005076201853962146, 0.005133316552626848)
1(0.006186036970135558, 0.006242611597610237)
1(0.008309630430800222, 0.008360938738052064)
1(0.005426718649300865, 0.005476314660273759)
1(0.007981984889497622, 0.008031347575811804)
1(0.005496112438535548, 0.005544531727021091)
1(0.005589185732554552, 0.00563608152552174)
1(0.00588956133591556, 0.005934388571101264)
1(0.004872197044646462, 0.0049163362356630805)
1(0.005114629280568426, 0.005158176435904772)
1(0.004610795501439111, 0.0046535977818958334)
1(0.0061254682489185214, 0.006167258894082872)
1(0.0069753347690852925, 0.007015195561021358)
1(0.0048265774507464075, 0.004866025032383556)
1(0.005274359898131355, 0.005312786569879286)
1(0.005681872133272927, 0.005720104865813697)
1(0.005673944935949698, 0.005710018725656277)
1(0.00561713200880711, 0.00565114402009043)
1(0.005136879358597451, 0.0051699703600895505)
1(0.005008073550203351, 0.005040223139980067)
1(0.005359428261131092, 0.005390710975228144)
1(0.00564381639774607, 0.005674424314291421)
1(0.0054191046399416805, 0.005449615896727776)
1(0.005635892969318014, 0.00566493590602514)
1(0.00529692473310155, 0.005325252693748745)
1(0.00554705134369033, 0.005574875669491295)
1(0.005837267400941489, 0.005864348159024444)
1(0.015115517642068721, 0.015141122266655828)
1(0.005084707771248918, 0.00511006609116209)
1(0.005382870106190148, 0.005406061629627447)
1(0.005065455030415527, 0.0050871384065218775)
1(0.004774033031956089, 0.00479340935244726)
1(0.005506076645782614, 0.005525100475166431)
1(0.004632842578776628, 0.004649341672799742)
1(0.004429298437641782, 0.004445462902718453)
1(0.005725875566924703, 0.0057402056177743195)
1(0.005287602991610248, 0.005301617428667318)
1(0.006812635767139665, 0.006825611688991132)
1(0.005323557672766216, 0.005336373049999278)
1(0.004995303006416016, 0.005002873155043474)
1(0.0049504283317032115, 0.004957762120165279)
1(0.0054759851814647036, 0.005482457522307474)
1(0.004643681448830225, 0.004647791273759738)
1(0.006254219206438186, 0.006258013633827146)
1(0.0060698842041937056, 0.00607305008296856)
1(0.005122324653675096, 0.00512489248187558)
1(0.006091490278301572, 0.006094045942453248)
1(0.00607054324845464, 0.00607305008296856)
1(0.004533556169541945, 0.004535901884513212)
1(0.005167247055889919, 0.0051688499857672505)
1(0.005401406351724789, 0.005401930737732546)
1(0.004803012195543221, 0.00480350385829643)
0(0.0, inf)
0(0.0, 0.017912752251409394)
0(0.0, 0.016700231001767662)
0(0.0, 0.014577872744197402)
0(0.0, 0.01297083067850211)
0(0.0, 0.011891344731882006)
0(0.0, 0.008162671137371971)
0(0.0, 0.007619061331497679)
0(0.0, 0.00752499311145585)
0(0.0, 0.007079980466037632)
0(0.0, 0.007030176273412938)
0(0.0, 0.006953627020236181)
0(0.0, 0.00692699403632601)
0(0.0, 0.006912286465227641)
0(0.0, 0.006782257514266804)
0(0.0, 0.006646478466575594)
0(0.0, 0.006562188230797744)
0(0.0, 0.006498895691733133)
0(0.0, 0.006497689117595836)
0(0.0, 0.006452979668788103)
0(0.0, 0.006397892834666172)
0(0.0, 0.006279814370640459)
0(0.0, 0.006243605540500689)
0(0.0, 0.006242968909609655)
0(0.0, 0.0062243991088639745)
0(0.0, 0.0061903120730543)
0(0.0, 0.006137509516899677)
0(0.0, 0.006111246209172007)
0(0.0, 0.006084173966704257)
0(0.0, 0.006059454503007628)
0(0.0, 0.0060340501215386125)
0(0.0, 0.006021907449770997)
0(0.0, 0.005968548424340498)
0(0.0, 0.005954023348146863)
0(0.0, 0.005951822215776128)
0(0.0, 0.005935718649873269)
0(0.0, 0.0058639268349021416)
0(0.0, 0.005862979144972299)
0(0.0, 0.005830712879804691)
0(0.0, 0.005808384570167545)
0(0.0, 0.005734301926050545)
0(0.0, 0.00571348941062938)
0(0.0, 0.005682488644582188)
0(0.0, 0.005680950144744308)
0(0.0, 0.005630220111297358)
0(0.0, 0.005628666691789889)
0(0.0, 0.005606187711711194)
0(0.0, 0.005587436221392273)
0(0.0, 0.005584929418220347)
0(0.0, 0.0055812263256288285)
0(0.0, 0.005566171824451039)
0(0.0, 0.005557422965376699)
0(0.0, 0.005550462528320227)
0(0.0, 0.005522579191898981)
0(0.0, 0.005517146984085835)
0(0.0, 0.0054790895938432544)
0(0.0, 0.0054697347932078045)
0(0.0, 0.005464840001166657)
0(0.0, 0.005435539223087927)
0(0.0, 0.005429840176048372)
0(0.0, 0.0054293072178227516)
0(0.0, 0.005402712826491049)
0(0.0, 0.005377730025281832)
0(0.0, 0.0053595315893521555)
0(0.0, 0.005355451912227268)
0(0.0, 0.005352779022161892)
0(0.0, 0.00533225867426302)
0(0.0, 0.005329704618556189)
0(0.0, 0.005326263055749457)
0(0.0, 0.005312260850400967)
0(0.0, 0.005300758347796063)
0(0.0, 0.005295241905799727)
0(0.0, 0.005291519344157107)
0(0.0, 0.005283623127022948)
0(0.0, 0.005276611610928521)
0(0.0, 0.005263710228829251)
0(0.0, 0.005247166186157354)
0(0.0, 0.0052388007203508545)
0(0.0, 0.005237715784728982)
0(0.0, 0.005231802752099402)
0(0.0, 0.0052228054739705465)
0(0.0, 0.00522268111275455)
0(0.0, 0.005220454213417424)
0(0.0, 0.005213419724352569)
0(0.0, 0.005212506417910704)
0(0.0, 0.005212291779427165)
0(0.0, 0.005193688351122405)
0(0.0, 0.005189755370710466)
0(0.0, 0.0051884430023894)
0(0.0, 0.005158342852514211)
0(0.0, 0.005157417721766615)
0(0.0, 0.005155737358780596)
0(0.0, 0.005155115215551073)
0(0.0, 0.005151986983584906)
0(0.0, 0.005149176674449808)
0(0.0, 0.005146264023710084)
0(0.0, 0.005146225417038868)
0(0.0, 0.005137214379631853)
0(0.0, 0.005132776301145211)
0(0.0, 0.005125564954383386)
0(0.0, 0.005113460067182937)
0(0.0, 0.0051066799363626856)
0(0.0, 0.005104983382303133)
0(0.0, 0.005086887692292168)
0(0.0, 0.005079416598278833)
0(0.0, 0.005078863989534036)
0(0.0, 0.005076425005069822)
0(0.0, 0.005055261522595465)
0(0.0, 0.005053365865373253)
0(0.0, 0.005041135525738376)
0(0.0, 0.005040709522770855)
0(0.0, 0.0050221312187884466)
0(0.0, 0.005021361403207003)
0(0.0, 0.0050190013002639495)
0(0.0, 0.005005242325298841)
0(0.0, 0.005005071124499996)
0(0.0, 0.005002128318643736)
0(0.0, 0.0050013677777773794)
0(0.0, 0.005000294441000444)
0(0.0, 0.004988060805988355)
0(0.0, 0.0049811357138466305)
0(0.0, 0.004957496514669053)
0(0.0, 0.00495588632232602)
0(0.0, 0.004947159576435607)
0(0.0, 0.004946457187719605)
0(0.0, 0.004938514718251256)
0(0.0, 0.0049359906757510275)
0(0.0, 0.004932346850286394)
0(0.0, 0.0049305052301072735)
0(0.0, 0.00491851546787378)
0(0.0, 0.004904031667657638)
0(0.0, 0.004895902105374876)
0(0.0, 0.00488386641984898)
0(0.0, 0.004883209932993546)
0(0.0, 0.004879022227348185)
0(0.0, 0.0048782829756856515)
0(0.0, 0.004873469060884813)
0(0.0, 0.004872342535476322)
0(0.0, 0.004867920406876316)
0(0.0, 0.004862456523906667)
0(0.0, 0.0048593109692898016)
0(0.0, 0.004857571861026031)
0(0.0, 0.004851502104254731)
0(0.0, 0.004849643728808354)
0(0.0, 0.004846967754555971)
0(0.0, 0.004844168160922725)
0(0.0, 0.00483687868797017)
0(0.0, 0.00483527705627966)
0(0.0, 0.004833052047697965)
0(0.0, 0.0048231948480017845)
0(0.0, 0.004821457056624191)
0(0.0, 0.004816960105005344)
0(0.0, 0.004815560653936495)
0(0.0, 0.004815521874940558)
0(0.0, 0.004805719758299216)
0(0.0, 0.004802052966740304)
0(0.0, 0.004790522442911566)
0(0.0, 0.0047903736934292685)
0(0.0, 0.004778194615293054)
0(0.0, 0.004776451709242155)
0(0.0, 0.004774958256131358)
0(0.0, 0.004771576771928525)
0(0.0, 0.004771275799137762)
0(0.0, 0.00476142064696088)
0(0.0, 0.004761326112426602)
0(0.0, 0.00475926021484803)
0(0.0, 0.004756917001834263)
0(0.0, 0.004755030677243048)
0(0.0, 0.0047410346694772626)
0(0.0, 0.004738109723377683)
0(0.0, 0.004737951453521177)
0(0.0, 0.004730486056866851)
0(0.0, 0.004729555242095824)
0(0.0, 0.00472369997004303)
0(0.0, 0.004721492133397168)
0(0.0, 0.004714930574579661)
0(0.0, 0.0047144903848157)
0(0.0, 0.004704540835183531)
0(0.0, 0.004703525482116035)
0(0.0, 0.004701338159311565)
0(0.0, 0.0046974246100318)
0(0.0, 0.004684716723823556)
0(0.0, 0.004684499546998569)
0(0.0, 0.004676707669589417)
0(0.0, 0.004675081651584651)
0(0.0, 0.004672045029448444)
0(0.0, 0.004667411155937631)
0(0.0, 0.004665446704938616)
0(0.0, 0.004661625010669924)
0(0.0, 0.004656731381728071)
0(0.0, 0.004648253636517439)
0(0.0, 0.004644742415576696)
0(0.0, 0.004644013858594515)
0(0.0, 0.004637162285444751)
0(0.0, 0.004636622254765521)
0(0.0, 0.004631302180032198)
0(0.0, 0.004629898798301478)
0(0.0, 0.004628839141959621)
0(0.0, 0.004626196562654578)
0(0.0, 0.004618105222788676)
0(0.0, 0.004617111469034567)
0(0.0, 0.004613877066151459)
0(0.0, 0.0046135121139921865)
0(0.0, 0.004606478491952469)
0(0.0, 0.004604995698258662)
0(0.0, 0.004599097942938362)
0(0.0, 0.004595361762648288)
0(0.0, 0.00459287173505734)
0(0.0, 0.004592788003712078)
0(0.0, 0.004592203045188015)
0(0.0, 0.004591841777610211)
0(0.0, 0.0045895843442826665)
0(0.0, 0.004587054458887239)
0(0.0, 0.004585151194561635)
0(0.0, 0.004582095921740304)
0(0.0, 0.0045810498993560204)
0(0.0, 0.004571452929904645)
0(0.0, 0.00456314503201075)
0(0.0, 0.004562038158328858)
0(0.0, 0.004561097193057171)
0(0.0, 0.0045594048837038215)
0(0.0, 0.004546445983735969)
0(0.0, 0.004539207716474293)
0(0.0, 0.004538489208876667)
0(0.0, 0.004530616478183066)
0(0.0, 0.004525817312958534)
0(0.0, 0.004523016841160069)
0(0.0, 0.004515568801382374)
0(0.0, 0.004499410181476732)
0(0.0, 0.00448825263444678)
0(0.0, 0.004476082138401576)
0(0.0, 0.004468652911953615)
0(0.0, 0.0044515163876013035)
0(0.0, 0.004449412118657973)
0(0.0, 0.004446465054660699)
0(0.0, 0.004424124823683457)
0(0.0, 0.004420348387391212)
0(0.0, 0.004416824310669288)
0(0.0, 0.00441252416990832)
0(0.0, 0.0044098108546240375)
0(0.0, 0.004406013554364664)
0(0.0, 0.004405118674441482)
0(0.0, 0.004405087759231582)
0(0.0, 0.0044013125342194466)
0(0.0, 0.0043999587204819135)
0(0.0, 0.004393645955473493)
0(0.0, 0.004392818748850962)
0(0.0, 0.004389535772520013)
0(0.0, 0.004388329769903252)
0(0.0, 0.004384671957697298)
0(0.0, 0.0043804230534646256)
0(0.0, 0.004372901100959968)
0(0.0, 0.004372852206685755)
0(0.0, 0.004372091748188805)
0(0.0, 0.004368502760311522)
0(0.0, 0.004363586249924462)
0(0.0, 0.004363072377292711)
0(0.0, 0.004343158435742082)
0(0.0, 0.004331015139561942)
0(0.0, 0.004330368446775371)
0(0.0, 0.004318767520286287)
0(0.0, 0.0043118171960970725)
0(0.0, 0.004310753782550631)
0(0.0, 0.004307074037910663)
0(0.0, 0.004300532131036138)
0(0.0, 0.004298459602268706)
0(0.0, 0.004297486554367161)
0(0.0, 0.004289887217800982)
0(0.0, 0.0042872595552506795)
0(0.0, 0.004282293175950586)
0(0.0, 0.004264710306320388)
0(0.0, 0.004250351128559229)
0(0.0, 0.004245518377915419)
0(0.0, 0.004235840568181802)
0(0.0, 0.004229452108423159)
0(0.0, 0.0042289043835170015)
0(0.0, 0.004228485222966286)
0(0.0, 0.004200968109553248)
0(0.0, 0.004178777061610759)
0(0.0, 0.004168200041680532)
0(0.0, 0.004161602712621144)
0(0.0, 0.0041615809221873246)
0(0.0, 0.004161223842005537)
0(0.0, 0.004142938049955005)
0(0.0, 0.004137613716436506)
0(0.0, 0.004131004835496346)
0(0.0, 0.004128682583539755)
0(0.0, 0.0041210786965122995)
0(0.0, 0.004121033647291929)
0(0.0, 0.004120013881298511)
0(0.0, 0.004084389068152648)
0(0.0, 0.0040822880911886746)
0(0.0, 0.004074706540085334)
0(0.0, 0.004073112868496059)
0(0.0, 0.004068442192907292)
0(0.0, 0.004061332267652665)
0(0.0, 0.004056141674348386)
0(0.0, 0.004043764903057136)
0(0.0, 0.004043028100722097)
0(0.0, 0.004041825954379124)
0(0.0, 0.00403078154186582)
0(0.0, 0.004016290077197934)
0(0.0, 0.00400995420706785)
0(0.0, 0.003996936420598205)
0(0.0, 0.0039864178875677015)
0(0.0, 0.003981848372666681)
0(0.0, 0.003969601891244919)
0(0.0, 0.0039692502068000395)
0(0.0, 0.003959541765856135)
0(0.0, 0.003925025632409032)
0(0.0, 0.003915538118738146)
0(0.0, 0.003913476140505369)
0(0.0, 0.0038829882591647625)
0(0.0, 0.003863778401049236)
0(0.0, 0.0038453688605963147)
0(0.0, 0.0037774848517618505)
0(0.0, 0.0037519846763434095)
0(0.0, 0.0037222600126538313)
0(0.0, 0.0036911329100876994)
0(0.0, 0.0036656466145522566)
0(0.0, 0.0036145200126687467)
0(0.0, 0.0035780024955306498)
0(0.0, 0.003524058270696373)
0(0.0, 0.0035115574851917494)
