1(0.446316735696239, 0.48393469033835296)
1(0.32912096139888114, 0.3569779055266885)
1(0.3843674913397269, 0.41207461915011223)
1(0.8896380229203111, 0.9145877861008523)
1(0.2987384607732209, 0.32258094627642847)
1(0.2984028767260315, 0.321232646244296)
1(0.31212824049630916, 0.3328174300775895)
1(0.3283582286789489, 0.3477256745273291)
1(0.41605011271759873, 0.43460026734638235)
1(0.3996446115045011, 0.4171639945716693)
1(0.2909616765852162, 0.3079976707048883)
1(0.35308609816766884, 0.3698084820978818)
1(0.32494117207811546, 0.3409456392090428)
1(0.37521117711336566, 0.39113207094161356)
1(0.29888080255603977, 0.31456233784655324)
1(0.2602297623406152, 0.2757329014365753)
1(0.2973965249959319, 0.3116222365738953)
1(0.30346697261586486, 0.31749840695343123)
1(0.27015315256780337, 0.2841018629814713)
1(0.3794441967082065, 0.39228446565542)
1(0.3698574730294017, 0.3824524820692828)
1(0.3155492418879012, 0.3279805482255724)
1(0.3178437265767995, 0.33001767588760994)
1(0.29708297213394075, 0.3086256866551724)
1(0.32538882639083017, 0.33633009387715324)
1(0.3469867161498227, 0.3578373532013837)
1(0.3407600179605506, 0.3512776413978492)
1(0.3016221452450941, 0.3119492443652409)
1(0.37461086950934075, 0.38403586834657166)
1(0.3031460944799175, 0.31192305450898733)
1(0.2940563880460477, 0.3021062173820373)
1(0.35710470732832694, 0.3651396966348816)
1(0.30714960583160356, 0.31511482605201213)
1(0.29824768638534654, 0.3058666772794343)
1(0.31577803983950126, 0.323009531448001)
1(0.34340156549728623, 0.35024452900966385)
1(0.2919734466336006, 0.2987261406187789)
1(0.4101895397655324, 0.4166062692980035)
1(0.3227914115471734, 0.32908682716306176)
1(0.33447101967349513, 0.34074136822639495)
1(0.31433664951728185, 0.3201500703088158)
1(0.33471079174732543, 0.34041841772156545)
1(0.3440317905051325, 0.3497328653698969)
1(0.28556915850886655, 0.29111273311900815)
1(0.32858408384576415, 0.3333628689655892)
1(0.40839274334680103, 0.41280231026937375)
1(0.33982305130617796, 0.3436241065072056)
1(0.3255821635207486, 0.32908682716306176)
1(0.33177241088518117, 0.33343137812221835)
1(0.31883618831252014, 0.3203147462501091)
1(0.4252824983884938, 0.4265908198430356)
1(0.34628257564262294, 0.3465382429869184)
1(0.37441387778504936, 0.37444775624951604)
0(0.0, inf)
0(0.0, 1.7144445228643879)
0(0.0, 1.0399324898237468)
0(0.0, 0.8157780411106835)
0(0.0, 0.7907187459814579)
0(0.0, 0.665439160078375)
0(0.0, 0.6233980504559966)
0(0.0, 0.615170203551938)
0(0.0, 0.6109626342120916)
0(0.0, 0.592815858181849)
0(0.0, 0.5923986717982455)
0(0.0, 0.556983890065438)
0(0.0, 0.4978409591561245)
0(0.0, 0.49115572704105437)
0(0.0, 0.4799072757332677)
0(0.0, 0.46598376795681956)
0(0.0, 0.46366336435149247)
0(0.0, 0.4529253094360274)
0(0.0, 0.4435737532558288)
0(0.0, 0.43915103107509246)
0(0.0, 0.42475378893173166)
0(0.0, 0.40397121750152337)
0(0.0, 0.39541518892895633)
0(0.0, 0.393380179494372)
0(0.0, 0.38898649318066447)
0(0.0, 0.3872154364215408)
0(0.0, 0.3758966178826109)
0(0.0, 0.3674366987811528)
0(0.0, 0.36717175600232477)
0(0.0, 0.36542346340647236)
0(0.0, 0.3619041819397307)
0(0.0, 0.36087499144816515)
0(0.0, 0.3604179165268862)
0(0.0, 0.35993916424488775)
0(0.0, 0.35885185132304664)
0(0.0, 0.3580957948730128)
0(0.0, 0.35570908618863933)
0(0.0, 0.35205994091673326)
0(0.0, 0.3475991811611143)
0(0.0, 0.3447617473508027)
0(0.0, 0.3422121734400364)
0(0.0, 0.34190562093109256)
0(0.0, 0.3418212053846655)
0(0.0, 0.3394201854352858)
0(0.0, 0.33670114214539343)
0(0.0, 0.33666266129123784)
0(0.0, 0.330469615767631)
0(0.0, 0.3302592256932683)
0(0.0, 0.32715139464139453)
0(0.0, 0.32512716829895466)
0(0.0, 0.3233462238131037)
0(0.0, 0.322918884654941)
0(0.0, 0.32262676317424704)
0(0.0, 0.3225543470864298)
0(0.0, 0.3213377734911865)
0(0.0, 0.3198076420611064)
0(0.0, 0.3180141653660109)
0(0.0, 0.31399599772793907)
0(0.0, 0.31364779536776044)
0(0.0, 0.30894681439532395)
0(0.0, 0.30709700018282876)
0(0.0, 0.30696895340237784)
0(0.0, 0.30591596788896896)
0(0.0, 0.30505538078962924)
0(0.0, 0.30418014493851353)
0(0.0, 0.3040823478753223)
0(0.0, 0.303228145701209)
0(0.0, 0.3018599394926807)
0(0.0, 0.3018163444967226)
0(0.0, 0.299653477024233)
0(0.0, 0.29848113695187256)
0(0.0, 0.29704205869186545)
0(0.0, 0.2961003323666036)
0(0.0, 0.2960471938483755)
0(0.0, 0.2943172085069712)
0(0.0, 0.29426066407226004)
0(0.0, 0.29389887741219944)
0(0.0, 0.29215486070174623)
0(0.0, 0.29048975845886965)
0(0.0, 0.28951176875395696)
0(0.0, 0.28837333668531134)
0(0.0, 0.285558381917279)
0(0.0, 0.28454492535037545)
0(0.0, 0.28388429094053447)
0(0.0, 0.2827048944504694)
0(0.0, 0.28157554848447736)
0(0.0, 0.2799821203728881)
0(0.0, 0.27937052710213783)
0(0.0, 0.2788418249610922)
0(0.0, 0.27676635554272555)
0(0.0, 0.2755338545170867)
0(0.0, 0.27432280839063733)
0(0.0, 0.27254108198325006)
0(0.0, 0.27116862935999175)
0(0.0, 0.2708396087557324)
0(0.0, 0.26800706774037253)
0(0.0, 0.267955755027154)
0(0.0, 0.2678613107842728)
0(0.0, 0.26754417169678585)
0(0.0, 0.26715149781136976)
0(0.0, 0.266397335437211)
0(0.0, 0.26184243227166376)
0(0.0, 0.2603515268284006)
0(0.0, 0.2598857830112378)
0(0.0, 0.25886814332967295)
0(0.0, 0.25804333761151915)
0(0.0, 0.2561293687638035)
0(0.0, 0.2492636252405611)
0(0.0, 0.24869412803812055)
0(0.0, 0.24697996629257024)
0(0.0, 0.24357698123798094)
0(0.0, 0.24325652777108955)
0(0.0, 0.23015894857773583)
0(0.0, 0.22651675241510022)
0(0.0, 0.22292865495823844)
0(0.0, 0.22030220585920593)
0(0.0, 0.21453303288357278)
0(0.0, 0.21112999086342993)
0(0.0, 0.21009905346601496)
0(0.0, 0.2041492466436644)
0(0.0, 0.1772985413675723)
