1(1.0542414423736102, 1.1734443885300347)
1(1.0962337626884389, 1.1989342291360445)
1(0.256970175440428, 0.3234731729688126)
1(0.16780186675896003, 0.22008413257194026)
1(0.31534156950491665, 0.36595957584363226)
1(0.13174375956975204, 0.18027509755730797)
1(0.3248239356148839, 0.37222276180750324)
1(0.21141395451865386, 0.2571003203286881)
1(0.23940665190133636, 0.2843746208939375)
1(0.13331223622616084, 0.17755318337591441)
1(0.14318416623707797, 0.18729278013198725)
1(0.20311042399725387, 0.2450273106251306)
1(0.2041966589491827, 0.24500385091630072)
1(0.12519451953412697, 0.16576540053199562)
1(0.18511189489539703, 0.22559555010874754)
1(0.14033426824219786, 0.1805530057130469)
1(0.2260816041636834, 0.26604443251643173)
1(0.1907624435554971, 0.2305901863607478)
1(0.12223266158662471, 0.1619872552595324)
1(0.14248364786489376, 0.18222529278903588)
1(0.12671018858425365, 0.16599225086994496)
1(0.19136866846186107, 0.23030406760050992)
1(0.183769700365068, 0.2221229338010201)
1(0.1596342386466002, 0.19671280624201737)
1(0.1695560680131386, 0.20658185180464728)
1(0.17054707457676432, 0.20651413594606793)
1(0.15713916177074583, 0.19250355687427922)
1(0.15828681448861304, 0.19250355687427922)
1(0.15183861552295974, 0.18550969449178623)
1(0.11429645472847405, 0.14758710164602795)
1(0.2604728676362714, 0.29364618788257324)
1(0.2213412207583375, 0.25421213772361195)
1(0.1904391547080102, 0.22257493528361405)
1(0.1275741251254986, 0.15945928868806958)
1(0.21843317065824885, 0.25022524231863363)
1(0.16681977779933943, 0.19858398950833056)
1(0.24132670235057996, 0.27305026880801186)
1(0.16344857275309976, 0.19498936434309155)
1(0.20022462220150838, 0.2315206227704586)
1(0.18406332464039787, 0.21523253816573662)
1(0.12164762839436294, 0.1525442170245015)
1(0.21550774373188708, 0.24625397823283723)
1(0.1849058369543508, 0.21523253816573662)
1(0.20645995599617728, 0.23600227353577952)
1(0.12424577385767366, 0.15359361344692268)
1(0.21526648722838337, 0.24428332761768434)
1(0.1493275035876681, 0.17802491431972456)
1(0.1324980093490442, 0.16104119772087178)
1(0.21216207450216718, 0.24047732772164399)
1(0.1877587770668524, 0.2159297677455415)
1(0.1950394496543052, 0.22313008085217234)
1(0.16131622434905213, 0.18906101722161528)
1(0.19977239399753666, 0.2274543958885853)
1(0.1456574924492604, 0.1732498025990462)
1(0.24330197437927137, 0.2705574457175681)
1(0.128758620053796, 0.1556994160507107)
1(0.21557467454939405, 0.24236589448935475)
1(0.17835329832949598, 0.20482296598053984)
1(0.1524086826872082, 0.17884648349711807)
1(0.18435762551640678, 0.21077733757186679)
1(0.24419438107497682, 0.2703439907257874)
1(0.17437350137994911, 0.20038161133757748)
1(0.24224474690365339, 0.2681623687992156)
1(0.21192884967875136, 0.23769851853195312)
1(0.32295761919370936, 0.34833600696494693)
1(0.19393704570271575, 0.21925185605710873)
1(0.18743538706557294, 0.2127077373780285)
1(0.12568360620983943, 0.1505740266728991)
1(0.35506365538861484, 0.3796495085259418)
1(0.20369136754189565, 0.22820669615828482)
1(0.12873575569316553, 0.1531073689224075)
1(0.22239246746242913, 0.24668179159582548)
1(0.13057400644034445, 0.15474232442792335)
1(0.26555865532696465, 0.2894755690937737)
1(0.1982850582268192, 0.2221229338010201)
1(0.16182000207498937, 0.18507070234627465)
1(0.22738568035061446, 0.2502001681596794)
1(0.15216987759034117, 0.17485168993056266)
1(0.23972976907937604, 0.2623456514458148)
1(0.13144955606346043, 0.1539164313972089)
1(0.16683647789091827, 0.189207733320785)
1(0.14192279362444105, 0.16414463357686282)
1(0.19113679720684018, 0.2132623725382765)
1(0.14493194377788898, 0.16701227986356104)
1(0.14665136273712498, 0.16855777617077294)
1(0.20478758482081139, 0.22639210227170514)
1(0.14791896696134998, 0.16929433182802878)
1(0.1699232554211837, 0.19085293879862342)
1(0.23312165265094442, 0.254005517624983)
1(0.17976626276114183, 0.20050129848754272)
1(0.1591729373414582, 0.1796618435767463)
1(0.2506171030626452, 0.27108263871185745)
1(0.12798031215703765, 0.14828300110964932)
1(0.2508165369376504, 0.27108263871185745)
1(0.16604819563967044, 0.18620449406708428)
1(0.2625518996849283, 0.2826729337141135)
1(0.14106252660269836, 0.16107122103085814)
1(0.23051655341079624, 0.25044705522482147)
1(0.19465988030914017, 0.21453608004915092)
1(0.16364406328902892, 0.1833809399852272)
1(0.22305472804530602, 0.24259592760924353)
1(0.19902392428922933, 0.21842427903285433)
1(0.13025378151996725, 0.14958881023953552)
1(0.14559272704442716, 0.16473840120542005)
1(0.20312563721219523, 0.2220564778503784)
1(0.22680385129162173, 0.24556042378128928)
1(0.14437961517107312, 0.1629399061121689)
1(0.2337034108337941, 0.2522363896110694)
1(0.2187935353070296, 0.23727154029431619)
1(0.15917793483638132, 0.17751111863845437)
1(0.1564219281075675, 0.17464543743463345)
1(0.2493961343554939, 0.26744140282960405)
1(0.1481041719177132, 0.16612085280624067)
1(0.20065411223066243, 0.2186606389846495)
1(0.22696884679220697, 0.24494600968703795)
1(1.1225512892924292, 1.140476460379691)
1(0.08989242246155915, 0.10777000843235152)
1(0.14562391439115396, 0.16347724011368725)
1(0.18281704365360985, 0.20061843485463582)
1(0.13603772849885853, 0.1536000044246072)
1(0.1839764647236234, 0.2015266342659685)
1(0.15340765008643809, 0.17067650166659432)
1(0.1873482623888183, 0.20461517280870345)
1(0.19479668868553668, 0.21205610953807041)
1(0.14739608892975797, 0.1646550483507121)
1(0.22853696963186032, 0.24563295812984698)
1(0.15305662860503133, 0.17011126157100176)
1(0.1370311656690797, 0.15384305917929086)
1(0.08666156914939827, 0.10345725412598317)
1(0.1281677242590782, 0.14492649449133388)
1(0.13634934257196374, 0.1531073689224075)
1(0.19435385990711873, 0.21108512514575817)
1(0.17004253594253194, 0.18675001777984213)
1(0.18165770574991025, 0.19820374810898667)
1(0.10939330407277548, 0.12593711996403245)
1(0.13322832687599584, 0.14961738794851653)
1(0.14720971938777305, 0.1634354578017727)
1(0.14014493340916567, 0.1560571073503405)
1(0.2935102255826483, 0.309317311190889)
1(0.1545188198669929, 0.17032395487400187)
1(0.15547109317827124, 0.1712083732338665)
1(0.14672677601474804, 0.16231645804388506)
1(0.20037824645622482, 0.21591819117473254)
1(0.13760832220013697, 0.15304077568476726)
1(0.1315074947175463, 0.14686524358077868)
1(0.20638469003267568, 0.22167695887039263)
1(0.19134278725677678, 0.20658185180464728)
1(0.15528441903103862, 0.1705074047724746)
1(0.16287550615210078, 0.17802491431972456)
1(0.2186002080374565, 0.23372952935995084)
1(0.162294897480861, 0.17739493553132923)
1(0.17209818079100725, 0.18705214962609407)
1(0.13265969878600614, 0.14755085104669918)
1(0.1466850057682062, 0.16133722780855952)
1(0.13647246758041376, 0.15109178765848885)
1(0.07551664561342442, 0.08998709101926128)
1(0.17944234417555693, 0.1939063450577112)
1(0.2469359884313217, 0.26116081601920715)
1(0.1354507511387999, 0.14957473849044722)
1(0.14221498894845996, 0.1562641331105148)
1(0.1407829289995418, 0.15474232442792335)
1(0.2757416639499034, 0.2896657580148304)
1(0.11443951705444555, 0.12829252087625387)
1(0.18706067572181084, 0.2009107196063893)
1(0.11086399053480989, 0.12470700109935196)
1(0.17405286784925988, 0.18760765766336174)
1(0.1430890369073653, 0.15662667647504291)
1(0.15649916929089847, 0.17002179214102697)
1(0.16685771184547415, 0.1801677726163723)
1(0.22912018670220957, 0.2423728626518663)
1(0.11534102764634091, 0.12852664464366104)
1(0.1448194926570996, 0.15797819595955653)
1(0.1205101599240378, 0.13366464573597492)
1(0.1859762206984703, 0.1990896226609914)
1(0.158320457358208, 0.1713869896929272)
1(0.13960656409013794, 0.1526468405195307)
1(0.14441876638399886, 0.157411377962842)
1(0.14025557431183344, 0.15324179154162365)
1(0.14011524167875233, 0.15301217845751292)
1(0.13672450745972586, 0.14957473849044722)
1(0.22506717619632088, 0.2378243991389185)
1(0.1433443825737607, 0.15599869202541372)
1(0.2513061845834246, 0.2639159926924072)
1(0.19191305835855121, 0.20447104514593728)
1(0.2507024110838476, 0.26311353102449553)
1(0.17558946619260052, 0.1879890477616073)
1(0.16243535161794187, 0.17470223090983183)
1(0.12878921235001695, 0.14096517773781136)
1(0.21164875426854213, 0.2238177760127823)
1(0.1333272184346206, 0.14548799526571676)
1(0.1999710568677705, 0.2121029207185382)
1(0.2553540833339797, 0.26744140282960405)
1(0.26926040655716854, 0.2813161554210192)
1(0.16542954343004834, 0.17741975529114928)
1(0.13762806454385723, 0.1496154455200407)
1(0.26433897157088493, 0.27625240407663476)
1(0.22149818341247052, 0.23329527491626767)
1(0.21197242776675418, 0.22373666874449327)
1(0.13083571340698763, 0.14254678873355797)
1(0.16403795878607752, 0.1757447786481876)
1(0.14621969298783277, 0.1578032598279755)
1(0.14986260298119858, 0.16133722780855952)
1(0.21088904553856425, 0.22231266364195468)
1(0.18951431605731017, 0.20093730023377954)
1(0.1107906350870288, 0.12220045877365193)
1(0.14126072954000246, 0.1526468405195307)
1(0.2205216498487107, 0.2318831786072807)
1(0.19078253026176917, 0.2018576277704629)
1(0.20549945397201108, 0.2162821816239694)
1(0.1879798068352534, 0.19875038979383897)
1(0.13361975751927868, 0.14430082081787277)
1(0.26376814283471284, 0.27423141620096136)
1(0.21882503621204508, 0.2292407250104328)
1(0.21389507176712186, 0.22424770435848806)
1(0.20310731225344347, 0.21345950225449717)
1(0.22635005848877976, 0.23643599194246956)
1(0.14924038652802862, 0.15919856651702313)
1(0.23227182927197598, 0.24219852061022307)
1(0.20402911713655125, 0.21394996295529423)
1(0.15748077192135934, 0.16720027676459193)
1(0.16755017966397245, 0.17724128362468394)
1(0.14286120530775104, 0.15245019016213546)
1(0.1551699463834605, 0.1647568229973927)
1(0.1451397660682926, 0.15465899670513183)
1(0.14799615348171202, 0.15750271593975473)
1(0.16403963706253366, 0.1734308333111827)
1(0.19279636296483837, 0.20212930154046904)
1(0.20910652404354124, 0.21842427903285433)
1(0.15609093153474984, 0.16536268314026814)
1(0.18723715190093382, 0.19650243926510347)
1(0.18804952997228308, 0.19726224798684455)
1(0.14257569320052565, 0.15161815286269942)
1(0.22542233941156287, 0.23444064310824897)
1(0.17342362511494247, 0.1824417845968136)
1(0.18200026224798183, 0.19101351665887634)
1(0.14263340817353276, 0.15161815286269942)
1(0.1966707720085631, 0.20561887600301143)
1(0.20284015637002595, 0.21178385597171645)
1(0.1435644210290573, 0.15245019016213546)
1(0.20113131790813776, 0.2099820680771175)
1(0.1577033683049086, 0.16654706211000803)
1(0.17924424324531663, 0.18794119107661678)
1(0.1942097358644348, 0.20287090390051865)
1(0.14031414786563, 0.14894856634165554)
1(0.19782735149261754, 0.20640574072259377)
1(0.14826816136708987, 0.156714165314489)
1(0.15119352894396776, 0.15962499631646576)
1(0.20751512092765922, 0.21591819117473254)
1(0.1343494073189747, 0.14270869403498887)
1(0.1968899837911473, 0.20524103183233822)
1(0.13735541511839955, 0.14569379161407647)
1(0.2390692718342945, 0.2473595605491844)
1(0.14132241802919276, 0.14958881023953552)
1(0.255036216504415, 0.26327719666540816)
1(0.276794714262549, 0.2849155020982549)
1(0.18198509016447928, 0.19000518668350952)
1(0.22139157432365286, 0.22935230576926002)
1(0.20292573422553906, 0.2107694859736412)
1(0.14066270470291953, 0.14836366973927106)
1(0.1988402905272878, 0.20651741636573517)
1(0.20956049347562922, 0.2172352213385419)
1(0.1534926479405071, 0.16116237900136554)
1(0.13600419964959398, 0.14362075464555346)
1(0.18169173471999367, 0.18914723728470717)
1(0.14806109816858248, 0.15550430411262484)
1(0.18536248288308477, 0.19269347082308308)
1(0.1279912775920644, 0.13532202425927908)
1(0.13340597458694525, 0.1407231347936908)
1(0.2159086635651556, 0.2232009413696472)
1(0.19353165923867277, 0.20080303254548348)
1(0.23524962133699812, 0.24241342226219353)
1(0.12674223644607407, 0.1338418044026386)
1(0.12274061007837656, 0.12979254822654207)
1(0.1386604638375427, 0.14551325452371489)
1(0.14905712841620467, 0.15589668466266093)
1(0.13763613080776638, 0.14441376743987855)
1(0.14763482912767656, 0.15439579653713753)
1(0.13597530174810246, 0.14270869403498887)
1(0.2561842499361643, 0.2628959174041354)
1(0.20040344719084435, 0.20703528704358298)
1(0.2237836901882977, 0.2304119294908652)
1(0.16622081682792544, 0.17266590450205366)
1(0.15702152858976004, 0.16345469801979173)
1(0.1582784478353897, 0.1646550483507121)
1(0.1372915372683281, 0.14362075464555346)
1(0.18580489922026133, 0.19203795381516076)
1(0.2102295546657369, 0.21645413668945235)
1(0.1792630442969726, 0.18545276952285328)
1(0.10291527053005767, 0.10904104254352609)
1(0.12782542803617392, 0.1338418044026386)
1(0.16057544865886486, 0.16643088933226768)
1(0.1652480140455509, 0.17105833033925366)
1(0.14778497432986049, 0.15359361344692268)
1(0.1791472185833669, 0.18493742485240316)
1(0.23902745626226607, 0.24481245047188205)
1(0.20019755853414634, 0.20598085481129025)
1(0.1558502448963941, 0.16144930536049207)
1(0.17010139291080917, 0.17557493726041928)
1(0.2104609295690485, 0.21591819117473254)
1(0.1942791438497954, 0.19966459246142565)
1(0.23507087530494641, 0.2404512964498272)
1(0.16026880730220594, 0.16562335191715227)
1(0.20811294641381917, 0.21339603264005103)
1(0.1544115594751626, 0.15960209296283567)
1(0.22326061663007457, 0.2284041038151705)
1(0.15179558684800099, 0.15690929729959024)
1(0.15992403194359628, 0.16502025358449335)
1(0.19945336185203022, 0.2045322229773816)
1(0.18080112431335538, 0.18586248957277396)
1(0.21007039388009185, 0.2150504369092303)
1(0.15064747639116005, 0.15552911800807434)
1(0.17437418832419638, 0.17922045552372)
1(0.22132103396195835, 0.2261386820471194)
1(0.2308012047217869, 0.23561817009422759)
1(0.1577432085008359, 0.16249948173978646)
1(0.14022168703716886, 0.14493365005479397)
1(0.2351665781792186, 0.23987203140627977)
1(0.18611689857253688, 0.19080395732208966)
1(0.24284242440406278, 0.24751365983271278)
1(0.1899944483254049, 0.19466231509467624)
1(0.07737175448768707, 0.0820307085773988)
1(0.190183811886524, 0.19473378989758872)
1(0.19150648710113471, 0.1959717303637779)
1(0.1462629736427845, 0.1506635873512877)
1(0.14669323479266738, 0.15109178765848885)
1(0.1384098125038239, 0.14279282277319805)
1(0.13247543877366852, 0.13684747079054527)
1(0.18400924973428212, 0.18833485970500818)
1(0.20440415612528973, 0.20865100026331496)
1(0.09483703707409119, 0.09901883902708553)
1(0.23198220357414778, 0.23615157652228846)
1(0.19257268413444528, 0.19671280624201737)
1(0.27555790338960995, 0.279642759120565)
1(0.166616792211552, 0.1705074047724746)
1(0.18973329964120067, 0.1935450519103914)
1(0.16414932814636896, 0.16794700033784227)
1(0.22965710400326766, 0.2334471194089054)
1(0.20922019402276837, 0.21300020722909374)
1(0.08584723636933689, 0.08961497727512102)
1(0.19294939587601578, 0.19671280624201737)
1(0.22695403373769285, 0.23059081479941368)
1(0.15979951255991953, 0.1634354578017727)
1(0.24254572816060538, 0.24616364599868024)
1(0.16205446341803387, 0.1656095996597674)
1(0.11820164249249021, 0.12162873590920253)
1(0.204578656522464, 0.2079277774488364)
1(0.22825902850877533, 0.23158343891512478)
1(0.17288006313862514, 0.1761555810498131)
1(0.1855984952869998, 0.18883488021163908)
1(0.12908379265713843, 0.13228204554224454)
1(0.13049938990122034, 0.13366464573597492)
1(0.14641317786821695, 0.14957473849044722)
1(0.2298309590552733, 0.2329845636278305)
1(0.20020384864794583, 0.20334033797003437)
1(0.13760615904611195, 0.14062349202091273)
1(0.15013280742830104, 0.1531073689224075)
1(0.15572614404933793, 0.1586817334643822)
1(0.22228684586331893, 0.22522676681288634)
1(0.1557896235580304, 0.15870083980820793)
1(0.08684180060010704, 0.08972059760470752)
1(0.16435858420697513, 0.1670983208173079)
1(0.18602364156422924, 0.18870955517149657)
1(0.16285800819869756, 0.16551481811269253)
1(0.2006745495712926, 0.2033231474604129)
1(0.14495249020435808, 0.14746754858586242)
1(0.1462717612190254, 0.1487455720683819)
1(0.1509600152329138, 0.15335351033339106)
1(0.17712504915470229, 0.17947966756254086)
1(0.18409401129704572, 0.1864419862774509)
1(0.15092943844635254, 0.15326046666061766)
1(0.17168825931871678, 0.17397426236703406)
1(0.14528811542144426, 0.14756239758029666)
1(0.25826757318015137, 0.2603923594814499)
1(0.12453185382061349, 0.12664930122377793)
1(0.17747308002974627, 0.17955305867208549)
1(0.15269539357419315, 0.15474106372138996)
1(0.1806209451730254, 0.18263124828482646)
1(0.16131577833215416, 0.1632471438920855)
1(0.2436475852475941, 0.24556042378128928)
1(0.14439593122429628, 0.14630224000329484)
1(0.08543090396474962, 0.08730158660270448)
1(0.27083755092117756, 0.27266191555853836)
1(0.18792369848438606, 0.18974757374729057)
1(0.13101460632917017, 0.13283578720873124)
1(0.15092192077573918, 0.15268277542330044)
1(0.19027801341433093, 0.19203009682182726)
1(0.22766950905897032, 0.22934457265222474)
1(0.1209253140018901, 0.12256343029352201)
1(0.2714308707053844, 0.27305026880801186)
1(0.15859900954244832, 0.160104892922444)
1(0.18111155655610078, 0.18236558946509906)
1(0.23121609951510202, 0.23245127307043933)
1(0.21706749510818402, 0.21814206698423522)
1(0.14018467302591564, 0.14120856638621837)
1(0.1992209220977491, 0.2002334851896579)
1(0.18074172260107413, 0.18172042781288922)
1(0.10685400121395983, 0.10777000843235152)
1(0.1863725495128875, 0.18727000044638953)
1(0.30211534155464215, 0.3029518509397381)
1(0.14174685632247674, 0.14253829752475788)
1(0.14832558349945202, 0.14909892442113082)
1(0.12777405714948287, 0.12852664464366104)
1(0.16831106550294694, 0.16905559346956056)
1(0.16135161380955454, 0.1619872552595324)
1(0.21469730108517548, 0.21527230995056545)
1(0.2154447995256693, 0.21601972523617563)
1(0.18553306480523557, 0.18603703562754348)
1(0.16507389327890365, 0.16557665503999153)
1(0.18012754120394447, 0.1806213818910789)
1(0.17304384318040966, 0.17347899372368758)
1(0.17095279806763608, 0.1713869896929272)
1(0.1660463321064254, 0.166411155269112)
1(0.24767267965573303, 0.2480136171801245)
1(0.17225171286190955, 0.17255568265011156)
1(0.2190412208506488, 0.2193036028021934)
1(0.205599275532793, 0.20577875096835485)
1(0.182677544015465, 0.18284554180643364)
1(0.1679630533106976, 0.16811606192677375)
1(0.15193617571757967, 0.1520873154282083)
1(0.17538569367259527, 0.17552539600767725)
1(0.17452080418358495, 0.17465017997490062)
1(0.14070245868093278, 0.14075800805205085)
1(0.12868280525298048, 0.12871668903478406)
1(0.22394294025364947, 0.22397426537122234)
0(0.0, inf)
0(0.0, 0.8420350822028806)
0(0.0, 0.43311391123836884)
0(0.0, 0.347186854720399)
0(0.0, 0.3203798573235177)
0(0.0, 0.3190391989582779)
0(0.0, 0.31639513593935886)
0(0.0, 0.28284507733498665)
0(0.0, 0.2688998782970847)
0(0.0, 0.26773388354958316)
0(0.0, 0.2621981200849477)
0(0.0, 0.2539238714746117)
0(0.0, 0.2527534823585653)
0(0.0, 0.2506682476334733)
0(0.0, 0.24694567273495527)
0(0.0, 0.24630139430941278)
0(0.0, 0.24622271286341302)
0(0.0, 0.24599505676826527)
0(0.0, 0.24404665615328391)
0(0.0, 0.24267278684189786)
0(0.0, 0.24178670414991554)
0(0.0, 0.24039494976066866)
0(0.0, 0.2383536439633861)
0(0.0, 0.2372105206165357)
0(0.0, 0.22937639270776988)
0(0.0, 0.22827772404014401)
0(0.0, 0.22806244028156797)
0(0.0, 0.22793433536969332)
0(0.0, 0.2278905821267606)
0(0.0, 0.2245448089039147)
0(0.0, 0.22243579155887794)
0(0.0, 0.22014421921826322)
0(0.0, 0.21949471020675348)
0(0.0, 0.2188991069381896)
0(0.0, 0.21576828406840898)
0(0.0, 0.2154325633757571)
0(0.0, 0.21495448069502965)
0(0.0, 0.2132522050588933)
0(0.0, 0.21083517830747311)
0(0.0, 0.21061077641266857)
0(0.0, 0.2070620827530515)
0(0.0, 0.20664523495743015)
0(0.0, 0.20557917636848533)
0(0.0, 0.20503827857302404)
0(0.0, 0.20411835196706318)
0(0.0, 0.20110417545248405)
0(0.0, 0.20095683337743941)
0(0.0, 0.2006678957346636)
0(0.0, 0.2003320640521551)
0(0.0, 0.20014749355251438)
0(0.0, 0.1998525782925371)
0(0.0, 0.19983687908542802)
0(0.0, 0.19944135358656)
0(0.0, 0.1990071906468821)
0(0.0, 0.198330708526686)
0(0.0, 0.19831304400033534)
0(0.0, 0.19731416866665252)
0(0.0, 0.19653889354270404)
0(0.0, 0.19645732755034684)
0(0.0, 0.19577472662966688)
0(0.0, 0.19565191455338282)
0(0.0, 0.19559688558036492)
0(0.0, 0.1948807814122423)
0(0.0, 0.19408625584729788)
0(0.0, 0.19391760794706236)
0(0.0, 0.19348496298736595)
0(0.0, 0.1916553766928646)
0(0.0, 0.19145764452508385)
0(0.0, 0.1912002789447912)
0(0.0, 0.19089025195179743)
0(0.0, 0.1902763273727105)
0(0.0, 0.18974602216136793)
0(0.0, 0.1894711493484459)
0(0.0, 0.18934215739930804)
0(0.0, 0.1888621977989159)
0(0.0, 0.18875729492502713)
0(0.0, 0.1875682290030063)
0(0.0, 0.18744375378293798)
0(0.0, 0.18743593443291562)
0(0.0, 0.18721418962809389)
0(0.0, 0.18703065533955832)
0(0.0, 0.18629435533977312)
0(0.0, 0.18580917681120945)
0(0.0, 0.18577342829717602)
0(0.0, 0.1855544034270037)
0(0.0, 0.18541839447476494)
0(0.0, 0.18531042273651865)
0(0.0, 0.18496241825140158)
0(0.0, 0.18487147614305566)
0(0.0, 0.18483985125669722)
0(0.0, 0.18421410385580894)
0(0.0, 0.18418861381506624)
0(0.0, 0.18397468828345098)
0(0.0, 0.1838856925240293)
0(0.0, 0.18383997373343675)
0(0.0, 0.18343850564689235)
0(0.0, 0.1834330258607395)
0(0.0, 0.18336554032025087)
0(0.0, 0.18316515008101586)
0(0.0, 0.18287308687936976)
0(0.0, 0.18249205165400229)
0(0.0, 0.18241132496665247)
0(0.0, 0.18227410329034388)
0(0.0, 0.1810534956701152)
0(0.0, 0.18100440327766187)
0(0.0, 0.18082302216699042)
0(0.0, 0.18070023022957726)
0(0.0, 0.18051505869725537)
0(0.0, 0.1799090209555182)
0(0.0, 0.1790651843514297)
0(0.0, 0.17872187489033908)
0(0.0, 0.17829237248035945)
0(0.0, 0.17806772805746396)
0(0.0, 0.17783920511977247)
0(0.0, 0.1772144080060677)
0(0.0, 0.17705153698030207)
0(0.0, 0.1765933831305153)
0(0.0, 0.17648045685659197)
0(0.0, 0.17639017771523435)
0(0.0, 0.17636465156664505)
0(0.0, 0.17611645450108548)
0(0.0, 0.17580476733082595)
0(0.0, 0.1755604557993531)
0(0.0, 0.17537693839316815)
0(0.0, 0.17535011838977976)
0(0.0, 0.17441154304675943)
0(0.0, 0.1740234633333)
0(0.0, 0.17313177316223138)
0(0.0, 0.17232954129106426)
0(0.0, 0.17052568894802844)
0(0.0, 0.17047218263740171)
0(0.0, 0.17038222083388)
0(0.0, 0.169829577415885)
0(0.0, 0.16780829870374803)
0(0.0, 0.16726552576323772)
0(0.0, 0.1665372880871654)
0(0.0, 0.16628073822674871)
0(0.0, 0.16510745813842098)
0(0.0, 0.16504217645008157)
0(0.0, 0.1649152817756897)
0(0.0, 0.16489187553286544)
0(0.0, 0.16486216007760024)
0(0.0, 0.16431765255154118)
0(0.0, 0.163870801292891)
0(0.0, 0.163732446402169)
0(0.0, 0.16319566763091453)
0(0.0, 0.1631553416379804)
0(0.0, 0.16313592264873866)
0(0.0, 0.16301389232193542)
0(0.0, 0.16281969343914604)
0(0.0, 0.16274466154076583)
0(0.0, 0.16272832404389725)
0(0.0, 0.1622762612898614)
0(0.0, 0.1618754770201528)
0(0.0, 0.1618556490781936)
0(0.0, 0.16143030178876194)
0(0.0, 0.16102671906396437)
0(0.0, 0.16038945290408912)
0(0.0, 0.16024060770421455)
0(0.0, 0.1600715363018098)
0(0.0, 0.16003132197837944)
0(0.0, 0.1599274929386073)
0(0.0, 0.15951467159367994)
0(0.0, 0.15927881338491567)
0(0.0, 0.15805790949912968)
0(0.0, 0.15800390145069376)
0(0.0, 0.1579431686256605)
0(0.0, 0.15761813181505135)
0(0.0, 0.15664104694797354)
0(0.0, 0.15621470122941294)
0(0.0, 0.15609233395339006)
0(0.0, 0.15608638479487358)
0(0.0, 0.15598158271918416)
0(0.0, 0.1559283396470833)
0(0.0, 0.1555239718119027)
0(0.0, 0.15520440707261685)
0(0.0, 0.15512995231771154)
0(0.0, 0.15497802473707334)
0(0.0, 0.15481700237224627)
0(0.0, 0.15479009024103885)
0(0.0, 0.1546068425415278)
0(0.0, 0.15382140831785962)
0(0.0, 0.1537150859259918)
0(0.0, 0.15347496852336207)
0(0.0, 0.15346204642250028)
0(0.0, 0.15331124502812687)
0(0.0, 0.15292344462469387)
0(0.0, 0.15211728815060066)
0(0.0, 0.15208191147680516)
0(0.0, 0.15188230997413488)
0(0.0, 0.15180822871150523)
0(0.0, 0.1516910302717951)
0(0.0, 0.15155029745396853)
0(0.0, 0.15093736924443846)
0(0.0, 0.15072544881976568)
0(0.0, 0.1503636426024293)
0(0.0, 0.15004834977084114)
0(0.0, 0.14993494200312274)
0(0.0, 0.14958792909221663)
0(0.0, 0.14938382841817777)
0(0.0, 0.14924935617905633)
0(0.0, 0.1488838944064309)
0(0.0, 0.14803916512339144)
0(0.0, 0.14781179821113055)
0(0.0, 0.14764807326874774)
0(0.0, 0.14738036551789735)
0(0.0, 0.146524687175428)
0(0.0, 0.1458227738176131)
0(0.0, 0.14549225333944082)
0(0.0, 0.14535388906720492)
0(0.0, 0.14465965019848426)
0(0.0, 0.14384215669929123)
0(0.0, 0.14381002224789596)
0(0.0, 0.14352969855889375)
0(0.0, 0.14344265829984582)
0(0.0, 0.1434207027018911)
0(0.0, 0.14275266221671157)
0(0.0, 0.14236534939391898)
0(0.0, 0.14113152836600373)
0(0.0, 0.14103809886336804)
0(0.0, 0.14103119816363663)
0(0.0, 0.14096682614872513)
0(0.0, 0.1407022988183585)
0(0.0, 0.14044142548880456)
0(0.0, 0.14038942169347746)
0(0.0, 0.14029298560956627)
0(0.0, 0.13989651149899818)
0(0.0, 0.13975661131698247)
0(0.0, 0.1395708226523652)
0(0.0, 0.13924488647919375)
0(0.0, 0.13901628506624863)
0(0.0, 0.13887715762423558)
0(0.0, 0.1382462823527636)
0(0.0, 0.13824482317816034)
0(0.0, 0.1373363492006543)
0(0.0, 0.13706392003803414)
0(0.0, 0.1369473292122092)
0(0.0, 0.13647179791798025)
0(0.0, 0.13564878385039403)
0(0.0, 0.13557692442191183)
0(0.0, 0.13550836443671677)
0(0.0, 0.13550366506959366)
0(0.0, 0.13536956607533734)
0(0.0, 0.13487094556680257)
0(0.0, 0.13465342592010654)
0(0.0, 0.13451389028417793)
0(0.0, 0.13435422298058486)
0(0.0, 0.1343211657135578)
0(0.0, 0.1337414381381946)
0(0.0, 0.1331834837353657)
0(0.0, 0.13313646623200281)
0(0.0, 0.13288626624234112)
0(0.0, 0.13268353188480375)
0(0.0, 0.13256194800628762)
0(0.0, 0.13254373603921954)
0(0.0, 0.1323617678945046)
0(0.0, 0.13235510052097343)
0(0.0, 0.1319900666646029)
0(0.0, 0.13191382002681462)
0(0.0, 0.13191329400803498)
0(0.0, 0.13184043573679438)
0(0.0, 0.13154013714225632)
0(0.0, 0.1315175337177753)
0(0.0, 0.13110491480135367)
0(0.0, 0.1307684589685063)
0(0.0, 0.13057377504403467)
0(0.0, 0.13010631985323096)
0(0.0, 0.13007662380922624)
0(0.0, 0.1300099717349773)
0(0.0, 0.1294581388239875)
0(0.0, 0.12940509531454436)
0(0.0, 0.1291298623506113)
0(0.0, 0.1290761297464622)
0(0.0, 0.12899622114839548)
0(0.0, 0.12898510903987048)
0(0.0, 0.1285114168977063)
0(0.0, 0.12842880748745822)
0(0.0, 0.12778022065613326)
0(0.0, 0.12767077937262739)
0(0.0, 0.1270962366848598)
0(0.0, 0.1264846133193842)
0(0.0, 0.126246435765361)
0(0.0, 0.12593284098072965)
0(0.0, 0.12589810656538092)
0(0.0, 0.12583349229341767)
0(0.0, 0.12566656728070458)
0(0.0, 0.12557618938228177)
0(0.0, 0.12553677557571707)
0(0.0, 0.12551123834617173)
0(0.0, 0.12541702373716102)
0(0.0, 0.12534432981802457)
0(0.0, 0.12429131694705964)
0(0.0, 0.12426834763439454)
0(0.0, 0.12425645958700049)
0(0.0, 0.1237029969020974)
0(0.0, 0.12368733400470544)
0(0.0, 0.12366828590000156)
0(0.0, 0.12357040475503756)
0(0.0, 0.12355412123789644)
0(0.0, 0.12325357244136881)
0(0.0, 0.12291684379401469)
0(0.0, 0.12290162733458587)
0(0.0, 0.122551436451109)
0(0.0, 0.122258978079962)
0(0.0, 0.12132671426196939)
0(0.0, 0.1211255289028581)
0(0.0, 0.12094657392029096)
0(0.0, 0.12091023372644372)
0(0.0, 0.12067441027899894)
0(0.0, 0.12061981437229663)
0(0.0, 0.12051335322430823)
0(0.0, 0.12049126688599832)
0(0.0, 0.12032850350409674)
0(0.0, 0.12031842387085345)
0(0.0, 0.12003328318312145)
0(0.0, 0.1199494543198697)
0(0.0, 0.1197182783920463)
0(0.0, 0.11936560116850792)
0(0.0, 0.11931963592508532)
0(0.0, 0.11906387203032864)
0(0.0, 0.11891983784759119)
0(0.0, 0.11883231403070138)
0(0.0, 0.11860316572070773)
0(0.0, 0.11857013938078897)
0(0.0, 0.11855124927796723)
0(0.0, 0.11853773727764039)
0(0.0, 0.11830588203968773)
0(0.0, 0.11776210371111939)
0(0.0, 0.11769934762638468)
0(0.0, 0.11764279870630179)
0(0.0, 0.11751063205209811)
0(0.0, 0.11741453618864861)
0(0.0, 0.11733376587748112)
0(0.0, 0.11705545624052671)
0(0.0, 0.11693000829747113)
0(0.0, 0.11681417098532343)
0(0.0, 0.11678342384044649)
0(0.0, 0.11675451524930558)
0(0.0, 0.11635586261606934)
0(0.0, 0.1157823516092128)
0(0.0, 0.1155462334988464)
0(0.0, 0.11551351417248212)
0(0.0, 0.11543559689293348)
0(0.0, 0.11529207317232781)
0(0.0, 0.11502030002393926)
0(0.0, 0.11488630132891287)
0(0.0, 0.11475391192144102)
0(0.0, 0.11445560359063822)
0(0.0, 0.11403467020668456)
0(0.0, 0.11272120173648403)
0(0.0, 0.11211832409137967)
0(0.0, 0.11192072639004513)
0(0.0, 0.11181731923264404)
0(0.0, 0.11176568765140948)
0(0.0, 0.11119030932678609)
0(0.0, 0.11086985940919192)
0(0.0, 0.11086131442728997)
0(0.0, 0.11084599374440007)
0(0.0, 0.10954056548160684)
0(0.0, 0.10947206566532197)
0(0.0, 0.10922988452098448)
0(0.0, 0.1089062927559471)
0(0.0, 0.10878273854985598)
0(0.0, 0.1085280498215937)
0(0.0, 0.1085257770246788)
0(0.0, 0.10840885273010159)
0(0.0, 0.10803385050911563)
0(0.0, 0.10791660567050676)
0(0.0, 0.10735906388398642)
0(0.0, 0.10664086389493632)
0(0.0, 0.10628675320549508)
0(0.0, 0.10610409895393313)
0(0.0, 0.1056980852890429)
0(0.0, 0.10525464461107459)
0(0.0, 0.1046988061354146)
0(0.0, 0.1043878139104476)
0(0.0, 0.10414452008463893)
0(0.0, 0.10412267294129096)
0(0.0, 0.10356707183415692)
0(0.0, 0.10347388683765735)
0(0.0, 0.10334208049811133)
0(0.0, 0.1029963030963924)
0(0.0, 0.10262544422883024)
0(0.0, 0.1020096267005226)
0(0.0, 0.10158960917013049)
0(0.0, 0.10154769613143977)
0(0.0, 0.10141299779428692)
0(0.0, 0.10113558021872848)
0(0.0, 0.10106934523396593)
0(0.0, 0.10093317905741828)
0(0.0, 0.10028241975235863)
0(0.0, 0.09952543139305625)
0(0.0, 0.09811732879453627)
0(0.0, 0.09756245247380346)
0(0.0, 0.09720459001422865)
0(0.0, 0.09715471193933511)
0(0.0, 0.09692430461907764)
0(0.0, 0.09625865273501344)
0(0.0, 0.0960713406299627)
0(0.0, 0.09494508618001407)
0(0.0, 0.0932755403614256)
0(0.0, 0.09238589266884056)
0(0.0, 0.09237642941682944)
0(0.0, 0.0915810653494813)
0(0.0, 0.0906137820113001)
0(0.0, 0.08998751379982273)
0(0.0, 0.08980790842169872)
0(0.0, 0.08958711889182458)
0(0.0, 0.0874783583247205)
0(0.0, 0.08609681092761012)
0(0.0, 0.08364874960244406)
0(0.0, 0.08300864458390489)
0(0.0, 0.08286870830309867)
0(0.0, 0.08148432316885934)
0(0.0, 0.08134315015386484)
0(0.0, 0.07983335121168045)
0(0.0, 0.07752842322831854)
0(0.0, 0.07683334599790392)
0(0.0, 0.07437767598374767)
0(0.0, 0.07108619017972218)
0(0.0, 0.07094763532369197)
0(0.0, 0.07055420308278315)
0(0.0, 0.06700258769064027)
0(0.0, 0.0665161575652321)
0(0.0, 0.06468703641970941)
0(0.0, 0.06410283624311952)
0(0.0, 0.06205221936591743)
0(0.0, 0.061531226056243504)
0(0.0, 0.05959609290753265)
0(0.0, 0.05636936905331158)
0(0.0, 0.056148450093951974)
0(0.0, 0.04341160345549022)
