1(0.9401520276618477, 1.174353372638739)
1(0.30970919637573047, 0.3974075595941081)
1(0.2880531281791979, 0.3730997929016431)
1(0.22752396646104733, 0.29968428345130327)
1(0.28671183617157314, 0.35783759600142506)
1(0.3751659761946673, 0.4457960157108395)
1(0.4879626350549736, 0.553464060519913)
1(0.29330181637982855, 0.3547987567197918)
1(0.2977711062799435, 0.3540738817714486)
1(0.36085553212582466, 0.41714713464241737)
1(0.30845314834300896, 0.36323648793050134)
1(0.3372912174438585, 0.3919140833146961)
1(0.2618817220645471, 0.3155666219015827)
1(0.3310675423644026, 0.3841842035406391)
1(0.25783187679146957, 0.31020911353330693)
1(0.33692807918155376, 0.3892853836417194)
1(0.26598116626007084, 0.3182374261417844)
1(0.29303729358116315, 0.34418171230720984)
1(0.9833135599135606, 1.0341388018764475)
1(0.38589869058389825, 0.4353227702350503)
1(0.3726526599593829, 0.4214449571480109)
1(0.3361636640988426, 0.38458395352154406)
1(0.29705349798988356, 0.34481184686425104)
1(0.1431025483852496, 0.18966693025926573)
1(0.25183139440453206, 0.2976107919260079)
1(0.3182551328610077, 0.3637210571120698)
1(0.44479817980153524, 0.48959322818380757)
1(0.24775900534327855, 0.29236583845461894)
1(0.3560221576741135, 0.4005128972312866)
1(0.2195713538632199, 0.2636994685933973)
1(0.3542957863209699, 0.39786462057003036)
1(0.33744463785076206, 0.3806168148924177)
1(0.2518999469672145, 0.2950353453334308)
1(0.22587426436090763, 0.26869468402219154)
1(0.2845557473833116, 0.3271359881528717)
1(0.29915353084482144, 0.34135142570474275)
1(0.14589509028137448, 0.18801410209681557)
1(0.34979117304795493, 0.391132654186641)
1(0.3236847438893208, 0.3639084612540634)
1(0.2734198768370135, 0.31329373564384566)
1(0.33850762646394283, 0.3781386694108849)
1(0.37509293192395265, 0.41386613351373336)
1(0.25981818866999673, 0.29841937125643414)
1(0.35762123132267565, 0.39486216907502436)
1(0.28553372639075825, 0.3224115891879267)
1(0.34738340659967504, 0.38380185944843614)
1(0.2689034891587214, 0.3052910969057998)
1(0.26629124504858703, 0.3020091992453312)
1(0.2499313811692363, 0.284177485687801)
1(0.3898653383001963, 0.4241009184638739)
1(0.27293529289352025, 0.30644321297002275)
1(0.34192042756237895, 0.3749281610199183)
1(0.2416783537243159, 0.27452405416475834)
1(0.24173955893039767, 0.2745468954241165)
1(0.25851115412090664, 0.29128382524943564)
1(0.2908372088051131, 0.323549842595826)
1(0.3122933580944446, 0.34446207237047743)
1(0.2782536838517258, 0.31020911353330693)
1(0.24357735733066765, 0.274838556470436)
1(0.2825193016528167, 0.31329373564384566)
1(0.3701367683962945, 0.40090739274014686)
1(0.3316343048040751, 0.36206268007019493)
1(0.23572724982423843, 0.2657114555287603)
1(0.31823465727181965, 0.3481157593253875)
1(0.27711450237211566, 0.3067937819629578)
1(0.25692367727256304, 0.2865184909406625)
1(0.3900491259033301, 0.4196250622995572)
1(0.28901166402036327, 0.31845139989007964)
1(0.32661053249804406, 0.35567282130467925)
1(0.10951832323436217, 0.1385612628168238)
1(0.3242642808196021, 0.35264721664471954)
1(0.14642070716859346, 0.17459114878433135)
1(0.37879557748741133, 0.40684867052022566)
1(0.3148265341381501, 0.3428762165230701)
1(0.3237452864871858, 0.3517413514842542)
1(0.28307409827378427, 0.31066986885020054)
1(0.2921769250787307, 0.31975205218769154)
1(0.2705137132174855, 0.2975238639715211)
1(0.11104881946654732, 0.13699977258201534)
1(0.4980765935154311, 0.5239502462016927)
1(0.2567336632850882, 0.2824711554137407)
1(0.30353011685577835, 0.3289825386625189)
1(0.31664305551971306, 0.34177630688511496)
1(0.2776609240612746, 0.30255422027509904)
1(0.13487707775658198, 0.1597538135279123)
1(0.32475479886235303, 0.34959662135459735)
1(0.350340983347493, 0.3748762723376994)
1(0.4244298632201936, 0.4489319269396387)
1(0.34453285579149073, 0.36899750193451064)
1(0.3817757954904518, 0.40623473265176824)
1(0.1516559390661507, 0.17582539097131433)
1(0.312660266530184, 0.33681995584149793)
1(0.13309217557854258, 0.15711625429063247)
1(0.1509766971395725, 0.17490038187756674)
1(0.32487648629175814, 0.34859251590017526)
1(0.28615521430836, 0.3097841714340016)
1(0.26384415816628326, 0.2873594782408465)
1(0.3019474181790647, 0.32545124401943837)
1(0.34565229757398197, 0.36907328719016186)
1(0.24784020877984603, 0.2712407699120256)
1(0.12777360954618966, 0.15095179168220907)
1(0.3059483262770508, 0.32908256690306625)
1(0.2588090222704086, 0.2817081143997099)
1(0.11631865148815301, 0.13900890180879943)
1(0.3968493394765401, 0.41931765799272636)
1(0.3724318599222153, 0.3947988364912679)
1(0.33777602888801084, 0.36008741221382745)
1(0.23340081499083076, 0.25537844971174084)
1(0.2418782596996536, 0.2637767932244989)
1(0.3778809744114331, 0.3997018435564794)
1(0.34969585317455876, 0.3715000787307904)
1(0.35734614873948334, 0.3791435983019741)
1(0.3203024444985212, 0.34203362292021033)
1(0.3307385208337582, 0.3521886761126237)
1(0.2658148066625222, 0.28712682543991497)
1(0.12159007957910761, 0.14272626026139468)
1(0.0947044917850084, 0.11579053465075717)
1(0.2480657842560663, 0.26899553758951344)
1(0.3033563051220143, 0.3242269756747992)
1(0.1914761920962964, 0.21224154032701426)
1(0.29680017616180643, 0.31737104638841773)
1(0.29667793275368426, 0.3171849336810818)
1(0.12161495058473504, 0.14202199281934758)
1(0.3001503314805585, 0.32042133681658214)
1(0.13236511467549417, 0.15257554972117782)
1(0.28531371017267104, 0.3054670042056259)
1(0.31632255047298063, 0.33641811564368196)
1(0.30315045225532766, 0.32323582804994866)
1(0.39932828150520006, 0.4194013867119232)
1(0.3096170417909605, 0.32950003399131533)
1(0.2437938109758908, 0.2636595757924258)
1(0.1965276882910748, 0.2163835187229386)
1(0.3391844398615532, 0.3588353153274725)
1(0.3014779121645965, 0.32099070654330253)
1(0.3546546600191878, 0.3741570278484817)
1(0.2532836199731613, 0.27263601222630074)
1(0.2898408471700118, 0.30917933267461395)
1(0.34820015728332554, 0.3675045818843833)
1(0.3173795406996366, 0.3365123852250952)
1(0.4343582054496332, 0.45337600779740006)
1(0.22905025368232068, 0.2479048114275464)
1(0.30519664141390257, 0.3240450899323444)
1(0.3385241721968112, 0.35732778327563053)
1(0.30550578697783015, 0.3242896660895921)
1(0.2948317891729928, 0.31350597523029844)
1(0.14523298454220013, 0.16387683458788982)
1(0.16346908362246837, 0.1820649973740157)
1(0.28388356027586636, 0.30244773525675095)
1(0.28289808198485056, 0.30140418303468064)
1(0.30644364456506756, 0.3247470259383636)
1(0.3646123921178539, 0.3827809169462806)
1(0.1496689829381015, 0.1678157622276174)
1(0.26231226038884703, 0.2803088143031509)
1(0.424450747145771, 0.4423112724256423)
1(0.32210442491751545, 0.33991153377516414)
1(0.358277485227675, 0.3757784347745714)
1(0.2666447969058635, 0.2839210828773623)
1(0.2774035898484706, 0.2945949303774077)
1(0.34843569316048506, 0.3653812164627188)
1(0.40494130402456485, 0.42166189701970214)
1(0.23967244798816112, 0.2562458723825741)
1(0.38715747887242624, 0.4035294812937311)
1(0.29669864918233224, 0.3130253063723605)
1(0.32565766708568245, 0.34177271640611995)
1(0.40250837824152474, 0.4182158605943679)
1(0.41551936540753187, 0.4307483572500631)
1(0.13475901492993514, 0.14984084459297242)
1(0.3782589845601112, 0.3931321096333157)
1(0.1413904795890013, 0.15625710595288345)
1(0.3897916462752399, 0.40462561553443455)
1(0.2783293561721183, 0.29313105383620364)
1(0.4126884541041056, 0.42745761470426824)
1(0.3248031720580551, 0.3395046812564543)
1(0.27768389553617123, 0.29236583845461894)
1(0.3105605195443101, 0.32487209063998346)
1(0.2363054891229387, 0.2505643229480524)
1(0.12639641271660995, 0.14049747919580013)
1(0.3460072506762988, 0.36008741221382745)
1(0.33526725566861637, 0.3490152630185175)
1(0.3094552543633866, 0.3231443635705894)
1(0.37444463168202236, 0.3880206784960937)
1(0.31089650653731393, 0.3244488493705159)
1(0.3969812047521627, 0.41049088919985155)
1(0.16864227767145024, 0.1820649973740157)
1(0.32851070054058396, 0.34177630688511496)
1(0.3100763214132545, 0.3233398589690405)
1(0.30645847086782785, 0.319662995259003)
1(0.2894399920564984, 0.3025464137735854)
1(0.12008678833477748, 0.13282529658366438)
1(0.3747579683628368, 0.387467452616573)
1(0.32411049318137974, 0.3365114018184081)
1(0.17415063069075243, 0.18645603473812367)
1(0.3449601652508235, 0.35713020060935063)
1(0.256587516262861, 0.26869468402219154)
1(0.41902451350233183, 0.4310763877988749)
1(0.20168984758986352, 0.21366958539484382)
1(0.34470099253934516, 0.3566006802403451)
1(0.3092894274324216, 0.3211590441035491)
1(0.11493501731656808, 0.1267630628211619)
1(0.26946099070634144, 0.28116121654130655)
1(0.12553273404491705, 0.13708005856785133)
1(0.13776150388812414, 0.14930876959319705)
1(0.3230287075179017, 0.33433098948182216)
1(0.12468145030085942, 0.135960576223903)
1(0.326294617838932, 0.33755510352657825)
1(0.2412531853698704, 0.25229818236310064)
1(0.2487963323336828, 0.2598026788368355)
1(0.1324034104965659, 0.14329488235752275)
1(0.12890780936936042, 0.13976912838422184)
1(0.3366148367181214, 0.3474418074714435)
1(0.14757482083520224, 0.1583286204971207)
1(0.15324407751903646, 0.1637560212194542)
1(0.3012188318838278, 0.31137712562334385)
1(0.11050765657919914, 0.12035629647476953)
1(0.26401314447160384, 0.2738011259629709)
1(0.33141472704432096, 0.3412018901824605)
1(0.31076640331299765, 0.3205119555677767)
1(0.4283917040237246, 0.437988585969473)
1(0.14026240741656715, 0.14984084459297242)
1(0.13309529006190246, 0.14260069665791408)
1(0.31888753490303046, 0.3283552554937146)
1(0.32854871057279655, 0.3379587471289255)
1(0.3490805001090288, 0.3584467287348022)
1(0.45586945999266026, 0.46503109931173936)
1(0.32328910119738874, 0.332398908835127)
1(0.3622897583329441, 0.37138810454580096)
1(0.33159189282653645, 0.34051882955555235)
1(0.33913836047334367, 0.3480562296120576)
1(0.2909012069771204, 0.29968604487651607)
1(0.2526968817601897, 0.26133222788716126)
1(0.5507695038029818, 0.5593416793834071)
1(0.3829513678858233, 0.3914478532954522)
1(0.13711034188426408, 0.14545454887436637)
1(0.3790931231726481, 0.3872305337611577)
1(0.13886881063967227, 0.14695833600840702)
1(0.270835165290493, 0.2789222618753576)
1(0.48858902247771163, 0.49664333987695886)
1(0.3379140688312149, 0.34590641354100127)
1(0.3269745174778351, 0.3347948489186986)
1(0.372668980210209, 0.38044263063867656)
1(0.30143525846495667, 0.3091866310189886)
1(0.12977850260619106, 0.13736833860886755)
1(0.295932568271023, 0.30349105228211104)
1(0.2620245722637944, 0.2695777775586109)
1(0.36219600082614256, 0.3696014198231161)
1(0.1692154525992603, 0.1765166049810345)
1(0.10908771477574553, 0.11627384309730338)
1(0.26686538039958674, 0.27399776540279075)
1(0.3532099666152715, 0.3603151288168458)
1(0.4073305966321248, 0.41442429913508694)
1(0.3966805564485447, 0.40358704922146726)
1(0.27678085354591997, 0.2836428517899616)
1(0.3722850080276303, 0.3791435983019741)
1(0.4206358280807365, 0.42745761470426824)
1(0.14624715763038598, 0.15298084646245724)
1(0.44262282367422356, 0.4493327158838526)
1(0.1549507883497553, 0.16161359720323398)
1(0.3725128435113527, 0.3791435983019741)
1(0.12568181801940737, 0.13222794862746556)
1(0.12207702129822673, 0.12848134140124934)
1(0.37871811123777965, 0.38511702722965757)
1(0.30837456263331964, 0.3145721227753391)
1(0.1302490060240461, 0.13642033818287969)
1(0.31637402725822816, 0.32251571619922625)
1(0.13014607248485466, 0.1362231695051228)
1(0.35741739096361014, 0.36344998462469547)
1(0.14848015673823334, 0.15443049083726823)
1(0.31602723746704153, 0.32193809044868515)
1(0.31384055714127645, 0.3196710709837137)
1(0.2917997941370485, 0.2975805363522185)
1(0.14686049665088352, 0.15261861922158193)
1(0.12101329583762432, 0.1267630628211619)
1(0.3929321463836978, 0.39858722584588824)
1(0.2552413896902902, 0.2607345824910384)
1(0.11043008827998413, 0.1158721637604857)
1(0.17111314242441722, 0.17637021442804524)
1(0.1347000838888175, 0.1399186117867539)
1(0.15699403342011875, 0.16209161649862902)
1(0.36643898020632115, 0.37153202752057046)
1(0.3241613046896128, 0.32908256690306625)
1(0.39111576147429994, 0.3959363707049748)
1(0.3501634303311262, 0.35494231819783395)
1(0.08402007312701831, 0.08874781941193899)
1(0.29666433789152435, 0.3013621357165077)
1(0.271404220145149, 0.2759970510885523)
1(0.28120424039792147, 0.28579508001789844)
1(0.31645014039637476, 0.321024041664722)
1(0.16981455863390982, 0.1743214875483784)
1(0.13441382908895838, 0.1386214334996928)
1(0.12737989667930094, 0.1315186929646066)
1(0.30627791798689374, 0.3104146640918093)
1(0.09025048185330453, 0.09435110651639711)
1(0.13071998643623506, 0.13480086820720572)
1(0.2864839020721077, 0.2904926823009313)
1(0.15438603331938616, 0.1583286204971207)
1(0.13500709456627658, 0.1388923901747705)
1(0.1660167584881922, 0.16974853283275648)
1(0.20780031712282987, 0.21148014421252237)
1(0.32029229527792213, 0.32382005898391375)
1(0.1323044870573915, 0.13574022865158553)
1(0.3345435290034099, 0.3379587471289255)
1(0.1421390217759292, 0.1454173607428516)
1(0.36479379964879255, 0.3679861704869921)
1(0.11260234737890118, 0.11579053465075717)
1(0.3062001806126834, 0.3093477019092624)
1(0.2839794026649046, 0.28712682543991497)
1(0.39120370779131464, 0.39434499488517705)
1(0.3142897125033908, 0.3174217302851311)
1(0.35340630630001624, 0.356523793212138)
1(0.3628082161241627, 0.36580223634931586)
1(0.4102953370954808, 0.4132800522741561)
1(0.25335474380133516, 0.2562458723825741)
1(0.15685501698775617, 0.15973362816452485)
1(0.1257022333655592, 0.12848134140124934)
1(0.2526645787780236, 0.25537844971174084)
1(0.2873771479164311, 0.29002273998177086)
1(0.31901341547201445, 0.32161919436535)
1(0.1477757625586814, 0.1503366515279977)
1(0.16534590511565384, 0.16789617633246545)
1(0.15763811924157345, 0.16008399875402668)
1(0.2569654932324297, 0.2594080210081846)
1(0.13280321344146406, 0.1351866531767577)
1(0.15357915252057874, 0.15583920771553372)
1(0.1468022430159417, 0.14900723175197306)
1(0.3089560293341612, 0.31110696063667087)
1(0.14819491661701767, 0.1502537379793356)
1(0.11224471385323365, 0.11429661934592539)
1(0.2957349830280389, 0.2977829025747296)
1(0.2767453511385163, 0.2787697182675558)
1(0.26102385124618555, 0.26254737079707546)
1(0.29279898038493046, 0.29428813528604614)
1(0.344054394380078, 0.3455323115210578)
1(0.31974942255726335, 0.32122723056697045)
1(0.3259110212543509, 0.3271990711703494)
1(0.14576053280335144, 0.14697049340740098)
1(0.302368703369037, 0.30349105228211104)
1(0.16843456472215834, 0.16948104336791803)
1(0.32333164102177137, 0.3243323907014307)
1(0.11479717383499133, 0.11579053465075717)
1(0.42343694782522756, 0.424361692120244)
1(0.3066544412088401, 0.3075126945882477)
1(0.16933187819760798, 0.1701701807876741)
1(0.3390798321829672, 0.33991153377516414)
1(0.40416807509312214, 0.40489498056009043)
1(0.418942436655254, 0.4196250622995572)
1(0.2547621094738902, 0.25537844971174084)
1(0.1261493888384072, 0.1267630628211619)
1(0.27489979922038277, 0.275491029286526)
1(0.3436607852953004, 0.3442137354604379)
1(0.20023883676237286, 0.200719090101541)
1(0.4284431626153705, 0.4288551457431391)
1(0.3303275710989445, 0.3307265879432989)
1(0.45669805733522884, 0.4570757499123699)
1(0.3945542322676594, 0.39486216907502436)
1(0.3973019980700039, 0.3975878449949578)
1(0.4370828003909424, 0.4372123490562083)
0(0.0, inf)
0(0.0, 0.7924576931843591)
0(0.0, 0.5660742665293612)
0(0.0, 0.48308800768652727)
0(0.0, 0.48065394100418335)
0(0.0, 0.4627140036117009)
0(0.0, 0.4261096254760297)
0(0.0, 0.4161393943883157)
0(0.0, 0.41442221356254905)
0(0.0, 0.4115672048492699)
0(0.0, 0.4105465262013691)
0(0.0, 0.3989431162899145)
0(0.0, 0.3853383995634566)
0(0.0, 0.38388220234100945)
0(0.0, 0.3787001985922436)
0(0.0, 0.3769736435951626)
0(0.0, 0.3755643233852205)
0(0.0, 0.3717602654977462)
0(0.0, 0.3705613464581863)
0(0.0, 0.37019912572536895)
0(0.0, 0.3663884367372998)
0(0.0, 0.35276752574310344)
0(0.0, 0.346212053589008)
0(0.0, 0.3453802820556059)
0(0.0, 0.3411107820927607)
0(0.0, 0.3389216583725754)
0(0.0, 0.3370564563024563)
0(0.0, 0.33371728472235285)
0(0.0, 0.3322849518473)
0(0.0, 0.32916780901711995)
0(0.0, 0.3288252704450644)
0(0.0, 0.325979994240748)
0(0.0, 0.32502668824440784)
0(0.0, 0.32482953884742316)
0(0.0, 0.32470851797521916)
0(0.0, 0.32413933167495845)
0(0.0, 0.323902519594954)
0(0.0, 0.32307766672283)
0(0.0, 0.32130004196048967)
0(0.0, 0.3211260139292975)
0(0.0, 0.3210612389203856)
0(0.0, 0.3183099968078651)
0(0.0, 0.31713114363975226)
0(0.0, 0.3170511631683659)
0(0.0, 0.31552539949332825)
0(0.0, 0.31342897013560034)
0(0.0, 0.31185565384091485)
0(0.0, 0.31168204539482547)
0(0.0, 0.3116046522321876)
0(0.0, 0.30999969388737025)
0(0.0, 0.3096012021422643)
0(0.0, 0.3095559819540348)
0(0.0, 0.306410759093935)
0(0.0, 0.30631269847846343)
0(0.0, 0.30606359053910004)
0(0.0, 0.3056881417235048)
0(0.0, 0.30447759340105496)
0(0.0, 0.3044634880788821)
0(0.0, 0.3040943737102082)
0(0.0, 0.30389889681965054)
0(0.0, 0.3033592867874364)
0(0.0, 0.3027460479634546)
0(0.0, 0.3025530659332657)
0(0.0, 0.30227574345929886)
0(0.0, 0.3021493918533762)
0(0.0, 0.3012267181878133)
0(0.0, 0.30024926563658194)
0(0.0, 0.2996785070692257)
0(0.0, 0.29917023333257975)
0(0.0, 0.29888864436858686)
0(0.0, 0.2988819681970837)
0(0.0, 0.2979920081383358)
0(0.0, 0.29697686652155053)
0(0.0, 0.29663937741201307)
0(0.0, 0.29615132463575455)
0(0.0, 0.29542770307916766)
0(0.0, 0.2944775172628661)
0(0.0, 0.2928137851784952)
0(0.0, 0.2921545716782016)
0(0.0, 0.29212034210876503)
0(0.0, 0.29097767560226284)
0(0.0, 0.2909480779677167)
0(0.0, 0.2876239372025774)
0(0.0, 0.28701458486822085)
0(0.0, 0.28677031300882205)
0(0.0, 0.2867053340008344)
0(0.0, 0.2865522713649794)
0(0.0, 0.28598680087090667)
0(0.0, 0.28578291981500037)
0(0.0, 0.2856993185032115)
0(0.0, 0.28526530203448874)
0(0.0, 0.28526141553655304)
0(0.0, 0.2849335529916406)
0(0.0, 0.28491349160289026)
0(0.0, 0.2813856693099832)
0(0.0, 0.280711110233528)
0(0.0, 0.280507106112014)
0(0.0, 0.2804301709175495)
0(0.0, 0.2789466985536643)
0(0.0, 0.2764746284229549)
0(0.0, 0.27605745430385387)
0(0.0, 0.27560203354726176)
0(0.0, 0.27475001207810457)
0(0.0, 0.2744639824708144)
0(0.0, 0.27389159705229404)
0(0.0, 0.2736023738298503)
0(0.0, 0.2734865031542725)
0(0.0, 0.27031102059456713)
0(0.0, 0.269278455225344)
0(0.0, 0.26910005541076754)
0(0.0, 0.2682634112503718)
0(0.0, 0.26727849652399904)
0(0.0, 0.26582496820730783)
0(0.0, 0.2647460939764179)
0(0.0, 0.26342140335295783)
0(0.0, 0.26338664819631463)
0(0.0, 0.26200688248471404)
0(0.0, 0.26194390731799644)
0(0.0, 0.261405648601588)
0(0.0, 0.2602179749179446)
0(0.0, 0.26003905551452544)
0(0.0, 0.25805642185471933)
0(0.0, 0.2570058210011287)
0(0.0, 0.2557122760397753)
0(0.0, 0.2550857960574848)
0(0.0, 0.2545009308005691)
0(0.0, 0.2542922668329676)
0(0.0, 0.2537285208878709)
0(0.0, 0.2536051875414804)
0(0.0, 0.25298720593778345)
0(0.0, 0.25247614724416456)
0(0.0, 0.25244289522591834)
0(0.0, 0.25145850355241717)
0(0.0, 0.25122119988303704)
0(0.0, 0.2508400980393778)
0(0.0, 0.25051787021757443)
0(0.0, 0.2504809081146905)
0(0.0, 0.2499336954823399)
0(0.0, 0.249919694370901)
0(0.0, 0.24812271867104874)
0(0.0, 0.24669002953997943)
0(0.0, 0.24624920791608784)
0(0.0, 0.24586415719576482)
0(0.0, 0.24558087969893982)
0(0.0, 0.24519389990792195)
0(0.0, 0.24501648179956736)
0(0.0, 0.24480722725333137)
0(0.0, 0.24395609434106535)
0(0.0, 0.24383039578993582)
0(0.0, 0.24353685658037127)
0(0.0, 0.24232875955813504)
0(0.0, 0.24196791028354936)
0(0.0, 0.24119285321204698)
0(0.0, 0.24088581496887218)
0(0.0, 0.23896608571390643)
0(0.0, 0.238445663014906)
0(0.0, 0.23830379309994698)
0(0.0, 0.23742860705098512)
0(0.0, 0.2371184543744067)
0(0.0, 0.2369133679656289)
0(0.0, 0.23649456539900016)
0(0.0, 0.2355542029837555)
0(0.0, 0.23514599207859355)
0(0.0, 0.23472260685410906)
0(0.0, 0.2344028758244293)
0(0.0, 0.23393581348057058)
0(0.0, 0.2309862225629572)
0(0.0, 0.22999879626898256)
0(0.0, 0.2267709221663171)
0(0.0, 0.2266516183312357)
0(0.0, 0.22611127595613856)
0(0.0, 0.22455687067079066)
0(0.0, 0.2242681080462492)
0(0.0, 0.22385835745177907)
0(0.0, 0.22305107800378277)
0(0.0, 0.22294036606375012)
0(0.0, 0.22205662755049704)
0(0.0, 0.22091491906192506)
0(0.0, 0.22068312243170973)
0(0.0, 0.2195717005347625)
0(0.0, 0.21850875141801918)
0(0.0, 0.2171271089084651)
0(0.0, 0.21688450053944197)
0(0.0, 0.21630296304340724)
0(0.0, 0.21629054253559155)
0(0.0, 0.2157382268039928)
0(0.0, 0.21533655006191288)
0(0.0, 0.2151366105643765)
0(0.0, 0.2148785699259359)
0(0.0, 0.21487576378416562)
0(0.0, 0.2147538729588252)
0(0.0, 0.2143808920642848)
0(0.0, 0.2134635206876696)
0(0.0, 0.2130542894001376)
0(0.0, 0.21155601336675556)
0(0.0, 0.21097704241363868)
0(0.0, 0.20709449063429286)
0(0.0, 0.20644924465278258)
0(0.0, 0.20332552299710271)
0(0.0, 0.20219880722273786)
0(0.0, 0.1995938576274945)
0(0.0, 0.19926228316152472)
0(0.0, 0.19847692666774486)
0(0.0, 0.1974167592386119)
0(0.0, 0.19182257411985604)
0(0.0, 0.1888124982718018)
0(0.0, 0.18703504268304727)
0(0.0, 0.1866597110550925)
0(0.0, 0.18630580816494613)
0(0.0, 0.1861943336877495)
0(0.0, 0.18525217207523914)
0(0.0, 0.1845486042781468)
0(0.0, 0.18323063638918113)
0(0.0, 0.18212427522682606)
0(0.0, 0.18208645715552185)
0(0.0, 0.18161454676461097)
0(0.0, 0.18143587926614724)
0(0.0, 0.18067066915280572)
0(0.0, 0.17544353967432758)
0(0.0, 0.16791863445029853)
0(0.0, 0.16532102256318726)
0(0.0, 0.1532494755536672)
0(0.0, 0.15220947221637648)
0(0.0, 0.15044510117973242)
0(0.0, 0.147997843979483)
0(0.0, 0.14683262826169585)
0(0.0, 0.14408763030591076)
0(0.0, 0.14362881013051387)
0(0.0, 0.14330445311966133)
0(0.0, 0.14221951025714186)
0(0.0, 0.1416921541741829)
0(0.0, 0.14154534554926868)
0(0.0, 0.1395623175887143)
0(0.0, 0.1374719223155676)
0(0.0, 0.13682987030988458)
0(0.0, 0.1353247306414933)
0(0.0, 0.13520268727778917)
0(0.0, 0.13394223958758134)
0(0.0, 0.13388592961756607)
0(0.0, 0.1337108371222362)
0(0.0, 0.1330931475773628)
0(0.0, 0.13170833672319382)
0(0.0, 0.13101801169159344)
0(0.0, 0.13019800778063773)
0(0.0, 0.12949753849261303)
0(0.0, 0.12874360552233965)
0(0.0, 0.12797826259172362)
0(0.0, 0.1279639873139069)
0(0.0, 0.12765103796290067)
0(0.0, 0.12663161348904162)
0(0.0, 0.12600138196520005)
0(0.0, 0.12418158470071794)
0(0.0, 0.12340894477728614)
0(0.0, 0.12293840337396256)
0(0.0, 0.12260569198063997)
0(0.0, 0.12233772191206238)
0(0.0, 0.12174229349985322)
0(0.0, 0.12088604221710664)
0(0.0, 0.12007314205745023)
0(0.0, 0.11876726614544686)
0(0.0, 0.11769962686778734)
0(0.0, 0.1175185708385964)
0(0.0, 0.11640551630438367)
0(0.0, 0.11581117276053354)
0(0.0, 0.11549472429870156)
0(0.0, 0.11539838241796008)
0(0.0, 0.11490280970483335)
0(0.0, 0.11477778574179454)
0(0.0, 0.11433397061319461)
0(0.0, 0.11414362710492376)
0(0.0, 0.11403471673453636)
0(0.0, 0.11375688154848074)
0(0.0, 0.11321519871790342)
0(0.0, 0.11259563113502369)
0(0.0, 0.11206425053602087)
0(0.0, 0.11186178526855695)
0(0.0, 0.11076230325350445)
0(0.0, 0.11033395127758039)
0(0.0, 0.10980902069390952)
0(0.0, 0.10940848123848201)
0(0.0, 0.10675476377064408)
0(0.0, 0.10653013675192202)
0(0.0, 0.1061955493010267)
0(0.0, 0.10599784874251617)
0(0.0, 0.1059513345447115)
0(0.0, 0.10515049848776536)
0(0.0, 0.10507990357418895)
0(0.0, 0.10485661416860048)
0(0.0, 0.10390362208737058)
0(0.0, 0.1034853009798904)
0(0.0, 0.10325752933833499)
0(0.0, 0.10276175347420624)
0(0.0, 0.10259550061435907)
0(0.0, 0.10258098384572811)
0(0.0, 0.10175882824311833)
0(0.0, 0.10040118625277017)
0(0.0, 0.09931307937380729)
0(0.0, 0.09836841500385729)
0(0.0, 0.09777605121471034)
0(0.0, 0.09720613652081789)
0(0.0, 0.09674009096992353)
0(0.0, 0.09610024431995945)
0(0.0, 0.09488033478780888)
0(0.0, 0.09474090373410637)
0(0.0, 0.09394270101439828)
0(0.0, 0.09264923493547794)
0(0.0, 0.0913922136264218)
0(0.0, 0.09104831250436884)
0(0.0, 0.09099147367207128)
0(0.0, 0.09060807006291316)
0(0.0, 0.0896218174418727)
0(0.0, 0.08726458939831394)
0(0.0, 0.08681825572210777)
0(0.0, 0.08656338521935025)
0(0.0, 0.08648390396633565)
0(0.0, 0.08229382483260717)
0(0.0, 0.08216431027163607)
0(0.0, 0.08122205767687407)
0(0.0, 0.08111629771200979)
0(0.0, 0.07774621790153002)
0(0.0, 0.07204965780596684)
0(0.0, 0.07170442133104316)
0(0.0, 0.07149625335917076)
0(0.0, 0.061150999847621956)
