1(1.1346521769053721, 1.3255699373928875)
1(0.12267534981195038, 0.18004680204644286)
1(0.16458195827126632, 0.20909892754687032)
1(0.15647895477221963, 0.1957537606524039)
1(0.08128477454721506, 0.11409937646503887)
1(0.1049922735994756, 0.13598447815494563)
1(0.13011112241194023, 0.1606501362942282)
1(0.1211119981531723, 0.1516224145437729)
1(0.12117649260940944, 0.15117343732045274)
1(0.08509210709743309, 0.11484694893855851)
1(0.08355955517166447, 0.11243419825887901)
1(0.09722176957669393, 0.12526750543519305)
1(0.1277668029589346, 0.15577329857637312)
1(0.0796677846427194, 0.10747275082591168)
1(0.16557281837962334, 0.19331580206520238)
1(0.08064377420183921, 0.10729158892675128)
1(0.14124068071415075, 0.16779905238688408)
1(0.08718480963868191, 0.11347497814668872)
1(0.0961245204745812, 0.12113020880034531)
1(0.1352577065798698, 0.15971260216531535)
1(0.109624758950146, 0.13396606826850077)
1(0.1374831883990666, 0.1615751450110462)
1(0.09541380022320323, 0.11944678940907583)
1(0.12149233722874753, 0.14445185616025935)
1(0.1364030729411384, 0.1592475777436324)
1(0.08502995131204583, 0.10729158892675128)
1(0.14130369096713813, 0.16336525067147756)
1(0.10182898066255597, 0.12349337815124783)
1(0.09243320694961388, 0.1139286139665674)
1(0.06795188360710191, 0.08914711588710844)
1(0.1639003491572537, 0.18477847803832592)
1(0.15547644668284577, 0.17630840939092152)
1(0.09580613065973531, 0.11629868091140316)
1(0.13328600062771834, 0.15352050498931258)
1(0.09536498290089213, 0.11552295488373321)
1(0.13679358937617458, 0.156835634843136)
1(0.06884213679383955, 0.08885203487331639)
1(0.17291601784042399, 0.19287409996529192)
1(0.09164275121151622, 0.11135060239234384)
1(0.13410247501306072, 0.15380434702218604)
1(0.10876823310184003, 0.12842712696453595)
1(0.10958629468676129, 0.12913030570212547)
1(0.10786130453711695, 0.12710182193568942)
1(0.1018191881096796, 0.12100009948053658)
1(0.09722005946621659, 0.11636641655835855)
1(0.08655664580314704, 0.10567162636287086)
1(0.1449385890107303, 0.16397475097504888)
1(0.08930305954014939, 0.10832546867566273)
1(0.10540829955351105, 0.12413702380245273)
1(0.12191293739882203, 0.1405201258777179)
1(0.08657949814509769, 0.10515833382839002)
1(0.10597589077454617, 0.12414560321546042)
1(0.1171016340795703, 0.13508466931868068)
1(0.13062632292309473, 0.14845944973889946)
1(0.11335161723224896, 0.13112254667712575)
1(0.07954202451429582, 0.09721417350109696)
1(0.1020536321703529, 0.11968628118317759)
1(0.1261649121316366, 0.1436679165090442)
1(0.12642002938922248, 0.14386235685284232)
1(0.08548080150829152, 0.10266667695167253)
1(0.09773702152713959, 0.11474735055634355)
1(0.15783931603433032, 0.17477950259114095)
1(0.10900792814927496, 0.12584720970422103)
1(0.10715074134448233, 0.12396277057333727)
1(0.0862297050977735, 0.10296948187306765)
1(0.08096683032495078, 0.09770596073641002)
1(0.09075572848381563, 0.10746849537931114)
1(0.1516448712322458, 0.1683245018116608)
1(0.14734994426495818, 0.16385801636272512)
1(0.10492451896105459, 0.12142663472699844)
1(0.2052964605583164, 0.22174930490424227)
1(0.09513219803546347, 0.11155965584562422)
1(0.09145992199929587, 0.10781697492113285)
1(0.17425272945970327, 0.19054717127996323)
1(0.12555554270729874, 0.14179583164838672)
1(0.0962230550429155, 0.11220995915671372)
1(0.11599759085232508, 0.13197873567262586)
1(0.13301199095378125, 0.1488304443306162)
1(0.11873827121504621, 0.1343523150413063)
1(0.09897336446868532, 0.11458650204659526)
1(0.1585344691109395, 0.1737928659706397)
1(0.11053353022739676, 0.1256620637161472)
1(0.14614337020145984, 0.16114908772841396)
1(0.09401630363128588, 0.10901091777018102)
1(0.15908958401228557, 0.17398701542033168)
1(0.08376896150566815, 0.09839833240191043)
1(0.09320742866470233, 0.10779661430742571)
1(0.10674384542491044, 0.12128631196115403)
1(0.06438327636436791, 0.07886884828396934)
1(0.07311089170216112, 0.08747907993098392)
1(0.08397780434159896, 0.09822859156646147)
1(0.09920594751731837, 0.11337448839203268)
1(0.13039665982650384, 0.14445185616025935)
1(0.09374978845984383, 0.10779661430742571)
1(0.16790931243352625, 0.18194674683290135)
1(0.09651815605080272, 0.11050225542573944)
1(0.13260529559237322, 0.14655569760742526)
1(0.14003948214341533, 0.15386877396847098)
1(0.09679429043260412, 0.11050225542573944)
1(0.1379036202920395, 0.15149120432897867)
1(0.08953635930823622, 0.10305991749458554)
1(0.09210486506132898, 0.10552550112000092)
1(0.08618368171865354, 0.09955385826686303)
1(0.10506464402388216, 0.11830160038755289)
1(0.08827797459018505, 0.10151321497556309)
1(0.16906101700493137, 0.18194674683290135)
1(0.11004872753672612, 0.12286243510662154)
1(0.10459961825568798, 0.11738694714211784)
1(0.14175734708723775, 0.15446591484748395)
1(0.11421526301142182, 0.12683494779463134)
1(0.13156711116206166, 0.1441309905332342)
1(0.09871506080902503, 0.11123755676523095)
1(0.1022365702686655, 0.11470020371229706)
1(0.08982454963939457, 0.10227638137402495)
1(0.14611651742945342, 0.15856131011508057)
1(0.07892889039221296, 0.09134932419656927)
1(0.12171537859653403, 0.13412435648074816)
1(0.15018121449907096, 0.16257155775504062)
1(0.12758364479450168, 0.1398974165515242)
1(0.09045555907491809, 0.1027423743076501)
1(0.09661434031032834, 0.10887010272817343)
1(0.13263612805240232, 0.14465434177888647)
1(0.12939688407575156, 0.1414074989103613)
1(0.11010017516726145, 0.12205603365358553)
1(0.054649690151270414, 0.06660251991768429)
1(0.09426826154786305, 0.10618475314569142)
1(0.11935457778934755, 0.13113985383562032)
1(0.10395072355191903, 0.11569452417660409)
1(0.12932845804977722, 0.14095414477891288)
1(0.14860200856949446, 0.16019564064479797)
1(0.10439484940796251, 0.11591654544622387)
1(0.1380100885287564, 0.1494446672968739)
1(0.0833663334840975, 0.09479878061842117)
1(0.1310240608980433, 0.14244672841302297)
1(0.13303784784793893, 0.14445185616025935)
1(0.10327294053096192, 0.11456371113524977)
1(0.11435035506133728, 0.12560657324156943)
1(0.13338884584969268, 0.14455639648096275)
1(0.10827852362198032, 0.1190875358894371)
1(0.14697945105715027, 0.15774626078987497)
1(0.11803832623217037, 0.12879154749634103)
1(0.08048446296264866, 0.0912188216968921)
1(0.1136307785873274, 0.12434018100362454)
1(1.1445944176286047, 1.155173786880239)
1(0.1067012442071853, 0.11727463981875696)
1(0.0977425177556488, 0.10825607236401857)
1(0.07782815404697419, 0.08832749458860267)
1(0.23523618266769608, 0.2457048860659562)
1(0.09272137901074795, 0.10308340332697241)
1(0.08709413607766647, 0.09744312275717015)
1(0.17177896970909423, 0.18208098719579457)
1(0.12679936061867958, 0.13702389195046272)
1(0.1057035130961137, 0.11591654544622387)
1(0.06269292224522893, 0.07276359921168318)
1(0.10455855408423331, 0.114582029378403)
1(0.08744915539155385, 0.09726431891885867)
1(0.13094702169171069, 0.1405646958226392)
1(0.11265368142267929, 0.12221896932302267)
1(0.10673798023874681, 0.11612601552341173)
1(0.1454717286575149, 0.15482774454616144)
1(0.1140020179141984, 0.12333692511007899)
1(0.09449469483803341, 0.10377494509280472)
1(0.09100473640191642, 0.10020739741924245)
1(0.10952283581156808, 0.11864004060378541)
1(0.10553724744690396, 0.11444474637654944)
1(0.12501382926422333, 0.13385925304759239)
1(0.18625572332663853, 0.19501210241204792)
1(0.09864989057248508, 0.10740611309024983)
1(0.0941262554696678, 0.10278031254556086)
1(0.15392004462427, 0.16257155775504062)
1(0.10124656962159051, 0.10983269531405937)
1(0.13699688305346602, 0.14549946010499037)
1(0.24711405264365582, 0.25558911493327874)
1(0.13990340539772228, 0.14812575059459332)
1(0.15954549698098952, 0.16773745960657105)
1(0.07482362904264872, 0.08294527219287329)
1(0.14545883426223638, 0.15353073201150147)
1(0.09224509537119008, 0.10026735816168919)
1(0.10373009521165999, 0.11175027595117049)
1(0.12703496772094802, 0.1349572203629038)
1(0.09581713305287498, 0.10365998108723673)
1(0.1780846722541478, 0.1858937445237011)
1(0.11446874639310556, 0.12206526071555046)
1(0.16697120865504356, 0.1745160153332631)
1(0.12639983393244747, 0.13385925304759239)
1(0.11313136588195094, 0.12053475031497274)
1(0.10230994836944485, 0.10968812654664517)
1(0.14234784205617812, 0.14964538729001964)
1(0.10818252392424765, 0.11547615412290524)
1(0.1390663677741496, 0.14635877275970544)
1(0.10198051955613929, 0.10919078715406416)
1(0.06350372458942377, 0.07064330331447355)
1(0.10124501417155662, 0.10835162321143677)
1(0.14959496303132003, 0.15668414891784432)
1(0.11702763603050914, 0.12402828147641687)
1(0.11361338197038029, 0.12061375537357555)
1(0.12547539626227777, 0.13238495383975157)
1(0.09931911891235068, 0.10620041674159131)
1(0.11167499943480486, 0.11855399696633939)
1(0.14076718447035164, 0.14759428476266978)
1(0.09849199941921272, 0.10524422474683437)
1(0.14089619240557516, 0.14758885463805282)
1(0.16530477590973236, 0.1719914780612266)
1(0.10329999956471969, 0.10998324050958819)
1(0.09631242107942906, 0.1029065406535663)
1(0.1529739250176041, 0.15952984102280465)
1(0.12564563167927012, 0.13219641651953118)
1(0.07350050789236018, 0.08003394895063698)
1(0.15805484884710985, 0.16448786627321588)
1(0.15809332929503406, 0.16448786627321588)
1(0.10346857590592484, 0.10984022657454084)
1(0.0960500634273127, 0.10236364908127826)
1(0.11055871494631742, 0.11667685970318231)
1(0.12450472924695699, 0.13060759961610058)
1(0.1135065157344104, 0.11956357068492929)
1(0.11740523626258326, 0.12344830312889354)
1(0.10853951918513516, 0.11454537808185605)
1(0.11975871631994206, 0.12570438328578237)
1(0.08292720743931126, 0.08885203487331639)
1(0.1449164549817561, 0.1505454743224427)
1(0.14229220914008034, 0.14790467359318027)
1(0.13881785382170853, 0.14437086946183608)
1(0.10904009148467608, 0.11458650204659526)
1(0.16209224086244933, 0.16759155235343492)
1(0.11759653414522275, 0.12308973838666848)
1(0.12169160857662042, 0.1271575284244667)
1(0.13406391168088738, 0.13952822420992517)
1(0.13240580789207912, 0.1376860804979112)
1(0.12725819175941855, 0.13253670345061652)
1(0.10346063421635165, 0.10866150189857571)
1(0.10938313177883996, 0.11454537808185605)
1(0.1422008847588495, 0.14732313954022125)
1(0.06020444754397791, 0.06531707023326627)
1(0.09019909955768524, 0.09531126994125028)
1(0.08813439541446522, 0.09324285613511751)
1(0.06943727673367406, 0.07441003346944797)
1(0.1488455153249213, 0.15380434702218604)
1(0.13648871436510956, 0.14142157791737153)
1(0.09971230411296905, 0.10464042809793339)
1(0.11519481165924528, 0.12011359740655614)
1(0.11465849177570542, 0.11945856944114797)
1(0.13708183202332358, 0.14186884437046576)
1(1.3041000813103127, 1.3088355038358839)
1(0.10478278708618449, 0.10951522061480057)
1(0.1162999463084603, 0.12099575379268046)
1(0.08611161237938603, 0.09078435756614645)
1(0.09982956005982002, 0.10449471194596027)
1(0.09402741983140428, 0.09867892329354899)
1(0.1093150835262734, 0.11392758789158408)
1(0.08455691543173038, 0.08915523261473479)
1(0.0904916410393436, 0.09508858922133212)
1(0.11568852821934861, 0.12026541285183545)
1(0.08421562585986742, 0.08875672113074506)
1(0.11928143349434062, 0.12381556501821944)
1(0.11534025594612973, 0.11986980225699495)
1(0.09591663331857192, 0.1003434191710475)
1(0.09466734265177024, 0.09901902599222434)
1(0.12259913719728432, 0.1269438026141303)
1(0.11966289386472617, 0.12400674398036615)
1(0.14548976568368555, 0.1497878581908586)
1(0.1049689667672763, 0.10926671848394831)
1(0.13592466961417204, 0.14016104303001609)
1(0.12579597318623204, 0.12997209542491373)
1(0.08005715499766342, 0.08422856053838534)
1(0.11295956264117635, 0.11712590547133317)
1(0.13884461208986698, 0.14295923958469503)
1(0.1152896591248519, 0.1193666324695073)
1(0.12588228429852433, 0.1299056471536698)
1(0.09471920977924064, 0.09867892329354899)
1(0.12599488102059886, 0.1299056471536698)
1(0.11304006564622493, 0.11694603247615354)
1(0.1134555757150899, 0.11728996865585184)
1(0.10581849757807271, 0.1096409098091301)
1(0.09984851717261256, 0.10345126002286531)
1(0.1242264122981579, 0.12781841689477336)
1(0.15077912377203928, 0.154308650796796)
1(0.0970396464916915, 0.10056754898897469)
1(0.09051811650710839, 0.09402852506719572)
1(0.1330092551940084, 0.13649127626259772)
1(0.1291639025684691, 0.132600975820253)
1(0.11779598162687688, 0.12121959074655264)
1(0.09323026297520487, 0.09665190088684661)
1(0.11304011605537234, 0.11635208934239649)
1(0.1372511981503517, 0.14053025096363103)
1(0.14935820242849285, 0.15253304364260833)
1(0.12185758398999136, 0.12500659927854318)
1(0.11606266755402361, 0.11920121539278927)
1(0.11234228116000411, 0.11547615412290524)
1(0.0948183343972967, 0.09791299549571819)
1(0.09332015619804634, 0.09640670342086144)
1(0.1959790742928771, 0.19906042114014255)
1(0.08661083299568073, 0.08961652582955204)
1(0.06640500029622742, 0.06940797211450522)
1(0.1373404078523328, 0.14033093388784423)
1(0.08177106191855876, 0.08475374882052478)
1(0.11668331850126146, 0.11951924395392455)
1(0.09733533868425559, 0.10013740891529777)
1(0.12257437993922282, 0.12534805818862493)
1(0.11132893284488754, 0.11409937646503887)
1(0.14780491371186277, 0.15056614963825532)
1(0.11073124585824268, 0.11344114417445861)
1(0.15571861258732633, 0.15842732632625822)
1(0.10010103885837629, 0.10274986775049555)
1(0.07862301104484115, 0.08127135288388276)
1(0.10537559361638538, 0.1080190427346952)
1(0.11584921201272214, 0.11847669071257949)
1(0.0970783089191638, 0.09964698170232356)
1(0.12309067270781404, 0.12563622980839828)
1(0.11383033761945716, 0.11635675138952117)
1(0.12183152535895747, 0.12433412470358396)
1(0.16223310005619862, 0.16473398725981114)
1(0.1451271195829642, 0.1476090948316009)
1(0.09543151561523666, 0.0978732685112167)
1(0.13779948899063588, 0.14016104303001609)
1(0.16247729139142653, 0.16476039729535963)
1(0.09659838343550653, 0.09888065257350875)
1(0.11104095344254983, 0.11322261761284602)
1(0.13331274115536174, 0.13543712307274225)
1(0.14279856759083132, 0.14483813379436383)
1(0.062102283966936955, 0.0640865477195427)
1(0.09040456373126382, 0.0923756606857089)
1(0.13850056716606696, 0.14044021123345707)
1(0.14545667761054848, 0.14723936554831207)
1(0.11413514940371106, 0.11591654544622387)
1(0.07849975144830923, 0.08027222345597251)
1(0.11004828292950308, 0.11175027595117049)
1(0.10881727574061129, 0.11050257028975219)
1(0.0855138453658546, 0.08714102773379351)
1(0.11740509600715365, 0.11896224211570894)
1(0.07652175168327724, 0.07804842855754845)
1(0.09346094474814526, 0.09498419199563446)
1(0.10448609986530599, 0.10599706976284295)
1(0.10089241632907331, 0.10239689058625823)
1(0.10814940761565961, 0.10958348214699554)
1(0.09632859965525475, 0.09775448470021686)
1(0.10003175989649249, 0.10145725501599401)
1(0.15735726767547942, 0.15876788353213855)
1(0.11599238373737397, 0.11736234607822804)
1(0.14762042306062617, 0.14893128585197657)
1(0.09063289570711341, 0.0919031587755913)
1(0.058652675887265415, 0.059869355669698865)
1(0.061030235400986954, 0.06220877976112915)
1(0.13409498767561134, 0.13524667580167682)
1(0.08061434838315862, 0.08176371193152321)
1(0.17116943137084129, 0.17228525390779315)
1(0.07897222427892359, 0.08003394895063698)
1(0.10048895929898649, 0.10146988997924211)
1(0.10002401431755648, 0.10097812024554631)
1(0.12306213962711887, 0.12399753854844608)
1(0.10134207408147389, 0.1022116863059036)
1(0.12416024062242748, 0.12501489276666422)
1(0.11551246714617747, 0.11635675138952117)
1(0.08046242382907431, 0.0812084185674562)
1(0.12521087144445564, 0.1259077658521911)
1(0.1027617258488116, 0.10338648008430651)
1(0.1015214614844806, 0.10210943388319504)
1(0.08480208176833481, 0.08530022861600062)
1(0.12230822094166383, 0.12277339934285003)
1(0.08270388610391877, 0.08316045910391245)
1(0.15908413007385314, 0.15952984102280465)
1(0.08831062565350456, 0.08869711007109948)
1(0.0896597375349758, 0.09004117096013253)
1(0.1410426330047524, 0.14141328592049807)
1(0.12201888204336697, 0.12238074967592694)
1(0.10552744680591208, 0.1058829327685119)
1(0.12535953422850632, 0.12570438328578237)
1(0.10359739877889274, 0.10389224393884677)
1(0.10905524557833646, 0.1093482177945232)
1(0.18480068424652818, 0.18501827360079603)
1(0.05819097441765009, 0.05840026668364595)
1(0.11068804229005813, 0.11082834860816537)
1(0.10911969595111792, 0.10925326224683563)
1(0.10356431666533827, 0.10368965490269944)
1(0.12531486989815965, 0.12534805818862493)
1(0.1073612919492759, 0.1073660488759336)
0(0.0, inf)
0(0.0, 1.0119484123149822)
0(0.0, 0.34237886749965807)
0(0.0, 0.2247832147135752)
0(0.0, 0.19805353499856837)
0(0.0, 0.19298627718796124)
0(0.0, 0.1899694705153494)
0(0.0, 0.18876338271533355)
0(0.0, 0.17446910904344715)
0(0.0, 0.16230929457218335)
0(0.0, 0.16002680681796388)
0(0.0, 0.15776381765138014)
0(0.0, 0.15705502041424113)
0(0.0, 0.15382193381991505)
0(0.0, 0.1491116400797503)
0(0.0, 0.14910890234017715)
0(0.0, 0.14645952794721784)
0(0.0, 0.1454985594132302)
0(0.0, 0.14255374143065813)
0(0.0, 0.14241351230594268)
0(0.0, 0.13975603196783604)
0(0.0, 0.13967370609423246)
0(0.0, 0.1392465937385342)
0(0.0, 0.1373927276633925)
0(0.0, 0.1372899280435561)
0(0.0, 0.13628634111871507)
0(0.0, 0.13616830550188808)
0(0.0, 0.1352856853941281)
0(0.0, 0.13516744917598822)
0(0.0, 0.1351275477600935)
0(0.0, 0.13345041521066903)
0(0.0, 0.13338745340640212)
0(0.0, 0.13328509529366517)
0(0.0, 0.13319084383406965)
0(0.0, 0.1329683899640377)
0(0.0, 0.1318938031734047)
0(0.0, 0.13189315889846065)
0(0.0, 0.13182054503880458)
0(0.0, 0.1313669037166516)
0(0.0, 0.1312491191491314)
0(0.0, 0.1311469992936638)
0(0.0, 0.1305033719944737)
0(0.0, 0.1303782533259109)
0(0.0, 0.13016904761871406)
0(0.0, 0.12943372536463027)
0(0.0, 0.1293497304690624)
0(0.0, 0.12929964416692852)
0(0.0, 0.1290501737802564)
0(0.0, 0.12801140401482736)
0(0.0, 0.12677858942820486)
0(0.0, 0.12653592750595788)
0(0.0, 0.12629888950286305)
0(0.0, 0.12611091327497626)
0(0.0, 0.12607263124492918)
0(0.0, 0.12492611549360622)
0(0.0, 0.12491090516617476)
0(0.0, 0.12385778297288308)
0(0.0, 0.12350048163603633)
0(0.0, 0.12315384133438467)
0(0.0, 0.12309135625040812)
0(0.0, 0.12293928931395637)
0(0.0, 0.12272161065973453)
0(0.0, 0.12261204513221713)
0(0.0, 0.1225484291274005)
0(0.0, 0.12249914601405643)
0(0.0, 0.12221333407136081)
0(0.0, 0.1221735406617509)
0(0.0, 0.12208798856620151)
0(0.0, 0.12205076123869052)
0(0.0, 0.12169542150448964)
0(0.0, 0.12167808436899852)
0(0.0, 0.12130970670970831)
0(0.0, 0.12102006784950314)
0(0.0, 0.12086008149064142)
0(0.0, 0.12081890823776742)
0(0.0, 0.12077714760543579)
0(0.0, 0.12062947328415441)
0(0.0, 0.11981955587982895)
0(0.0, 0.11931605060805217)
0(0.0, 0.11891714110557361)
0(0.0, 0.11890604105300828)
0(0.0, 0.11863181860582073)
0(0.0, 0.11849684465847865)
0(0.0, 0.11839843670982564)
0(0.0, 0.11835887570854076)
0(0.0, 0.11811759168296487)
0(0.0, 0.11761747585986837)
0(0.0, 0.11700978462124567)
0(0.0, 0.11686250883774751)
0(0.0, 0.11671323842585435)
0(0.0, 0.11648195295030939)
0(0.0, 0.11629612510761211)
0(0.0, 0.11622615309619666)
0(0.0, 0.11621981623681765)
0(0.0, 0.11606710867955894)
0(0.0, 0.11603309409289952)
0(0.0, 0.11576486944929654)
0(0.0, 0.11574900864614046)
0(0.0, 0.11566647110206363)
0(0.0, 0.11480323225609235)
0(0.0, 0.11424429946788206)
0(0.0, 0.11422228384371036)
0(0.0, 0.11401124202552548)
0(0.0, 0.1138883848053257)
0(0.0, 0.11346138400023265)
0(0.0, 0.11310498699080485)
0(0.0, 0.11264177703477674)
0(0.0, 0.11253760588813944)
0(0.0, 0.11241563523418918)
0(0.0, 0.11196396224169047)
0(0.0, 0.11177864338879118)
0(0.0, 0.11162854054085214)
0(0.0, 0.11158448613447647)
0(0.0, 0.11105333428254083)
0(0.0, 0.1108071956402713)
0(0.0, 0.11079467089274098)
0(0.0, 0.11070958926718155)
0(0.0, 0.10950130906572553)
0(0.0, 0.109488126131141)
0(0.0, 0.10927907680758553)
0(0.0, 0.10910954552860785)
0(0.0, 0.1087339675041743)
0(0.0, 0.10833509926898566)
0(0.0, 0.1083062839312855)
0(0.0, 0.10814048319827274)
0(0.0, 0.10813782543280048)
0(0.0, 0.10780474734464796)
0(0.0, 0.10776736477334947)
0(0.0, 0.10702976796304575)
0(0.0, 0.10693402599853141)
0(0.0, 0.10672211539719267)
0(0.0, 0.10649295074792786)
0(0.0, 0.1061727916979297)
0(0.0, 0.10579519388657099)
0(0.0, 0.10500076077503284)
0(0.0, 0.10499648879338008)
0(0.0, 0.10489790889745065)
0(0.0, 0.10486421258647305)
0(0.0, 0.10453283424171023)
0(0.0, 0.10438097436268001)
0(0.0, 0.10424205511609153)
0(0.0, 0.10416968642243973)
0(0.0, 0.10412665101060326)
0(0.0, 0.10399192130235602)
0(0.0, 0.10368657653503288)
0(0.0, 0.10353565703112333)
0(0.0, 0.10340292124472583)
0(0.0, 0.10308040129316354)
0(0.0, 0.10307647814639409)
0(0.0, 0.10273763785806977)
0(0.0, 0.10268493988824556)
0(0.0, 0.10267874784342179)
0(0.0, 0.10256887287171668)
0(0.0, 0.10205563445771759)
0(0.0, 0.10179379378891518)
0(0.0, 0.10132894864449027)
0(0.0, 0.1012777773225434)
0(0.0, 0.10076108945979734)
0(0.0, 0.10047353211629795)
0(0.0, 0.10042812129155365)
0(0.0, 0.100191186019853)
0(0.0, 0.10018136030638458)
0(0.0, 0.10004490695153889)
0(0.0, 0.09982507649797878)
0(0.0, 0.09946406161277721)
0(0.0, 0.09902268620255339)
0(0.0, 0.09896862777257298)
0(0.0, 0.0986398974221202)
0(0.0, 0.09860951924010186)
0(0.0, 0.0984652982788129)
0(0.0, 0.09846171287231731)
0(0.0, 0.09845763476830915)
0(0.0, 0.09827649184760623)
0(0.0, 0.09820616723869924)
0(0.0, 0.09811949751215432)
0(0.0, 0.09810530709973664)
0(0.0, 0.09807768793785965)
0(0.0, 0.09783902757381124)
0(0.0, 0.09747348961560665)
0(0.0, 0.0973143890954199)
0(0.0, 0.09719786365794758)
0(0.0, 0.09709768308435207)
0(0.0, 0.09706345619094592)
0(0.0, 0.09691670640856898)
0(0.0, 0.0966284446502742)
0(0.0, 0.09645647984612493)
0(0.0, 0.0962302195124487)
0(0.0, 0.09613604284740418)
0(0.0, 0.09600315564671258)
0(0.0, 0.09588848036245079)
0(0.0, 0.0956520217600082)
0(0.0, 0.09561435726387157)
0(0.0, 0.09531782656586951)
0(0.0, 0.09456333712779996)
0(0.0, 0.0944648841090302)
0(0.0, 0.09431976742918524)
0(0.0, 0.09412919524497387)
0(0.0, 0.09392257665254222)
0(0.0, 0.09361295390581703)
0(0.0, 0.09344407706145663)
0(0.0, 0.09343808519946728)
0(0.0, 0.09290626794108237)
0(0.0, 0.09262039974383696)
0(0.0, 0.09232132842746643)
0(0.0, 0.09217620798504356)
0(0.0, 0.09187727907100496)
0(0.0, 0.09139845677817537)
0(0.0, 0.09098631147252267)
0(0.0, 0.09093797152654937)
0(0.0, 0.09081904474672342)
0(0.0, 0.09070722597259906)
0(0.0, 0.09067236890019525)
0(0.0, 0.09064744059538421)
0(0.0, 0.09057514635258623)
0(0.0, 0.09056471767312824)
0(0.0, 0.09026236660192222)
0(0.0, 0.09020434967869184)
0(0.0, 0.0900859511985096)
0(0.0, 0.08931272079282371)
0(0.0, 0.0892084294183424)
0(0.0, 0.0891933711613021)
0(0.0, 0.08884069167889486)
0(0.0, 0.08875579741247819)
0(0.0, 0.08801881137492085)
0(0.0, 0.08796498897936356)
0(0.0, 0.08767096973751365)
0(0.0, 0.08754113547899411)
0(0.0, 0.08753777604281177)
0(0.0, 0.08753058734088215)
0(0.0, 0.08733524137210236)
0(0.0, 0.08724955425490777)
0(0.0, 0.08701546089581969)
0(0.0, 0.08684698319612383)
0(0.0, 0.08645084705356543)
0(0.0, 0.08639702433603325)
0(0.0, 0.08617459487447443)
0(0.0, 0.0861309520229453)
0(0.0, 0.08603168948936035)
0(0.0, 0.0857166024356546)
0(0.0, 0.08557363152395558)
0(0.0, 0.08551360344701686)
0(0.0, 0.08549825746207673)
0(0.0, 0.08533060992330133)
0(0.0, 0.08531538870575062)
0(0.0, 0.08531098827662087)
0(0.0, 0.08508679044311274)
0(0.0, 0.08469725367752778)
0(0.0, 0.08445394818970253)
0(0.0, 0.08439578407469639)
0(0.0, 0.08420966594804524)
0(0.0, 0.0841523939558324)
0(0.0, 0.08397965974313981)
0(0.0, 0.08397548217854156)
0(0.0, 0.08371161526224313)
0(0.0, 0.08370787604329644)
0(0.0, 0.08335763528966678)
0(0.0, 0.08330227639770504)
0(0.0, 0.08326198640835158)
0(0.0, 0.08321837091880546)
0(0.0, 0.08301952624241837)
0(0.0, 0.08286248356248738)
0(0.0, 0.08283077741993217)
0(0.0, 0.0826936759171989)
0(0.0, 0.08268675953202476)
0(0.0, 0.08265005539682702)
0(0.0, 0.08249081115464252)
0(0.0, 0.08230318234880607)
0(0.0, 0.0822775121072089)
0(0.0, 0.08216044255319666)
0(0.0, 0.0818176798000102)
0(0.0, 0.0817325980471586)
0(0.0, 0.0815417712340718)
0(0.0, 0.08151236041873977)
0(0.0, 0.08150127952068809)
0(0.0, 0.08106389813030901)
0(0.0, 0.08071637657368602)
0(0.0, 0.08062418790450532)
0(0.0, 0.0805898200223727)
0(0.0, 0.08043999679507119)
0(0.0, 0.0803172462063787)
0(0.0, 0.08025608515180904)
0(0.0, 0.08015562465937376)
0(0.0, 0.07987111153104987)
0(0.0, 0.07972110868736904)
0(0.0, 0.07964703100397197)
0(0.0, 0.07917787390440612)
0(0.0, 0.07909342764786642)
0(0.0, 0.07907974207056145)
0(0.0, 0.07894691224721206)
0(0.0, 0.07881329280941829)
0(0.0, 0.07860622555462038)
0(0.0, 0.07828326694370824)
0(0.0, 0.07812382408323992)
0(0.0, 0.07799298385522768)
0(0.0, 0.07784208755933175)
0(0.0, 0.0778146613231494)
0(0.0, 0.07753039300973086)
0(0.0, 0.07744185233599621)
0(0.0, 0.0770784770784102)
0(0.0, 0.07699945140606368)
0(0.0, 0.07664636815011328)
0(0.0, 0.07661214276067241)
0(0.0, 0.07651180061927165)
0(0.0, 0.07639123569504025)
0(0.0, 0.07620979182081322)
0(0.0, 0.07610610376157789)
0(0.0, 0.07593785290292021)
0(0.0, 0.07593557816611507)
0(0.0, 0.07592745909680643)
0(0.0, 0.0758718632416715)
0(0.0, 0.07566684829955239)
0(0.0, 0.0756350033943114)
0(0.0, 0.07559813719817565)
0(0.0, 0.0754855012159944)
0(0.0, 0.07543301482001497)
0(0.0, 0.07536731546189601)
0(0.0, 0.07531828784830064)
0(0.0, 0.07523408412841037)
0(0.0, 0.07519429846060799)
0(0.0, 0.0745319256551027)
0(0.0, 0.07450631348799197)
0(0.0, 0.07418544442381925)
0(0.0, 0.07412100014338519)
0(0.0, 0.07402814779783651)
0(0.0, 0.07399289632660533)
0(0.0, 0.07354678651372204)
0(0.0, 0.07341477248022887)
0(0.0, 0.073355205800955)
0(0.0, 0.07305009448060529)
0(0.0, 0.07297416832166004)
0(0.0, 0.07293587202131335)
0(0.0, 0.0725582184164405)
0(0.0, 0.07227422079502532)
0(0.0, 0.0722466077322863)
0(0.0, 0.07216754288273775)
0(0.0, 0.0720787617658114)
0(0.0, 0.07167321633476642)
0(0.0, 0.07143269361140037)
0(0.0, 0.07129551058557704)
0(0.0, 0.07119123089165691)
0(0.0, 0.0711779427852749)
0(0.0, 0.0711002693627727)
0(0.0, 0.07098893099577941)
0(0.0, 0.07098212738570553)
0(0.0, 0.07097333858021515)
0(0.0, 0.07085109000224821)
0(0.0, 0.07077855343580841)
0(0.0, 0.07076053834027807)
0(0.0, 0.07064168406851945)
0(0.0, 0.07055612153976842)
0(0.0, 0.07047463242124119)
0(0.0, 0.0703755494868773)
0(0.0, 0.0702009449360177)
0(0.0, 0.06961422685187113)
0(0.0, 0.06891112175730885)
0(0.0, 0.06835040000654213)
0(0.0, 0.06830148887135601)
0(0.0, 0.06811298198410343)
0(0.0, 0.06739265758912616)
0(0.0, 0.0673512947869025)
0(0.0, 0.06719721964086922)
0(0.0, 0.067074525743969)
0(0.0, 0.06705569757789487)
0(0.0, 0.06685366422427075)
0(0.0, 0.06677112333457069)
0(0.0, 0.06647839760932017)
0(0.0, 0.06638177647091636)
0(0.0, 0.06624075000049334)
0(0.0, 0.06622150198216847)
0(0.0, 0.0661225500611512)
0(0.0, 0.06597157125301312)
0(0.0, 0.06515310722466305)
0(0.0, 0.06461364902816524)
0(0.0, 0.06439579559559527)
0(0.0, 0.06423424887502549)
0(0.0, 0.06407768133382008)
0(0.0, 0.06399001312917685)
0(0.0, 0.06394547573074871)
0(0.0, 0.06355368354871238)
0(0.0, 0.06342980851533386)
0(0.0, 0.06320658146747482)
0(0.0, 0.06315900941953945)
0(0.0, 0.06289624653650927)
0(0.0, 0.06282985712059186)
0(0.0, 0.06280559227518212)
0(0.0, 0.06237548845683483)
0(0.0, 0.062326105435812074)
0(0.0, 0.06200048522357837)
0(0.0, 0.06157151757631352)
0(0.0, 0.06116556440101928)
0(0.0, 0.06091739599007395)
0(0.0, 0.060779863059784556)
0(0.0, 0.06065269870001855)
0(0.0, 0.060620752327940175)
0(0.0, 0.060069743946990606)
0(0.0, 0.059718480172613386)
0(0.0, 0.059051157877886284)
0(0.0, 0.05811754627744237)
0(0.0, 0.05777579318765369)
0(0.0, 0.05685389672129615)
0(0.0, 0.0568234002530299)
0(0.0, 0.056724388846901785)
0(0.0, 0.05671317466343362)
0(0.0, 0.056334953681138056)
0(0.0, 0.055933782589869474)
0(0.0, 0.055835221748358865)
0(0.0, 0.055798396470599365)
0(0.0, 0.055696344947467225)
0(0.0, 0.055141617198763426)
0(0.0, 0.0550615037476232)
0(0.0, 0.05415686788218532)
0(0.0, 0.05385013836140684)
0(0.0, 0.05378953913300821)
0(0.0, 0.05355919069713355)
0(0.0, 0.052285860197390344)
0(0.0, 0.05184871549158088)
0(0.0, 0.05171897962247862)
0(0.0, 0.05141888416546048)
0(0.0, 0.05081824614107)
0(0.0, 0.05020334250544323)
0(0.0, 0.04999098687471881)
0(0.0, 0.048648079092155516)
0(0.0, 0.04831474404586178)
0(0.0, 0.04729818196821933)
0(0.0, 0.045943139316101056)
0(0.0, 0.04587870164279706)
0(0.0, 0.045412044679286945)
0(0.0, 0.044659323984369226)
0(0.0, 0.04312724194233064)
0(0.0, 0.04176155931832415)
0(0.0, 0.04015850769592333)
0(0.0, 0.031480987123717497)
