1(1.173281185481041, 1.2767193054452308)
1(0.21216179484876352, 0.27275028216426933)
1(0.26222252021738446, 0.3221603063517571)
1(0.17459373029457526, 0.2323147350859608)
1(0.23313375397770253, 0.2908114070052161)
1(0.22574523389083978, 0.28023135448187597)
1(0.1934130619351967, 0.24665538356646954)
1(0.19518070639189322, 0.24823768927677659)
1(0.20851809635928442, 0.2592636503039796)
1(0.2265575548547727, 0.2770641702845684)
1(0.2091889249917266, 0.25910766561115817)
1(0.1933088560355739, 0.24297697560912612)
1(0.18918037697058154, 0.23868377798846596)
1(0.23624224226955648, 0.2840310633741101)
1(0.17797253217933406, 0.2254429096326156)
1(0.2554149990285255, 0.30226043354629273)
1(0.23750136783852271, 0.283257023348473)
1(0.1820709019580523, 0.22749813169763933)
1(0.20027274135646933, 0.24560736705077513)
1(0.21481366941076718, 0.2601268077057858)
1(0.2076706521837559, 0.2518027000311027)
1(0.28257244312109564, 0.3264178119447999)
1(0.26057284319743046, 0.3039442150486994)
1(0.17781992157757254, 0.220630781854103)
1(0.20901564064907063, 0.25181004243826355)
1(0.2552465266417918, 0.2980397358016236)
1(0.18912814055132476, 0.2319162970273616)
1(0.2588251062653888, 0.30077439625387536)
1(0.19207098831214386, 0.23386053122917916)
1(0.23175219822515425, 0.2734100875128045)
1(0.2422187095863374, 0.28382007313750623)
1(0.19632174775692635, 0.23754283574048685)
1(0.24374588127742047, 0.28446346812034273)
1(0.2371428098754006, 0.2776548257890429)
1(0.26318905699208317, 0.30294983537870457)
1(0.16687059295471451, 0.20603570546644157)
1(0.19789841073828907, 0.23672495491425993)
1(0.1841839852902909, 0.2228494857572466)
1(0.20294120681308592, 0.24097391268319435)
1(0.2592648533891354, 0.29724381272684675)
1(0.21565854135904416, 0.2529026283907764)
1(0.19206665532889955, 0.22825952409177475)
1(0.22270551239698955, 0.2586139522597706)
1(0.1987051438723294, 0.23438287801815205)
1(0.18586252784499935, 0.22080084043091952)
1(0.22113291536539104, 0.2560232452198078)
1(0.2625189308168684, 0.29731542853232673)
1(0.21171859182534125, 0.24605648634635724)
1(0.24617879804471343, 0.28010697166338094)
1(0.2507401480238176, 0.28455846742528845)
1(0.20376661597152324, 0.2373340550678612)
1(0.0767386015724405, 0.10998636978090892)
1(0.1947808300903845, 0.22779464693459406)
1(0.2515202386685933, 0.2842449452380864)
1(0.20797872945037754, 0.2404335270908835)
1(0.2265218704404921, 0.2589310627709831)
1(0.23393222656751333, 0.2661735524164417)
1(0.2084682030507713, 0.2404335270908835)
1(0.1954070913217919, 0.22697171402111194)
1(0.20802878719874407, 0.23823225810264814)
1(0.2781861461835158, 0.3081938371343307)
1(0.2321093059018564, 0.261743103068796)
1(0.2823053187119827, 0.311817536728888)
1(0.27875234089310663, 0.30793093162792795)
1(0.20289681420625694, 0.2317796333298413)
1(0.08737064315301868, 0.1161613300497043)
1(0.23539128719018387, 0.26385460802053173)
1(0.2521743886157245, 0.2805648036422219)
1(0.2136639028521582, 0.24176750154473137)
1(0.22240278617924092, 0.24990551559260288)
1(0.24676607565624664, 0.27395110747663254)
1(0.22045482377912407, 0.24728836988935243)
1(0.2112587778319328, 0.23804758973539852)
1(0.2362514224893486, 0.26301970713843614)
1(0.20706922274442452, 0.2336875565751113)
1(0.2185712536636174, 0.24506607073818032)
1(0.20935582813485243, 0.23562607248711065)
1(0.17470753875549283, 0.20024215830750236)
1(0.23958486440101445, 0.2647605787417924)
1(0.2553484169772776, 0.28012332654930416)
1(0.20757937445617836, 0.2323147350859608)
1(0.24071398898773755, 0.26494547051201267)
1(0.25150801507569454, 0.2754981637522733)
1(0.2068571063468665, 0.2307777434476178)
1(0.285051609170449, 0.3089587442739087)
1(0.21212336183492486, 0.23562607248711065)
1(0.2741450956692718, 0.29724381272684675)
1(0.22992633444881438, 0.25294974294888106)
1(0.22372909790041473, 0.2456097062185505)
1(0.21197962283933447, 0.23338727786406366)
1(0.272024240231013, 0.2933038220754828)
1(0.25039244580344366, 0.27115125154012865)
1(0.17788331422814696, 0.19845937718221762)
1(0.19353185758954905, 0.21402228858567263)
1(0.2356474747713242, 0.25594852235038545)
1(0.21390816567638105, 0.23386053122917916)
1(0.2300761010380371, 0.24990551559260288)
1(0.20781337959289514, 0.2274764101020943)
1(0.19696141605549455, 0.21649005180782088)
1(0.2675604443364181, 0.2870794389438349)
1(0.19709175066967977, 0.21649005180782088)
1(0.07371817797084723, 0.09259919811521344)
1(0.0756693455539299, 0.09448447826749984)
1(0.21234258290712016, 0.2307777434476178)
1(0.25311284616413243, 0.27148712293577504)
1(0.2473263500562234, 0.26556854235306604)
1(0.09189197389737391, 0.1100961815341357)
1(0.18084508095623386, 0.199003238661831)
1(0.19238512966106502, 0.21009169139014017)
1(0.2817735374024012, 0.2994232798175608)
1(0.2538280625858599, 0.27143241203353197)
1(0.25183961271627275, 0.2690362674891458)
1(0.19293540148412147, 0.21009169139014017)
1(0.26310385588096574, 0.28010697166338094)
1(0.2459501057700174, 0.26294586527277375)
1(0.22615635544974522, 0.2431450151938357)
1(0.258447793917706, 0.27536584129781394)
1(0.22447301729981028, 0.24126134807108923)
1(0.2534312347148827, 0.2701794173815072)
1(0.22037216230772305, 0.23710608323999594)
1(0.22326446895929108, 0.23999363293844123)
1(0.11808012888428854, 0.13447114881829003)
1(0.2664939310673342, 0.2828397086137746)
1(0.2559219218575878, 0.27215921915625096)
1(0.24933988385269024, 0.26556854235306604)
1(0.273794297389532, 0.2899015158688696)
1(0.24126961373902733, 0.25737292027344916)
1(0.2472531163865409, 0.2633494535143277)
1(0.2535375775799117, 0.26957964758653685)
1(0.07169612978366191, 0.08767291694847379)
1(0.06723285538448609, 0.08320657830977796)
1(0.28187143924704083, 0.29775507626881714)
1(0.2779450203292294, 0.29372193022822735)
1(0.208914164309131, 0.2246609281458789)
1(0.24293448656875127, 0.2586139522597706)
1(0.1869781886422216, 0.20263058402869716)
1(0.1793825462652755, 0.19461373403819526)
1(0.19563347934166264, 0.21080851941656098)
1(0.28327300570311564, 0.2981660903906056)
1(0.1799484973369876, 0.19461373403819526)
1(0.21697389601091766, 0.23161560485476518)
1(0.18597154266660276, 0.20024215830750236)
1(0.22892438603942733, 0.24307146297511173)
1(0.09829270330123752, 0.11229501961848198)
1(0.09437399477225705, 0.10825079888482037)
1(0.22058260416283626, 0.23438287801815205)
1(0.2174419030394028, 0.2309139804281113)
1(0.22339485717451146, 0.23672495491425993)
1(0.2834436597667598, 0.29676769246803125)
1(0.274101957321883, 0.28738862508472074)
1(0.23378787799682776, 0.24703027029576619)
1(0.21274234719625962, 0.22538947871117498)
1(0.08989458453647114, 0.10244561924491435)
1(0.21198827470659554, 0.22442627842016794)
1(0.09802127285011497, 0.11033468899610688)
1(0.08477055612902062, 0.09700499797640216)
1(0.2546214641366572, 0.2667986171427703)
1(0.07392133373645549, 0.08592200982617582)
1(0.08542901091193711, 0.09736776589545137)
1(0.08571490386816405, 0.09756170736934677)
1(0.2547312338617419, 0.2664418809201827)
1(0.268607786439529, 0.28020708876565625)
1(0.21979682593758754, 0.23136249843097811)
1(0.21491127906748086, 0.22647519055093934)
1(0.07216673661207085, 0.08363861569021014)
1(0.2745868423671003, 0.28596465020406325)
1(0.2597092517075067, 0.2708646181457407)
1(0.07551562218826358, 0.08657474809053733)
1(0.21321739824515862, 0.22420865848958793)
1(0.0915435124089723, 0.10251349173714186)
1(0.2676917120511343, 0.27847346475778767)
1(0.21997449223280008, 0.2306143480571835)
1(0.25035475490088943, 0.26080335703565194)
1(0.1944184062286871, 0.2047216210136531)
1(0.2588992054913726, 0.26915278311696667)
1(0.2320913721635529, 0.24224787528047353)
1(0.2606338835245059, 0.2705250203752323)
1(0.20217013904684167, 0.21187002497946905)
1(0.25149292721001015, 0.2611796285330117)
1(0.0775157006571996, 0.08709403675010552)
1(0.21789228567431762, 0.22735744760571652)
1(0.19162979585403483, 0.20104049231301568)
1(0.206851706696086, 0.21623331293788217)
1(0.22122252290663336, 0.2305803800074313)
1(0.1846803792761651, 0.193878484060242)
1(0.08595943884211088, 0.0950756149195442)
1(0.28506445150114545, 0.2940318374240153)
1(0.2272769209990929, 0.23621637702604203)
1(0.24611614871357634, 0.2550279671733898)
1(0.19386540315711853, 0.20277710318331343)
1(0.08212281421030654, 0.0909284899619911)
1(0.22119050747474567, 0.22998894217539645)
1(0.08793417341368304, 0.09667010014229527)
1(0.27979716863507365, 0.2884524464379645)
1(0.2479083013894987, 0.25653245016234794)
1(0.08087939494586982, 0.08936776056617712)
1(0.08250445355756941, 0.09097063693605245)
1(0.22754888997192058, 0.23589555386865058)
1(0.2898199935156006, 0.2981660903906056)
1(0.1019719401611221, 0.11030382812196293)
1(0.31536696490285787, 0.3236549271975533)
1(0.2585230533201448, 0.26679768083217015)
1(0.2482830735890459, 0.25649866351337924)
1(0.22254109435826408, 0.2306143480571835)
1(0.07471342888703103, 0.08276390105842935)
1(0.26018075048607436, 0.26792329984400687)
1(0.09637245904959113, 0.10405876822038929)
1(0.26647653778632574, 0.2741600788658798)
1(0.09861046276545127, 0.1062113417610745)
1(0.07823193361396663, 0.08577392425179275)
1(0.25963750133507346, 0.26713065842283723)
1(0.0990745942450939, 0.10644601144686405)
1(0.2155775153715116, 0.22290909841664053)
1(0.08645380429335736, 0.0936152805383138)
1(0.25963714643970137, 0.26679768083217015)
1(0.09203756341033864, 0.09914161788622)
1(0.08859301063886138, 0.09568775961609666)
1(0.1829321895470224, 0.189820302676174)
1(0.10273748931641769, 0.10956937839557057)
1(0.2660090861517601, 0.27278935137829874)
1(0.20565492483230852, 0.21232465135413725)
1(0.24687809738338085, 0.25349719489509803)
1(0.08928597453495446, 0.09588300650543968)
1(0.17125904457765262, 0.17758269247526826)
1(0.27883909737646007, 0.28512252420007766)
1(0.11268108983901881, 0.11895986950348014)
1(0.10293141665180039, 0.10914122740814347)
1(0.25124996274534106, 0.2573892139641608)
1(0.32465842959799585, 0.330796298503536)
1(0.19232735177490456, 0.19845937718221762)
1(0.09175235652481106, 0.09785922203907194)
1(0.09618502832867593, 0.10222982448417561)
1(0.10960017944349576, 0.115473875665557)
1(0.09946918110987724, 0.10531835439593218)
1(0.08273031117859908, 0.08856715296159456)
1(0.18119451819086552, 0.18679480644235535)
1(0.27914540285478306, 0.28455846742528845)
1(0.08130707452356878, 0.08666930940673534)
1(0.25056084794787925, 0.2558860985416068)
1(0.08204186011553483, 0.08736215478127018)
1(0.07746894665907234, 0.08276390105842935)
1(0.20587133981275718, 0.211066296821379)
1(0.27605580629528004, 0.28124964016392073)
1(0.11495121825427546, 0.1200717927329723)
1(0.09267354255292926, 0.09772008524076581)
1(0.2631614655763753, 0.26809430255560585)
1(0.08021044174337233, 0.08505528437356258)
1(0.26910310021016515, 0.2738284414252323)
1(0.31103005738089773, 0.31573249371545653)
1(0.2173531394149525, 0.22202837100106165)
1(0.2159738848681031, 0.220630781854103)
1(0.26685073763507683, 0.2713932143921106)
1(0.0805902277893884, 0.08482604949311845)
1(0.27385773088560894, 0.2780570956222501)
1(0.2549882515236057, 0.2591823644810708)
1(0.29187744754610323, 0.29597902636796547)
1(0.18802054280794755, 0.1920537313427747)
1(0.23856051454620386, 0.2423614833277168)
1(0.0970823005356114, 0.10066540093181442)
1(0.08472500299065544, 0.0882082113184508)
1(0.23052258264672676, 0.23399137240199508)
1(0.20486225781887302, 0.20831975143310422)
1(0.0993934352612168, 0.10275658099450802)
1(0.09886220325311779, 0.10222042160537881)
1(0.0965027128692284, 0.09982647994692428)
1(0.23071026996454713, 0.23400259927852363)
1(0.07798802898310409, 0.08123054754117953)
1(0.22988426940944895, 0.23306398983586063)
1(0.07284599424287208, 0.07602158442471008)
1(0.3070112775578884, 0.3101481972622031)
1(0.1979090746652301, 0.2010300877433836)
1(0.10714089808392291, 0.11013404986042985)
1(0.08810755778320922, 0.0909577673212899)
1(0.22748894424805965, 0.2303266342800917)
1(0.24735332472604254, 0.2501392274382094)
1(0.24030259155357325, 0.24307146297511173)
1(0.08582810382374684, 0.08856715296159456)
1(0.09405316598484359, 0.09676546090948068)
1(0.23093950511940764, 0.2336114238637036)
1(0.21033694253655433, 0.21276214313148512)
1(0.2883570699316065, 0.2907690200611497)
1(0.21340815942543867, 0.21581772749254302)
1(0.220504285334843, 0.22290909841664053)
1(0.21996967785381882, 0.22235978613937557)
1(0.24369322655651593, 0.24606875765173464)
1(0.27074036864915185, 0.2731092158182542)
1(0.25666231836036224, 0.2589310627709831)
1(0.23712794630594336, 0.23928006789346445)
1(0.10382409754361221, 0.10595790925864768)
1(0.3049360573383897, 0.30692446996764144)
1(0.10775758725162721, 0.10973949688120732)
1(0.10433123607675254, 0.1062539573597715)
1(0.1066280140270448, 0.10842559441712474)
1(0.0847241050376969, 0.08650590858382912)
1(0.20843951628541657, 0.21018643658650815)
1(0.2246000180255956, 0.2262389660269425)
1(0.19741249691432494, 0.1990093640154702)
1(0.2823703620515118, 0.28386455542376776)
1(0.08502704949233775, 0.08650590858382912)
1(0.08399667661748655, 0.08541297859213626)
1(0.103335997263314, 0.10458967127457008)
1(0.1753045944472722, 0.17649425981582967)
1(0.2759971305745119, 0.27711939782273987)
1(0.08752253048048164, 0.08861197042746771)
1(0.19599001676034233, 0.1970347486874573)
1(0.09356867513978073, 0.09458406851701329)
1(0.19070667226770532, 0.1917215136428898)
1(0.07728766291237565, 0.0782408939636603)
1(0.1262889751075711, 0.12721904332465828)
1(0.21814333328387236, 0.21897568369534448)
1(0.29870698739257817, 0.29953770210137776)
1(0.2245579686848832, 0.22530716453121336)
1(0.26324838887027924, 0.26385460802053173)
1(0.22260224500970016, 0.22319021463856725)
1(0.09432760046574717, 0.09485283854850934)
1(0.311946013343562, 0.3124345640193388)
1(0.24583554680847108, 0.24605648634635724)
1(0.2936719808397539, 0.29389066848190093)
1(0.2876842583356263, 0.28785502371751215)
1(0.2827180334209808, 0.2828499878746442)
0(0.0, inf)
0(0.0, 0.7199012940334852)
0(0.0, 0.4305179971952271)
0(0.0, 0.33795281802672894)
0(0.0, 0.29673048579096484)
0(0.0, 0.2798042876613609)
0(0.0, 0.27510318651558974)
0(0.0, 0.2745838831447469)
0(0.0, 0.2607901392231724)
0(0.0, 0.25897789147981654)
0(0.0, 0.2566890726687302)
0(0.0, 0.25570787071841905)
0(0.0, 0.25261317930382954)
0(0.0, 0.2513137501771434)
0(0.0, 0.2507242618054969)
0(0.0, 0.2506400398565255)
0(0.0, 0.2485822140115791)
0(0.0, 0.2465837021200029)
0(0.0, 0.24619002175962867)
0(0.0, 0.2447345551409008)
0(0.0, 0.242148062982791)
0(0.0, 0.24084700407119153)
0(0.0, 0.24060578397014853)
0(0.0, 0.23984562581257052)
0(0.0, 0.23970947661861053)
0(0.0, 0.2381216404488834)
0(0.0, 0.23663784781380193)
0(0.0, 0.2339383596972633)
0(0.0, 0.23349698040288924)
0(0.0, 0.2326456469369299)
0(0.0, 0.23007634040738922)
0(0.0, 0.2287417641464925)
0(0.0, 0.22857442730487265)
0(0.0, 0.22789198001919675)
0(0.0, 0.2273497695775727)
0(0.0, 0.22578914787111548)
0(0.0, 0.2239047323497929)
0(0.0, 0.22360797604727745)
0(0.0, 0.22313307055012388)
0(0.0, 0.2229346720029678)
0(0.0, 0.22205082716052882)
0(0.0, 0.2217501316207684)
0(0.0, 0.2215214811115127)
0(0.0, 0.22079642826266643)
0(0.0, 0.22049776998989912)
0(0.0, 0.21996191382426866)
0(0.0, 0.21962757579689285)
0(0.0, 0.2195434019921192)
0(0.0, 0.21947698848176822)
0(0.0, 0.21866712497291707)
0(0.0, 0.21844832301821737)
0(0.0, 0.2169878651365167)
0(0.0, 0.21662525890847528)
0(0.0, 0.2164261967785318)
0(0.0, 0.21606368201704296)
0(0.0, 0.21550693893947037)
0(0.0, 0.21539542458918337)
0(0.0, 0.2150606569178496)
0(0.0, 0.21504297704183928)
0(0.0, 0.21438790101461602)
0(0.0, 0.2138100089508499)
0(0.0, 0.21057551803639685)
0(0.0, 0.21056864826416666)
0(0.0, 0.2099310507040386)
0(0.0, 0.20854175745676884)
0(0.0, 0.20755098090199187)
0(0.0, 0.20715729987740628)
0(0.0, 0.2070902603971716)
0(0.0, 0.20673770278848613)
0(0.0, 0.2067291938516862)
0(0.0, 0.2063626490592344)
0(0.0, 0.20622991133276403)
0(0.0, 0.20611529863087064)
0(0.0, 0.2059444992188577)
0(0.0, 0.20574537607769194)
0(0.0, 0.20558733302348287)
0(0.0, 0.20542175192961365)
0(0.0, 0.2052593267260565)
0(0.0, 0.20513548076308274)
0(0.0, 0.2042403841645416)
0(0.0, 0.20313870019574454)
0(0.0, 0.2029295086123447)
0(0.0, 0.20177033235230868)
0(0.0, 0.20135460547314554)
0(0.0, 0.20094634507777165)
0(0.0, 0.20089191904651116)
0(0.0, 0.20015959563528418)
0(0.0, 0.20014652688436074)
0(0.0, 0.20006380507584653)
0(0.0, 0.19982976286546295)
0(0.0, 0.19925798538457062)
0(0.0, 0.19879367381154334)
0(0.0, 0.19836990898567697)
0(0.0, 0.1979380160803863)
0(0.0, 0.19745715880840697)
0(0.0, 0.1968961370487866)
0(0.0, 0.19634696468251622)
0(0.0, 0.19333034763163748)
0(0.0, 0.19127567163635073)
0(0.0, 0.19123949191919254)
0(0.0, 0.19061370428513758)
0(0.0, 0.19056488526581428)
0(0.0, 0.1901096867063371)
0(0.0, 0.19006532411674026)
0(0.0, 0.19004033999075753)
0(0.0, 0.1894005508083847)
0(0.0, 0.18834340116221515)
0(0.0, 0.18802196349358768)
0(0.0, 0.18717964788075137)
0(0.0, 0.1869062964132424)
0(0.0, 0.18659858722210687)
0(0.0, 0.18658752696050662)
0(0.0, 0.1864299099970429)
0(0.0, 0.18603575092154512)
0(0.0, 0.18578774662635766)
0(0.0, 0.18529105734539542)
0(0.0, 0.18503872935696009)
0(0.0, 0.18256887962432966)
0(0.0, 0.18184638138864473)
0(0.0, 0.18173585330034725)
0(0.0, 0.18139118517726982)
0(0.0, 0.18081645365743026)
0(0.0, 0.18063229858213903)
0(0.0, 0.1801080499164358)
0(0.0, 0.17962006575526723)
0(0.0, 0.1795362139208624)
0(0.0, 0.17916340722389323)
0(0.0, 0.17894180134454185)
0(0.0, 0.1784518337907518)
0(0.0, 0.17751355689296744)
0(0.0, 0.1774182451476718)
0(0.0, 0.17733847027705885)
0(0.0, 0.17727973410118825)
0(0.0, 0.1765733958487855)
0(0.0, 0.17616762151691712)
0(0.0, 0.17555234862190428)
0(0.0, 0.1748447094520147)
0(0.0, 0.17476628464438304)
0(0.0, 0.17404554725107146)
0(0.0, 0.17379357977818777)
0(0.0, 0.17328585881020775)
0(0.0, 0.1727869423572035)
0(0.0, 0.17224793547310258)
0(0.0, 0.17218213592810983)
0(0.0, 0.1709327137559109)
0(0.0, 0.17058451334427038)
0(0.0, 0.17021935254175147)
0(0.0, 0.1702178434799676)
0(0.0, 0.16944468029305837)
0(0.0, 0.16932179272440917)
0(0.0, 0.1691335469979084)
0(0.0, 0.16873350956996114)
0(0.0, 0.1685981432130078)
0(0.0, 0.16825908266867662)
0(0.0, 0.16790568262838534)
0(0.0, 0.16782022669450392)
0(0.0, 0.1672793264387361)
0(0.0, 0.16698243062050844)
0(0.0, 0.16679017829536547)
0(0.0, 0.16670903636148904)
0(0.0, 0.16574221061294325)
0(0.0, 0.16542784327688664)
0(0.0, 0.16524428579286377)
0(0.0, 0.16521316442784706)
0(0.0, 0.16494523018749896)
0(0.0, 0.16477031145626908)
0(0.0, 0.16474322515863815)
0(0.0, 0.16433852896691026)
0(0.0, 0.16412095837504825)
0(0.0, 0.1633476210796624)
0(0.0, 0.16239155942992667)
0(0.0, 0.16212751436981787)
0(0.0, 0.16177387356506134)
0(0.0, 0.160784115260721)
0(0.0, 0.1606540121351152)
0(0.0, 0.16018546639343567)
0(0.0, 0.15874885109224746)
0(0.0, 0.15868083818987033)
0(0.0, 0.15854187228541905)
0(0.0, 0.15844736093523848)
0(0.0, 0.15783770912052486)
0(0.0, 0.1575171103268983)
0(0.0, 0.15739167247131525)
0(0.0, 0.15672092568679652)
0(0.0, 0.15649635340619594)
0(0.0, 0.15645850919158777)
0(0.0, 0.15604590077927816)
0(0.0, 0.1556391478574225)
0(0.0, 0.15476077518056708)
0(0.0, 0.1543131412968981)
0(0.0, 0.15327628650156988)
0(0.0, 0.15227585261263255)
0(0.0, 0.1506689629334711)
0(0.0, 0.14990814314567602)
0(0.0, 0.1499065009952052)
0(0.0, 0.14908623391972786)
0(0.0, 0.14884880265484124)
0(0.0, 0.14670457463522435)
0(0.0, 0.14493759699941744)
0(0.0, 0.14471268167789564)
0(0.0, 0.14455255935418032)
0(0.0, 0.1424662330120482)
0(0.0, 0.1415317570532424)
0(0.0, 0.14057928944906606)
0(0.0, 0.1402533574928898)
0(0.0, 0.13849231084735092)
0(0.0, 0.13797559857764563)
0(0.0, 0.13738662494551113)
0(0.0, 0.13666103458976342)
0(0.0, 0.13573583438036363)
0(0.0, 0.13519699690122255)
0(0.0, 0.1339274503879433)
0(0.0, 0.13337065430000616)
0(0.0, 0.13260260358960896)
0(0.0, 0.13227020113512034)
0(0.0, 0.13018058990555603)
0(0.0, 0.12335724263513481)
0(0.0, 0.11768416568185158)
0(0.0, 0.11662129591239989)
0(0.0, 0.11137659703974234)
0(0.0, 0.10798492904035528)
0(0.0, 0.10628202014073829)
0(0.0, 0.10390069618209696)
0(0.0, 0.10366321968757763)
0(0.0, 0.10027454358266064)
0(0.0, 0.09490791807598387)
0(0.0, 0.09411485918053919)
0(0.0, 0.09283509953913949)
0(0.0, 0.09236746578094801)
0(0.0, 0.09165117225829367)
0(0.0, 0.08971559562085385)
0(0.0, 0.0890465139398543)
0(0.0, 0.08888527067507068)
0(0.0, 0.08847680005473024)
0(0.0, 0.08798127059020211)
0(0.0, 0.0860576957941287)
0(0.0, 0.08549020844647592)
0(0.0, 0.08494725534844516)
0(0.0, 0.0836788311963027)
0(0.0, 0.0829210271017341)
0(0.0, 0.08240673765969975)
0(0.0, 0.08229138402539515)
0(0.0, 0.08191742152788206)
0(0.0, 0.08166120012893885)
0(0.0, 0.08138549346433677)
0(0.0, 0.08060360323016813)
0(0.0, 0.08052857182879614)
0(0.0, 0.0799301889741757)
0(0.0, 0.07971639949755938)
0(0.0, 0.07817083010597137)
0(0.0, 0.07798560016038159)
0(0.0, 0.07769285905861434)
0(0.0, 0.07733000088874453)
0(0.0, 0.0770277917576152)
0(0.0, 0.07662643033771754)
0(0.0, 0.07595365752672623)
0(0.0, 0.07573164336705385)
0(0.0, 0.07431964773547473)
0(0.0, 0.07414801004376226)
0(0.0, 0.07376297576193902)
0(0.0, 0.0733225117017956)
0(0.0, 0.07310240820893432)
0(0.0, 0.07299457273893306)
0(0.0, 0.07274159740347752)
0(0.0, 0.07264057671782054)
0(0.0, 0.0725275521861607)
0(0.0, 0.07236629340085843)
0(0.0, 0.07228089732746124)
0(0.0, 0.07163306078831821)
0(0.0, 0.07142028612170004)
0(0.0, 0.0713645464456143)
0(0.0, 0.07092302119790828)
0(0.0, 0.07081648866257817)
0(0.0, 0.07068452806596259)
0(0.0, 0.07052586022559026)
0(0.0, 0.07026465822696848)
0(0.0, 0.07025245536288127)
0(0.0, 0.0695929079547618)
0(0.0, 0.06930845561420784)
0(0.0, 0.06903642869338622)
0(0.0, 0.06879421831153787)
0(0.0, 0.06868683250847185)
0(0.0, 0.06866046426847239)
0(0.0, 0.06829510943880845)
0(0.0, 0.06807039974356643)
0(0.0, 0.06802052370137646)
0(0.0, 0.06765614401028708)
0(0.0, 0.06762553702601481)
0(0.0, 0.06707121615108091)
0(0.0, 0.06662009950783376)
0(0.0, 0.06649401091010587)
0(0.0, 0.06639813068336597)
0(0.0, 0.06637924214982827)
0(0.0, 0.06629561380577154)
0(0.0, 0.0659862550810637)
0(0.0, 0.06582426791410101)
0(0.0, 0.06570210133963472)
0(0.0, 0.06552465077569825)
0(0.0, 0.06453929381997658)
0(0.0, 0.06403750664622876)
0(0.0, 0.06318025150849138)
0(0.0, 0.0627498765280694)
0(0.0, 0.06253696430674249)
0(0.0, 0.06252291041019975)
0(0.0, 0.06242220470751292)
0(0.0, 0.06194004347127702)
0(0.0, 0.0615254984964666)
0(0.0, 0.060613359598491234)
0(0.0, 0.06041569430945026)
0(0.0, 0.06023668732379306)
0(0.0, 0.05983588484467728)
0(0.0, 0.059610141625966895)
0(0.0, 0.05881521930263223)
0(0.0, 0.05860405533840496)
0(0.0, 0.05831526137090093)
0(0.0, 0.058034238978733055)
0(0.0, 0.05766189073940897)
0(0.0, 0.05619378721877977)
0(0.0, 0.05537099407664936)
0(0.0, 0.05519414902814457)
0(0.0, 0.05349101176869209)
0(0.0, 0.052052400257189935)
0(0.0, 0.05048821738004705)
0(0.0, 0.0443471771456575)
