1(0.7643674926123721, 0.9614405834233728)
1(0.14802843395297427, 0.21574222471418003)
1(0.07255629999493218, 0.12123445852808279)
1(0.08118740065894126, 0.12093427690557301)
1(0.07359513642169468, 0.1131850539253142)
1(0.17941481256982594, 0.2179374199805696)
1(1.0555809708621033, 1.0916879024950132)
1(0.08104052925092997, 0.11706812259768695)
1(0.12066748697992846, 0.1565719502952453)
1(0.0572748404635125, 0.0931487858705291)
1(0.06554032576437863, 0.10035366708172466)
1(0.08305404159362773, 0.11773770781619908)
1(0.13574361984116312, 0.16765548601798552)
1(0.06128679896790579, 0.09117477578794586)
1(0.0599349789789555, 0.08962772654223061)
1(0.16291148324982285, 0.19130398878527932)
1(0.08932423451797278, 0.11496983549918183)
1(0.06172965801782615, 0.08689549538650765)
1(0.09736329164119883, 0.12197149218758085)
1(0.1200950424512709, 0.14275231426967583)
1(0.09625157928452233, 0.11889898897883078)
1(0.10298316764782489, 0.12553237022017405)
1(0.08199551997741339, 0.10453788000763897)
1(0.08510770236304555, 0.10721807478151812)
1(0.8042643661944536, 0.8255201903340481)
1(0.11154365740742211, 0.13271034634162726)
1(0.06806783406617145, 0.08917132326031763)
1(0.07221272495022046, 0.09275116785891069)
1(0.08108857764229138, 0.10151637248966183)
1(0.09801506130223347, 0.11842428859109455)
1(0.058229229168494046, 0.07794531893878731)
1(0.1074177537082327, 0.12674705439279665)
1(0.09220552638038326, 0.11129431168651172)
1(0.04307127348240403, 0.06212731524444304)
1(0.06444287517275638, 0.08336440268682)
1(0.06990340984698129, 0.08863749616499461)
1(0.0515556416650399, 0.07015709710891094)
1(0.08817513956648881, 0.1067585830136758)
1(0.08621236038463387, 0.10453788000763897)
1(0.07297204509800437, 0.09127315489955046)
1(0.06276325619970669, 0.08032095073546086)
1(0.047508636339022914, 0.06471218248789778)
1(0.06528231914953775, 0.08181888943732141)
1(0.06956062876388669, 0.08609035053878744)
1(0.06430993878658164, 0.08079951692166032)
1(0.05442106234332389, 0.07063913049997428)
1(0.0637410150886969, 0.0799277442478632)
1(0.08641700657647733, 0.1023740714821113)
1(0.12418852419962112, 0.1399056440818095)
1(0.18267229409416819, 0.19824727542117748)
1(0.06606861265703101, 0.08117275500928356)
1(0.19897050628201363, 0.21367004303620785)
1(0.06503306538357745, 0.07964163043287886)
1(0.07159818413662067, 0.08608814052499081)
1(0.0723821740723466, 0.08683498244594379)
1(0.06493322594639317, 0.07937174750641207)
1(0.06618361100660963, 0.08008237996058065)
1(0.06639519238204494, 0.08004008201736279)
1(0.0737689309909575, 0.08736770531307114)
1(0.05482367593392745, 0.06827817223368904)
1(0.07245083102179684, 0.085531626922142)
1(0.08940822912940372, 0.10241711309459844)
1(0.05668123435119232, 0.06954322321888873)
1(0.0745044585911886, 0.08731613409562711)
1(0.06798260098519837, 0.08043972215220552)
1(0.12057204684408196, 0.13268633538855223)
1(0.051649229290220866, 0.06372332963559069)
1(0.06162621076346586, 0.07364164288308328)
1(0.04011878304202221, 0.0520640954400966)
1(0.06551093329351954, 0.07737392837304269)
1(0.10833667747374376, 0.1201604734449816)
1(0.06710055393720649, 0.07882312647737377)
1(0.05196313765829408, 0.06362010114982575)
1(0.0862937334306555, 0.09784109847239053)
1(0.07972173699983587, 0.09126196838005285)
1(0.07646380025817101, 0.08785327058081938)
1(0.09266680697687835, 0.10400178475800659)
1(0.058090365334748095, 0.06925591575079637)
1(0.09118171999744129, 0.10232945574646635)
1(0.0667052404524191, 0.07761440343255721)
1(0.08361401338613483, 0.09451504664422161)
1(0.06964111836932385, 0.08023664789124485)
1(0.12875823562273347, 0.1392613355008021)
1(0.06693485365160912, 0.07711216482166916)
1(0.05875119299825726, 0.06885884613912341)
1(0.06925679889544156, 0.079213044966439)
1(0.10591320059780751, 0.11586689775565784)
1(0.03712779325226567, 0.04708015890620609)
1(0.06124393064250022, 0.07092978206968825)
1(0.1088741829671046, 0.11850403796272091)
1(0.06305943899555788, 0.07265547710415488)
1(0.04682027529020982, 0.056356692391178576)
1(0.09318522037530064, 0.10268456104634738)
1(0.09302844393927467, 0.10246851272627877)
1(0.03999351314530308, 0.049400942971693285)
1(0.08805779982440987, 0.09738337621947868)
1(0.059808660344927156, 0.06906911774704927)
1(0.14048772480413652, 0.14970749229203828)
1(0.06364868440839366, 0.07282569340084177)
1(0.06520720567936, 0.07428657313706732)
1(0.06228655157723739, 0.07120956096120601)
1(0.08842913038580213, 0.09733768512782792)
1(0.05822878580740021, 0.06710320710414541)
1(0.08407263341982818, 0.09285525260548111)
1(0.05817558652718313, 0.06695794097639807)
1(0.0383994565624074, 0.04712147333643946)
1(0.09801825905355277, 0.10669408757198506)
1(0.03702367755698588, 0.04564770295503884)
1(0.06035674512730127, 0.06893094066662897)
1(0.042339049985201105, 0.050824620074259586)
1(0.08493209789234057, 0.0932406661765206)
1(0.06122832916262211, 0.06946959945278353)
1(0.08801655587965185, 0.0962189890831403)
1(0.07282057271886111, 0.08100150990726385)
1(0.05044600157766799, 0.058369095444542274)
1(0.0473756148267962, 0.05525000278649006)
1(0.07896780071794429, 0.08683498244594379)
1(0.09773486069013748, 0.10537575914660824)
1(0.0367348165222845, 0.044290677999811456)
1(0.06801402666800227, 0.07545613567078613)
1(0.08658143078574965, 0.09389304225897033)
1(0.07364643540877835, 0.08093922831055833)
1(0.10718820712750621, 0.11436159046039818)
1(0.0785790590079084, 0.08566167033035088)
1(0.0722384491705168, 0.079213044966439)
1(0.060253439944706666, 0.06704132273521735)
1(0.05928467179896768, 0.06588950051958742)
1(0.06317088485307076, 0.06975190192700509)
1(0.07065804446064206, 0.07710682867112273)
1(0.07660758193236039, 0.08302729385938756)
1(0.06925339542528086, 0.07561618891983268)
1(0.09538172070864848, 0.10171127396180613)
1(0.0567654532468268, 0.06303705996836817)
1(0.04387893066091397, 0.05013526591628614)
1(0.10022383831779502, 0.10646956942538488)
1(0.07464167661081123, 0.08051108932747797)
1(0.16531038582800484, 0.17115816963887465)
1(0.044568213431341985, 0.050366265300053614)
1(0.06945586418778749, 0.07511750312097787)
1(0.03875513857565471, 0.044402095298784916)
1(0.0643042612030924, 0.06987190720339409)
1(0.0604839133132592, 0.06604036739680519)
1(0.06140275110869875, 0.06695011823041053)
1(0.040262501185672206, 0.04569787170972994)
1(0.05952747907501088, 0.06493587960026193)
1(0.03926064133136664, 0.04464076073204315)
1(0.06557324921762286, 0.07092978206968825)
1(0.03466709835290516, 0.0400027967603408)
1(0.06477635627188649, 0.07006558527780116)
1(0.1086862553801502, 0.11391149678502188)
1(0.05120909521911299, 0.056413139826854475)
1(0.06255871626626819, 0.06768221856377621)
1(0.04467792036478868, 0.049767474241502185)
1(0.10319746766135396, 0.10823346510482079)
1(0.12102315668930641, 0.1260353308014236)
1(0.06934496904305931, 0.0742660380169684)
1(0.06729611302204808, 0.07221690603996445)
1(0.09016279298107299, 0.09502858532194292)
1(0.0700076812792163, 0.07485326175787288)
1(0.09542871170212552, 0.10023496731953985)
1(0.0792676979537208, 0.08405650992899283)
1(0.05671972146259252, 0.06150269125668539)
1(0.06087535248829423, 0.0656555656149489)
1(0.04822234604964337, 0.052978095246632106)
1(0.06629957025312694, 0.07105034631270213)
1(0.044809110530645735, 0.04942565121996201)
1(0.05158225546551143, 0.05617974208380705)
1(0.08567337206486825, 0.09025651985900762)
1(0.0754184609070585, 0.07989528765453036)
1(0.054280382996129584, 0.058718621240031355)
1(0.07364986488092595, 0.07794550924857113)
1(0.08526115101416565, 0.08954560287951141)
1(0.06647726551423794, 0.07075472094444857)
1(0.07085570700738897, 0.07511750312097787)
1(0.1015650989527308, 0.10577176629107576)
1(0.15033857390099614, 0.15441959239885727)
1(0.059592210834393256, 0.06366588821527852)
1(0.09348009891798337, 0.09745241650065972)
1(0.09459583621798762, 0.09854763280744017)
1(0.06058791934899699, 0.06452021616693837)
1(0.0736299012688384, 0.07753311692084408)
1(0.035797845917102666, 0.03968385062432189)
1(0.05943731497962068, 0.06328472289218101)
1(0.040173360872700736, 0.04398199181533213)
1(0.07086515904685609, 0.07463994620823766)
1(0.054579320717787594, 0.05830031998509311)
1(0.05418564754845445, 0.05789504498100173)
1(0.07575225464770607, 0.07937174750641207)
1(0.056168937374462824, 0.05961430714594129)
1(0.07666825383784881, 0.08005816561563872)
1(0.0330164033156487, 0.03636398669339491)
1(0.08527851133956954, 0.08858401699225038)
1(0.06495855401405248, 0.06818227210148087)
1(0.03846194967768357, 0.04148045288418356)
1(0.03777591539659608, 0.0407756406516534)
1(0.07132498984829683, 0.07421480432189298)
1(0.05323681031443517, 0.05605720045028595)
1(0.07667204753119927, 0.07948098844922147)
1(0.08902252341656514, 0.0918309340417236)
1(0.05262590788723409, 0.05542201637646815)
1(0.06559500851727751, 0.06837520403076092)
1(0.11136668082699275, 0.1141148614486216)
1(0.12241990502672939, 0.12512765265686643)
1(0.0659593027526405, 0.06866607293200955)
1(0.04543470270655381, 0.04812295313531678)
1(0.06020147846213664, 0.06287237030620507)
1(0.050712879107074116, 0.0533733908281363)
1(0.12105942994984309, 0.12371007148203883)
1(0.06711122280920012, 0.06964673574545865)
1(0.087665851832607, 0.0901152416887826)
1(0.03386593144021044, 0.03622834924986407)
1(0.07131113822298385, 0.07350798038274842)
1(0.036475896005873754, 0.038615666262987625)
1(0.06287793383186946, 0.06494070658702311)
1(0.084017173321014, 0.0860603782549112)
1(0.06695212094039016, 0.06898773648763579)
1(0.05409073350072091, 0.056086434849940026)
1(0.14355796631747864, 0.14553162306983047)
1(0.043046507312754834, 0.04496272902904641)
1(0.06119415182164789, 0.06304192034319567)
1(0.047600067702276094, 0.04942565121996201)
1(0.09525296679946671, 0.09706183011250735)
1(0.07703918305046964, 0.07881476850539415)
1(0.06483828643929779, 0.06661350370966135)
1(0.0350147666209798, 0.03669573293392503)
1(0.07120016607608737, 0.07284046291615154)
1(0.03205952668513967, 0.033494417426654044)
1(0.09612692231620223, 0.09748097833938452)
1(0.07083891829610212, 0.07211824186279825)
1(0.07637880761265048, 0.07762769300398131)
1(0.03809152274391081, 0.03928794977159844)
1(0.09085648774909061, 0.09203522923527985)
1(0.07125073516345093, 0.07239825204482331)
1(0.04542218829774536, 0.046533461653401775)
1(0.07476363806742492, 0.07586958083870543)
1(0.07822588619039073, 0.07932126850973975)
1(0.08378996057635368, 0.08486329518981905)
1(0.11068235851288588, 0.1117157168411208)
1(0.08219753908647565, 0.08313609526312604)
1(0.038800941862495386, 0.03968385062432189)
1(0.03571232319981199, 0.036535491903994854)
1(0.06994887284669338, 0.07075472094444857)
1(0.087095442100253, 0.08782209757918058)
1(0.07667771408121216, 0.07739628450192515)
1(0.08891463673508959, 0.08957663386868353)
1(0.14225090536842866, 0.14275231426967583)
1(0.18499280456509493, 0.18547577799472614)
1(0.05025188796144331, 0.05069615458082666)
1(0.061447104113025675, 0.06187261795681298)
1(0.037988604676609805, 0.03841081680713365)
1(0.08364948752956292, 0.08405966138655985)
1(0.0313780646657662, 0.0317728542947191)
1(0.08034620032183348, 0.08072814519477844)
1(0.06569925131459231, 0.06607942195404104)
1(0.037752499159146136, 0.038117259493386624)
1(0.058980813348619265, 0.05933554489543469)
1(0.05603635728248868, 0.056356692391178576)
1(0.09391352017041432, 0.09418240587183546)
1(0.04172109220925857, 0.04197381402590461)
1(0.04228046021163234, 0.04253175869799508)
1(0.052056793970906234, 0.05228689073611792)
1(0.06346694604101899, 0.06368169750523134)
1(0.055325503182100944, 0.05553661988378389)
1(0.06230862434209972, 0.0624946445139587)
1(0.05594720052653501, 0.05609051030439427)
1(0.0797722849544823, 0.07988474264486212)
1(0.03664270175322426, 0.03669573293392503)
1(0.04892137659559814, 0.04894279714655325)
1(0.10257683079920699, 0.10259534227576561)
0(0.0, inf)
0(0.0, 0.7626431449576213)
0(0.0, 0.17947642909020733)
0(0.0, 0.1693708543043828)
0(0.0, 0.1654920294952964)
0(0.0, 0.15904981058803913)
0(0.0, 0.1566859826077378)
0(0.0, 0.1531396724688392)
0(0.0, 0.14562949329476638)
0(0.0, 0.14421880553538435)
0(0.0, 0.14094031168408405)
0(0.0, 0.13885752551530173)
0(0.0, 0.13475746695319057)
0(0.0, 0.126742026958237)
0(0.0, 0.12576738158815537)
0(0.0, 0.12566422579055325)
0(0.0, 0.12172298059210218)
0(0.0, 0.11874441669118174)
0(0.0, 0.11602045010392936)
0(0.0, 0.11000668324563012)
0(0.0, 0.1089466577860867)
0(0.0, 0.10261571563808247)
0(0.0, 0.10238702670245114)
0(0.0, 0.09499202960521802)
0(0.0, 0.0901772494209977)
0(0.0, 0.08875439557105325)
0(0.0, 0.08852594917631018)
0(0.0, 0.08814875658264965)
0(0.0, 0.08751365312106629)
0(0.0, 0.08745018559304663)
0(0.0, 0.08692156104636228)
0(0.0, 0.08598256664342796)
0(0.0, 0.08584106150141324)
0(0.0, 0.08299663343736619)
0(0.0, 0.08297781361073142)
0(0.0, 0.08245410989102353)
0(0.0, 0.08189143976422109)
0(0.0, 0.08167804091784858)
0(0.0, 0.08105259770086792)
0(0.0, 0.08098658920724011)
0(0.0, 0.08066772661967736)
0(0.0, 0.08059875247126491)
0(0.0, 0.08003781985278924)
0(0.0, 0.08002045332965824)
0(0.0, 0.0797786963014595)
0(0.0, 0.0790470746581845)
0(0.0, 0.07850743066086285)
0(0.0, 0.07741068358807324)
0(0.0, 0.07514852812298767)
0(0.0, 0.07501761379121719)
0(0.0, 0.07492105085962608)
0(0.0, 0.07491834026142641)
0(0.0, 0.07450753505395591)
0(0.0, 0.07446638388272064)
0(0.0, 0.07422592568984188)
0(0.0, 0.07422397797587221)
0(0.0, 0.07374425962719144)
0(0.0, 0.07317818097684492)
0(0.0, 0.0730034214001436)
0(0.0, 0.07270043943348159)
0(0.0, 0.07221245014749189)
0(0.0, 0.07203381644120677)
0(0.0, 0.07201595551085549)
0(0.0, 0.07138831883261021)
0(0.0, 0.07125567000974764)
0(0.0, 0.0711990626716491)
0(0.0, 0.0708347938436551)
0(0.0, 0.07040761298917586)
0(0.0, 0.07013048872400696)
0(0.0, 0.06966372828379674)
0(0.0, 0.06962490646858344)
0(0.0, 0.06956859381792857)
0(0.0, 0.06939099626930101)
0(0.0, 0.06890984757259877)
0(0.0, 0.06878052905690002)
0(0.0, 0.06870425630864152)
0(0.0, 0.06837103047927673)
0(0.0, 0.06823757191691804)
0(0.0, 0.06801323243439761)
0(0.0, 0.06800458725107472)
0(0.0, 0.06783768321571326)
0(0.0, 0.06762393324163674)
0(0.0, 0.06761988885943804)
0(0.0, 0.0672046138132315)
0(0.0, 0.06712594851189824)
0(0.0, 0.06646560596315487)
0(0.0, 0.06614532819561614)
0(0.0, 0.06596532416488221)
0(0.0, 0.06563166817741184)
0(0.0, 0.06530369005154002)
0(0.0, 0.06524742902515601)
0(0.0, 0.06519671155057483)
0(0.0, 0.06498476809076592)
0(0.0, 0.06495058414623023)
0(0.0, 0.06484317596200273)
0(0.0, 0.06461826020084838)
0(0.0, 0.06460359225262069)
0(0.0, 0.06426149495703914)
0(0.0, 0.06394167641052118)
0(0.0, 0.063926879063119)
0(0.0, 0.0637551192336494)
0(0.0, 0.0637066185904902)
0(0.0, 0.06290791548604735)
0(0.0, 0.062299226396558605)
0(0.0, 0.06229691151341865)
0(0.0, 0.06208021435397193)
0(0.0, 0.061631694445866025)
0(0.0, 0.061559617808891076)
0(0.0, 0.06151807454459579)
0(0.0, 0.061499412818965316)
0(0.0, 0.06120327048860075)
0(0.0, 0.06115928975397089)
0(0.0, 0.06106433536524358)
0(0.0, 0.06064233915596684)
0(0.0, 0.06049987714783356)
0(0.0, 0.06033281084960651)
0(0.0, 0.060298943352677714)
0(0.0, 0.06004519990528623)
0(0.0, 0.059895141937325924)
0(0.0, 0.05984811234798859)
0(0.0, 0.0598079423573562)
0(0.0, 0.05975427702371339)
0(0.0, 0.059749921138975925)
0(0.0, 0.05968885059974849)
0(0.0, 0.059057783540208186)
0(0.0, 0.059007841181399456)
0(0.0, 0.05887038181897264)
0(0.0, 0.05880085942237412)
0(0.0, 0.058705663433451516)
0(0.0, 0.05863213335108097)
0(0.0, 0.05847039261931275)
0(0.0, 0.058238685551920244)
0(0.0, 0.05822682694399661)
0(0.0, 0.058211915204271825)
0(0.0, 0.05808476414068786)
0(0.0, 0.05794232220621365)
0(0.0, 0.05792807903146535)
0(0.0, 0.05790754372603635)
0(0.0, 0.05758126949360931)
0(0.0, 0.05753699445927285)
0(0.0, 0.05753112238153346)
0(0.0, 0.05743436732177498)
0(0.0, 0.05733204375313061)
0(0.0, 0.05729071106395278)
0(0.0, 0.057212183497221236)
0(0.0, 0.056839599658703444)
0(0.0, 0.05676258882390328)
0(0.0, 0.05674165003834153)
0(0.0, 0.05660386652800353)
0(0.0, 0.05635492564659539)
0(0.0, 0.05625413492874898)
0(0.0, 0.05615330374767202)
0(0.0, 0.055847794408678375)
0(0.0, 0.055828158256006954)
0(0.0, 0.05576312623766766)
0(0.0, 0.05568055732544541)
0(0.0, 0.05560022473344628)
0(0.0, 0.055547952638761)
0(0.0, 0.055427695576242386)
0(0.0, 0.055400958749974194)
0(0.0, 0.055155746618468005)
0(0.0, 0.054918537981099136)
0(0.0, 0.054907408586768236)
0(0.0, 0.054790304777135534)
0(0.0, 0.05458958767152722)
0(0.0, 0.054575292966230315)
0(0.0, 0.05410827620880243)
0(0.0, 0.054101479785388484)
0(0.0, 0.05409084398682373)
0(0.0, 0.05391568525457169)
0(0.0, 0.0537174097204105)
0(0.0, 0.05362000389317634)
0(0.0, 0.05356851451507272)
0(0.0, 0.053482560764169906)
0(0.0, 0.0533241306231943)
0(0.0, 0.05321940405327119)
0(0.0, 0.053172816385308797)
0(0.0, 0.05315595705376497)
0(0.0, 0.05291729984687055)
0(0.0, 0.05269226676799499)
0(0.0, 0.05267982485344769)
0(0.0, 0.05238188967578683)
0(0.0, 0.0523300338998568)
0(0.0, 0.05225808739625193)
0(0.0, 0.052169708736614306)
0(0.0, 0.052142802338694394)
0(0.0, 0.05172850330434786)
0(0.0, 0.05165583628207726)
0(0.0, 0.0516369288783699)
0(0.0, 0.05162999099771881)
0(0.0, 0.05151543800310221)
0(0.0, 0.051396939483259074)
0(0.0, 0.05134565446178185)
0(0.0, 0.051255751770326374)
0(0.0, 0.05124462397544827)
0(0.0, 0.05109622089801524)
0(0.0, 0.05092225107793369)
0(0.0, 0.050879543907124236)
0(0.0, 0.05087781731889629)
0(0.0, 0.05079152548933952)
0(0.0, 0.050504825249050644)
0(0.0, 0.05042643297407412)
0(0.0, 0.050159377407048344)
0(0.0, 0.05012149627157858)
0(0.0, 0.05004371140513064)
0(0.0, 0.049907472303436284)
0(0.0, 0.04984109265008885)
0(0.0, 0.04969130249365117)
0(0.0, 0.049684580039797144)
0(0.0, 0.04959444431267146)
0(0.0, 0.049398211817353266)
0(0.0, 0.04926683775357521)
0(0.0, 0.049263663877679886)
0(0.0, 0.049211930006857085)
0(0.0, 0.049114993294039344)
0(0.0, 0.04910866955550397)
0(0.0, 0.0489573872854735)
0(0.0, 0.048816818540919016)
0(0.0, 0.048760487169887234)
0(0.0, 0.04875909655155686)
0(0.0, 0.048544696420194544)
0(0.0, 0.04850037296799914)
0(0.0, 0.04840907808888506)
0(0.0, 0.048318592464616894)
0(0.0, 0.048269590884585156)
0(0.0, 0.048105475737645675)
0(0.0, 0.04787388258675185)
0(0.0, 0.04770361535196188)
0(0.0, 0.04767132452361178)
0(0.0, 0.04763473986693112)
0(0.0, 0.04743020383647678)
0(0.0, 0.04738288876897867)
0(0.0, 0.047331732341360455)
0(0.0, 0.047171861718793395)
0(0.0, 0.04711254685461752)
0(0.0, 0.046684633920541896)
0(0.0, 0.04667832059710997)
0(0.0, 0.04666068396369516)
0(0.0, 0.04665199163675071)
0(0.0, 0.04659319752131463)
0(0.0, 0.04639639738937851)
0(0.0, 0.046350142465672595)
0(0.0, 0.04630985989441461)
0(0.0, 0.04618368007889162)
0(0.0, 0.04588423816860876)
0(0.0, 0.04583279702633569)
0(0.0, 0.045601582983546995)
0(0.0, 0.045535427918684035)
0(0.0, 0.04546446523619618)
0(0.0, 0.045292536463129474)
0(0.0, 0.04478794805317987)
0(0.0, 0.044695320951564144)
0(0.0, 0.04462658191866331)
0(0.0, 0.044626044640680984)
0(0.0, 0.044513531725656974)
0(0.0, 0.044490163600439)
0(0.0, 0.04434378100803971)
0(0.0, 0.04426015102522385)
0(0.0, 0.04421834771627997)
0(0.0, 0.044202107165238425)
0(0.0, 0.04409361620481034)
0(0.0, 0.04401231178809695)
0(0.0, 0.04393990558718475)
0(0.0, 0.043936867796633305)
0(0.0, 0.04382437878757117)
0(0.0, 0.043793065818356514)
0(0.0, 0.043790502670714604)
0(0.0, 0.043538901029752775)
0(0.0, 0.04349788668878474)
0(0.0, 0.04321554607727551)
0(0.0, 0.0430079826054931)
0(0.0, 0.04278426302148408)
0(0.0, 0.042754244037860656)
0(0.0, 0.04263463625970809)
0(0.0, 0.04239124725315857)
0(0.0, 0.042101028295734255)
0(0.0, 0.042022331410845215)
0(0.0, 0.041952032509945725)
0(0.0, 0.04183269341833251)
0(0.0, 0.04182822777417006)
0(0.0, 0.041558268874269055)
0(0.0, 0.04140039797390649)
0(0.0, 0.04135889589802799)
0(0.0, 0.04103543934396381)
0(0.0, 0.040975845735924166)
0(0.0, 0.04097186127559449)
0(0.0, 0.040953560850134685)
0(0.0, 0.04094067225918574)
0(0.0, 0.04087801770726618)
0(0.0, 0.040810267962590574)
0(0.0, 0.040683323343816746)
0(0.0, 0.04066326209502025)
0(0.0, 0.04063525469215834)
0(0.0, 0.04055279659455446)
0(0.0, 0.04050987082848301)
0(0.0, 0.04015500547950046)
0(0.0, 0.04001541552944843)
0(0.0, 0.039799711151198736)
0(0.0, 0.039721979683232655)
0(0.0, 0.039701762154350395)
0(0.0, 0.03965841441145723)
0(0.0, 0.03961208849895226)
0(0.0, 0.03959561767034758)
0(0.0, 0.03957947223060265)
0(0.0, 0.039573775320075444)
0(0.0, 0.03945195063442264)
0(0.0, 0.039424970325958375)
0(0.0, 0.039422042376991984)
0(0.0, 0.03927655257600693)
0(0.0, 0.03925518400107564)
0(0.0, 0.039176609201937884)
0(0.0, 0.038987339119757936)
0(0.0, 0.0387808511439276)
0(0.0, 0.03873931068009473)
0(0.0, 0.038653658231168064)
0(0.0, 0.03833577476819183)
0(0.0, 0.03797139575006836)
0(0.0, 0.03755438310383519)
0(0.0, 0.03755147997493924)
0(0.0, 0.03710140600610046)
0(0.0, 0.03694610386299568)
0(0.0, 0.03690783420558619)
0(0.0, 0.036541659471477805)
0(0.0, 0.036490837925057806)
0(0.0, 0.03635501594396495)
0(0.0, 0.0362007421636974)
0(0.0, 0.03607082668271677)
0(0.0, 0.03591228460710005)
0(0.0, 0.035736125225697024)
0(0.0, 0.03554720138187539)
0(0.0, 0.035532589523522895)
0(0.0, 0.03547036202904397)
0(0.0, 0.03542324688695475)
0(0.0, 0.03537448827009804)
0(0.0, 0.035320663714832)
0(0.0, 0.035292140378080816)
0(0.0, 0.03527827698748931)
0(0.0, 0.03464515491289433)
0(0.0, 0.03463169038939484)
0(0.0, 0.034501770633433404)
0(0.0, 0.03441208905291737)
0(0.0, 0.034306448638275255)
0(0.0, 0.03427508520510203)
0(0.0, 0.03426437854030917)
0(0.0, 0.034211201418387405)
0(0.0, 0.03400405085517255)
0(0.0, 0.03393085687892916)
0(0.0, 0.033903768963587155)
0(0.0, 0.033857423850152)
0(0.0, 0.03378461211704087)
0(0.0, 0.03377911227876518)
0(0.0, 0.033726377396124496)
0(0.0, 0.03370057513992342)
0(0.0, 0.03358008362656162)
0(0.0, 0.03341387244938243)
0(0.0, 0.03333293236586399)
0(0.0, 0.03330886002005029)
0(0.0, 0.033239195135461475)
0(0.0, 0.03320430592933077)
0(0.0, 0.03288658458738858)
0(0.0, 0.03279493370688791)
0(0.0, 0.03263167293985103)
0(0.0, 0.032600875262559725)
0(0.0, 0.03237146952224956)
0(0.0, 0.03220715254020656)
0(0.0, 0.03211299078452712)
0(0.0, 0.03210037516217357)
0(0.0, 0.03201694611166339)
0(0.0, 0.031943970990246595)
0(0.0, 0.03189713183356069)
0(0.0, 0.03167542445175098)
0(0.0, 0.031618858652492476)
0(0.0, 0.031543987780792704)
0(0.0, 0.03133415783321736)
0(0.0, 0.03132654363118048)
0(0.0, 0.031231659729720973)
0(0.0, 0.031090104253246986)
0(0.0, 0.03102153195160684)
0(0.0, 0.031021111413834235)
0(0.0, 0.03072857974077925)
0(0.0, 0.03036388171715998)
0(0.0, 0.03029986713700239)
0(0.0, 0.030287873602105164)
0(0.0, 0.030116721007531377)
0(0.0, 0.030066389731007837)
0(0.0, 0.030015961803869118)
0(0.0, 0.029920950096823384)
0(0.0, 0.02971090834301393)
0(0.0, 0.029670458665601362)
0(0.0, 0.029593199460012154)
0(0.0, 0.029373200701892754)
0(0.0, 0.02921377838178152)
0(0.0, 0.02921230524258356)
0(0.0, 0.02918843051130604)
0(0.0, 0.028960318033101284)
0(0.0, 0.028954384420481927)
0(0.0, 0.028814953277439992)
0(0.0, 0.028491643241911335)
0(0.0, 0.028297152608757203)
0(0.0, 0.02826711122630121)
0(0.0, 0.028197463486274832)
0(0.0, 0.028002609135187595)
0(0.0, 0.02784117628256544)
0(0.0, 0.02781112650244799)
0(0.0, 0.02779655088914712)
0(0.0, 0.027541818810029817)
0(0.0, 0.027503011782716302)
0(0.0, 0.027290097350888276)
0(0.0, 0.027174841733412225)
0(0.0, 0.026850639883376437)
0(0.0, 0.026778256156413716)
0(0.0, 0.02655037280315098)
0(0.0, 0.026381666480789656)
0(0.0, 0.02613239389780153)
0(0.0, 0.026074226040409987)
0(0.0, 0.02606731050582589)
0(0.0, 0.026003871793252697)
0(0.0, 0.025881798737933392)
0(0.0, 0.025829023549497343)
0(0.0, 0.025706316160226672)
0(0.0, 0.02567187020672923)
0(0.0, 0.02506742824425634)
0(0.0, 0.024954982499540312)
0(0.0, 0.02461064625588305)
0(0.0, 0.02425275222990897)
0(0.0, 0.02417986387277571)
0(0.0, 0.024085504014883963)
0(0.0, 0.02348192944228178)
0(0.0, 0.023270166979076246)
0(0.0, 0.023033452481995176)
0(0.0, 0.02092516121360133)
0(0.0, 0.01916176227974875)
