1(1.0641632633392193, 1.2991624777365702)
1(0.07206616594128179, 0.1387976021972236)
1(0.11091137362123449, 0.1714984424034528)
1(0.1058383465808872, 0.15961986132783534)
1(0.09908659352224602, 0.1469217192116622)
1(0.20867803952022457, 0.2564258741888904)
1(0.11848982139106656, 0.16621274725573398)
1(0.08733033974096494, 0.1320778488234461)
1(0.09346241987917958, 0.1355019720903713)
1(0.09324887411281124, 0.13436429077016354)
1(0.11727964571579486, 0.15676298976033332)
1(0.1265274805286486, 0.16415536601176728)
1(0.11855991807713084, 0.15573915021647688)
1(0.10337125737023711, 0.13984750999385076)
1(0.08198051447955579, 0.11758359209907776)
1(0.10934008038359011, 0.14317420576428663)
1(0.08498410567420223, 0.11791122327751391)
1(0.10870057631205232, 0.1402834712960549)
1(1.2415713542617723, 1.2720139828186743)
1(0.09088160630650854, 0.12116384679602032)
1(0.13370873906981118, 0.1639225330555334)
1(0.0982564360701309, 0.12754846106567663)
1(0.09442266586920223, 0.12348408983421144)
1(0.1509319463589196, 0.17814021942441016)
1(0.09700064562008182, 0.12418857608267908)
1(0.13497490068733464, 0.16162046163799093)
1(0.22621158505247763, 0.25278327203223694)
1(0.11025916203353625, 0.13571323435054738)
1(0.11225036968738222, 0.1366833358565983)
1(0.11723472265718338, 0.14079480733979577)
1(0.08996308660898111, 0.11281501303644714)
1(0.09421813804127666, 0.11523352652900798)
1(0.08664753680413828, 0.1076255214839178)
1(0.11673048979857037, 0.13716238430736893)
1(0.08934116582910911, 0.10960555602560151)
1(0.08408820210193069, 0.10419247568864398)
1(0.0718514059580545, 0.09171737255112411)
1(0.14177940006785716, 0.16041415558830308)
1(0.09023170945118053, 0.10844194300976695)
1(0.12856353834044343, 0.14591928078164895)
1(0.12070578560811385, 0.13775675197445103)
1(0.07986663671734417, 0.09666473377026719)
1(0.1413789613079628, 0.15787676781929372)
1(0.07273346582050855, 0.08879880184898203)
1(0.10610300609261247, 0.1213683057718018)
1(0.12690301729346176, 0.14207461252701248)
1(0.13203869700673798, 0.14720381092517043)
1(0.11912456392802839, 0.13372966417328735)
1(0.11921167114814402, 0.13319021745127257)
1(0.058350062525558855, 0.07152749786552182)
1(0.17339214847405304, 0.1864702139930421)
1(0.0919493577870476, 0.10502327855239357)
1(0.10351867480384191, 0.11622842405482481)
1(0.07096729819390701, 0.08345347226018318)
1(0.10026128020159297, 0.11239725990261229)
1(0.11715545191238574, 0.1291539864600686)
1(0.14508981245623387, 0.1564515687409226)
1(0.12239967033036792, 0.1331806520778639)
1(0.11848112287020307, 0.12907249579462787)
1(0.12802695489360738, 0.13838484961261666)
1(0.12820844004242693, 0.13802444707739747)
1(0.07906889816836193, 0.08869947268207601)
1(0.10542564495013962, 0.11380773445151082)
1(0.05679994326630977, 0.06500206661922536)
1(0.1197982644366491, 0.1279967525988035)
1(0.07801930873584362, 0.08579216107902576)
1(0.05654151617013581, 0.06423150948500178)
1(0.04919170652787941, 0.056785623879614944)
1(0.09454391522581662, 0.10212211509719904)
1(0.060708032603657425, 0.06782080684640468)
1(0.1268683548904571, 0.13366731751486327)
1(0.09827953040907844, 0.10474039008266223)
1(0.1109222317260895, 0.11730327996780554)
1(0.09651386488301972, 0.10282750027750576)
1(0.12432526176882064, 0.13052192381091166)
1(0.08170377517956795, 0.08787415103502272)
1(0.1330341756182758, 0.13878978868880265)
1(0.10998357025457584, 0.1156920989591963)
1(0.1523754929777399, 0.1580758193856966)
1(0.08905868533564731, 0.09469875534764227)
1(0.12877898094000084, 0.13437014220123722)
1(0.12073444078628315, 0.1260861097511824)
1(0.17843809176726955, 0.18365109023200754)
1(0.11419377825085075, 0.11926525416553879)
1(0.1502617004485256, 0.15525836312239727)
1(0.06695838482876504, 0.07178647821462392)
1(0.09249005712169334, 0.09720789455382994)
1(0.1414345960744252, 0.1461382284469167)
1(0.11016989875404037, 0.11480402502562759)
1(0.17018215226073075, 0.17476841565740453)
1(0.11118903463779584, 0.11575291053392045)
1(0.12613744774820834, 0.1301715584349673)
1(0.09154425075815631, 0.09548643472310325)
1(0.12176087979894479, 0.12556554914024343)
1(0.1412570796869188, 0.14499329751257917)
1(0.10890380429862456, 0.11254197839852476)
1(0.07676257942185671, 0.0800353105033027)
1(0.07550260027044087, 0.07872085753428737)
1(0.12294978465733097, 0.1258015922448512)
1(0.11852158414711056, 0.1213683057718018)
1(0.04607518366723762, 0.04881841639160567)
1(0.06722340481388955, 0.06982844149210066)
1(0.054159223323488215, 0.05673860727873126)
1(0.06320698743421305, 0.06575684380784252)
1(0.03507676119818248, 0.03747968888434472)
1(0.0695880263520049, 0.07180738272553366)
1(0.07971155119267792, 0.08192159264724186)
1(0.08009156123454642, 0.08225617614020397)
1(0.10940821831134684, 0.11127122223376817)
1(0.09901100344497016, 0.10078629919829019)
1(0.08637220085029074, 0.08812880471672446)
1(0.11310190775439, 0.11480402502562759)
1(0.1260583044668644, 0.12768621772971256)
1(0.07056041145487812, 0.07208698182230155)
1(0.05429016141073606, 0.05571804662415647)
1(0.11349265147811327, 0.11488259646304522)
1(0.04496390329495403, 0.046325899074169175)
1(0.1121347072827924, 0.11336032136325813)
1(0.06872204674691329, 0.06991385600251188)
1(0.1009733134422538, 0.10211556687140155)
1(0.07007344924149783, 0.07118431577936335)
1(0.11181197246472896, 0.1129153690066832)
1(0.12414567128872911, 0.12519347002022752)
1(0.15702936004840584, 0.1580758193856966)
1(0.09570455428652958, 0.09669373849261476)
1(0.1566672581007098, 0.15755333827343931)
1(0.15666106632413912, 0.1574028105767179)
1(0.06672028513731942, 0.06719806462075861)
1(0.05755894863303601, 0.05801658728919534)
1(0.06987647520821616, 0.07028558265246598)
1(0.09883295715387375, 0.09920473699870891)
1(0.07583709812115513, 0.07615361726297987)
1(0.06927382481513611, 0.06951138199171714)
1(0.05550020505607789, 0.05551125908465804)
0(0.0, inf)
0(0.0, 0.7235005969695818)
0(0.0, 0.2055617674723046)
0(0.0, 0.1765062350582558)
0(0.0, 0.14362912657686966)
0(0.0, 0.12620805074672126)
0(0.0, 0.1259228912506285)
0(0.0, 0.1255583657385121)
0(0.0, 0.12505953508982715)
0(0.0, 0.1198255734625111)
0(0.0, 0.11877253015648459)
0(0.0, 0.11574853599368862)
0(0.0, 0.1151868646185159)
0(0.0, 0.11497743496741275)
0(0.0, 0.11367992361115431)
0(0.0, 0.11227814079017906)
0(0.0, 0.11052964560619549)
0(0.0, 0.10716974394322687)
0(0.0, 0.10701783924051567)
0(0.0, 0.10689749679496396)
0(0.0, 0.1067470444703108)
0(0.0, 0.10624202523539905)
0(0.0, 0.10557369893986501)
0(0.0, 0.10531227540042676)
0(0.0, 0.10242533125213527)
0(0.0, 0.10134696423456957)
0(0.0, 0.10056054155338734)
0(0.0, 0.09836192724079584)
0(0.0, 0.09791579095399328)
0(0.0, 0.09663794466996922)
0(0.0, 0.0961593797461684)
0(0.0, 0.09516376546688532)
0(0.0, 0.09464531158822753)
0(0.0, 0.09394137269704772)
0(0.0, 0.09240710635747962)
0(0.0, 0.09221335343179882)
0(0.0, 0.09198564662633546)
0(0.0, 0.0918320385774507)
0(0.0, 0.09174836032178069)
0(0.0, 0.09158876662275228)
0(0.0, 0.09149908752548574)
0(0.0, 0.09146762308911993)
0(0.0, 0.09103333955892168)
0(0.0, 0.09042818086042426)
0(0.0, 0.09023389742647903)
0(0.0, 0.09013283926114302)
0(0.0, 0.09006354541027661)
0(0.0, 0.08970809456788498)
0(0.0, 0.08937753192374898)
0(0.0, 0.08914145267999685)
0(0.0, 0.08655006479492744)
0(0.0, 0.08634257598172002)
0(0.0, 0.086032494653844)
0(0.0, 0.08583879376112646)
0(0.0, 0.08555928041244987)
0(0.0, 0.08552375056553285)
0(0.0, 0.08527720475122857)
0(0.0, 0.08526658792299235)
0(0.0, 0.08434883918565217)
0(0.0, 0.08433174850164227)
0(0.0, 0.08429874330420051)
0(0.0, 0.08388007145867649)
0(0.0, 0.0835576219298313)
0(0.0, 0.08304958856729805)
0(0.0, 0.0826091058478926)
0(0.0, 0.08209824806999166)
0(0.0, 0.08207501392501126)
0(0.0, 0.08168430500107726)
0(0.0, 0.08160489031947793)
0(0.0, 0.08144591251251232)
0(0.0, 0.08128209418179078)
0(0.0, 0.08125137412113992)
0(0.0, 0.08107095920162932)
0(0.0, 0.07919686347608346)
0(0.0, 0.07909183565794353)
0(0.0, 0.07778483062389008)
0(0.0, 0.07765665590956639)
0(0.0, 0.07751894598041009)
0(0.0, 0.07733018120154023)
0(0.0, 0.07688435526333226)
0(0.0, 0.076529620888791)
0(0.0, 0.07606264957539821)
0(0.0, 0.07479114743615733)
0(0.0, 0.07408470779532783)
0(0.0, 0.07334789033617417)
0(0.0, 0.07321379697618746)
0(0.0, 0.07315178783152232)
0(0.0, 0.07269599208321054)
0(0.0, 0.07269543514683796)
0(0.0, 0.07265749460665516)
0(0.0, 0.07263235351538366)
0(0.0, 0.0723792235985996)
0(0.0, 0.07197442608667959)
0(0.0, 0.07161423253912103)
0(0.0, 0.07153428622971514)
0(0.0, 0.07148299139197378)
0(0.0, 0.07135800252069491)
0(0.0, 0.0710860043731335)
0(0.0, 0.07083845457329674)
0(0.0, 0.07065095686798883)
0(0.0, 0.0706000640737976)
0(0.0, 0.0705767634678025)
0(0.0, 0.07044195852006441)
0(0.0, 0.07006060080318288)
0(0.0, 0.07002481786005166)
0(0.0, 0.06986582443368894)
0(0.0, 0.06941858744747276)
0(0.0, 0.06891408195255644)
0(0.0, 0.06861789220536418)
0(0.0, 0.06861014028813439)
0(0.0, 0.06829165935147186)
0(0.0, 0.06791169606685621)
0(0.0, 0.06774597034276353)
0(0.0, 0.06765770679434324)
0(0.0, 0.06745683799324131)
0(0.0, 0.0671522645662751)
0(0.0, 0.06706319363466329)
0(0.0, 0.06703427490890634)
0(0.0, 0.06690853184662704)
0(0.0, 0.06662169128152562)
0(0.0, 0.06649711611224973)
0(0.0, 0.06595347229072601)
0(0.0, 0.0657811357884408)
0(0.0, 0.06526332634834642)
0(0.0, 0.06507976898920231)
0(0.0, 0.06507692099007922)
0(0.0, 0.06500582749063522)
0(0.0, 0.06499385646942712)
0(0.0, 0.06484213943149486)
0(0.0, 0.064221263230402)
0(0.0, 0.06403975619329405)
0(0.0, 0.06381356334173593)
0(0.0, 0.06345897040275661)
0(0.0, 0.06298650831827945)
0(0.0, 0.06256547066408402)
0(0.0, 0.062163700771928676)
0(0.0, 0.062014975418918095)
0(0.0, 0.06196552615327611)
0(0.0, 0.061574455160243846)
0(0.0, 0.06135126535074631)
0(0.0, 0.061288819249064486)
0(0.0, 0.061148910214753216)
0(0.0, 0.06079940168159215)
0(0.0, 0.060790229957446096)
0(0.0, 0.060573352506397615)
0(0.0, 0.06031877810956232)
0(0.0, 0.060131869901788426)
0(0.0, 0.05874003066915545)
0(0.0, 0.05863885368810495)
0(0.0, 0.058635996393343714)
0(0.0, 0.058492963098427664)
0(0.0, 0.05843466884826809)
0(0.0, 0.0581924824012805)
0(0.0, 0.05758334426281342)
0(0.0, 0.05654530153266668)
0(0.0, 0.056127596425396886)
0(0.0, 0.056036389154217714)
0(0.0, 0.05563759748488972)
0(0.0, 0.05562785432041162)
0(0.0, 0.05561391915334302)
0(0.0, 0.05557655237546422)
0(0.0, 0.05500815580122509)
0(0.0, 0.05472581921186148)
0(0.0, 0.05452344284724531)
0(0.0, 0.05451487804035915)
0(0.0, 0.054049864852035334)
0(0.0, 0.05393145334315952)
0(0.0, 0.05377408997952304)
0(0.0, 0.053748086240020476)
0(0.0, 0.05343631793669412)
0(0.0, 0.05275278969926789)
0(0.0, 0.052681717822002816)
0(0.0, 0.052291825125823754)
0(0.0, 0.05194224409611958)
0(0.0, 0.05191731186505999)
0(0.0, 0.051914321376879125)
0(0.0, 0.051882287738449384)
0(0.0, 0.051849045395685134)
0(0.0, 0.05170016269983457)
0(0.0, 0.05138603699510347)
0(0.0, 0.05108373362869323)
0(0.0, 0.05017401336344107)
0(0.0, 0.050097196345257666)
0(0.0, 0.049863303074986653)
0(0.0, 0.04942959597211516)
0(0.0, 0.049248537896182776)
0(0.0, 0.04923510298026845)
0(0.0, 0.049155748946650424)
0(0.0, 0.049031788467965076)
0(0.0, 0.04894252685001643)
0(0.0, 0.048734803395781845)
0(0.0, 0.048537501541370265)
0(0.0, 0.04827578452425707)
0(0.0, 0.04813425493532186)
0(0.0, 0.04790542188527114)
0(0.0, 0.04767894709906273)
0(0.0, 0.04761588131864769)
0(0.0, 0.04740725785526112)
0(0.0, 0.047315541583918486)
0(0.0, 0.04721560177379269)
0(0.0, 0.047162887791203034)
0(0.0, 0.0466477753051473)
0(0.0, 0.04613699748258793)
0(0.0, 0.04569837758932693)
0(0.0, 0.04537640796613718)
0(0.0, 0.04455800986588365)
0(0.0, 0.04452615730001663)
0(0.0, 0.044285715511284685)
0(0.0, 0.04418413746596406)
0(0.0, 0.04318074836589114)
0(0.0, 0.04301558609586853)
0(0.0, 0.04300683454848386)
0(0.0, 0.04277591342534903)
0(0.0, 0.04237156748968185)
0(0.0, 0.042282720313459476)
0(0.0, 0.0421081230494913)
0(0.0, 0.04210588983402408)
0(0.0, 0.041726629196651155)
0(0.0, 0.04098262084599957)
0(0.0, 0.04067780904687013)
0(0.0, 0.04051740592018627)
0(0.0, 0.04051276054710107)
0(0.0, 0.0399095847688582)
0(0.0, 0.039735034021592064)
0(0.0, 0.0393287460676065)
0(0.0, 0.03918986173642813)
0(0.0, 0.03845510528270668)
0(0.0, 0.03828415239038596)
0(0.0, 0.038167664528312994)
0(0.0, 0.038094788269117164)
0(0.0, 0.037882494446220605)
0(0.0, 0.037735323031509616)
0(0.0, 0.03748370274678603)
0(0.0, 0.03678593723007795)
0(0.0, 0.036624131008227034)
0(0.0, 0.03623335187001975)
0(0.0, 0.03596063504228886)
0(0.0, 0.03540868327476854)
0(0.0, 0.03537976336202775)
0(0.0, 0.03478914366852259)
0(0.0, 0.03423785330934537)
0(0.0, 0.033974001147085486)
0(0.0, 0.033760583515394016)
0(0.0, 0.03363425450470159)
0(0.0, 0.033179860395671446)
0(0.0, 0.033127145829472515)
0(0.0, 0.032489249196875125)
0(0.0, 0.031106259998452734)
0(0.0, 0.028560144764109396)
0(0.0, 0.028516642290272065)
0(0.0, 0.02847953925864677)
0(0.0, 0.02767187576167207)
0(0.0, 0.027460163229006684)
0(0.0, 0.027128381382662936)
0(0.0, 0.027097765908201454)
0(0.0, 0.026597439092353792)
0(0.0, 0.025856845294405684)
0(0.0, 0.02583052789620377)
0(0.0, 0.02382025561443657)
0(0.0, 0.02199560581831983)
0(0.0, 0.02179618538833472)
