1(0.053818915591675384, 0.061895711711089756)
1(0.08444402753667589, 0.09207862825224668)
1(0.0533626918877375, 0.05933164776645647)
1(0.039321465949520296, 0.0449600196428734)
1(0.043052630575659355, 0.048269549801177175)
1(0.030262315938326644, 0.03507850845376406)
1(0.028862390803585526, 0.03341293155475438)
1(0.027622850166880174, 0.03186921517366496)
1(0.0327187213172432, 0.03676140343007357)
1(0.02662579168478789, 0.030657605126106734)
1(0.04546731727414804, 0.04930661171740583)
1(0.03918407276464034, 0.04297834060660883)
1(0.024206472841701982, 0.02793607426147726)
1(0.039748122584641526, 0.04328611035250015)
1(0.03467869313694103, 0.038194915949240044)
1(0.031112341455523457, 0.03462042097726037)
1(0.02828983125414916, 0.031786425519488896)
1(0.029301193276166284, 0.0327966701794431)
1(0.029610593664601104, 0.0330488413444275)
1(0.03605181934776192, 0.039441588567343346)
1(0.03068725500172887, 0.034056056878558325)
1(0.054769375776502885, 0.058030328224406756)
1(0.027451246865115898, 0.030675391338506424)
1(0.0277744042500521, 0.030967264977418446)
1(0.025517109154799662, 0.02870797359228185)
1(0.02800546036342104, 0.031172866009863905)
1(0.028377801745887526, 0.031544414540035266)
1(0.03241568482746507, 0.03553646370974673)
1(0.029309795079404947, 0.03239016715082962)
1(0.030518001604907086, 0.03353480967199531)
1(0.02451933930409926, 0.027532957984340394)
1(0.03394435388600145, 0.03692016043891808)
1(0.030118582934746667, 0.03300951606717873)
1(0.02801420106671572, 0.03086994028572994)
1(0.034433562966252516, 0.0371958670309077)
1(0.02704288086918273, 0.029772093861562817)
1(0.027996829254784857, 0.030704592912322807)
1(0.031576970343364805, 0.03428018158866285)
1(0.03257293661136395, 0.0352675423186506)
1(0.030215761485709623, 0.03287570450617254)
1(0.031135874805091956, 0.033766330842209626)
1(0.03311013906247454, 0.03570365915204872)
1(0.02455006834774702, 0.027126899326946303)
1(0.032884994590198335, 0.03545928993951027)
1(0.036291807199320666, 0.03881848692539541)
1(0.031122850991145416, 0.033647518239515534)
1(0.03399282260370551, 0.03645831377700575)
1(0.03480003594062977, 0.037251410605867584)
1(0.03626978246621032, 0.03867253768773119)
1(0.03283371024573663, 0.03519516987280745)
1(0.03624812951669833, 0.03858936338034691)
1(0.0349458481335369, 0.0372701580755853)
1(0.028605907187493708, 0.030870641813639653)
1(0.033646732754872406, 0.03590930933494123)
1(0.03628367400848049, 0.03854042741779562)
1(0.02805123348685038, 0.030292085699294983)
1(0.03501064443110404, 0.03725055473865128)
1(0.03582545416241146, 0.038035650304244696)
1(0.0288817778483954, 0.031082178920454548)
1(0.03192583203012267, 0.03411898128687805)
1(0.040789552302757395, 0.042967938903420544)
1(0.025250516208611188, 0.027388727896753895)
1(0.02775142990337415, 0.029878972905718258)
1(0.028207593482248508, 0.030308968444714347)
1(0.03838476079497792, 0.040482091859860965)
1(0.02587941192071513, 0.027967404566241232)
1(0.02685716387039081, 0.02892506389843587)
1(0.041779319466533384, 0.043846696993555166)
1(0.02638741990651366, 0.028452125267111834)
1(0.024942612208122498, 0.027001320798656643)
1(0.037248830813113455, 0.03930371288329119)
1(0.03491931773898329, 0.036969676758190156)
1(0.02721518761736557, 0.029257325563990643)
1(0.027307082331532086, 0.029315646163845875)
1(0.03694192677164043, 0.03894477012168062)
1(0.037506700218732085, 0.03950315780185425)
1(0.026707681784041978, 0.028688548634527578)
1(0.030403166543575416, 0.03237470796402591)
1(0.03421620345166518, 0.03617530224462699)
1(0.02518674271366629, 0.027126899326946303)
1(0.023117963177941115, 0.02504959567401923)
1(0.02870120156382668, 0.03059215557414749)
1(0.03154085997474496, 0.033425691611792596)
1(0.02842902729401446, 0.03031301413626294)
1(0.026296594812871044, 0.02817799309720483)
1(0.040837763027431744, 0.042693059685438954)
1(0.03984174160212969, 0.04169130448322103)
1(0.042621066402758825, 0.04441482894549443)
1(0.03230662354162515, 0.034096911821095234)
1(0.03249835288383503, 0.03427367277439354)
1(0.0345347462623021, 0.036286458593421604)
1(0.03424509274869661, 0.035978560112359975)
1(0.04894952378165473, 0.05066578604545266)
1(0.02552100552221776, 0.02723656733626574)
1(0.03242523231740334, 0.034129355309316566)
1(0.03205898848503322, 0.03375480605163307)
1(0.03082961308500675, 0.032520557160969035)
1(0.028467520449721683, 0.030157200590403905)
1(0.025537571884875897, 0.0272269437860381)
1(0.030827106788950568, 0.032515616414071705)
1(0.030718576860891883, 0.03239859553875355)
1(0.027102976848097676, 0.028775148896856475)
1(0.024217186421069483, 0.025888874211933168)
1(0.028631630763341177, 0.030292085699294983)
1(0.02604334177300195, 0.02766791478760555)
1(0.025828902680350214, 0.02744006356315472)
1(0.03449168475235377, 0.03609702115115821)
1(0.02810824967117177, 0.029690521169992438)
1(0.03594762741195387, 0.03752709527214436)
1(0.028314239777118114, 0.02988774411694315)
1(0.031234462205214766, 0.03280733305845155)
1(0.029071966766783537, 0.03061632982980719)
1(0.027554319496734002, 0.029085047459897633)
1(0.029658770014121476, 0.03118169519858134)
1(0.031651814143350665, 0.033170965163593975)
1(0.04219068725215097, 0.04370038666289324)
1(0.044093777971631935, 0.04559870997963078)
1(0.024813549939900842, 0.0263107675152018)
1(0.03391546207400826, 0.035409826999496345)
1(0.031235917058833468, 0.03271060211200692)
1(0.02846782238947257, 0.029906386251984208)
1(0.02794310438293212, 0.02937233192154202)
1(0.028239832772288285, 0.02966857140925023)
1(0.03236081575086569, 0.03378867552170767)
1(0.030799643400651146, 0.03220249256092863)
1(0.02940117421543044, 0.030777739947195654)
1(0.04000878832413197, 0.04137746826742996)
1(0.026737645647107854, 0.028101698421521767)
1(0.025612296775298915, 0.026956783027514055)
1(0.02730095495284297, 0.028643204960143564)
1(0.03797650430396609, 0.039289020982057166)
1(0.04016288828827848, 0.04146651156587626)
1(0.0411706356380426, 0.042456169274947164)
1(0.02327776590761174, 0.024550855847118067)
1(0.025958745389128065, 0.027228294435575336)
1(0.03251619834196122, 0.03377300099954353)
1(0.0267455492982252, 0.02799401064602723)
1(0.03680703262874672, 0.03803133351181132)
1(0.037308539075315075, 0.0385175873223434)
1(0.02974658837410102, 0.030947604834645186)
1(0.0293274544377186, 0.030519892542303008)
1(0.0355240843948319, 0.03671083231025755)
1(0.03367360522849085, 0.03485407782637475)
1(0.026104361765724848, 0.02727406855038634)
1(0.03257278921991097, 0.033732081339344404)
1(0.03555655016829405, 0.03671083231025755)
1(0.025293005471200638, 0.026411772654600527)
1(0.04316694886485692, 0.044282668626339367)
1(0.02675038731630897, 0.027865932381549153)
1(0.028248543201182707, 0.029360377317480646)
1(0.03143774568643043, 0.032543103203568846)
1(0.03406244163332629, 0.03514225983307348)
1(0.029182523533305884, 0.030245317513500854)
1(0.031816695264217314, 0.03286335093327566)
1(0.03037185364754199, 0.031399659629953384)
1(0.028261090535810204, 0.029264087778724177)
1(0.02455543285432525, 0.025558302765627962)
1(0.03972514109253107, 0.040719904208325094)
1(0.03061385711141721, 0.03159762562244019)
1(0.026887828770852693, 0.027865932381549153)
1(0.03760626299165421, 0.038583054375659814)
1(0.030723990248213744, 0.03167901817593735)
1(0.04668502308977634, 0.047637752049347726)
1(0.02984730904677812, 0.030786901200309472)
1(0.02633414230088485, 0.027268242814140146)
1(0.037072363479064056, 0.038004818147689086)
1(0.03433525436732334, 0.0352675423186506)
1(0.030141397026002548, 0.03106986118519333)
1(0.032282953931223976, 0.03316895604596448)
1(0.027211719854401573, 0.02809674773269589)
1(0.026614479223984466, 0.02749215366185452)
1(0.034686894704821884, 0.03556175720271066)
1(0.03235436856061904, 0.03322847687308394)
1(0.029446416807877983, 0.030318741371756695)
1(0.03322744576734378, 0.034096911821095234)
1(0.036908623677188855, 0.037767247430581595)
1(0.04114304242394336, 0.041986525772692844)
1(0.036631794103775914, 0.03747525910709579)
1(0.042993465827163235, 0.043828397518989155)
1(0.02779049196945706, 0.02862047486034132)
1(0.025162749069348497, 0.025972483940132064)
1(0.024418218959851058, 0.025215871116683712)
1(0.03142096297990685, 0.03221302910595108)
1(0.031620654174022524, 0.03241024000059342)
1(0.0363650466012202, 0.03714167801517124)
1(0.028468193181184327, 0.029243037485988752)
1(0.02335359739958714, 0.024125925129023732)
1(0.027341246054666625, 0.02809674773269589)
1(0.032409055443336346, 0.03315226571969597)
1(0.03458773434177752, 0.03532162168719955)
1(0.03187208604449948, 0.0326053198406239)
1(0.033318220262018985, 0.03404940042778378)
1(0.033225532730485646, 0.03395625230526283)
1(0.026588533274408625, 0.027316314672005036)
1(0.03366397034620032, 0.03438373115692093)
1(0.02924263984834188, 0.029956124174736656)
1(0.031470159383179964, 0.032172834347049414)
1(0.025542641435013443, 0.02624358945063497)
1(0.034642445296872056, 0.0353418666752389)
1(0.03055582279160443, 0.03125511122779512)
1(0.0355601787540599, 0.036253906907405965)
1(0.025579651796537196, 0.026269051228894186)
1(0.029184289264834396, 0.029854833668622148)
1(0.027230055555481244, 0.027871999157880852)
1(0.023751061853559276, 0.024387566603209305)
1(0.02717602010478767, 0.027812392398190406)
1(0.027706456508876723, 0.028337887361823254)
1(0.03176138664010046, 0.032388440415461815)
1(0.030953171015363594, 0.031579220273672326)
1(0.02708421178264496, 0.027708416202884195)
1(0.03073517178698942, 0.031356135856149735)
1(0.03178906922364509, 0.03240510901161505)
1(0.027144910844550285, 0.027760468839361764)
1(0.03314024334561089, 0.033751719420268736)
1(0.031199433065984022, 0.031809364041770684)
1(0.03247096415137101, 0.033073809824578436)
1(0.032288344248553306, 0.032889438624952715)
1(0.027575797649703256, 0.028161248577458782)
1(0.028882049870737805, 0.029462957436931985)
1(0.028494408025238713, 0.029069162943292044)
1(0.026690654665960014, 0.027261118968086247)
1(0.033866892547916465, 0.03443513114009217)
1(0.029115022712884277, 0.029674019120899033)
1(0.05068009940607148, 0.051238714692640804)
1(0.04065565964040221, 0.041213382163976055)
1(0.030181255982604946, 0.030734099532338924)
1(0.02986431423169447, 0.03040998694076547)
1(0.0242827780001131, 0.024826235116349727)
1(0.026989719564419503, 0.027532957984340394)
1(0.028285833251897, 0.028828364119944844)
1(0.032497268284595836, 0.03303491630836043)
1(0.03408132918458593, 0.03460870473738487)
1(0.04195348694454693, 0.04247036683975111)
1(0.030852593992453988, 0.03136463890129342)
1(0.03145373459781787, 0.03194736336069798)
1(0.031981093635195204, 0.03247399458806036)
1(0.0355923281545483, 0.03607525172435023)
1(0.03245649606871019, 0.032936948533738714)
1(0.028608319649334055, 0.029069162943292044)
1(0.03858629876400637, 0.039046787457857675)
1(0.02919415055870562, 0.029653965995341054)
1(0.032055415401896194, 0.0324982949234743)
1(0.03300367670605431, 0.03344379229981788)
1(0.032161950672174186, 0.0326012032851403)
1(0.022889176146607182, 0.023321180559558237)
1(0.03329028375589552, 0.033721904279971064)
1(0.0333866090346242, 0.033817650080047466)
1(0.028034784768052365, 0.028451098316920366)
1(0.030380650579610077, 0.030791677629578445)
1(0.04410562850927711, 0.044513063815212986)
1(0.026798527808828663, 0.02718996384122066)
1(0.030256245163125806, 0.030638862417831654)
1(0.028800589413071294, 0.02917419143285946)
1(0.03395743378687543, 0.034329786101020505)
1(0.02951642671389286, 0.02988774411694315)
1(0.026310173510674092, 0.02666120500167443)
1(0.029352726746651937, 0.02969987937522802)
1(0.031968893308769765, 0.03231115648542639)
1(0.02924398690018353, 0.029572684406163237)
1(0.02433873982320796, 0.02466694843308848)
1(0.03612890784159103, 0.036447202805175744)
1(0.033308746667794785, 0.03361980501177594)
1(0.026053487578262025, 0.02636443076643265)
1(0.03444012812911333, 0.03474122763862554)
1(0.023566947189107304, 0.023859408870203602)
1(0.02595033316534317, 0.0262399853495422)
1(0.03120410820798192, 0.03148627812058309)
1(0.03266765572713122, 0.03294135837722823)
1(0.03897816495553163, 0.03924757846415558)
1(0.02595604353018865, 0.026219592486815317)
1(0.033573908149009186, 0.03383570540737398)
1(0.031289136121206755, 0.031547744987081905)
1(0.030320233554177935, 0.030573783455598434)
1(0.0359378127535387, 0.03618823327400981)
1(0.026187679578102648, 0.02643794572788728)
1(0.03363343868566108, 0.033883339136136836)
1(0.03715926720112736, 0.03739748150286467)
1(0.029839620449167138, 0.03006890917246308)
1(0.029930651057313084, 0.030156928378436837)
1(0.02873670249839406, 0.028957687161449298)
1(0.03162065254314613, 0.03183107070370309)
1(0.02636250812273677, 0.026570120185887416)
1(0.03465441030119371, 0.03485407782637475)
1(0.02762716201856708, 0.027814909405540808)
1(0.02495737876384764, 0.025143120829221984)
1(0.029462201220336468, 0.029642946809131807)
1(0.039195778882164856, 0.0393754586422816)
1(0.03131095156836078, 0.03148627812058309)
1(0.03670489255559605, 0.036875477187900664)
1(0.03014145324208854, 0.0303075962326617)
1(0.02866754228492007, 0.028828999326817834)
1(0.02876441730617121, 0.02892347829197238)
1(0.031522655639388254, 0.03167901817593735)
1(0.03253888093417656, 0.03268485333995024)
1(0.03193166675278209, 0.03205912963503599)
1(0.027999165045295572, 0.028123186899637366)
1(0.033744011512221804, 0.033860833202606765)
1(0.027942887775621275, 0.028057943710978837)
1(0.024720120733406136, 0.024828349420907666)
1(0.02806085264464596, 0.028167865838244443)
1(0.025910296984344303, 0.026012175899244854)
1(0.02693559209052916, 0.027035345046757746)
1(0.02291259841819956, 0.023007169229984945)
1(0.0360912580300758, 0.03618316416997399)
1(0.0262069682678707, 0.026293709797703742)
1(0.028764045959231516, 0.02885000868294872)
1(0.024664118140603992, 0.02474557004148305)
1(0.034146906189737196, 0.03422316588170625)
1(0.03479283816678817, 0.03486830541391898)
1(0.02977638089017314, 0.029823847103517275)
1(0.029876011358337957, 0.029918300485729358)
1(0.03577248191369833, 0.03580362505437821)
1(0.024823332607893822, 0.024854000166321093)
1(0.025446032855747782, 0.025474940160262312)
1(0.03450302011223219, 0.034528135142822644)
1(0.03113195557896853, 0.031154595841072028)
1(0.028123486588754125, 0.028145122278649955)
1(0.04623286027938855, 0.04625274742453327)
1(0.039348483840622214, 0.03936519817224477)
1(0.02709214236152132, 0.02709368701541424)
0(0.0, inf)
0(0.0, 0.2968952544130364)
0(0.0, 0.1666753967626236)
0(0.0, 0.14579434413743625)
0(0.0, 0.12781672037557554)
0(0.0, 0.1178661422830759)
0(0.0, 0.10644755716279954)
0(0.0, 0.07865770106932053)
0(0.0, 0.07776505986039453)
0(0.0, 0.07671180292265065)
0(0.0, 0.07509023636270742)
0(0.0, 0.0746176593329024)
0(0.0, 0.05547312443302915)
0(0.0, 0.05313152532904921)
0(0.0, 0.052809302311168524)
0(0.0, 0.052440514875218384)
0(0.0, 0.05108085096310602)
0(0.0, 0.05038015906339889)
0(0.0, 0.05000241510523419)
0(0.0, 0.04977766537624174)
0(0.0, 0.047278447088341335)
0(0.0, 0.046578466141697986)
0(0.0, 0.04610454976399259)
0(0.0, 0.045975464938920206)
0(0.0, 0.04551882398575315)
0(0.0, 0.04496978062200114)
0(0.0, 0.04475802196843481)
0(0.0, 0.0444715217919657)
0(0.0, 0.04421688270107474)
0(0.0, 0.04353228172182919)
0(0.0, 0.0435007335836849)
0(0.0, 0.043225451192176904)
0(0.0, 0.04239016687594749)
0(0.0, 0.04202206216688584)
0(0.0, 0.04197119116195616)
0(0.0, 0.04177325197741951)
0(0.0, 0.040337934491320636)
0(0.0, 0.04019509273615519)
0(0.0, 0.0397638080963319)
0(0.0, 0.03927469934810448)
0(0.0, 0.03916145604742497)
0(0.0, 0.039076743495919435)
0(0.0, 0.039066664061082085)
0(0.0, 0.03902798277049851)
0(0.0, 0.039009045012295816)
0(0.0, 0.03843638637224857)
0(0.0, 0.03829741671538434)
0(0.0, 0.037733106517163766)
0(0.0, 0.03762827542676095)
0(0.0, 0.037304761500548955)
0(0.0, 0.036926618963475676)
0(0.0, 0.03688939697489288)
0(0.0, 0.03681482913587646)
0(0.0, 0.036687367934608216)
0(0.0, 0.036341881123196036)
0(0.0, 0.036159630660493214)
0(0.0, 0.035855082570958395)
0(0.0, 0.03583133513195206)
0(0.0, 0.035813513252874185)
0(0.0, 0.03576295166818675)
0(0.0, 0.035755715206908)
0(0.0, 0.035714090410853556)
0(0.0, 0.03571046167977538)
0(0.0, 0.035689789708994585)
0(0.0, 0.03553987338904622)
0(0.0, 0.03535198817048252)
0(0.0, 0.035343485455349655)
0(0.0, 0.03522450906086011)
0(0.0, 0.035078680294306774)
0(0.0, 0.03506895957667348)
0(0.0, 0.035006462285397305)
0(0.0, 0.03481726779178652)
0(0.0, 0.03478075248280157)
0(0.0, 0.03465756401420293)
0(0.0, 0.03462780789068387)
0(0.0, 0.03455997234871686)
0(0.0, 0.03449915413357239)
0(0.0, 0.03438420773629141)
0(0.0, 0.034333237878499956)
0(0.0, 0.034307869155946476)
0(0.0, 0.034258832662952786)
0(0.0, 0.034256471371029315)
0(0.0, 0.03412303286916993)
0(0.0, 0.03412065964977071)
0(0.0, 0.034055923725403246)
0(0.0, 0.03399103767832396)
0(0.0, 0.03387440679342007)
0(0.0, 0.0337837903966966)
0(0.0, 0.03375341339981451)
0(0.0, 0.033749018803428024)
0(0.0, 0.033736524517760214)
0(0.0, 0.03355359741778041)
0(0.0, 0.03353408988517847)
0(0.0, 0.03350312044044024)
0(0.0, 0.03341450257661823)
0(0.0, 0.03338863775000721)
0(0.0, 0.03337577580346585)
0(0.0, 0.033339710317405624)
0(0.0, 0.033233517000900256)
0(0.0, 0.03316508389693283)
0(0.0, 0.03308734298610131)
0(0.0, 0.033059299488901406)
0(0.0, 0.03294830316021287)
0(0.0, 0.03293559581597354)
0(0.0, 0.03292134334376383)
0(0.0, 0.03290085830359003)
0(0.0, 0.032880347783546)
0(0.0, 0.032869558369732724)
0(0.0, 0.032691712501732695)
0(0.0, 0.03266412701345527)
0(0.0, 0.03265837668156754)
0(0.0, 0.032623641939715384)
0(0.0, 0.032558182269850265)
0(0.0, 0.03248711870611706)
0(0.0, 0.03247824157718929)
0(0.0, 0.03245756726319658)
0(0.0, 0.03238343523722704)
0(0.0, 0.03235423918860053)
0(0.0, 0.03230917844750514)
0(0.0, 0.0322952981770289)
0(0.0, 0.03222046564565491)
0(0.0, 0.032183141949216586)
0(0.0, 0.03209294680447626)
0(0.0, 0.032073785288961904)
0(0.0, 0.0319316816039169)
0(0.0, 0.031838943245959955)
0(0.0, 0.0318062863625652)
0(0.0, 0.03178379694420395)
0(0.0, 0.03177792949811885)
0(0.0, 0.03177039980583321)
0(0.0, 0.0317680921473492)
0(0.0, 0.031735353912320026)
0(0.0, 0.031608139502260386)
0(0.0, 0.03155975358532471)
0(0.0, 0.031441553070812756)
0(0.0, 0.03143650047555312)
0(0.0, 0.03135427141962472)
0(0.0, 0.031234035522217363)
0(0.0, 0.03117696613754096)
0(0.0, 0.031163993539855772)
0(0.0, 0.03115789666958463)
0(0.0, 0.031102359739027127)
0(0.0, 0.031058152102422715)
0(0.0, 0.031007416826098252)
0(0.0, 0.030951247491323015)
0(0.0, 0.030892403588830053)
0(0.0, 0.030880507769480738)
0(0.0, 0.03087855867759913)
0(0.0, 0.030818830946184653)
0(0.0, 0.030794207277427346)
0(0.0, 0.030772149105898)
0(0.0, 0.030768601752035784)
0(0.0, 0.03074842149685404)
0(0.0, 0.030702801201143055)
0(0.0, 0.030679768089137895)
0(0.0, 0.030676047268155607)
0(0.0, 0.030524933954249663)
0(0.0, 0.030513822854267018)
0(0.0, 0.030467959078924023)
0(0.0, 0.03044448552613287)
0(0.0, 0.030296345775463047)
0(0.0, 0.030223751400496088)
0(0.0, 0.03018948624757491)
0(0.0, 0.030180440720861956)
0(0.0, 0.03015083755725671)
0(0.0, 0.030127707297179382)
0(0.0, 0.030088275625170594)
0(0.0, 0.03003235513275218)
0(0.0, 0.030031607971020252)
0(0.0, 0.029983011517926948)
0(0.0, 0.029921584034697503)
0(0.0, 0.02992049812194736)
0(0.0, 0.02981081434864859)
0(0.0, 0.029754407952469444)
0(0.0, 0.02974221572107813)
0(0.0, 0.02969073803093919)
0(0.0, 0.029675056263754423)
0(0.0, 0.029593670811373065)
0(0.0, 0.029591936509934514)
0(0.0, 0.02954930054792657)
0(0.0, 0.029507210852846043)
0(0.0, 0.029467740176542644)
0(0.0, 0.02936058814058766)
0(0.0, 0.0292948019968013)
0(0.0, 0.029272424647732255)
0(0.0, 0.02923074135294684)
0(0.0, 0.02921302704560582)
0(0.0, 0.029208844411804196)
0(0.0, 0.02914381913376204)
0(0.0, 0.02907086525949542)
0(0.0, 0.029054560634706295)
0(0.0, 0.028992581553427155)
0(0.0, 0.028974663215393288)
0(0.0, 0.028954924889280944)
0(0.0, 0.02888725930895521)
0(0.0, 0.02888245484396492)
0(0.0, 0.028814070724248467)
0(0.0, 0.02879716146328165)
0(0.0, 0.028796622307481968)
0(0.0, 0.02877147935178624)
0(0.0, 0.028749287913797616)
0(0.0, 0.02872350301330078)
0(0.0, 0.02871750310653489)
0(0.0, 0.02868702480847367)
0(0.0, 0.028580661601276744)
0(0.0, 0.028528520722586256)
0(0.0, 0.028480633255766264)
0(0.0, 0.02840596040841312)
0(0.0, 0.028350066477790925)
0(0.0, 0.028246653857395016)
0(0.0, 0.028228792787981592)
0(0.0, 0.028225945542102806)
0(0.0, 0.028205570136892257)
0(0.0, 0.02818613254921237)
0(0.0, 0.02816488117985479)
0(0.0, 0.02816330382982329)
0(0.0, 0.028160962146311367)
0(0.0, 0.028128450419240354)
0(0.0, 0.028126602394577534)
0(0.0, 0.028056531603425264)
0(0.0, 0.028021286904344148)
0(0.0, 0.028004676130653234)
0(0.0, 0.02800045076079852)
0(0.0, 0.027933358821731886)
0(0.0, 0.02793288168840348)
0(0.0, 0.027929930786707104)
0(0.0, 0.02786447180352477)
0(0.0, 0.027840659340542157)
0(0.0, 0.027827787680283114)
0(0.0, 0.027770746648842225)
0(0.0, 0.027764796513389794)
0(0.0, 0.027762215966700216)
0(0.0, 0.02774573037323756)
0(0.0, 0.02767929047135668)
0(0.0, 0.027665247495247857)
0(0.0, 0.027636526951541156)
0(0.0, 0.02761794691817762)
0(0.0, 0.027583175504319404)
0(0.0, 0.027581073807764145)
0(0.0, 0.027578676446781525)
0(0.0, 0.02747862272006146)
0(0.0, 0.027384961458310982)
0(0.0, 0.02731261043668508)
0(0.0, 0.027241115578805347)
0(0.0, 0.02723527088673805)
0(0.0, 0.02721233346891939)
0(0.0, 0.027169845684874152)
0(0.0, 0.02715136603573719)
0(0.0, 0.027145636440940736)
0(0.0, 0.0270651520977569)
0(0.0, 0.027054013834568458)
0(0.0, 0.027028265546641835)
0(0.0, 0.027024989523007924)
0(0.0, 0.026986904317519034)
0(0.0, 0.02692849221707989)
0(0.0, 0.026876092859214086)
0(0.0, 0.02685659816756407)
0(0.0, 0.026833299733688542)
0(0.0, 0.02681262459357552)
0(0.0, 0.026809899543799403)
0(0.0, 0.02679572705797934)
0(0.0, 0.026746404857298456)
0(0.0, 0.026726996219169883)
0(0.0, 0.026709220900256205)
0(0.0, 0.026690639011252473)
0(0.0, 0.026593998173344686)
0(0.0, 0.026569831066226787)
0(0.0, 0.026541249539003883)
0(0.0, 0.026507613979925706)
0(0.0, 0.02649722521928342)
0(0.0, 0.026476509836852746)
0(0.0, 0.02638561260115561)
0(0.0, 0.026366046550434973)
0(0.0, 0.02636356094012781)
0(0.0, 0.02636141364969184)
0(0.0, 0.026359684818482724)
0(0.0, 0.026346633587320388)
0(0.0, 0.02628091823104525)
0(0.0, 0.026242842190908718)
0(0.0, 0.026232476451307357)
0(0.0, 0.0261670095152146)
0(0.0, 0.026130981904231753)
0(0.0, 0.02611577482309992)
0(0.0, 0.02606005442977716)
0(0.0, 0.026052180696718674)
0(0.0, 0.026042274979478787)
0(0.0, 0.02603481405698477)
0(0.0, 0.026033601385803365)
0(0.0, 0.026011946225590686)
0(0.0, 0.02601044790406044)
0(0.0, 0.025958590804602704)
0(0.0, 0.025958124000273572)
0(0.0, 0.025924508110378067)
0(0.0, 0.02590110869683012)
0(0.0, 0.025898231702064373)
0(0.0, 0.025842670509674478)
0(0.0, 0.025833493270219672)
0(0.0, 0.025771446279793588)
0(0.0, 0.025749990059295777)
0(0.0, 0.025717356845118677)
0(0.0, 0.025714104495775023)
0(0.0, 0.025697605863624535)
0(0.0, 0.025597795948770295)
0(0.0, 0.025592533676012098)
0(0.0, 0.02549831037450176)
0(0.0, 0.025472665256772588)
0(0.0, 0.025466877801101306)
0(0.0, 0.025438803753901545)
0(0.0, 0.02539556269436945)
0(0.0, 0.02532745287481999)
0(0.0, 0.025321712204454647)
0(0.0, 0.025304932382531533)
0(0.0, 0.025297042427739672)
0(0.0, 0.02525287526234108)
0(0.0, 0.025233293123762983)
0(0.0, 0.025191542727329944)
0(0.0, 0.025175554202033983)
0(0.0, 0.025150033693290694)
0(0.0, 0.025146319055726046)
0(0.0, 0.025130031875692405)
0(0.0, 0.02512204035013913)
0(0.0, 0.0251010596818792)
0(0.0, 0.025097930737364424)
0(0.0, 0.02509772218982592)
0(0.0, 0.025053804905701537)
0(0.0, 0.02505287341556177)
0(0.0, 0.025043654126952378)
0(0.0, 0.025043164206397486)
0(0.0, 0.02496018355494816)
0(0.0, 0.0249575152710119)
0(0.0, 0.024913024698997508)
0(0.0, 0.024882733781150655)
0(0.0, 0.024871062514173807)
0(0.0, 0.024840530190220568)
0(0.0, 0.02478354978069589)
0(0.0, 0.024690808691307034)
0(0.0, 0.024595613538050964)
0(0.0, 0.02456023760048544)
0(0.0, 0.02453585850748486)
0(0.0, 0.024491219689599674)
0(0.0, 0.02447341643176667)
0(0.0, 0.02446951386067168)
0(0.0, 0.02438090616473036)
0(0.0, 0.024351162636478334)
0(0.0, 0.02426381202027385)
0(0.0, 0.024239077320182587)
0(0.0, 0.02422572608303208)
0(0.0, 0.024223350883167415)
0(0.0, 0.024164085232201253)
0(0.0, 0.024160565021015143)
0(0.0, 0.024139735898536505)
0(0.0, 0.024038090898281895)
0(0.0, 0.02401903359111895)
0(0.0, 0.024002952510740708)
0(0.0, 0.023995679531408416)
0(0.0, 0.02396874175976484)
0(0.0, 0.02394692077203251)
0(0.0, 0.023864940399510624)
0(0.0, 0.023780466273993456)
0(0.0, 0.02376136075521266)
0(0.0, 0.02374738772887498)
0(0.0, 0.023734478014163653)
0(0.0, 0.023731873731613735)
0(0.0, 0.023721673589610158)
0(0.0, 0.02371925204592585)
0(0.0, 0.023706371598547504)
0(0.0, 0.023677553649365034)
0(0.0, 0.02363273431446961)
0(0.0, 0.02361921274727295)
0(0.0, 0.023600519495871865)
0(0.0, 0.023578911977874043)
0(0.0, 0.023562103157475915)
0(0.0, 0.023557265846249557)
0(0.0, 0.02354419340632778)
0(0.0, 0.02353874952377034)
0(0.0, 0.02343577250781624)
0(0.0, 0.023410880248307956)
0(0.0, 0.023349657439704696)
0(0.0, 0.02331734232870111)
0(0.0, 0.02329601623973047)
0(0.0, 0.023294742136293727)
0(0.0, 0.023287357136109483)
0(0.0, 0.02325393304129284)
0(0.0, 0.023149852636084937)
0(0.0, 0.02314665267214691)
0(0.0, 0.02310069428589919)
0(0.0, 0.023045083123939845)
0(0.0, 0.02301041417827436)
0(0.0, 0.022997245219822524)
0(0.0, 0.022972846990288998)
0(0.0, 0.022918794596582436)
0(0.0, 0.022910811860732207)
0(0.0, 0.022816854056402568)
0(0.0, 0.022803461351499032)
0(0.0, 0.02276566453705529)
0(0.0, 0.022690922377819805)
0(0.0, 0.022651527634006057)
0(0.0, 0.022505945012763554)
0(0.0, 0.022374575388177647)
0(0.0, 0.022370392645225657)
0(0.0, 0.022329009830890256)
0(0.0, 0.022180177046604865)
0(0.0, 0.022101377870372852)
0(0.0, 0.022078000285429514)
0(0.0, 0.022059211793429193)
0(0.0, 0.022016564670354018)
0(0.0, 0.022009194580109352)
0(0.0, 0.02200538841902998)
0(0.0, 0.021946816182955475)
0(0.0, 0.02182865337497651)
0(0.0, 0.02155574922180651)
0(0.0, 0.021522227213318347)
0(0.0, 0.021403967451291278)
0(0.0, 0.021365194016551813)
0(0.0, 0.02132990862438512)
0(0.0, 0.021297492081328973)
0(0.0, 0.02080951392636618)
0(0.0, 0.020789493518764017)
0(0.0, 0.02071447762987721)
0(0.0, 0.0206834153930005)
0(0.0, 0.02063320630692252)
0(0.0, 0.0205737261547831)
0(0.0, 0.020540897095499507)
0(0.0, 0.020445813610498076)
0(0.0, 0.020307685281250713)
0(0.0, 0.02025557296606515)
0(0.0, 0.020089139580492993)
0(0.0, 0.020065318789956346)
0(0.0, 0.019913289588326232)
0(0.0, 0.01910854577253198)
0(0.0, 0.018952718594791862)
0(0.0, 0.016500402433849322)
