1(0.024715672774815983, 0.02851788892650194)
1(0.02522911790725728, 0.02860959100250998)
1(0.026088713861444974, 0.029467937664469496)
1(0.023788474057286943, 0.027024998073653494)
1(0.024473079604838643, 0.027544261513408958)
1(0.02422414173558131, 0.027244183742177127)
1(0.026972972393274494, 0.029814592974355878)
1(0.027834023129541405, 0.030646647161815446)
1(0.024781816762496578, 0.02759318895989685)
1(0.02412099635820122, 0.02691502780745164)
1(0.02392117079849775, 0.026713908950301415)
1(0.0245935667189551, 0.027363620988625565)
1(0.024295110919801504, 0.027046035511561473)
1(0.023744851797962912, 0.02643938257562034)
1(0.023660314611360762, 0.02634342296193417)
1(0.022929494346854148, 0.025607813766848064)
1(0.024272712642568618, 0.02694592840775762)
1(0.026127742200654544, 0.028792239025550177)
1(0.024453079182806137, 0.02708000797379136)
1(0.025705686228936632, 0.028202580674892567)
1(0.02392125396038167, 0.026416908718609786)
1(0.025270714720557415, 0.02768164926408093)
1(0.02618601500644585, 0.02859290612928065)
1(0.02740186774811843, 0.029779839173646686)
1(0.027530500257125255, 0.029899546630667323)
1(0.024040911095536504, 0.026405859849215996)
1(0.024685495984948232, 0.027049826715917748)
1(0.024966225677706493, 0.027324159150867246)
1(0.024087903006261284, 0.026440489838073577)
1(0.02442190910847267, 0.026772755031505592)
1(0.030316121518841676, 0.03264519253496731)
1(0.025426141299307627, 0.027740484550298043)
1(0.023892468780671923, 0.026204303701912637)
1(0.0244888025631083, 0.026772755031505592)
1(0.024866874577562613, 0.027138522303449115)
1(0.024205964202830596, 0.02647593537200654)
1(0.02835567686987074, 0.03056291177229151)
1(0.02746761143634303, 0.02965509738952277)
1(0.025840970251488925, 0.027992067928938782)
1(0.024883681161995803, 0.0270276054917243)
1(0.024861939454318634, 0.027005418806707104)
1(0.024203412524022447, 0.02634342296193417)
1(0.025199526184449695, 0.027332452642250107)
1(0.024824530437697764, 0.02695060972380167)
1(0.02398574420241445, 0.026109855872285728)
1(0.024272812875337918, 0.026357401918502974)
1(0.024313271724407733, 0.02639783118829185)
1(0.027505641844119296, 0.029565062287308534)
1(0.026002151085136708, 0.028060200979735068)
1(0.023992033271754, 0.02604409444044706)
1(0.02497935071233397, 0.026990803835881944)
1(0.029107521507056144, 0.031108375654330694)
1(0.024563274448191647, 0.026552765679201385)
1(0.02600185052245605, 0.0279758711716003)
1(0.026662083321024866, 0.0286330259909446)
1(0.02570052873316005, 0.02766901869667968)
1(0.02711828830477261, 0.029078673107278834)
1(0.025095228811163953, 0.027005418806707104)
1(0.02405519123489352, 0.02596278445269617)
1(0.025918814746425795, 0.02781464813331189)
1(0.026193217056483316, 0.028076281554195986)
1(0.030763276468735196, 0.03264519253496731)
1(0.025301371058507455, 0.027179544231015505)
1(0.024517016776267296, 0.026386568993600614)
1(0.02298792637819094, 0.024855025590442587)
1(0.0257367566924808, 0.027591816866880774)
1(0.025136749780622185, 0.026984831929062425)
1(0.02357115253268364, 0.02540966497029399)
1(0.026805056241754853, 0.02864000710016064)
1(0.0255496701800842, 0.02738337898590714)
1(0.02429154661510651, 0.02612074812222086)
1(0.03345402847705798, 0.035269876240375565)
1(0.029392363187052836, 0.031207662265797836)
1(0.025486552605553207, 0.027300907437366174)
1(0.025101007924563233, 0.026890934190494546)
1(0.039979069398156715, 0.04176529149396349)
1(0.024522540915620648, 0.0263059261402705)
1(0.026558055991487958, 0.028341064292950767)
1(0.025084249196012043, 0.02685946720697821)
1(0.025900918312927294, 0.027667327860563345)
1(0.024791111921110415, 0.02655231779266407)
1(0.024961589914423564, 0.026713908950301415)
1(0.026719733853674314, 0.028459277274238498)
1(0.02360510404039354, 0.02534334123520192)
1(0.026961945922586373, 0.028685506097243695)
1(0.02948006085488118, 0.031198461513789372)
1(0.024498394571396395, 0.02621553485048788)
1(0.023178455073083703, 0.024855025590442587)
1(0.02490306083130696, 0.02657749407065191)
1(0.02758965254548301, 0.029260148030982206)
1(0.024501842753879073, 0.02615949742632695)
1(0.0249128401484845, 0.026552765679201385)
1(0.02652797268085782, 0.028151429999097782)
1(0.02820742046187409, 0.029826708248495377)
1(0.026769488370235274, 0.028375561105304675)
1(0.024545720210086584, 0.026140580040604457)
1(0.024526130049606867, 0.026120319964324252)
1(0.03315849189610466, 0.0347455867010657)
1(0.027411435636479003, 0.028985019030856176)
1(0.026897832829916046, 0.028459644062107298)
1(0.027230150795209608, 0.028785282954144648)
1(0.02566311281369139, 0.02721115200471207)
1(0.026291515425378723, 0.0278317358957584)
1(0.024773280840623753, 0.026302324889404635)
1(0.027348067094691227, 0.028856737158446322)
1(0.026966228529016777, 0.028473814913111867)
1(0.02639694433587927, 0.027903451404264226)
1(0.027695861081335187, 0.029201210127185528)
1(0.027697548060861436, 0.02919764026007396)
1(0.02823145575274972, 0.02972127613200371)
1(0.02628049718102369, 0.02776595015984329)
1(0.02539658521523882, 0.026880653077307096)
1(0.030247167308871777, 0.03173096447526035)
1(0.030453770190050376, 0.03193714405990181)
1(0.02601038586030642, 0.027488995539596377)
1(0.028605441988369427, 0.030061998399289216)
1(0.030198279800721026, 0.03161505629141735)
1(0.02674508466219179, 0.028156288109715093)
1(0.026431070875970564, 0.02781464813331189)
1(0.024889417911064894, 0.026265566521286574)
1(0.026191994921534793, 0.027557877680092067)
1(0.02821179315427335, 0.029570721351869347)
1(0.024701727085132172, 0.026043171594417554)
1(0.027156561019096866, 0.028486147476753904)
1(0.02437519735407543, 0.02570305072891979)
1(0.025085757179042854, 0.026403105177494012)
1(0.028773931508982248, 0.030089686154471103)
1(0.025906814645575548, 0.027220285488068617)
1(0.025498283386136626, 0.026796305715504475)
1(0.02582782265442234, 0.027125009665863255)
1(0.02565892469403123, 0.02694252155416899)
1(0.026181637353577317, 0.02745810330455927)
1(0.02654279617573325, 0.02781430462014896)
1(0.025814826579180956, 0.027085506069027727)
1(0.02788406969884443, 0.029138337535455746)
1(0.027232053630501338, 0.028483471722848746)
1(0.03006710417234584, 0.031317514676899666)
1(0.02509640887021456, 0.026340889198160335)
1(0.02647005631772759, 0.02771406821357548)
1(0.026790482710761773, 0.028031895863412593)
1(0.027951323242332096, 0.02918938781877665)
1(0.026934377521212867, 0.028170040264735567)
1(0.025356588291511703, 0.026582097387336006)
1(0.024467454445450638, 0.025687900535363375)
1(0.025800526706885547, 0.027017735612383673)
1(0.025639830216901065, 0.02685536261449037)
1(0.027123867764447748, 0.028324393703817296)
1(0.026507049921889576, 0.02770552505861644)
1(0.029594539857880964, 0.03078694885957852)
1(0.027118011077788107, 0.028295341552251246)
1(0.026578402146157584, 0.02775362877486161)
1(0.027422552634950213, 0.028595332952963983)
1(0.026918373012205895, 0.028087250366580135)
1(0.03274110223544854, 0.033906324377759006)
1(0.027133865135484526, 0.0282949770287498)
1(0.026081959529713882, 0.02724196754112434)
1(0.025003967026576427, 0.02615949742632695)
1(0.02479328600380234, 0.025948698428769908)
1(0.02576467923852394, 0.026901191380745464)
1(0.02549641975004729, 0.02662932890487524)
1(0.02627322924129365, 0.027402111305046415)
1(0.025202934361610578, 0.026327797403823544)
1(0.02595621484491554, 0.027070918155254874)
1(0.027834282087664735, 0.028947950525586512)
1(0.02479578390300048, 0.025906092150072384)
1(0.025439693605126774, 0.026543537332044707)
1(0.024154192086419293, 0.025252466042792042)
1(0.023986817968583655, 0.025078422884675076)
1(0.02359895594604586, 0.02468635850743421)
1(0.026749946520748462, 0.02782443424019534)
1(0.023993255102035597, 0.02506517994996515)
1(0.02514301962918066, 0.02621279878986449)
1(0.02542662904509813, 0.02648939451149674)
1(0.02852280539996786, 0.029582013170769306)
1(0.025953873737924432, 0.027001630590819854)
1(0.02540843695691886, 0.026455633787727657)
1(0.026842728263530614, 0.02788878914335884)
1(0.026313424225046393, 0.027359133491391473)
1(0.02506581317664101, 0.02611073967766231)
1(0.03201961500838022, 0.03305448244042424)
1(0.023457191151183384, 0.024488695804876066)
1(0.023839533213840115, 0.024864787120995525)
1(0.025647138367222107, 0.026670949328547366)
1(0.027054206666642062, 0.02806287441701871)
1(0.025866105311038657, 0.026873548219346958)
1(0.02682214424560079, 0.02782040887201424)
1(0.027468824297307466, 0.028460573807739826)
1(0.026265011433013706, 0.027252867834487302)
1(0.027038127370963793, 0.028025167215279357)
1(0.031856099484678005, 0.032837401615105295)
1(0.022801165603394687, 0.02378132761586428)
1(0.027534203703605226, 0.028510733973435766)
1(0.02830776021760707, 0.029284133688910374)
1(0.02610455525524149, 0.027079112066004205)
1(0.028064736117173385, 0.02902999913339943)
1(0.026121360181217104, 0.027081154369995596)
1(0.025140989242247683, 0.026100588950606716)
1(0.025537379038464935, 0.02648939451149674)
1(0.02548127497986155, 0.026423833650711607)
1(0.026217530011948837, 0.027151849805213308)
1(0.028628403905357747, 0.02955818337962769)
1(0.03016895773651158, 0.03108771412925066)
1(0.02911302658663835, 0.030031726621048884)
1(0.025172873384689105, 0.02607861867324455)
1(0.025742343885886757, 0.02664610794931947)
1(0.02547371885914984, 0.02637623432846475)
1(0.026429463511206563, 0.027329947354779196)
1(0.028618579249878297, 0.02951782195513209)
1(0.025765488097925674, 0.02664126783511811)
1(0.026511711594763118, 0.02737594011452755)
1(0.026267537516210887, 0.027127799377522816)
1(0.02542618577881418, 0.026284987200983673)
1(0.025177082049775437, 0.02603548115331167)
1(0.028503976228220745, 0.02936223132911807)
1(0.024497820025220354, 0.025355318259044676)
1(0.02425456199804546, 0.025111260060997412)
1(0.027609775740246072, 0.02846490400288424)
1(0.02508553333199264, 0.025939864943417223)
1(0.02548671718392182, 0.026340889198160335)
1(0.028047658141461557, 0.02889683183160556)
1(0.025639224422833888, 0.02648641440893495)
1(0.025167316076757117, 0.026011543465131185)
1(0.02484481561627501, 0.025687900535363375)
1(0.027643209347108823, 0.028480708488284694)
1(0.024439107052416673, 0.025262717715972625)
1(0.026457118334459906, 0.027266286244069293)
1(0.02738268693227036, 0.02818976793890859)
1(0.027911249814378467, 0.02871349996462993)
1(0.025744351416002037, 0.026543537332044707)
1(0.027018109969690635, 0.02781464813331189)
1(0.02821674920367816, 0.029010905250328876)
1(0.02828495505958978, 0.029073970539233836)
1(0.024621739947279894, 0.02540966497029399)
1(0.028015816262039084, 0.028801347150296787)
1(0.02616904776216045, 0.02694592840775762)
1(0.026105413710483565, 0.026880653077307096)
1(0.027360208079842793, 0.02813480821004974)
1(0.02454306903582433, 0.02531122785001379)
1(0.024832766002492283, 0.025594741339199697)
1(0.027609917409403956, 0.028352785539543204)
1(0.024784887923649235, 0.025527383361902325)
1(0.026088708735868955, 0.026827403577069385)
1(0.027250456426978074, 0.02798836329316662)
1(0.027032023685180668, 0.027764969891891932)
1(0.026120927971548365, 0.026849343921865988)
1(0.027607521593907742, 0.02833419343088889)
1(0.02783424282479572, 0.028556950371446774)
1(0.03046410763198608, 0.03118201401859443)
1(0.027810058756737695, 0.028526034826494736)
1(0.02497366197198933, 0.025687900535363375)
1(0.026643134627902906, 0.027357080644684045)
1(0.02899466158366092, 0.029698459865569647)
1(0.024382009885664795, 0.02508559680208426)
1(0.028265111574052065, 0.028968448202540156)
1(0.025786243784054152, 0.02648939451149674)
1(0.02573700924620233, 0.02643938257562034)
1(0.02808578813866779, 0.028778248059520742)
1(0.02696738536003823, 0.027655861833718737)
1(0.029103714076610717, 0.029786142013551748)
1(0.02847959030948091, 0.02916089189246761)
1(0.025774257622943938, 0.02645125889893266)
1(0.02561729073733939, 0.026286866962002896)
1(0.02512869322815864, 0.025789365346913312)
1(0.026030120979677426, 0.02668551146830453)
1(0.027034928093338413, 0.027690164934576746)
1(0.02939603022666587, 0.030042172881822045)
1(0.026270819734424765, 0.026915327243880554)
1(0.024680373533878825, 0.025315175772619974)
1(0.028806555322512063, 0.02943998778749894)
1(0.02804124854070017, 0.02867449058927071)
1(0.026986744802095185, 0.027614560880061943)
1(0.028271635790069326, 0.028898559571591927)
1(0.02775858023589496, 0.02838291931293164)
1(0.027173544696738192, 0.027793537786814183)
1(0.02617639207941075, 0.026793309327262635)
1(0.02626422769522187, 0.02687800991307898)
1(0.030099050323604583, 0.030710568105320902)
1(0.026762707427236798, 0.027373523444995714)
1(0.025486277486717238, 0.026094183516139124)
1(0.02375267866800614, 0.024360252937389172)
1(0.028737662110882786, 0.029344353388742875)
1(0.026151131055615725, 0.026746923085502975)
1(0.025870558182121264, 0.026459186522158486)
1(0.026495112091761707, 0.027079341607835684)
1(0.025998314019888443, 0.026582097387336006)
1(0.026823514501461275, 0.027402111305046415)
1(0.0266749868203679, 0.027252867834487302)
1(0.02585556136510436, 0.02642598086472978)
1(0.025046549919153376, 0.025615666018235932)
1(0.026908967400150936, 0.027475636597125347)
1(0.026967602843761602, 0.027530537266166232)
1(0.02743458667687816, 0.027990281198581362)
1(0.026444938974302484, 0.026991070532752997)
1(0.026680886224447694, 0.027223708481235207)
1(0.02566103488477817, 0.026191895982822174)
1(0.025939442004294842, 0.026469127031939998)
1(0.02796333790250417, 0.02848760523049197)
1(0.028730619738588196, 0.029232332031965107)
1(0.02821208751600687, 0.028712771254886336)
1(0.025221429944940248, 0.025709701218070136)
1(0.026248359764587163, 0.026736197844281145)
1(0.024339501111024356, 0.024818684581902874)
1(0.024154215498332215, 0.024631350583770476)
1(0.028632124182538708, 0.02909708981230654)
1(0.02658275960299666, 0.027046035511561473)
1(0.02675412324232327, 0.027216700887587264)
1(0.026498040053865957, 0.026955746635691148)
1(0.02584916605523648, 0.026300698233684576)
1(0.026401587780076848, 0.026850113684880553)
1(0.028005745363066888, 0.028452407680509224)
1(0.02867776545500324, 0.029121394153075606)
1(0.02724965690290387, 0.027690164934576746)
1(0.024916090165012922, 0.025355318259044676)
1(0.03183760331487295, 0.032275795326535565)
1(0.025379608430951467, 0.025816598157353435)
1(0.025824175240198664, 0.02625955772091485)
1(0.026932997850464453, 0.02736039356650609)
1(0.030160587481880757, 0.030586695144135406)
1(0.027884489763208193, 0.02830976444355202)
1(0.027659522330042437, 0.02808255031652015)
1(0.0257411820942835, 0.026163558443321373)
1(0.029086734534566037, 0.029504257296753638)
1(0.025798153155957317, 0.02621553485048788)
1(0.024798407225559545, 0.025214788644288097)
1(0.026693516561267443, 0.02710832131028148)
1(0.031100252107246294, 0.03150999516136485)
1(0.02630639371215683, 0.026715544848178143)
1(0.02621462104182951, 0.026618205554295764)
1(0.028801714919299067, 0.02920399043327434)
1(0.02468408004740955, 0.02508559680208426)
1(0.027414886189720267, 0.027814888889244868)
1(0.029035509440378957, 0.02943246624683912)
1(0.026080401710098084, 0.02647663996539476)
1(0.02548121429008978, 0.025875386745648273)
1(0.026033286868565108, 0.026423412209280073)
1(0.028105006966856236, 0.028485253614116888)
1(0.028362981437895677, 0.028739761290400956)
1(0.029156424611980224, 0.029529639572554934)
1(0.025944054297489718, 0.02631562655558327)
1(0.029294305748865875, 0.0296650041443534)
1(0.02556167690877625, 0.025914554282390236)
1(0.02950566753674059, 0.029855031509208988)
1(0.028827128744840218, 0.02917561532311766)
1(0.025762257046730422, 0.02611073967766231)
1(0.02815769242332525, 0.028483402231195096)
1(0.02730047340782287, 0.027622550089538078)
1(0.028168457955952488, 0.02848733573415989)
1(0.029052944823951835, 0.029371728774196748)
1(0.025783478155152865, 0.026100588950606716)
1(0.025622549131482496, 0.025936147693613236)
1(0.02852366716844585, 0.028835368525441576)
1(0.026826869092325345, 0.027134148880675)
1(0.025256383084312783, 0.025560280229447133)
1(0.026022914625265015, 0.026323754366925103)
1(0.025914029246063907, 0.02621469671338089)
1(0.02595495530438427, 0.026255222627280562)
1(0.027466354419569558, 0.02776595015984329)
1(0.02695330963788571, 0.027252793654072103)
1(0.02605901218580578, 0.026357401918502974)
1(0.027189385357735442, 0.02748668940344112)
1(0.027428349064392052, 0.02772486879600411)
1(0.026392765326595916, 0.026688402876754478)
1(0.027816057268358643, 0.028106722540970273)
1(0.025672985162496352, 0.02596278445269617)
1(0.03273460521114147, 0.03302268228568947)
1(0.02602051843625586, 0.0263059261402705)
1(0.027457194703998967, 0.027742422008391745)
1(0.024986678410391178, 0.02527050053992536)
1(0.029780034491849093, 0.030061998399289216)
1(0.03185991899746765, 0.03214135530521105)
1(0.026401206927822198, 0.026676101283049796)
1(0.027177099934264034, 0.027451452133547653)
1(0.02843957784379446, 0.028710624088223214)
1(0.027521746852653302, 0.027791180007792855)
1(0.026302934160038493, 0.02657098729851673)
1(0.026922108398882014, 0.027189692474794594)
1(0.026392748655106702, 0.026656547109889576)
1(0.027541240085122033, 0.027795044870768476)
1(0.026444128879322723, 0.026690440311739887)
1(0.027221776708300366, 0.027464574952893374)
1(0.025724566733212217, 0.02596278445269617)
1(0.0242990984977801, 0.024537128723118754)
1(0.028644332091068692, 0.02887835632761046)
1(0.027565190754808025, 0.027793778161458452)
1(0.026883445013471077, 0.027111210465008934)
1(0.02784349703628707, 0.028069279591569043)
1(0.02944559740062784, 0.029668226360249895)
1(0.02830808375770244, 0.02853010310150609)
1(0.025502584209103493, 0.0257238462627061)
1(0.02539557386943977, 0.025615666018235932)
1(0.026439073942966428, 0.02665676737942713)
1(0.02893288182707533, 0.029146455613691547)
1(0.028647536289874997, 0.02886100830060044)
1(0.028264166978990205, 0.0284745991542048)
1(0.02578875195266146, 0.02599583168754348)
1(0.027952260026385786, 0.028151429999097782)
1(0.026170352881445397, 0.0263683816236856)
1(0.026278911219486892, 0.02647579181340182)
1(0.027556715951698774, 0.027748319614608784)
1(0.026012473652972292, 0.026203714538157275)
1(0.027291763033753025, 0.027478233708745255)
1(0.08125921138939074, 0.08143937517575861)
1(0.02654588998035914, 0.02672587171585318)
1(0.029505954172842366, 0.029684523205759355)
1(0.02767307035246684, 0.02784739319328309)
1(0.02884704061217218, 0.029021242055358262)
1(0.027340575243853863, 0.02751094209306246)
1(0.028709852709810225, 0.028879374302887423)
1(0.02694769422470738, 0.027110769476894274)
1(0.029650326411079817, 0.02980701312964616)
1(0.026144354379220868, 0.026300698233684576)
1(0.0269252534549108, 0.027081270501330756)
1(0.027358482627505343, 0.027510591213766578)
1(0.025252838128935293, 0.02540464349978293)
1(0.0266256798296384, 0.026776135154362744)
1(0.02692873469016716, 0.027079112066004205)
1(0.028696990481487068, 0.028846331868186994)
1(0.028304798049610412, 0.028452407680509224)
1(0.03147572838402006, 0.03161505629141735)
1(0.0281351785307452, 0.028260278863970503)
1(0.02660198160747489, 0.026726474951856437)
1(0.0262848263075312, 0.026401303777092478)
1(0.027960934700507555, 0.02807463675164902)
1(0.027434384063448607, 0.027545853758550957)
1(0.031441016497305255, 0.03154372150351947)
1(0.026258794353632688, 0.02635702632497223)
1(0.027408460976029465, 0.027504194485407564)
1(0.028621070662202777, 0.028713266106487775)
1(0.026669692462958493, 0.02676143830683877)
1(0.026807934960445663, 0.0268971590717515)
1(0.027256027458884672, 0.027342501912113414)
1(0.027003521574772444, 0.027089140246258782)
1(0.025234297250130024, 0.025315359056378314)
1(0.03277459612206657, 0.03285528616260907)
1(0.03209304627326522, 0.03217119850854957)
1(0.0259904267862345, 0.02606135839919065)
1(0.028994612664401207, 0.029061895480863416)
1(0.03243430836035598, 0.03249888352974351)
1(0.026682824196682588, 0.026746923085502975)
1(0.04076143912661848, 0.04082063478146129)
1(0.029608363102432377, 0.029667157799456834)
1(0.027695970508061375, 0.02775362877486161)
1(0.03214943298153057, 0.03220155332586261)
1(0.027967001538988807, 0.02801570879467338)
1(0.026849153662430177, 0.026892554458215978)
1(0.026887237006054797, 0.02692994623316058)
1(0.02373649940770104, 0.023774879370790994)
1(0.026470259604072458, 0.026508360868714897)
1(0.02812370447178218, 0.028160488682923635)
1(0.02574230145238405, 0.02577892349757694)
1(0.029724418964883963, 0.029756961740555095)
1(0.030032318980851333, 0.03006456433438156)
1(0.02875518179849422, 0.02878342279708808)
1(0.026914744544992732, 0.026941137754303804)
1(0.029216941092455966, 0.029242248487811852)
1(0.0273298431010138, 0.027354448062698027)
1(0.029136090120793996, 0.029159947040091852)
1(0.02903961147696227, 0.029061965841795663)
1(0.023762868257063426, 0.02378132761586428)
1(0.0310992207061991, 0.031110887973283707)
1(0.03235272494703314, 0.03236340279765371)
1(0.026091303312841707, 0.02609979871468603)
1(0.03850070295291162, 0.03850846196145585)
1(0.027169008450174156, 0.027174681159238327)
1(0.024276402433823813, 0.024281471571306407)
1(0.029324041722502563, 0.029328459933628936)
1(0.0300274301640706, 0.030031726621048884)
1(0.02603200373652987, 0.02603548115331167)
0(0.0, inf)
0(0.0, 0.30010976725227556)
0(0.0, 0.21717179062641542)
0(0.0, 0.11914866715141198)
0(0.0, 0.08916608536467505)
0(0.0, 0.08490007996488595)
0(0.0, 0.08139624139378895)
0(0.0, 0.08121426159252619)
0(0.0, 0.08106189714474797)
0(0.0, 0.059796617780736236)
0(0.0, 0.05746868631371116)
0(0.0, 0.05153985257823229)
0(0.0, 0.05148041934473129)
0(0.0, 0.04943552767426312)
0(0.0, 0.04683209566155261)
0(0.0, 0.04588362361640541)
0(0.0, 0.04307253606885878)
0(0.0, 0.042946605712152405)
0(0.0, 0.041796916099373006)
0(0.0, 0.0409570061367568)
0(0.0, 0.039905811198968515)
0(0.0, 0.038995010090352236)
0(0.0, 0.038553496563113764)
0(0.0, 0.03695294019234823)
0(0.0, 0.03564725817945249)
0(0.0, 0.0353081794576389)
0(0.0, 0.03489798173196662)
0(0.0, 0.034745099808640434)
0(0.0, 0.033342201115728755)
0(0.0, 0.033333590159628536)
0(0.0, 0.03328948953266594)
0(0.0, 0.03324999491326413)
0(0.0, 0.03309111184424813)
0(0.0, 0.03298192845768789)
0(0.0, 0.032859258782625855)
0(0.0, 0.03252174746482466)
0(0.0, 0.032404099344041475)
0(0.0, 0.032321969049470656)
0(0.0, 0.03222293111245965)
0(0.0, 0.031824581924695845)
0(0.0, 0.031810519669552666)
0(0.0, 0.03165264962001879)
0(0.0, 0.031586090755052414)
0(0.0, 0.03142347476186942)
0(0.0, 0.0314190956157128)
0(0.0, 0.03120039392885951)
0(0.0, 0.031135177976538194)
0(0.0, 0.03084258105368752)
0(0.0, 0.0306431179041579)
0(0.0, 0.03057072361733916)
0(0.0, 0.030465018921943313)
0(0.0, 0.0303726287979724)
0(0.0, 0.030195665989457342)
0(0.0, 0.030158549043039492)
0(0.0, 0.030092135936154698)
0(0.0, 0.030009848267644145)
0(0.0, 0.02995427775998073)
0(0.0, 0.029836141067088314)
0(0.0, 0.029700447153265995)
0(0.0, 0.02956046317541355)
0(0.0, 0.029542339930026414)
0(0.0, 0.02948580841698889)
0(0.0, 0.02945798337591077)
0(0.0, 0.029284345510300902)
0(0.0, 0.02925022772563601)
0(0.0, 0.029240457838188023)
0(0.0, 0.029195982946764135)
0(0.0, 0.02913129220447486)
0(0.0, 0.029049016673194948)
0(0.0, 0.028909816308824523)
0(0.0, 0.02890522782972392)
0(0.0, 0.028819134434622584)
0(0.0, 0.02876978787914152)
0(0.0, 0.028730344651222324)
0(0.0, 0.0286974819339811)
0(0.0, 0.028675552032398036)
0(0.0, 0.028622539069539446)
0(0.0, 0.02860125673199948)
0(0.0, 0.02859498501174997)
0(0.0, 0.028554463550709345)
0(0.0, 0.028545418220001475)
0(0.0, 0.028458237078429434)
0(0.0, 0.028454765397799384)
0(0.0, 0.0284205832220899)
0(0.0, 0.02841348740153097)
0(0.0, 0.02840371779331541)
0(0.0, 0.028388304713697896)
0(0.0, 0.028304483921890444)
0(0.0, 0.028266318641560248)
0(0.0, 0.028242431950417184)
0(0.0, 0.02822544446324749)
0(0.0, 0.02820775303349222)
0(0.0, 0.028194768067760098)
0(0.0, 0.028164389841655476)
0(0.0, 0.02814914223284652)
0(0.0, 0.028144221135029436)
0(0.0, 0.02808514127177991)
0(0.0, 0.02807786697399292)
0(0.0, 0.028071517019798913)
0(0.0, 0.028064691938265492)
0(0.0, 0.02803922797170061)
0(0.0, 0.027915208211537087)
0(0.0, 0.027882879354153074)
0(0.0, 0.02788171937194183)
0(0.0, 0.02786668987756132)
0(0.0, 0.02781402012044102)
0(0.0, 0.02777609415018013)
0(0.0, 0.02773559109501756)
0(0.0, 0.027726909435854322)
0(0.0, 0.02768795212643517)
0(0.0, 0.027677215919003392)
0(0.0, 0.027667657831441792)
0(0.0, 0.02764401273165346)
0(0.0, 0.02761361229214283)
0(0.0, 0.02757801295943764)
0(0.0, 0.02756506178010167)
0(0.0, 0.027561434063038886)
0(0.0, 0.027539495244221897)
0(0.0, 0.027487074105874313)
0(0.0, 0.027486108372783258)
0(0.0, 0.02742781775170097)
0(0.0, 0.027398370262305155)
0(0.0, 0.02734395266483428)
0(0.0, 0.027340016157069075)
0(0.0, 0.027320091868630495)
0(0.0, 0.027284881658366785)
0(0.0, 0.02722647633475119)
0(0.0, 0.027208733179414985)
0(0.0, 0.027197894020912387)
0(0.0, 0.0271716811325213)
0(0.0, 0.027161256456551246)
0(0.0, 0.027154231528717238)
0(0.0, 0.02708055750950043)
0(0.0, 0.02704802000750779)
0(0.0, 0.027047674583417062)
0(0.0, 0.027015887434986816)
0(0.0, 0.027012092002498485)
0(0.0, 0.0269928502212491)
0(0.0, 0.02693149899496084)
0(0.0, 0.026868281863325173)
0(0.0, 0.026858716160215318)
0(0.0, 0.026838470435191514)
0(0.0, 0.02683142373201246)
0(0.0, 0.026773278023910056)
0(0.0, 0.026764705133742978)
0(0.0, 0.02666505133070577)
0(0.0, 0.026617487419884876)
0(0.0, 0.026579609753562605)
0(0.0, 0.026575542517381458)
0(0.0, 0.026564097389557693)
0(0.0, 0.026527580092197606)
0(0.0, 0.0264979594574281)
0(0.0, 0.026486200998157957)
0(0.0, 0.02646629816999791)
0(0.0, 0.02645136350751246)
0(0.0, 0.026442751513152774)
0(0.0, 0.026390515602065432)
0(0.0, 0.026377588915768253)
0(0.0, 0.0263167652101108)
0(0.0, 0.026279956888599753)
0(0.0, 0.02626248413244899)
0(0.0, 0.02625499162280105)
0(0.0, 0.02625328167503884)
0(0.0, 0.02624908896103995)
0(0.0, 0.026246622329637544)
0(0.0, 0.02622678188875493)
0(0.0, 0.026202691241452677)
0(0.0, 0.026198144167843825)
0(0.0, 0.02618476759908569)
0(0.0, 0.026176233076645676)
0(0.0, 0.026165773720847118)
0(0.0, 0.02614339136851043)
0(0.0, 0.026118122048846174)
0(0.0, 0.026094682424576365)
0(0.0, 0.026089819236966613)
0(0.0, 0.0260743578764904)
0(0.0, 0.02607373486184842)
0(0.0, 0.026061504784762865)
0(0.0, 0.02603716663452907)
0(0.0, 0.02599801332331684)
0(0.0, 0.025946460940411822)
0(0.0, 0.025929599851993206)
0(0.0, 0.025913162990574452)
0(0.0, 0.025874244037367038)
0(0.0, 0.025854465050525792)
0(0.0, 0.025853723740605225)
0(0.0, 0.02582757684251806)
0(0.0, 0.025825785396870842)
0(0.0, 0.025815987283818755)
0(0.0, 0.025735681591013602)
0(0.0, 0.025686231218843485)
0(0.0, 0.0256726307499268)
0(0.0, 0.025647196884073447)
0(0.0, 0.025645988212684604)
0(0.0, 0.025642586877645875)
0(0.0, 0.025622292084209724)
0(0.0, 0.025556636391381282)
0(0.0, 0.025548096900811144)
0(0.0, 0.025543519036727157)
0(0.0, 0.025542898501895308)
0(0.0, 0.025536601627689188)
0(0.0, 0.025517748632086116)
0(0.0, 0.02551127571775449)
0(0.0, 0.02551092604333643)
0(0.0, 0.025475341663645342)
0(0.0, 0.025463243182004842)
0(0.0, 0.02543346705241825)
0(0.0, 0.02542804270255171)
0(0.0, 0.025427187759000974)
0(0.0, 0.025424480260927723)
0(0.0, 0.025421673512904842)
0(0.0, 0.025418209507218056)
0(0.0, 0.02533998588654635)
0(0.0, 0.025330910246149797)
0(0.0, 0.025324975758998038)
0(0.0, 0.025314602092566293)
0(0.0, 0.025295728153461452)
0(0.0, 0.02527945860943486)
0(0.0, 0.025229807380293536)
0(0.0, 0.025205232475077204)
0(0.0, 0.02520012305838037)
0(0.0, 0.02516353956234153)
0(0.0, 0.02516329885671093)
0(0.0, 0.02515883762698433)
0(0.0, 0.025131480768811623)
0(0.0, 0.025118323857282975)
0(0.0, 0.025065965432577157)
0(0.0, 0.025055861602968056)
0(0.0, 0.025041969157588842)
0(0.0, 0.025040637292606076)
0(0.0, 0.02503164637063319)
0(0.0, 0.025029581819252564)
0(0.0, 0.0250000241480625)
0(0.0, 0.024973092557445713)
0(0.0, 0.024948670631365816)
0(0.0, 0.024936550849765038)
0(0.0, 0.024883871317793963)
0(0.0, 0.02487589479987641)
0(0.0, 0.024846242990030135)
0(0.0, 0.024842449167929034)
0(0.0, 0.02481900300156084)
0(0.0, 0.024783128627095384)
0(0.0, 0.024776700584633823)
0(0.0, 0.024747869059956785)
0(0.0, 0.02470446279422755)
0(0.0, 0.024699845356136386)
0(0.0, 0.024692597244590397)
0(0.0, 0.02469144531828981)
0(0.0, 0.02466478349941326)
0(0.0, 0.024634753000532934)
0(0.0, 0.024630029559088377)
0(0.0, 0.024617178354110016)
0(0.0, 0.024611355875525147)
0(0.0, 0.024609223530965736)
0(0.0, 0.024605210239955762)
0(0.0, 0.024590479656750923)
0(0.0, 0.024589353946361373)
0(0.0, 0.024589215364023816)
0(0.0, 0.024579834961130264)
0(0.0, 0.024558854469690448)
0(0.0, 0.024542166953760894)
0(0.0, 0.024531601753170058)
0(0.0, 0.02451861239960489)
0(0.0, 0.0244831519146863)
0(0.0, 0.024433590719469732)
0(0.0, 0.02440045586892144)
0(0.0, 0.024386592325281314)
0(0.0, 0.02438490123024189)
0(0.0, 0.024379605686468495)
0(0.0, 0.024370066542556423)
0(0.0, 0.02436211080404517)
0(0.0, 0.02435376310784017)
0(0.0, 0.024322591857223578)
0(0.0, 0.02432112416866016)
0(0.0, 0.02431094057942557)
0(0.0, 0.024302672822233144)
0(0.0, 0.024302635514202555)
0(0.0, 0.024298124531206985)
0(0.0, 0.02428725075825278)
0(0.0, 0.02424497400845556)
0(0.0, 0.024236284780614185)
0(0.0, 0.02423542368380347)
0(0.0, 0.024233837181052254)
0(0.0, 0.024199308310691683)
0(0.0, 0.024164264625816067)
0(0.0, 0.02416291299121158)
0(0.0, 0.024133569412920754)
0(0.0, 0.02412177894919505)
0(0.0, 0.02408671475957152)
0(0.0, 0.024074274277643828)
0(0.0, 0.024061640881828203)
0(0.0, 0.02404519117246684)
0(0.0, 0.024040799467099187)
0(0.0, 0.02403861867193726)
0(0.0, 0.02399834936965519)
0(0.0, 0.02399778331662024)
0(0.0, 0.023983769529964748)
0(0.0, 0.02397660239661372)
0(0.0, 0.023974458687390673)
0(0.0, 0.023971045243537114)
0(0.0, 0.023958559454687462)
0(0.0, 0.023929509629769603)
0(0.0, 0.023924754925239034)
0(0.0, 0.02392113004273322)
0(0.0, 0.02391019031210069)
0(0.0, 0.023901642856159127)
0(0.0, 0.023897257026497747)
0(0.0, 0.02387542018547685)
0(0.0, 0.02384920157903323)
0(0.0, 0.023835105421979873)
0(0.0, 0.023810168922781733)
0(0.0, 0.02380885601105078)
0(0.0, 0.023792724888209642)
0(0.0, 0.02379228271343926)
0(0.0, 0.023783292913838093)
0(0.0, 0.023770671361178056)
0(0.0, 0.023761329707747404)
0(0.0, 0.02375446091576686)
0(0.0, 0.02373983829692227)
0(0.0, 0.023731574108580282)
0(0.0, 0.023702709994852914)
0(0.0, 0.023683908656221744)
0(0.0, 0.023622210663600197)
0(0.0, 0.02359461823488252)
0(0.0, 0.02357949178125031)
0(0.0, 0.023566604221610783)
0(0.0, 0.023556654388654077)
0(0.0, 0.023547661333512375)
0(0.0, 0.02351768448465922)
0(0.0, 0.023481100631965554)
0(0.0, 0.023478355087066236)
0(0.0, 0.023474478236820872)
0(0.0, 0.02346049822993101)
0(0.0, 0.02343304644066218)
0(0.0, 0.0234295538188528)
0(0.0, 0.023416145684542818)
0(0.0, 0.02339990962353937)
0(0.0, 0.023398407914000104)
0(0.0, 0.023389110066971978)
0(0.0, 0.023388115669702454)
0(0.0, 0.023380249041646373)
0(0.0, 0.023367737786561035)
0(0.0, 0.023362444222437443)
0(0.0, 0.023346274931260423)
0(0.0, 0.02333319297697832)
0(0.0, 0.023331164087600432)
0(0.0, 0.023329857840565293)
0(0.0, 0.023320078323585874)
0(0.0, 0.02328307700830557)
0(0.0, 0.023272559424325955)
0(0.0, 0.023270202443880988)
0(0.0, 0.023268350738909576)
0(0.0, 0.0232266904366517)
0(0.0, 0.023208238148120317)
0(0.0, 0.023198006165680407)
0(0.0, 0.023167085505318603)
0(0.0, 0.02313432271920495)
0(0.0, 0.023114637798158148)
0(0.0, 0.02308755606036764)
0(0.0, 0.02305869453384153)
0(0.0, 0.023051199776190853)
0(0.0, 0.023030036377053344)
0(0.0, 0.023004408133680116)
0(0.0, 0.02299146089060475)
0(0.0, 0.022954204846927492)
0(0.0, 0.02294824132322728)
0(0.0, 0.022938038095399713)
0(0.0, 0.02289880451696552)
0(0.0, 0.02289590906583452)
0(0.0, 0.02285746536513119)
0(0.0, 0.022848044178271687)
0(0.0, 0.022833959683467735)
0(0.0, 0.022791923840924242)
0(0.0, 0.022783383715746126)
0(0.0, 0.022727715589322288)
0(0.0, 0.02262411370162291)
0(0.0, 0.022591249982489788)
0(0.0, 0.022578950139567882)
0(0.0, 0.02257597951890597)
0(0.0, 0.022569253604473063)
0(0.0, 0.02254840661257217)
0(0.0, 0.022515541488858846)
0(0.0, 0.022477786041062094)
0(0.0, 0.022476347103796434)
0(0.0, 0.02241409671895913)
0(0.0, 0.022413325284281516)
0(0.0, 0.022329466715394555)
0(0.0, 0.022313320449097646)
0(0.0, 0.022312030281333557)
0(0.0, 0.022309533407297084)
0(0.0, 0.022255861762537816)
0(0.0, 0.02220670839674192)
0(0.0, 0.022182526915343347)
0(0.0, 0.022163583897436685)
0(0.0, 0.02212956782030702)
0(0.0, 0.022101325947657693)
0(0.0, 0.022090586764183035)
0(0.0, 0.022080055469370283)
0(0.0, 0.021932520055031754)
0(0.0, 0.021912407059006787)
0(0.0, 0.0219023747873436)
0(0.0, 0.02189244217895973)
0(0.0, 0.021887540243056138)
0(0.0, 0.021881885916263152)
0(0.0, 0.021851003693749198)
0(0.0, 0.021786302421296398)
0(0.0, 0.021744355640558412)
0(0.0, 0.021697293933617218)
0(0.0, 0.021668012932263284)
0(0.0, 0.021564471431140493)
0(0.0, 0.021547042383006552)
0(0.0, 0.021405631672448074)
0(0.0, 0.02135933971870024)
0(0.0, 0.021341204244209492)
0(0.0, 0.021316600847820475)
0(0.0, 0.02123785485260681)
0(0.0, 0.021087290972164947)
0(0.0, 0.020981677546385014)
0(0.0, 0.020916280187316144)
0(0.0, 0.02086282029356153)
0(0.0, 0.020793192424784914)
0(0.0, 0.020747319054586235)
0(0.0, 0.020711078679145237)
0(0.0, 0.020597903959270532)
0(0.0, 0.020361273575700882)
0(0.0, 0.020127506683712156)
0(0.0, 0.020122334048539)
0(0.0, 0.019905786336627804)
0(0.0, 0.01990049380341379)
0(0.0, 0.01985038885679807)
0(0.0, 0.019676685103203705)
0(0.0, 0.018179964835601914)
