1(0.02558903566276788, 0.029588417006052983)
1(0.037692192800948925, 0.0414000614080508)
1(0.026002416397134992, 0.029268357805800907)
1(0.025784395927071303, 0.028985087048803964)
1(0.027074322892012774, 0.030147422774999596)
1(0.02423145046706787, 0.02728950978034492)
1(0.03027874367731832, 0.03314386131283568)
1(0.0380728556845077, 0.040910204953527936)
1(0.02984726628784675, 0.03267324209441754)
1(0.026214174408827385, 0.029027308845330037)
1(0.028136063721047783, 0.03093929469313532)
1(0.03040085030599768, 0.03312335035495637)
1(0.03170954347296998, 0.034426484142714486)
1(0.020771838865255812, 0.0234620753579652)
1(0.03968801819672995, 0.04228681085674075)
1(0.022163940575386204, 0.024699096480115132)
1(0.029913848933559282, 0.032387013058286916)
1(0.023283587556397145, 0.025710891501066896)
1(0.0265835086576967, 0.028945958591682586)
1(0.030093497852918535, 0.032442130967728244)
1(0.02063489751354741, 0.022924020611487555)
1(0.03544413316746866, 0.03773106550704616)
1(0.02393911358234371, 0.02622132494124993)
1(0.031129810432970268, 0.03340526702996079)
1(0.026815477027906733, 0.029076843952642165)
1(0.02664837474427042, 0.028903356758053243)
1(0.02226740993849277, 0.024520014106000722)
1(0.025064646438695885, 0.027283309773520066)
1(0.024180972213620325, 0.026381662476250782)
1(0.029676737613734745, 0.031843291974252466)
1(0.02184551715480603, 0.02401011527688826)
1(0.03230254078197717, 0.034426484142714486)
1(0.03194765954302151, 0.034039115860142174)
1(0.022772546181669046, 0.024849303398567984)
1(0.027343472999387566, 0.029418267410205347)
1(0.021528122535654618, 0.023584456328611118)
1(0.02177768353263622, 0.023807598435499858)
1(0.022604432389756783, 0.024613006442896622)
1(0.029780881959475255, 0.03177706002195078)
1(0.029882558271843038, 0.03187754206788238)
1(0.02668065913277724, 0.028657195353987367)
1(0.02971593056108244, 0.03168142139911908)
1(0.02272496741737057, 0.024686128552422106)
1(0.02540817595279477, 0.027356095838316)
1(0.0282710004470263, 0.030213703935158515)
1(0.028203757060519453, 0.030112387083669194)
1(0.030001625554910365, 0.03190941615191037)
1(0.049007183317316426, 0.0509132561731055)
1(0.02890276344952097, 0.030802013738631246)
1(0.02302538577815653, 0.024910722410870122)
1(0.035232400660155185, 0.03711772559167894)
1(0.023537821631737156, 0.025410655861846772)
1(0.023857761049009208, 0.025717158231132502)
1(0.01962853205672507, 0.021446722394836488)
1(0.024131263268004122, 0.02593151156023808)
1(0.02395084119516937, 0.025719045522728915)
1(0.025741436942053372, 0.027498191941658378)
1(0.024726341472268973, 0.026479493186381438)
1(0.030598004616057033, 0.032348460263104575)
1(0.02365911281222808, 0.025409508180215822)
1(0.025009744403995473, 0.026754489475563414)
1(0.02105020985612315, 0.02279159993117794)
1(0.027337209611741724, 0.02907207377840777)
1(0.028236206639556425, 0.029961958626828645)
1(0.030786716047531488, 0.0325093170124663)
1(0.030620034606541162, 0.032333262623532956)
1(0.022477750003008598, 0.02418931425669669)
1(0.026962351879986024, 0.02865827106486017)
1(0.02127801990897886, 0.02296811890413347)
1(0.021603100756869834, 0.02327759085833286)
1(0.02184385639535446, 0.023515560801876865)
1(0.028248389649716828, 0.029908406136563634)
1(0.02715184018541707, 0.028806819750910716)
1(0.021964233387078307, 0.02361350293810249)
1(0.0342824981223507, 0.035924763684799736)
1(0.030071904791379257, 0.0317089851701732)
1(0.022654569098116206, 0.024289818939295)
1(0.027276307270625463, 0.02890580996030713)
1(0.028195592524955227, 0.0298160079872261)
1(0.03028847553902711, 0.03190661921764991)
1(0.026607783139499196, 0.028220348649757972)
1(0.024678276668910787, 0.026275680433261946)
1(0.02943210987944471, 0.03101114360877751)
1(0.025430534201466917, 0.027001381795253812)
1(0.020943804380551368, 0.02249468730968878)
1(0.02276368853452963, 0.024314022788574894)
1(0.02987407378000105, 0.031405095817994874)
1(0.030348855195516635, 0.03187754206788238)
1(0.029232241682266562, 0.03075134063376091)
1(0.024307723249630007, 0.02582409615940671)
1(0.02359776994166191, 0.025109128602160392)
1(0.0222304087721007, 0.023731529134323703)
1(0.03190076660760318, 0.033373302101576165)
1(0.027127263380396446, 0.0285967156122849)
1(0.028787114628278484, 0.03022603895601819)
1(0.025468965340323287, 0.026902294096566488)
1(0.021989729453340132, 0.02341573876999282)
1(0.023330928291248252, 0.02475629638551041)
1(0.02642125492022625, 0.027841168589113598)
1(0.026119788609725848, 0.02752150869725487)
1(0.029537826224982567, 0.03093929469313532)
1(0.03100218975790276, 0.03237817715700819)
1(0.021909804039698628, 0.02327759085833286)
1(0.030877080448635085, 0.03224023837885168)
1(0.028435294293946926, 0.02979575741244455)
1(0.023611674357768533, 0.0249513101414012)
1(0.03104297633045684, 0.03237817715700819)
1(0.029443929623199923, 0.030770281757743177)
1(0.029003702447157283, 0.030322254715540974)
1(0.030886844015021397, 0.0322029315589519)
1(0.024552851941625608, 0.025865215022257186)
1(0.02171786412193691, 0.023024703708982432)
1(0.026864506606943964, 0.02816634977543017)
1(0.021096980444129564, 0.022398745945118013)
1(0.027620812772351542, 0.028919455143106284)
1(0.02196166622545043, 0.023256044227835462)
1(0.030027508056849544, 0.031311589389426624)
1(0.033065614649357866, 0.034343684115054486)
1(0.02183837570817783, 0.023111866177143652)
1(0.03032649669406926, 0.03159568013998357)
1(0.027808381903791646, 0.029076843952642165)
1(0.024374102011989265, 0.025640544138363065)
1(0.02782276873933718, 0.029087167052333947)
1(0.02290151210753873, 0.024160493724712625)
1(0.027778187672463935, 0.029035151911158675)
1(0.026114424438013, 0.02736690382310682)
1(0.02371129376904169, 0.024949279379806254)
1(0.022025940304587557, 0.023256044227835462)
1(0.023334319038239047, 0.024552769860967293)
1(0.022340737177424862, 0.023548690821808115)
1(0.023581633203053547, 0.024767824425458933)
1(0.030345538884572962, 0.03152628630598084)
1(0.02527890371989307, 0.026433619873778687)
1(0.02097103682851628, 0.022122176985568558)
1(0.02168145851662923, 0.022820074926297753)
1(0.03142993773132422, 0.032567856094995365)
1(0.02783578001299961, 0.028965836340653143)
1(0.029998505893659107, 0.031125792356220695)
1(0.02629058891235933, 0.02741641233699944)
1(0.028564528229833276, 0.029686385094002902)
1(0.02062139583021588, 0.02174006501611533)
1(0.03411861437600416, 0.035235838150309146)
1(0.021811770165173376, 0.02292533726227984)
1(0.035297092508509896, 0.03641009183827752)
1(0.027920298541624564, 0.029027308845330037)
1(0.02265077837731719, 0.0237568407219441)
1(0.025852618266015977, 0.026949311732811013)
1(0.027363242692751043, 0.02845529247439461)
1(0.03003501673705662, 0.031125792356220695)
1(0.024357561723124085, 0.025430657895532807)
1(0.027858470735568467, 0.02892903257293267)
1(0.02733897413074754, 0.028408705523535284)
1(0.027960617304227407, 0.029027308845330037)
1(0.027342749488320564, 0.028395014033666295)
1(0.029887923444239555, 0.03093929469313532)
1(0.021640863980428252, 0.022689226715866283)
1(0.02515255037721219, 0.026197905885455203)
1(0.0315652853315029, 0.032609632008674436)
1(0.02115325452718353, 0.02218826631165958)
1(0.024391692444541185, 0.025419779838729575)
1(0.026076396631025532, 0.027093967855178834)
1(0.023436743863684814, 0.02444992550638341)
1(0.03194974078126046, 0.03294701756257529)
1(0.023317063058707295, 0.024314022788574894)
1(0.031386902267587516, 0.03237739459616062)
1(0.024008604522598117, 0.024994115135391817)
1(0.03748169661308335, 0.03845292503259982)
1(0.023414261240133977, 0.02438546835476009)
1(0.023469689727402477, 0.02444071306282047)
1(0.03009006905030093, 0.031060706861911938)
1(0.020555003315595684, 0.02152353531711123)
1(0.040369624922587444, 0.041335199320213234)
1(0.025487452186986018, 0.02643351683280445)
1(0.02773982669966496, 0.02868245191247676)
1(0.028466449455196025, 0.02940671179718512)
1(0.03378555625541915, 0.03472160388441144)
1(0.029463671393886188, 0.03039909503915941)
1(0.022343377747908764, 0.02327759085833286)
1(0.025704655418299728, 0.026638236064050625)
1(0.031106327957385792, 0.03203589572511818)
1(0.022420129138129644, 0.023342855340188932)
1(0.02516231470396306, 0.026072277889333525)
1(0.0269957667827467, 0.027902151189086583)
1(0.028633234518791514, 0.029537310410574533)
1(0.02896600346542049, 0.029862614991879283)
1(0.03062327843824869, 0.031512424024473046)
1(0.023156445937527304, 0.02404101289752018)
1(0.02275732134091704, 0.02363747226496295)
1(0.026115464827109178, 0.026993388509249663)
1(0.03159816018788002, 0.03247423549943217)
1(0.02316306223022949, 0.024035307054607838)
1(0.022644290494080167, 0.023511068666114417)
1(0.022344341538051562, 0.023210225920581844)
1(0.02547176931013059, 0.026330191285114723)
1(0.024702083186862945, 0.025555203018533017)
1(0.02889433526582834, 0.029744736277037418)
1(0.02368600899548521, 0.024536148664466344)
1(0.02240503655292361, 0.023254791494599303)
1(0.01956333979330252, 0.020408287611173852)
1(0.03222505723260565, 0.033060290528442365)
1(0.030101774084368177, 0.030936358422728114)
1(0.03142863891997952, 0.03226046936192531)
1(0.024853155153783817, 0.02568020592219664)
1(0.025323415092889566, 0.026149433991455792)
1(0.022600421671666194, 0.02342618609342055)
1(0.02791059564586084, 0.028724020894183695)
1(0.02531862469088927, 0.02612525919518756)
1(0.02201742832639858, 0.022820074926297753)
1(0.022758768998351563, 0.023559168356906076)
1(0.021499948833490524, 0.022287897231323545)
1(0.022558984829174837, 0.023343031604662563)
1(0.0233796885694186, 0.024163370592074497)
1(0.027890886891446053, 0.028672000604334544)
1(0.024667063026703122, 0.02544757339588201)
1(0.030932155310808316, 0.03171047689285902)
1(0.02583585160529908, 0.02661410125605655)
1(0.038085638626312694, 0.03886158479803314)
1(0.03298019865852422, 0.03375515423164041)
1(0.028571247135653267, 0.02934489463257602)
1(0.0214405117624137, 0.022203183874624607)
1(0.03597726399149894, 0.03673358960877389)
1(0.027740428980342787, 0.028492612863775434)
1(0.025079805975325244, 0.02582865599966702)
1(0.030485217824110705, 0.031225653979119975)
1(0.02269686540941027, 0.023436148511000936)
1(0.025362728869817032, 0.02609903128171094)
1(0.028218948902324414, 0.028953288495110155)
1(0.028252341968861273, 0.028985087048803964)
1(0.028016219429938476, 0.028746593424076258)
1(0.030317871723223096, 0.03104220047233854)
1(0.025609489053528663, 0.026332589593526676)
1(0.02080225114259635, 0.02152353531711123)
1(0.026225223086830663, 0.026945901087441063)
1(0.03993493048670334, 0.04065520975874553)
1(0.03179404924196727, 0.0325093170124663)
1(0.026390791195797982, 0.027101161490510374)
1(0.028621609886226355, 0.029321474623204048)
1(0.025798211740887887, 0.02649235162614609)
1(0.0319933144917873, 0.03268281790581767)
1(0.032603942281871606, 0.033290099661704896)
1(0.030174690994337477, 0.030859143355410897)
1(0.026435417961081186, 0.027116208501773147)
1(0.026304521734886267, 0.02698236392672348)
1(0.024940804391851857, 0.02561644202180544)
1(0.028498809883405345, 0.029169088753173658)
1(0.02591479524599102, 0.026584464887172737)
1(0.02295238511423177, 0.023618094660382984)
1(0.030057767396043104, 0.030721537219642672)
1(0.027747092442822443, 0.028408705523535284)
1(0.023863283463935316, 0.02452355953258651)
1(0.0303091970863685, 0.03095685056257616)
1(0.027210830247068482, 0.02784016987532038)
1(0.028624513613815634, 0.029252202190379533)
1(0.030499716515244572, 0.03112369296419621)
1(0.026771634516907623, 0.02738925820806844)
1(0.022361488726766094, 0.02297720822563068)
1(0.02139447416478304, 0.02200959833323447)
1(0.029565311605725612, 0.03018004097453066)
1(0.03206278235257408, 0.03267719590105919)
1(0.02273813418324703, 0.0233521556115946)
1(0.028185268908060383, 0.028791144807548477)
1(0.023660614739935117, 0.024266485510108952)
1(0.02701876634319132, 0.027616446636059895)
1(0.029268544745256937, 0.029862614991879283)
1(0.021722524262636954, 0.022315528106368304)
1(0.02054603004113342, 0.021138540990643672)
1(0.032550455146680764, 0.03314187637427002)
1(0.02560441567988627, 0.026188043537549537)
1(0.021199620942968674, 0.02178159102546293)
1(0.024076228256190633, 0.024658164858706123)
1(0.02374426303161629, 0.02432339772703452)
1(0.028793755104451237, 0.029372722030933763)
1(0.024014822166363966, 0.024588650781346626)
1(0.021925934028927157, 0.02249468730968878)
1(0.02207516994117542, 0.022641460832571153)
1(0.022986030656448535, 0.023549350795158824)
1(0.03257410611178536, 0.033136030757586775)
1(0.02357024054842053, 0.024131944635068913)
1(0.026059755289939396, 0.026616589533752972)
1(0.031329216786539, 0.03187754206788238)
1(0.026319638569215507, 0.02686531317727442)
1(0.032187957058755275, 0.03273219042952637)
1(0.024246516611807104, 0.024787356098736932)
1(0.033045083015821645, 0.03358396030743276)
1(0.026081177562085157, 0.026616589533752972)
1(0.023226144396675127, 0.0237568407219441)
1(0.025962999094758084, 0.02649325347485561)
1(0.023069415465617762, 0.023599490209995303)
1(0.023712646728630257, 0.024242108271428135)
1(0.03250259904990213, 0.033022785994443284)
1(0.02344553991242011, 0.02395423201237252)
1(0.025046331098664085, 0.025549858130115802)
1(0.023951931160726837, 0.024436765225639933)
1(0.023130143769793537, 0.02361350293810249)
1(0.03030432149477674, 0.030787302587441296)
1(0.02272732493808677, 0.023210225920581844)
1(0.03200722528418032, 0.0324888701022049)
1(0.025555959416360206, 0.026037069220496045)
1(0.02955379825968708, 0.030034273847588337)
1(0.030380142589824903, 0.030858503853803274)
1(0.026879221303181693, 0.02735355392883094)
1(0.03329713787601505, 0.03376978464978584)
1(0.021474307539737766, 0.021945845726834147)
1(0.021241699195006, 0.021705677510965263)
1(0.024958092589036463, 0.025419937326251918)
1(0.023672063141796432, 0.024131944635068913)
1(0.02992862810974955, 0.03038195110941305)
1(0.02866421445796055, 0.029117187048527938)
1(0.023587380904914808, 0.024035307054607838)
1(0.023665909618786646, 0.024102511425139687)
1(0.02287488367030416, 0.02331113334899321)
1(0.024689155015294232, 0.02511772918398022)
1(0.029970829550165994, 0.030397058670004914)
1(0.030707043061246796, 0.0311305647708049)
1(0.025327288506984846, 0.025745038896230837)
1(0.02670359927764007, 0.027116208501773147)
1(0.02393375764757526, 0.024342299228804494)
1(0.026642346496485555, 0.02704758632483186)
1(0.023282183690480174, 0.023687070028807)
1(0.021246835394847428, 0.021643009473903803)
1(0.03198651119321416, 0.03237739459616062)
1(0.03269258655004802, 0.03308234359699661)
1(0.02973201207849507, 0.03012132934845197)
1(0.023854784126626432, 0.024242108271428135)
1(0.032887548154957584, 0.03327320604179425)
1(0.07923680640737397, 0.07962210984017042)
1(0.028487809982350145, 0.028871428522464403)
1(0.026900604182783394, 0.027283309773520066)
1(0.03182173184764838, 0.032204005393271576)
1(0.027140744051368418, 0.0275204681226862)
1(0.02441592280070339, 0.02479444093699652)
1(0.023249615913173982, 0.023626885871727413)
1(0.0237930939512106, 0.02417029125721612)
1(0.0264389085284759, 0.026813601499760885)
1(0.02829597216446158, 0.028664673283254814)
1(0.028839481161676197, 0.029204750981554683)
1(0.026019864929855842, 0.026383142836390625)
1(0.029062878367949827, 0.029421023164489375)
1(0.02667926577820322, 0.027029680543366835)
1(0.030419956952841717, 0.030770281757743177)
1(0.03165797919574696, 0.03200813488412308)
1(0.02442172457972095, 0.024762979457513507)
1(0.023765198685087332, 0.024102511425139687)
1(0.027366973573354932, 0.027700345633407678)
1(0.022446022645076124, 0.022774435397206062)
1(0.02399676596542137, 0.02432339772703452)
1(0.026417441892887424, 0.02673751594382649)
1(0.030697968292971195, 0.031013685215001512)
1(0.035451463802391225, 0.03576697551501801)
1(0.023385053770591097, 0.02370011226629374)
1(0.024107852155490505, 0.024419992077221547)
1(0.02418513079182248, 0.024484895015521497)
1(0.03019116700363376, 0.030490355641846364)
1(0.027276795017233308, 0.027569907833116147)
1(0.022798987613398283, 0.023089185562412542)
1(0.029194360185307456, 0.029483395423414174)
1(0.02265322028079171, 0.022937423550275723)
1(0.02410615358584215, 0.024382891750232654)
1(0.022105947959393437, 0.022376698827657724)
1(0.026923802011340515, 0.027183423542292418)
1(0.03606373968941289, 0.03631950723379058)
1(0.02538168842229288, 0.02563419951819267)
1(0.022386446772561745, 0.022638234124741776)
1(0.024718559949894213, 0.02496992391086073)
1(0.02183273145771396, 0.02208026034753435)
1(0.02187615989181718, 0.022122176985568558)
1(0.025952140583174715, 0.026197905885455203)
1(0.02126762387994139, 0.02151232960881507)
1(0.022175724406190346, 0.022419191366174058)
1(0.02547643922952784, 0.025717158231132502)
1(0.031834905602821865, 0.03207382684390448)
1(0.022231002834016838, 0.022468055297265577)
1(0.021772858476310577, 0.02200959833323447)
1(0.026016284411325495, 0.026248534374179743)
1(0.03368918892022047, 0.033918351414707684)
1(0.0283906333538851, 0.028616269467619648)
1(0.026220685075913738, 0.02643351683280445)
1(0.02477630774843884, 0.024988453652848932)
1(0.027278558752405115, 0.027489962846172576)
1(0.025654662216030574, 0.02585898719829394)
1(0.030804224922340844, 0.03099739037372011)
1(0.03172446288775152, 0.03190941615191037)
1(0.02700649613045126, 0.027183423542292418)
1(0.02159735671933985, 0.021760140902711275)
1(0.024145982537252992, 0.02430769459503872)
1(0.02786186749889152, 0.028022447499863816)
1(0.03128426206717575, 0.03144010714424209)
1(0.02971633165540099, 0.029868722353824477)
1(0.027470872155036918, 0.027623126936249055)
1(0.03195954781526148, 0.032105100539560304)
1(0.02781906421963462, 0.027957801457349246)
1(0.02758536924375235, 0.027723770036843676)
1(0.024750140606750994, 0.024887750226435253)
1(0.02648296486073756, 0.026616589533752972)
1(0.03139718857739214, 0.03153077553823661)
1(0.023388372865393626, 0.023520127802959874)
1(0.03828394986112849, 0.03841291560199404)
1(0.034053497918815505, 0.03417240924147527)
1(0.025609189002958187, 0.025724196610230007)
1(0.03159406899402977, 0.031708635623789574)
1(0.02832321440386917, 0.028432932025907933)
1(0.02437041243129778, 0.024474763340951163)
1(0.032280790106448874, 0.03237817715700819)
1(0.026174691281467048, 0.026267559773524247)
1(0.032933753523684474, 0.033024574326992934)
1(0.024116422964480036, 0.0242053209108821)
1(0.028547270483304656, 0.02863501521490493)
1(0.02537456171323361, 0.02545988855908256)
1(0.036140952823730726, 0.036223997654756486)
1(0.02932772622946566, 0.029406405330550774)
1(0.024650515653963707, 0.0247290667551349)
1(0.02905118853753473, 0.02912422547403799)
1(0.025390053993025016, 0.025459054304099806)
1(0.02496528529743558, 0.025031934705037933)
1(0.024143019675531927, 0.024207331710175854)
1(0.023816446865758727, 0.0238805886571152)
1(0.024044815633882083, 0.024105120216613603)
1(0.024237474914803544, 0.024289884484977695)
1(0.031387476062475446, 0.031439649624849374)
1(0.022788651236551296, 0.022840053388566067)
1(0.021793631472830165, 0.021844922157142403)
1(0.028674816766572884, 0.02872120785152934)
1(0.023807491348284627, 0.023849578585637396)
1(0.026459966929116854, 0.026498154196892228)
1(0.02674763950479385, 0.02678105958843553)
1(0.028383043742950236, 0.02841369613075594)
1(0.022506147722886543, 0.022533941578952357)
1(0.023735297921258548, 0.02376122270237325)
1(0.026702322124692004, 0.02672518185476721)
1(0.027034758561103447, 0.027055102907387937)
1(0.02581152087479531, 0.025831123106141815)
1(0.02938092533750887, 0.029395726961524885)
1(0.024569205145276572, 0.02458259832664179)
1(0.025222198887905604, 0.02522906130301722)
1(0.024131509363755785, 0.024131944635068913)
0(0.0, inf)
0(0.0, 0.5224959933298394)
0(0.0, 0.3362899859008965)
0(0.0, 0.11809554064427673)
0(0.0, 0.08816862498047705)
0(0.0, 0.07890155814008606)
0(0.0, 0.07049138313551467)
0(0.0, 0.06342278282904196)
0(0.0, 0.06209841943382991)
0(0.0, 0.053858735366966635)
0(0.0, 0.05118688133548383)
0(0.0, 0.04796309654951088)
0(0.0, 0.04687120947544664)
0(0.0, 0.04588324298033294)
0(0.0, 0.04429645257168278)
0(0.0, 0.044267986159544505)
0(0.0, 0.04338969886163149)
0(0.0, 0.04273415474387651)
0(0.0, 0.0421899957443103)
0(0.0, 0.041711645120569435)
0(0.0, 0.04148118376673305)
0(0.0, 0.04145772034774204)
0(0.0, 0.0389150236651076)
0(0.0, 0.038344531153783994)
0(0.0, 0.038327688087259164)
0(0.0, 0.03810138497563823)
0(0.0, 0.03804165612714029)
0(0.0, 0.03796223247081176)
0(0.0, 0.03749832271087401)
0(0.0, 0.037151473369877244)
0(0.0, 0.03646479685595064)
0(0.0, 0.03642914821318211)
0(0.0, 0.03617824845330409)
0(0.0, 0.03608653368217915)
0(0.0, 0.03597689555204061)
0(0.0, 0.035381976345408316)
0(0.0, 0.035227629451559085)
0(0.0, 0.03517664308560581)
0(0.0, 0.03499497180656388)
0(0.0, 0.03442804673283817)
0(0.0, 0.03346068877924007)
0(0.0, 0.03337638910649579)
0(0.0, 0.03333526527161627)
0(0.0, 0.03319585387606885)
0(0.0, 0.033082756032262475)
0(0.0, 0.032899412682883857)
0(0.0, 0.032815662626918915)
0(0.0, 0.03277493857672868)
0(0.0, 0.03256279085699629)
0(0.0, 0.032381902427748216)
0(0.0, 0.032088672834004184)
0(0.0, 0.0318085378790342)
0(0.0, 0.031799197957515166)
0(0.0, 0.0314979584096865)
0(0.0, 0.03121482714716)
0(0.0, 0.031065395548379213)
0(0.0, 0.031052871620844497)
0(0.0, 0.0310246328722495)
0(0.0, 0.030980227339849883)
0(0.0, 0.030980058932074107)
0(0.0, 0.030844558597278412)
0(0.0, 0.030684464657081335)
0(0.0, 0.030553900767255355)
0(0.0, 0.03046910996655125)
0(0.0, 0.030423222006916575)
0(0.0, 0.030387871620885406)
0(0.0, 0.030342983797267294)
0(0.0, 0.030135112491475106)
0(0.0, 0.030110502162198703)
0(0.0, 0.029974365426478983)
0(0.0, 0.0299701943560877)
0(0.0, 0.02991992618368631)
0(0.0, 0.029861099239864998)
0(0.0, 0.029792287516254387)
0(0.0, 0.029756571790759467)
0(0.0, 0.029689932234490294)
0(0.0, 0.029594131732460963)
0(0.0, 0.029558506621592262)
0(0.0, 0.02951257253611145)
0(0.0, 0.02950858065690466)
0(0.0, 0.02949617520115545)
0(0.0, 0.029327080931567523)
0(0.0, 0.029243658836843642)
0(0.0, 0.02923212884243664)
0(0.0, 0.029206118012801312)
0(0.0, 0.02915221285968689)
0(0.0, 0.02910352506881981)
0(0.0, 0.028945471511770005)
0(0.0, 0.028903046384986735)
0(0.0, 0.028769866018410948)
0(0.0, 0.02875700145436556)
0(0.0, 0.02869946225969252)
0(0.0, 0.02869801729172126)
0(0.0, 0.028689779033474503)
0(0.0, 0.028670275586648745)
0(0.0, 0.028667832011917527)
0(0.0, 0.02863435778856894)
0(0.0, 0.028612341973655957)
0(0.0, 0.028583190956159934)
0(0.0, 0.028505264556864158)
0(0.0, 0.028428401734062858)
0(0.0, 0.028343872267692218)
0(0.0, 0.028317405128253682)
0(0.0, 0.028305256275870952)
0(0.0, 0.028265837135305852)
0(0.0, 0.028261116909915503)
0(0.0, 0.028238729704366795)
0(0.0, 0.02821199022403214)
0(0.0, 0.028158464397742746)
0(0.0, 0.02812141872570594)
0(0.0, 0.028101883067562495)
0(0.0, 0.028089854165369108)
0(0.0, 0.0280898247015034)
0(0.0, 0.028081630071763373)
0(0.0, 0.02794075708927943)
0(0.0, 0.027939671014005046)
0(0.0, 0.027875112513858567)
0(0.0, 0.027866262667761973)
0(0.0, 0.0278514402910481)
0(0.0, 0.02780967928911044)
0(0.0, 0.02780148649713117)
0(0.0, 0.02779742828312631)
0(0.0, 0.027771079629284937)
0(0.0, 0.027714452835505027)
0(0.0, 0.027687465846348666)
0(0.0, 0.02750910260475831)
0(0.0, 0.027430003352732008)
0(0.0, 0.02740822787657608)
0(0.0, 0.027355516278386328)
0(0.0, 0.02735266565741907)
0(0.0, 0.027333973655729486)
0(0.0, 0.02728644458451124)
0(0.0, 0.027272426393204655)
0(0.0, 0.02725494216369869)
0(0.0, 0.027213212784203)
0(0.0, 0.027125458960312324)
0(0.0, 0.027106852543252246)
0(0.0, 0.027054671453701166)
0(0.0, 0.027053822387731897)
0(0.0, 0.027050737741934835)
0(0.0, 0.02704817560036589)
0(0.0, 0.02702292668995472)
0(0.0, 0.02699779166519027)
0(0.0, 0.026989131667181608)
0(0.0, 0.02687532352455032)
0(0.0, 0.026850527758411805)
0(0.0, 0.026831943872916996)
0(0.0, 0.026800214962421076)
0(0.0, 0.026764015052408115)
0(0.0, 0.02668376117778572)
0(0.0, 0.026669403844481798)
0(0.0, 0.02662391336419616)
0(0.0, 0.026474001661124673)
0(0.0, 0.026454315238223912)
0(0.0, 0.026424072036788853)
0(0.0, 0.02641341741152803)
0(0.0, 0.026407073633726495)
0(0.0, 0.02638363435011541)
0(0.0, 0.02636433257146187)
0(0.0, 0.026358865596117987)
0(0.0, 0.026303987140005973)
0(0.0, 0.02629678184046352)
0(0.0, 0.02628818715102353)
0(0.0, 0.026187870416196697)
0(0.0, 0.026182415655324223)
0(0.0, 0.026156739345549365)
0(0.0, 0.026139119714753776)
0(0.0, 0.026122157859805976)
0(0.0, 0.02607521162311605)
0(0.0, 0.026061282980760814)
0(0.0, 0.026056956356281327)
0(0.0, 0.026013051374086504)
0(0.0, 0.026009270185965622)
0(0.0, 0.025981267366811188)
0(0.0, 0.025968411230212277)
0(0.0, 0.025958954517426837)
0(0.0, 0.025915191779560583)
0(0.0, 0.025887488312504134)
0(0.0, 0.025884004615734972)
0(0.0, 0.025870030870152005)
0(0.0, 0.0258150598539389)
0(0.0, 0.025781396874731737)
0(0.0, 0.025755794825020845)
0(0.0, 0.025737594458294467)
0(0.0, 0.025735439007422877)
0(0.0, 0.0257129491753018)
0(0.0, 0.025707320278266322)
0(0.0, 0.025698285769524928)
0(0.0, 0.025666892464918635)
0(0.0, 0.02562020582460593)
0(0.0, 0.02559212086801381)
0(0.0, 0.02556931695085752)
0(0.0, 0.025497850364964943)
0(0.0, 0.025460791429028448)
0(0.0, 0.025398540328462185)
0(0.0, 0.02539172041874793)
0(0.0, 0.025367694772848975)
0(0.0, 0.025334868343920323)
0(0.0, 0.025307170439483613)
0(0.0, 0.02527729889657275)
0(0.0, 0.025163752910926276)
0(0.0, 0.025153397229813062)
0(0.0, 0.02511806622684212)
0(0.0, 0.02511411546919797)
0(0.0, 0.025083472642045426)
0(0.0, 0.025046243869644155)
0(0.0, 0.025041019859472605)
0(0.0, 0.025037884033967492)
0(0.0, 0.025032760306986482)
0(0.0, 0.025020538500056998)
0(0.0, 0.02499694925779169)
0(0.0, 0.02492737244164912)
0(0.0, 0.024921038284233327)
0(0.0, 0.024908904808494055)
0(0.0, 0.02489386428599985)
0(0.0, 0.02488835000945819)
0(0.0, 0.024873143434848796)
0(0.0, 0.024837513493658224)
0(0.0, 0.024777715131867235)
0(0.0, 0.024749296119419374)
0(0.0, 0.024733811255007898)
0(0.0, 0.024725239997757234)
0(0.0, 0.02470331723103579)
0(0.0, 0.02467059025097423)
0(0.0, 0.02462766789560088)
0(0.0, 0.02460851338706792)
0(0.0, 0.024594203492526476)
0(0.0, 0.024586886167486905)
0(0.0, 0.02457256461284328)
0(0.0, 0.02455231339441356)
0(0.0, 0.024464497294908877)
0(0.0, 0.024437197165719165)
0(0.0, 0.024424833214042672)
0(0.0, 0.024403679149709624)
0(0.0, 0.024377597136405294)
0(0.0, 0.024373130768711518)
0(0.0, 0.024335411318705112)
0(0.0, 0.024273882414736554)
0(0.0, 0.024237944505824532)
0(0.0, 0.02421873556511564)
0(0.0, 0.024200839006769594)
0(0.0, 0.02417435734520477)
0(0.0, 0.0241551318577993)
0(0.0, 0.024079083825163453)
0(0.0, 0.02406059652614122)
0(0.0, 0.024045590995089558)
0(0.0, 0.0240143406831029)
0(0.0, 0.02399560005758823)
0(0.0, 0.023948059383767827)
0(0.0, 0.02393297762356833)
0(0.0, 0.02392842249009165)
0(0.0, 0.023910872725678326)
0(0.0, 0.023889349586592824)
0(0.0, 0.023834132264826887)
0(0.0, 0.02382265835670669)
0(0.0, 0.02380600370198748)
0(0.0, 0.023788253900834538)
0(0.0, 0.023768501334211357)
0(0.0, 0.02372442911829374)
0(0.0, 0.023695035353497085)
0(0.0, 0.02369386264144393)
0(0.0, 0.023663672678452805)
0(0.0, 0.023628912795121616)
0(0.0, 0.023600202883870554)
0(0.0, 0.023566380272418135)
0(0.0, 0.023563484055002536)
0(0.0, 0.023560482964187616)
0(0.0, 0.023519485753258598)
0(0.0, 0.023516887424047037)
0(0.0, 0.023485973770037038)
0(0.0, 0.023473639081886318)
0(0.0, 0.023458225375961657)
0(0.0, 0.023448605831505265)
0(0.0, 0.023419852354948083)
0(0.0, 0.02339906033872594)
0(0.0, 0.0233673873674175)
0(0.0, 0.023354639088505453)
0(0.0, 0.023329710662037404)
0(0.0, 0.023323934504361106)
0(0.0, 0.02329506526181097)
0(0.0, 0.023277394231287107)
0(0.0, 0.02323079470345855)
0(0.0, 0.023216214015574322)
0(0.0, 0.02319973076500312)
0(0.0, 0.02319613694865485)
0(0.0, 0.0231902376521184)
0(0.0, 0.023181428334768068)
0(0.0, 0.02314679594106075)
0(0.0, 0.02308502010434404)
0(0.0, 0.023017608928090745)
0(0.0, 0.023002186288986128)
0(0.0, 0.02295518388021547)
0(0.0, 0.022933384108984333)
0(0.0, 0.022858303514972013)
0(0.0, 0.022844146377550747)
0(0.0, 0.022829332243679386)
0(0.0, 0.022812834437115993)
0(0.0, 0.022742895002552728)
0(0.0, 0.022682856339963923)
0(0.0, 0.022671930285388938)
0(0.0, 0.022625606507802903)
0(0.0, 0.02262073972406856)
0(0.0, 0.022607393084342394)
0(0.0, 0.022577976566125646)
0(0.0, 0.022568300758071737)
0(0.0, 0.022544121279217785)
0(0.0, 0.022532326604713045)
0(0.0, 0.022531281129359638)
0(0.0, 0.02246483345806493)
0(0.0, 0.02241174854854258)
0(0.0, 0.022280223573264014)
0(0.0, 0.022250027995559366)
0(0.0, 0.022206975826043907)
0(0.0, 0.022173415612062434)
0(0.0, 0.022165980328284908)
0(0.0, 0.022164740836313628)
0(0.0, 0.022121961610256247)
0(0.0, 0.02211284380271705)
0(0.0, 0.02208993608800389)
0(0.0, 0.02207919991227406)
0(0.0, 0.022063910677722214)
0(0.0, 0.02201309553924326)
0(0.0, 0.021997972264532897)
0(0.0, 0.021994368868395522)
0(0.0, 0.021937853025785138)
0(0.0, 0.021910042538852488)
0(0.0, 0.021885096788195692)
0(0.0, 0.021842144877943878)
0(0.0, 0.02172550354147036)
0(0.0, 0.021702283265873885)
0(0.0, 0.021699726379416168)
0(0.0, 0.021690592447198797)
0(0.0, 0.02168343671379125)
0(0.0, 0.021658532061829272)
0(0.0, 0.021641000232011667)
0(0.0, 0.021562490574926846)
0(0.0, 0.021542459401292006)
0(0.0, 0.02153230882504243)
0(0.0, 0.021478091997451255)
0(0.0, 0.02146692752562807)
0(0.0, 0.02141548523369703)
0(0.0, 0.021373315691231392)
0(0.0, 0.021363253190691878)
0(0.0, 0.02135779460062443)
0(0.0, 0.021315503240101796)
0(0.0, 0.021311740382678104)
0(0.0, 0.02129179954380485)
0(0.0, 0.021270381118423037)
0(0.0, 0.021269736111787046)
0(0.0, 0.021220306473384697)
0(0.0, 0.021195652762399163)
0(0.0, 0.021180598237263287)
0(0.0, 0.0211634413979762)
0(0.0, 0.021142828041153736)
0(0.0, 0.021141091464321703)
0(0.0, 0.02111095141087588)
0(0.0, 0.0211105129101477)
0(0.0, 0.021102874855644178)
0(0.0, 0.021097603563713214)
0(0.0, 0.02108124819476554)
0(0.0, 0.021064450372164138)
0(0.0, 0.02106220745212452)
0(0.0, 0.02105821697733725)
0(0.0, 0.02104748998194384)
0(0.0, 0.02101196038786752)
0(0.0, 0.02101189198864473)
0(0.0, 0.020934397367973794)
0(0.0, 0.020901098774194674)
0(0.0, 0.020887450282359103)
0(0.0, 0.02086208005231464)
0(0.0, 0.02084505185615128)
0(0.0, 0.020830419450329127)
0(0.0, 0.020790934104056573)
0(0.0, 0.020769600586056237)
0(0.0, 0.02066293398495189)
0(0.0, 0.020649963999089745)
0(0.0, 0.02061185281941267)
0(0.0, 0.02059943756688589)
0(0.0, 0.020553998795420508)
0(0.0, 0.020520970521183284)
0(0.0, 0.020512836997441504)
0(0.0, 0.02048909664693686)
0(0.0, 0.020471275718954806)
0(0.0, 0.02045471107161605)
0(0.0, 0.020421472761656703)
0(0.0, 0.02039918379443023)
0(0.0, 0.02039788028426227)
0(0.0, 0.02034439684066023)
0(0.0, 0.02032571463187983)
0(0.0, 0.02026426595634902)
0(0.0, 0.02026308080354862)
0(0.0, 0.02023632576473477)
0(0.0, 0.0202314983281622)
0(0.0, 0.020230898705977482)
0(0.0, 0.020208542035595863)
0(0.0, 0.020189023487918987)
0(0.0, 0.020181466424916715)
0(0.0, 0.02016600886809001)
0(0.0, 0.020057377866996014)
0(0.0, 0.019973286000900977)
0(0.0, 0.01996429715205777)
0(0.0, 0.019895852989575923)
0(0.0, 0.0198892818696527)
0(0.0, 0.019848367405174296)
0(0.0, 0.019749545581093143)
0(0.0, 0.01970110728242829)
0(0.0, 0.019636191265719364)
0(0.0, 0.019627272864340406)
0(0.0, 0.01959798001010358)
0(0.0, 0.019585680988977512)
0(0.0, 0.01948818161762957)
0(0.0, 0.019455316153697517)
0(0.0, 0.01945377637418971)
0(0.0, 0.019427345873390556)
0(0.0, 0.0194138224192804)
0(0.0, 0.019289415469300693)
0(0.0, 0.019212095383939937)
0(0.0, 0.019207003048170107)
0(0.0, 0.019176582499844202)
0(0.0, 0.01914204970153527)
0(0.0, 0.019074886151787075)
0(0.0, 0.018857481687765104)
0(0.0, 0.01861870927993966)
0(0.0, 0.018520319512676416)
0(0.0, 0.01846883271161613)
0(0.0, 0.018400641400084336)
0(0.0, 0.018395951175649176)
0(0.0, 0.017778365103321925)
0(0.0, 0.017502155303042898)
0(0.0, 0.017463339118447864)
0(0.0, 0.017406079594779206)
0(0.0, 0.015130549669008522)
