1(0.7434923083761984, 0.7889478009180505)
1(0.12032929507867526, 0.1258610772876575)
1(0.12574278210007375, 0.1312307938990811)
1(0.12738025065649278, 0.13089890752545336)
1(0.12062134313553662, 0.12381759957143933)
1(0.07191885334029194, 0.07480095029143051)
1(0.07415278517042274, 0.07695361667589921)
1(0.14514368159210264, 0.14786705091329352)
1(0.07536536371902833, 0.07775245423247207)
1(0.07371646480685605, 0.07605624895380539)
1(0.12964845194470684, 0.131889132031847)
1(0.1566641704272351, 0.1588738061542544)
1(0.14918127710777884, 0.15135759320819042)
1(0.15023061669506302, 0.1523552983561911)
1(0.07024332262586856, 0.0722554021326666)
1(0.13361089771021917, 0.1355815190664449)
1(0.1315765290001749, 0.133349199043209)
1(0.12887780648263064, 0.13059332986826294)
1(0.13367444521245442, 0.13536065973037206)
1(0.0890636764205778, 0.09074565491137791)
1(0.1405982118288041, 0.14225315916747447)
1(0.073044010352229, 0.07465617309267131)
1(0.07170168696957728, 0.07331114055557995)
1(0.06713272080093849, 0.06874181356256892)
1(0.13869999088913593, 0.14027414703503302)
1(0.14804101366932887, 0.1495749774843201)
1(0.0757580659659951, 0.07727139494430264)
1(0.12761349429673768, 0.12911326921648544)
1(0.07201019668550973, 0.07348678643007296)
1(0.06951207174561132, 0.07097765078467795)
1(0.1397796788120375, 0.14122576207444665)
1(0.1765843242854064, 0.17802185206668966)
1(0.07378859050270778, 0.07518857367587807)
1(0.1389287812123734, 0.14027414703503302)
1(0.0715980093812367, 0.07293715178840589)
1(0.12815585616721945, 0.12946075067619703)
1(0.12963659746814724, 0.13089474454076666)
1(0.12807079315382178, 0.12932037429275053)
1(0.07700856482225549, 0.07823975691688848)
1(0.15168165205994297, 0.1528930354173634)
1(0.0755641632476479, 0.07668886256835625)
1(0.09814384413631061, 0.09923525330883051)
1(0.07580695427696699, 0.07688302573769885)
1(0.06995157710145312, 0.07100446361012121)
1(0.1477191964896316, 0.14874743998966883)
1(0.1631374656773945, 0.1641546539656291)
1(0.06846946644074339, 0.06939593407491224)
1(0.15723819904250816, 0.15815961024061861)
1(0.12963352184610744, 0.13052780709649478)
1(0.07002185316781101, 0.07091427499343982)
1(0.07413874146237791, 0.07502976221535053)
1(0.07243018174829254, 0.07331114055557995)
1(0.13628260007975063, 0.1371366589183728)
1(0.07397848797051718, 0.07479955300140155)
1(0.13152459676507464, 0.13231941082614257)
1(0.15014214408017265, 0.15088428993941583)
1(0.13641982947928832, 0.13713908407177017)
1(0.13249729442005803, 0.13320359781774235)
1(0.12314332780007584, 0.12381759957143933)
1(0.13812520276238252, 0.13875835435444298)
1(0.07515647951872627, 0.07577132735366589)
1(0.07036313828067735, 0.07095463146311853)
1(0.0733750418442889, 0.0739150701798263)
1(0.07027991412409652, 0.07078054517510067)
1(0.06988766981139877, 0.07036112400648271)
1(0.08900494278983738, 0.08945640482004011)
1(0.06945254233270046, 0.06989651638203656)
1(0.07647560098767228, 0.0769192200762333)
1(0.07585989977523525, 0.07629064908872113)
1(0.13335104780432633, 0.13374795657149752)
1(0.07316829923834955, 0.07356296811505617)
1(0.08145711141203386, 0.08183671969066822)
1(0.07299393175546558, 0.07336449903273229)
1(0.0706545187706326, 0.07101147351518168)
1(0.07114557120136376, 0.07149901492424787)
1(0.07260714231472745, 0.07294276873443002)
1(0.0735754484687773, 0.07390996647780382)
1(0.07791350301059287, 0.07823975691688848)
1(0.07344459146011187, 0.07375111755348225)
1(0.07661875402180435, 0.07688302573769885)
1(0.1290278179585211, 0.12926420182159507)
1(0.12329632684153839, 0.1235247614855988)
1(0.12754223978653578, 0.12773368309462216)
1(0.07790081861095263, 0.07807746046389172)
1(0.07524154771684025, 0.07540858044816143)
1(0.06817302585959142, 0.06833678391692358)
1(0.0693381192454953, 0.06949925933328761)
1(0.12913690050201262, 0.12927446425350922)
1(0.13471498157584533, 0.1348509300566834)
1(0.1458003991905498, 0.1458979977799789)
1(0.13141573420263464, 0.13149092590183753)
1(0.12633897589201912, 0.1264037253133789)
1(0.13421166333163895, 0.13426079864705878)
1(0.14256494407366005, 0.14259890449276325)
1(0.14251728905166663, 0.14254812357750635)
1(0.07873818259993232, 0.07876533926039844)
1(0.07694700093874424, 0.07696521509818442)
0(0.0, inf)
0(0.0, 6.951037882814198)
0(0.0, 1.369712616501273)
0(0.0, 1.0858699650795485)
0(0.0, 0.9733129798986703)
0(0.0, 0.943743583423157)
0(0.0, 0.8555305891338338)
0(0.0, 0.8288069366693381)
0(0.0, 0.759325161447584)
0(0.0, 0.7522808272493475)
0(0.0, 0.6700321520168643)
0(0.0, 0.6607756895912161)
0(0.0, 0.6399147599267317)
0(0.0, 0.5650372676370968)
0(0.0, 0.5462873375681789)
0(0.0, 0.4758079749560514)
0(0.0, 0.4466596533815114)
0(0.0, 0.38139269912910995)
0(0.0, 0.3588787602961256)
0(0.0, 0.3307545147399116)
0(0.0, 0.30989423950987416)
0(0.0, 0.27163614203463354)
0(0.0, 0.24855776017346934)
0(0.0, 0.24708594038858614)
0(0.0, 0.23846914615087064)
0(0.0, 0.23834818002038177)
0(0.0, 0.2316002210681895)
0(0.0, 0.21912709772380684)
0(0.0, 0.21908824574977637)
0(0.0, 0.21905935270794571)
0(0.0, 0.21888292061858552)
0(0.0, 0.20548222109756878)
0(0.0, 0.203371037934986)
0(0.0, 0.19991367819632078)
0(0.0, 0.197110906209462)
0(0.0, 0.19531924347025947)
0(0.0, 0.1952986116656044)
0(0.0, 0.19079456873887696)
0(0.0, 0.18852163639961042)
0(0.0, 0.18416332208371886)
0(0.0, 0.1816936376977282)
0(0.0, 0.18065615415291014)
0(0.0, 0.179348103152144)
0(0.0, 0.17484232896303897)
0(0.0, 0.174674977357126)
0(0.0, 0.17428639750229583)
0(0.0, 0.1730606590591541)
0(0.0, 0.17203567152425972)
0(0.0, 0.17135188608280497)
0(0.0, 0.17017881571239474)
0(0.0, 0.16862839738568058)
0(0.0, 0.16742575121054346)
0(0.0, 0.16714301771477152)
0(0.0, 0.16707442728129393)
0(0.0, 0.16697610243426028)
0(0.0, 0.16656112805045775)
0(0.0, 0.16648516224164256)
0(0.0, 0.16610693934493823)
0(0.0, 0.16449621017015043)
0(0.0, 0.16389734099917652)
0(0.0, 0.16366286184962567)
0(0.0, 0.16218036471670128)
0(0.0, 0.16212932342060687)
0(0.0, 0.16078906655260222)
0(0.0, 0.15956543335088746)
0(0.0, 0.15918031081565762)
0(0.0, 0.15693311232892432)
0(0.0, 0.15561501299136793)
0(0.0, 0.15550605458317765)
0(0.0, 0.15497185576750705)
0(0.0, 0.1541598049689046)
0(0.0, 0.15137902649881974)
0(0.0, 0.15096793431070193)
0(0.0, 0.1505046766622703)
0(0.0, 0.15041177150816343)
0(0.0, 0.15033936583975893)
0(0.0, 0.15001051101548393)
0(0.0, 0.14898957404192056)
0(0.0, 0.14898194263695957)
0(0.0, 0.14887086330318627)
0(0.0, 0.14871501859999345)
0(0.0, 0.14862348096895459)
0(0.0, 0.14835091162726757)
0(0.0, 0.14816403706158096)
0(0.0, 0.14810456080707682)
0(0.0, 0.148021741657617)
0(0.0, 0.147232192537281)
0(0.0, 0.14718125801757878)
0(0.0, 0.14717200511495795)
0(0.0, 0.1466585753179611)
0(0.0, 0.14638503985695328)
0(0.0, 0.14609911510400175)
0(0.0, 0.14586026113238137)
0(0.0, 0.1457852834744863)
0(0.0, 0.14559359762115368)
0(0.0, 0.14543042548357518)
0(0.0, 0.14513051947651487)
0(0.0, 0.1444175005137114)
0(0.0, 0.14439926257792124)
0(0.0, 0.14404037985491241)
0(0.0, 0.1437139967221167)
0(0.0, 0.14331084738662192)
0(0.0, 0.1432507388821206)
0(0.0, 0.1428966630051462)
0(0.0, 0.14266917595545128)
0(0.0, 0.1423409612801986)
0(0.0, 0.14174778098667043)
0(0.0, 0.1414612417043487)
0(0.0, 0.14125843205512328)
0(0.0, 0.14113014306633456)
0(0.0, 0.14081030263641314)
0(0.0, 0.14069551463085012)
0(0.0, 0.13988852475468735)
0(0.0, 0.13982361245057892)
0(0.0, 0.13918601384049856)
0(0.0, 0.13916658089985715)
0(0.0, 0.13910469462778266)
0(0.0, 0.13880064120138585)
0(0.0, 0.1386936539828642)
0(0.0, 0.13847157317463613)
0(0.0, 0.13805225743186123)
0(0.0, 0.1378119665543066)
0(0.0, 0.13768430994794015)
0(0.0, 0.1376064474555119)
0(0.0, 0.13751585874512876)
0(0.0, 0.13736906067548285)
0(0.0, 0.13698182345146293)
0(0.0, 0.13679768549606333)
0(0.0, 0.13676145374701118)
0(0.0, 0.13654959842478157)
0(0.0, 0.13606316926955123)
0(0.0, 0.13577460610726702)
0(0.0, 0.1357610821821914)
0(0.0, 0.135458023679861)
0(0.0, 0.13538855823210286)
0(0.0, 0.13448489944592776)
0(0.0, 0.1343733288802001)
0(0.0, 0.13414935862205027)
0(0.0, 0.13413203586752065)
0(0.0, 0.13400503468413213)
0(0.0, 0.13398691361732468)
0(0.0, 0.13387873523387164)
0(0.0, 0.13352526078780924)
0(0.0, 0.1334627798781314)
0(0.0, 0.13339153117266295)
0(0.0, 0.13332099994391192)
0(0.0, 0.13311172085944362)
0(0.0, 0.13289354975892198)
0(0.0, 0.1328625477240696)
0(0.0, 0.1326512888042878)
0(0.0, 0.13256796902546827)
0(0.0, 0.13244945618225246)
0(0.0, 0.1324221527989691)
0(0.0, 0.1324006204565344)
0(0.0, 0.13229035869458097)
0(0.0, 0.13221375699320445)
0(0.0, 0.13197063491501854)
0(0.0, 0.13195426881786076)
0(0.0, 0.13189900054012937)
0(0.0, 0.1315254691513697)
0(0.0, 0.13142055920658524)
0(0.0, 0.13136748423090924)
0(0.0, 0.13133904529322796)
0(0.0, 0.1313295583993602)
0(0.0, 0.13125773384056819)
0(0.0, 0.13103992991738925)
0(0.0, 0.13092513478612633)
0(0.0, 0.1302064115334588)
0(0.0, 0.13017241171178734)
0(0.0, 0.1300429043751426)
0(0.0, 0.12965398535650086)
0(0.0, 0.1295149807662661)
0(0.0, 0.12921995371025033)
0(0.0, 0.12907778717754775)
0(0.0, 0.12907577925735245)
0(0.0, 0.12900550308653452)
0(0.0, 0.12898586356604036)
0(0.0, 0.12835582739529677)
0(0.0, 0.1283123996129076)
0(0.0, 0.12818718929946366)
0(0.0, 0.12816881466559368)
0(0.0, 0.1281268200967443)
0(0.0, 0.12805674984262327)
0(0.0, 0.1279761773910439)
0(0.0, 0.1279144661542811)
0(0.0, 0.12791184330929375)
0(0.0, 0.12768623005242502)
0(0.0, 0.12741837660063807)
0(0.0, 0.12731686264111622)
0(0.0, 0.12730237147556261)
0(0.0, 0.12710801478942604)
0(0.0, 0.12703513652718237)
0(0.0, 0.12703075737076927)
0(0.0, 0.12694754851896453)
0(0.0, 0.12693972533825032)
0(0.0, 0.12687519621293428)
0(0.0, 0.12684085899087086)
0(0.0, 0.12655201355104154)
0(0.0, 0.12654728221255837)
0(0.0, 0.12646734007423852)
0(0.0, 0.12612737193455936)
0(0.0, 0.1259687953260038)
0(0.0, 0.12584722520930278)
0(0.0, 0.12583768231663392)
0(0.0, 0.12578425302142215)
0(0.0, 0.1255667455742776)
0(0.0, 0.12555826129218992)
0(0.0, 0.12534315258896755)
0(0.0, 0.12514513893612744)
0(0.0, 0.12480790952216277)
0(0.0, 0.1247343421902045)
0(0.0, 0.12473200074398387)
0(0.0, 0.12465282329218288)
0(0.0, 0.12458050528646436)
0(0.0, 0.12454856348400983)
0(0.0, 0.12413476591426768)
0(0.0, 0.1240313923535926)
0(0.0, 0.12400145654742352)
0(0.0, 0.12351837264451973)
0(0.0, 0.12339983117603334)
0(0.0, 0.1229216170588722)
0(0.0, 0.12276880606477371)
0(0.0, 0.12264928314729533)
0(0.0, 0.12240158799341645)
0(0.0, 0.12231787344782756)
0(0.0, 0.12113013349000146)
0(0.0, 0.12076119021288714)
0(0.0, 0.1202444228704283)
0(0.0, 0.12015196810064858)
0(0.0, 0.12001585908508432)
0(0.0, 0.11987266654901804)
0(0.0, 0.11982239644349117)
0(0.0, 0.11968876677114132)
0(0.0, 0.11954466941821801)
0(0.0, 0.1185717179348892)
0(0.0, 0.11793280974154755)
0(0.0, 0.11728148937414976)
0(0.0, 0.11656926306656529)
0(0.0, 0.105117204548961)
0(0.0, 0.10228790833465295)
0(0.0, 0.09798436084359764)
0(0.0, 0.09713702532496266)
0(0.0, 0.09666586185369201)
0(0.0, 0.09647354190340683)
0(0.0, 0.09449955640204447)
0(0.0, 0.09389553903692946)
0(0.0, 0.09264865073627193)
0(0.0, 0.09235741896295803)
0(0.0, 0.09235217393780358)
0(0.0, 0.09202575222927331)
0(0.0, 0.09177641575110139)
0(0.0, 0.09151440015769578)
0(0.0, 0.09138742033965003)
0(0.0, 0.09133610273608599)
0(0.0, 0.09118083171607277)
0(0.0, 0.09084459623459133)
0(0.0, 0.0906018609778309)
0(0.0, 0.09026865423322022)
0(0.0, 0.09026278810124108)
0(0.0, 0.08991966390511072)
0(0.0, 0.08973029464823976)
0(0.0, 0.089384321701404)
0(0.0, 0.08881821898795117)
0(0.0, 0.08820039792728693)
0(0.0, 0.08793882714263647)
0(0.0, 0.0878845778448296)
0(0.0, 0.0866930188578125)
0(0.0, 0.0862663951934172)
0(0.0, 0.08615225400039425)
0(0.0, 0.08603654349301669)
0(0.0, 0.08579501335089998)
0(0.0, 0.0855499868514598)
0(0.0, 0.08507633483795325)
0(0.0, 0.08484148123849146)
0(0.0, 0.08439100127238044)
0(0.0, 0.08429310972864193)
0(0.0, 0.08407050481461087)
0(0.0, 0.08394365676201225)
0(0.0, 0.08383647704388651)
0(0.0, 0.08359453891655222)
0(0.0, 0.0831046150961056)
0(0.0, 0.08305752293438491)
0(0.0, 0.08290962822943738)
0(0.0, 0.08211736931216126)
0(0.0, 0.0820672455571544)
0(0.0, 0.0818238302346313)
0(0.0, 0.08165580786343773)
0(0.0, 0.08158714898109827)
0(0.0, 0.0808960507206732)
0(0.0, 0.08047927498575888)
0(0.0, 0.08016720757705881)
0(0.0, 0.0800605240232433)
0(0.0, 0.07995012630290994)
0(0.0, 0.07991613022476086)
0(0.0, 0.07990461037189879)
0(0.0, 0.0797152293083402)
0(0.0, 0.07969347137784709)
0(0.0, 0.07963234327398361)
0(0.0, 0.0791402498684211)
0(0.0, 0.07891681991416075)
0(0.0, 0.07888335020311373)
0(0.0, 0.07876318312129214)
0(0.0, 0.07861148427343909)
0(0.0, 0.07842851506788996)
0(0.0, 0.07832900183134987)
0(0.0, 0.0783226434843571)
0(0.0, 0.07831058543596779)
0(0.0, 0.0782839634231639)
0(0.0, 0.07799136640659854)
0(0.0, 0.07791949854533793)
0(0.0, 0.07775610444775066)
0(0.0, 0.07763398800423352)
0(0.0, 0.077572614327089)
0(0.0, 0.07742255247811915)
0(0.0, 0.07728630901763336)
0(0.0, 0.07704260888425353)
0(0.0, 0.07703228488058932)
0(0.0, 0.07679583626656984)
0(0.0, 0.07666914010876973)
0(0.0, 0.07643225286115624)
0(0.0, 0.07639214790833324)
0(0.0, 0.07615005004683985)
0(0.0, 0.07588372621746359)
0(0.0, 0.07577495104120407)
0(0.0, 0.07567998023757862)
0(0.0, 0.07565272090755024)
0(0.0, 0.07562024298495433)
0(0.0, 0.07560127971898435)
0(0.0, 0.07550772239952794)
0(0.0, 0.0753047266008969)
0(0.0, 0.07519162493536843)
0(0.0, 0.07516127897297231)
0(0.0, 0.07513440329963393)
0(0.0, 0.07498404000785464)
0(0.0, 0.07486923312053964)
0(0.0, 0.07463553189670774)
0(0.0, 0.07459806287188962)
0(0.0, 0.07456843582152321)
0(0.0, 0.07455170764620872)
0(0.0, 0.07440204397775263)
0(0.0, 0.0742163867867088)
0(0.0, 0.0741812753916067)
0(0.0, 0.07402370353111562)
0(0.0, 0.07394297664146356)
0(0.0, 0.07392464410062885)
0(0.0, 0.07384429716478559)
0(0.0, 0.07381650087928075)
0(0.0, 0.0737669150753976)
0(0.0, 0.0737133875133481)
0(0.0, 0.07371143372712051)
0(0.0, 0.07368250218560307)
0(0.0, 0.07364371618508513)
0(0.0, 0.07338448339941524)
0(0.0, 0.07327990827149214)
0(0.0, 0.07310491403153072)
0(0.0, 0.07297544301430187)
0(0.0, 0.07291085251561873)
0(0.0, 0.07287749704256752)
0(0.0, 0.07254626652539647)
0(0.0, 0.07250042132477136)
0(0.0, 0.07226836305095477)
0(0.0, 0.07222721148912498)
0(0.0, 0.07183622119217829)
0(0.0, 0.071676911055154)
0(0.0, 0.07164596847736514)
0(0.0, 0.07161872266693693)
0(0.0, 0.07151464154660928)
0(0.0, 0.0714933103730786)
0(0.0, 0.07137972343386201)
0(0.0, 0.07123150946546467)
0(0.0, 0.07122384108649184)
0(0.0, 0.07119232038231886)
0(0.0, 0.07111614646800746)
0(0.0, 0.07105782747228892)
0(0.0, 0.07077954351739434)
0(0.0, 0.07076339586757692)
0(0.0, 0.07074548157172625)
0(0.0, 0.07062242474729148)
0(0.0, 0.07058092305154146)
0(0.0, 0.07056558278095636)
0(0.0, 0.0703682552543162)
0(0.0, 0.07032332866238293)
0(0.0, 0.07026872862379803)
0(0.0, 0.07006084287544863)
0(0.0, 0.06994780978047196)
0(0.0, 0.0698916635497537)
0(0.0, 0.06959800503697702)
0(0.0, 0.06953888263993448)
0(0.0, 0.06945405037390355)
0(0.0, 0.06939130965936108)
0(0.0, 0.06926769737235858)
0(0.0, 0.06922535636666745)
0(0.0, 0.06907667425281447)
0(0.0, 0.06900490475889329)
0(0.0, 0.06891344735878102)
0(0.0, 0.06890439456167899)
0(0.0, 0.06887687309726741)
0(0.0, 0.06879019655599214)
0(0.0, 0.06845977600408953)
0(0.0, 0.06843911995784478)
0(0.0, 0.06838455605321267)
0(0.0, 0.06832423242675384)
0(0.0, 0.0682447852553543)
0(0.0, 0.06799371395133176)
0(0.0, 0.06798807872276298)
0(0.0, 0.0677641185164234)
0(0.0, 0.06775644615486545)
0(0.0, 0.06752854973287509)
0(0.0, 0.0670254742053535)
0(0.0, 0.06649117065027774)
0(0.0, 0.06647134729962212)
0(0.0, 0.06643171183939477)
0(0.0, 0.06630195607899117)
0(0.0, 0.06628214581299077)
0(0.0, 0.0660729183892555)
0(0.0, 0.06595935033983082)
0(0.0, 0.06585680604783718)
0(0.0, 0.06584569954183067)
0(0.0, 0.06575400312842243)
0(0.0, 0.06575225978631637)
0(0.0, 0.06498087164226071)
0(0.0, 0.0648934994985259)
0(0.0, 0.06447461153291743)
0(0.0, 0.06445834778716732)
0(0.0, 0.06428458202908281)
0(0.0, 0.06386246571613648)
0(0.0, 0.06354214087092318)
0(0.0, 0.06349100839515835)
0(0.0, 0.06329460042118631)
0(0.0, 0.06286464531887914)
0(0.0, 0.06282751379746732)
0(0.0, 0.058767739291367874)
