1(1.2223412921419066, 1.2318234240323491)
1(0.5900379656779842, 0.5971662249135159)
1(0.5978084467964649, 0.6041684510961333)
1(1.2470926750221145, 1.2512943699074)
1(1.2542804777552876, 1.256906149320205)
1(1.2551364742681694, 1.2575820036292409)
1(0.6013913698193211, 0.603809546242968)
1(0.5948857844723316, 0.5971662249135159)
1(0.6244460590259275, 0.6259510588356455)
1(1.2575306857719597, 1.2586757768530024)
1(0.5984549043949041, 0.599128129819899)
1(0.603902919626546, 0.604116398654108)
1(0.6314543258912679, 0.6316653934405567)
0(0.0, inf)
0(0.0, 20.56387882508802)
0(0.0, 11.677224234581685)
0(0.0, 10.603969026745402)
0(0.0, 5.362166137684911)
0(0.0, 4.534973383473142)
0(0.0, 4.307281260904256)
0(0.0, 3.96303415730272)
0(0.0, 2.657987662426693)
0(0.0, 2.470549556494325)
0(0.0, 2.389849641928618)
0(0.0, 2.366033489466722)
0(0.0, 2.3296801678516488)
0(0.0, 2.297698826020676)
0(0.0, 2.282622788569387)
0(0.0, 2.1659660018451263)
0(0.0, 2.123729158534153)
0(0.0, 2.1191938758341435)
0(0.0, 2.1148359648670008)
0(0.0, 2.023516521804115)
0(0.0, 1.9548435581253145)
0(0.0, 1.920211694036344)
0(0.0, 1.9160907840959023)
0(0.0, 1.8941288232477016)
0(0.0, 1.8828104336826417)
0(0.0, 1.8792828180067145)
0(0.0, 1.8771719275042777)
0(0.0, 1.8693358882821418)
0(0.0, 1.8549799236256062)
0(0.0, 1.8532128342294198)
0(0.0, 1.8278897142648975)
0(0.0, 1.825264757552575)
0(0.0, 1.8018046531630814)
0(0.0, 1.7949111115801166)
0(0.0, 1.7822087043262134)
0(0.0, 1.7693600551317166)
0(0.0, 1.7307784069148648)
0(0.0, 1.6922574731014826)
0(0.0, 1.6903303249634105)
0(0.0, 1.6646477827434472)
0(0.0, 1.6636171390040144)
0(0.0, 1.6620919951999193)
0(0.0, 1.6506488211334625)
0(0.0, 1.630544041269176)
0(0.0, 1.6264384884760883)
0(0.0, 1.6142528051499772)
0(0.0, 1.6086283497959804)
0(0.0, 1.5983862657078194)
0(0.0, 1.598119676758936)
0(0.0, 1.5967340783359112)
0(0.0, 1.587427691717773)
0(0.0, 1.584819590205942)
0(0.0, 1.5843522428423629)
0(0.0, 1.5823511599159703)
0(0.0, 1.5737006321107847)
0(0.0, 1.5723135776896582)
0(0.0, 1.5721792985025322)
0(0.0, 1.5717257494859327)
0(0.0, 1.5706937990508854)
0(0.0, 1.569515131613544)
0(0.0, 1.5646448111385192)
0(0.0, 1.5614728624789924)
0(0.0, 1.5540507933076637)
0(0.0, 1.5526205208532526)
0(0.0, 1.550957091807575)
0(0.0, 1.550497326956769)
0(0.0, 1.5495913150268674)
0(0.0, 1.5450842774459421)
0(0.0, 1.5433955544239373)
0(0.0, 1.5423224073725166)
0(0.0, 1.5393590697537927)
0(0.0, 1.5380398141206066)
0(0.0, 1.5374953575516803)
0(0.0, 1.5373105332311123)
0(0.0, 1.5368846152341065)
0(0.0, 1.536293279224102)
0(0.0, 1.5339505663766768)
0(0.0, 1.5330141505958879)
0(0.0, 1.529769726575929)
0(0.0, 1.529178981852418)
0(0.0, 1.5274255835630395)
0(0.0, 1.5251401953509314)
0(0.0, 1.5245711892924496)
0(0.0, 1.523944268205087)
0(0.0, 1.5223542481010317)
0(0.0, 1.5208322263382512)
0(0.0, 1.5202972039764595)
0(0.0, 1.5173253927050052)
0(0.0, 1.5102431940548817)
0(0.0, 1.506819085378803)
0(0.0, 1.5052819472824168)
0(0.0, 1.499787933614094)
0(0.0, 1.4962778042205935)
0(0.0, 1.4888886014110916)
0(0.0, 1.4840310607091014)
0(0.0, 1.480723225074396)
0(0.0, 1.4796958945253713)
0(0.0, 1.4761914075050104)
0(0.0, 1.4761316348500162)
0(0.0, 1.475667557475389)
0(0.0, 1.4755863718820583)
0(0.0, 1.468186582606187)
0(0.0, 1.4660426538886944)
0(0.0, 1.4656118795163173)
0(0.0, 1.4628175744752847)
0(0.0, 1.4611426536205376)
0(0.0, 1.4573856173016047)
0(0.0, 1.4555311144030818)
0(0.0, 1.455496163335653)
0(0.0, 1.4540280878086922)
0(0.0, 1.4497218819412594)
0(0.0, 1.4476305098896263)
0(0.0, 1.4468843289528717)
0(0.0, 1.4442132643247598)
0(0.0, 1.443882227656169)
0(0.0, 1.4434824152378751)
0(0.0, 1.4308985118067232)
0(0.0, 1.4297589316948285)
0(0.0, 1.425500909491146)
0(0.0, 1.4232206495478712)
0(0.0, 1.4127058635123704)
0(0.0, 1.4103615434300332)
0(0.0, 1.4061801023213052)
0(0.0, 1.4058854584968465)
0(0.0, 1.403672443725295)
0(0.0, 1.4000873664295086)
0(0.0, 1.3999500595330698)
0(0.0, 1.3988300633083175)
0(0.0, 1.39843277722297)
0(0.0, 1.3926699501060533)
0(0.0, 1.3916933269604312)
0(0.0, 1.3894101249249058)
0(0.0, 1.3857188110060552)
0(0.0, 1.3834379306500386)
0(0.0, 1.3831480279076271)
0(0.0, 1.3764660712991728)
0(0.0, 1.3678366630631977)
0(0.0, 1.3661937400701933)
0(0.0, 1.365673781254358)
0(0.0, 1.3654359967547984)
0(0.0, 1.3642825401940315)
0(0.0, 1.36149011197789)
0(0.0, 1.361019114101532)
0(0.0, 1.3597986296170974)
0(0.0, 1.359599327429805)
0(0.0, 1.3588449850588529)
0(0.0, 1.3580528239976302)
0(0.0, 1.355291955473119)
0(0.0, 1.3479344447348522)
0(0.0, 1.3465287103422567)
0(0.0, 1.3440589150515616)
0(0.0, 1.34284297569959)
0(0.0, 1.3428196465974807)
0(0.0, 1.3413882868372253)
0(0.0, 1.335712457414142)
0(0.0, 1.330545981586197)
0(0.0, 1.3289042885446127)
0(0.0, 1.3271959396882376)
0(0.0, 1.3269939710471153)
0(0.0, 1.3255649397587979)
0(0.0, 1.3242991773409063)
0(0.0, 1.3236916282357623)
0(0.0, 1.323676621553816)
0(0.0, 1.3224326907876278)
0(0.0, 1.3201059485351743)
0(0.0, 1.3199646374718566)
0(0.0, 1.319201272321396)
0(0.0, 1.3183472044050335)
0(0.0, 1.3182626699441011)
0(0.0, 1.3174958336523057)
0(0.0, 1.317169055723717)
0(0.0, 1.317146765935083)
0(0.0, 1.3169162710629783)
0(0.0, 1.3166091119360137)
0(0.0, 1.3143147492987668)
0(0.0, 1.313317076167501)
0(0.0, 1.3116066171369103)
0(0.0, 1.3113246218540717)
0(0.0, 1.3062480915297223)
0(0.0, 1.305413208991358)
0(0.0, 1.3036308086665092)
0(0.0, 1.302385136013326)
0(0.0, 1.3015165675809501)
0(0.0, 1.301150718834933)
0(0.0, 1.299853695088745)
0(0.0, 1.2987049252059115)
0(0.0, 1.2978970938593941)
0(0.0, 1.2932481022985345)
0(0.0, 1.2916277372479437)
0(0.0, 1.2876319495455735)
0(0.0, 1.2870635238689536)
0(0.0, 1.2858558550725279)
0(0.0, 1.2858289968810983)
0(0.0, 1.2837203096360827)
0(0.0, 1.2829728907193514)
0(0.0, 1.2820279084615631)
0(0.0, 1.2814270327148718)
0(0.0, 1.278493262877791)
0(0.0, 1.2752551513058563)
0(0.0, 1.2751012425542656)
0(0.0, 1.2740346292987326)
0(0.0, 1.2726212681567792)
0(0.0, 1.271879977452746)
0(0.0, 1.270970618588264)
0(0.0, 1.2705595831733452)
0(0.0, 1.2679356920459668)
0(0.0, 1.2675938886712448)
0(0.0, 1.2626525830641129)
0(0.0, 1.2609608563149073)
0(0.0, 1.2599546258615624)
0(0.0, 1.2584177109825867)
0(0.0, 1.2565122176710024)
0(0.0, 1.255826824996887)
0(0.0, 1.2555847349421352)
0(0.0, 1.2549621872494516)
0(0.0, 1.2541756595594558)
0(0.0, 1.2518091867129502)
0(0.0, 1.2495229407930766)
0(0.0, 1.2417755291018504)
0(0.0, 1.2401229423035809)
0(0.0, 1.2377206428194638)
0(0.0, 1.236127374746309)
0(0.0, 1.233866374190449)
0(0.0, 1.23190654666908)
0(0.0, 1.2295034609152404)
0(0.0, 1.2279287885050791)
0(0.0, 1.223813496300136)
0(0.0, 1.2201730924877745)
0(0.0, 1.2193856765482982)
0(0.0, 1.2169119750381776)
0(0.0, 1.2103809321135885)
0(0.0, 1.20164445219725)
0(0.0, 1.1476384896621081)
0(0.0, 1.1253891960073752)
0(0.0, 1.1191249733137834)
0(0.0, 1.1126869924039877)
0(0.0, 1.1075383404715218)
0(0.0, 1.0836110184164425)
0(0.0, 1.0830056714906533)
0(0.0, 1.0656043778637319)
0(0.0, 1.0595193025571479)
0(0.0, 1.0545296908704522)
0(0.0, 1.0515840781929593)
0(0.0, 1.0347488867023698)
0(0.0, 1.0039507590553638)
0(0.0, 0.9748762129916203)
0(0.0, 0.9375377755462293)
0(0.0, 0.9328869677424764)
0(0.0, 0.9198203756767388)
0(0.0, 0.9189656683836773)
0(0.0, 0.9117224720524019)
0(0.0, 0.8937553394483922)
0(0.0, 0.8857923014038034)
0(0.0, 0.8777677058757818)
0(0.0, 0.87751222792816)
0(0.0, 0.8734592043348621)
0(0.0, 0.8701142150437927)
0(0.0, 0.8669253552287006)
0(0.0, 0.8594011235341643)
0(0.0, 0.8485651072094623)
0(0.0, 0.8402943615423865)
0(0.0, 0.8385440418769237)
0(0.0, 0.8331735610380173)
0(0.0, 0.8125714378513459)
0(0.0, 0.8124534923443573)
0(0.0, 0.8095975928568113)
0(0.0, 0.7883443732430495)
0(0.0, 0.7838788691769082)
0(0.0, 0.7772919627574207)
0(0.0, 0.7719698805981399)
0(0.0, 0.763861777879977)
0(0.0, 0.7636998209709133)
0(0.0, 0.7608605445467527)
0(0.0, 0.7594726457136673)
0(0.0, 0.7590641606869266)
0(0.0, 0.7587360910808344)
0(0.0, 0.7569211062089913)
0(0.0, 0.7524982779374301)
0(0.0, 0.7493028274803527)
0(0.0, 0.7492800683008539)
0(0.0, 0.745080897572833)
0(0.0, 0.7423407352758823)
0(0.0, 0.74089962546189)
0(0.0, 0.7399196484523441)
0(0.0, 0.739054375763214)
0(0.0, 0.7368465204202272)
0(0.0, 0.7340565397500273)
0(0.0, 0.7338310185355575)
0(0.0, 0.7334063327131847)
0(0.0, 0.7328521089533323)
0(0.0, 0.7319097068548427)
0(0.0, 0.7279522889020211)
0(0.0, 0.7267792028119555)
0(0.0, 0.7213209611106398)
0(0.0, 0.7190155958663395)
0(0.0, 0.7186509942222551)
0(0.0, 0.7186293982939089)
0(0.0, 0.7177465439465434)
0(0.0, 0.7174060871190195)
0(0.0, 0.7157683730498456)
0(0.0, 0.7152865709835405)
0(0.0, 0.7145981077554174)
0(0.0, 0.7126015862572637)
0(0.0, 0.71160401013371)
0(0.0, 0.7021788815734199)
0(0.0, 0.7021722952168996)
0(0.0, 0.7019682754044765)
0(0.0, 0.7013723483754245)
0(0.0, 0.701317043357788)
0(0.0, 0.6999607581317446)
0(0.0, 0.6979591118832076)
0(0.0, 0.6958597940715457)
0(0.0, 0.694062522259586)
0(0.0, 0.6926524239871553)
0(0.0, 0.6925442036335004)
0(0.0, 0.6883793989634924)
0(0.0, 0.6877842124548812)
0(0.0, 0.6868665147683862)
0(0.0, 0.6857468068798175)
0(0.0, 0.6839935854097399)
0(0.0, 0.6825569639228519)
0(0.0, 0.6822576194025923)
0(0.0, 0.6813176385879411)
0(0.0, 0.6801358031329269)
0(0.0, 0.6778118340751301)
0(0.0, 0.6777356606220627)
0(0.0, 0.6775669296121866)
0(0.0, 0.6772975175328213)
0(0.0, 0.6772305088665209)
0(0.0, 0.675409411781886)
0(0.0, 0.6749222844884828)
0(0.0, 0.6729858484272836)
0(0.0, 0.6723645263507501)
0(0.0, 0.6720325041732672)
0(0.0, 0.6716861770742398)
0(0.0, 0.6713577070467416)
0(0.0, 0.6700502633109862)
0(0.0, 0.6696335912998372)
0(0.0, 0.6689498230097453)
0(0.0, 0.6685983442791097)
0(0.0, 0.6681158739906529)
0(0.0, 0.6677126807557106)
0(0.0, 0.6673676551955359)
0(0.0, 0.6666685625820034)
0(0.0, 0.6658645483157968)
0(0.0, 0.6650091357560137)
0(0.0, 0.6646190190490623)
0(0.0, 0.6644906624545059)
0(0.0, 0.6638984424119783)
0(0.0, 0.6630127669679167)
0(0.0, 0.6582209198964226)
0(0.0, 0.6576112056977008)
0(0.0, 0.6575033668217192)
0(0.0, 0.6574450241674551)
0(0.0, 0.6559449171527918)
0(0.0, 0.6552482049935211)
0(0.0, 0.654934313410217)
0(0.0, 0.6546936430836)
0(0.0, 0.6542442150302346)
0(0.0, 0.651343323023048)
0(0.0, 0.651234182579987)
0(0.0, 0.6511315525680343)
0(0.0, 0.6509462933666925)
0(0.0, 0.6485457064434031)
0(0.0, 0.6464840811222837)
0(0.0, 0.646360535849958)
0(0.0, 0.6462787842564216)
0(0.0, 0.6460077194666657)
0(0.0, 0.6455803484531136)
0(0.0, 0.6452609493622468)
0(0.0, 0.6442526688782697)
0(0.0, 0.643836737260136)
0(0.0, 0.6424338002747917)
0(0.0, 0.6422336819777085)
0(0.0, 0.6409799374329009)
0(0.0, 0.6408194432812613)
0(0.0, 0.6399288094686006)
0(0.0, 0.6395857113566362)
0(0.0, 0.6394463615767086)
0(0.0, 0.6393832955780187)
0(0.0, 0.63701086603608)
0(0.0, 0.6348400799938474)
0(0.0, 0.632505605969854)
0(0.0, 0.632407630854635)
0(0.0, 0.6319531107181573)
0(0.0, 0.6319042249877062)
0(0.0, 0.6313714793286224)
0(0.0, 0.631299270260755)
0(0.0, 0.6278223165436854)
0(0.0, 0.6265927724478739)
0(0.0, 0.6241654285663588)
0(0.0, 0.6235294298358766)
0(0.0, 0.6222068196988921)
0(0.0, 0.6219498444020816)
0(0.0, 0.6217494659009474)
0(0.0, 0.6208225539269908)
0(0.0, 0.6203821680657363)
0(0.0, 0.6183064749421073)
0(0.0, 0.6178927524450106)
0(0.0, 0.6173271996163139)
0(0.0, 0.6144550136408137)
0(0.0, 0.6132476433588262)
0(0.0, 0.6132044313972104)
0(0.0, 0.612351252195462)
0(0.0, 0.6120896267070819)
0(0.0, 0.6118980369302424)
0(0.0, 0.6117869818526993)
0(0.0, 0.6115792300381809)
0(0.0, 0.6115341358769847)
0(0.0, 0.6102248121738081)
0(0.0, 0.6078497070040636)
0(0.0, 0.607076156309564)
0(0.0, 0.6066082967232258)
0(0.0, 0.6056705846009889)
0(0.0, 0.602271527555535)
0(0.0, 0.6021408143386122)
0(0.0, 0.6009086545293549)
0(0.0, 0.5995423473217468)
0(0.0, 0.5981485890963633)
0(0.0, 0.5978736583104418)
0(0.0, 0.595123056794198)
0(0.0, 0.5950243235268871)
0(0.0, 0.5936810854009077)
0(0.0, 0.5933926790290494)
0(0.0, 0.5919700731612956)
0(0.0, 0.5907926260312394)
0(0.0, 0.5896232644311069)
0(0.0, 0.5886460758248045)
0(0.0, 0.5884290357768186)
0(0.0, 0.5878512131326227)
0(0.0, 0.5861148057324987)
0(0.0, 0.5837648508462345)
