1(0.029784515786639033, 0.03359502908680082)
1(0.020363744507877573, 0.023198890433654414)
1(0.014881374847087212, 0.017347890147646226)
1(0.01378740179792373, 0.015791572802478074)
1(0.012990020779875275, 0.014932316041652568)
1(0.02116043920820514, 0.02299788632975826)
1(0.016818767295522105, 0.01847340398072545)
1(0.015116121756656857, 0.016767633493355655)
1(0.013134700748512107, 0.014645138769932614)
1(0.013455482015364307, 0.014936383749257681)
1(0.012893280131938413, 0.0143731918279299)
1(0.016105363766963022, 0.017507450810436583)
1(0.013458109248784373, 0.014836044190245307)
1(0.013541862528557321, 0.014898270914659235)
1(0.012693894861348035, 0.014049750300278913)
1(0.01697466790596827, 0.018282609490273025)
1(0.013986554322135799, 0.015283155051346378)
1(0.013020909875810185, 0.014298315824461153)
1(0.008136508073307798, 0.009400877600528683)
1(0.014772329812023479, 0.016034041828589318)
1(0.01210872704922408, 0.013321265250495174)
1(0.013898976188798142, 0.015110466174528962)
1(0.012485088838752734, 0.013696514962666094)
1(0.011951030625384251, 0.013158356475006312)
1(0.011441225217434292, 0.012564770197425626)
1(0.015787628361967242, 0.016877900479535957)
1(0.0176569082390756, 0.018706535759909597)
1(0.006177769665253157, 0.007223095426946671)
1(0.010062566434370432, 0.011104461457060202)
1(0.013221207930530164, 0.014248438245072555)
1(0.02240078147791706, 0.0233618608707648)
1(0.012503614862645906, 0.013441441965678662)
1(0.010331991854114429, 0.011263920462079354)
1(0.007129244757999344, 0.00804623093718046)
1(0.01264627525589374, 0.013535596909965055)
1(0.01592673922390524, 0.016815596811759276)
1(0.01315927599389602, 0.014045971255862464)
1(0.013164411537209056, 0.014049009069332439)
1(0.013277505952862588, 0.014153052150060878)
1(0.012689957849788274, 0.013557813651548924)
1(0.012181283694298934, 0.01304264300573667)
1(0.01382060721838742, 0.014673870978509808)
1(0.007951779010283254, 0.00878612610029985)
1(0.013655189536743719, 0.01447109861877455)
1(0.013027036707518312, 0.013815234260256052)
1(0.015506520565872536, 0.016292718104104133)
1(0.01692329111313379, 0.01770352199487971)
1(0.006641686766553294, 0.00741367309741899)
1(0.013786236730197785, 0.014557050277894466)
1(0.013310607221118648, 0.014081276859377382)
1(0.006804404780520942, 0.007573064558410611)
1(0.00983705085308177, 0.010578874653505503)
1(0.01843904459844896, 0.019180246202781276)
1(0.012404248982070458, 0.013131694293083527)
1(0.02481267393243457, 0.025531110313028082)
1(0.010587558025527027, 0.011300961644939449)
1(0.013407150804179497, 0.014114901185739426)
1(0.01892007644842712, 0.01962216722898723)
1(0.012234310469212422, 0.012932849085211135)
1(0.006790209573305816, 0.0074781149578003955)
1(0.009143533283594713, 0.009818271656546008)
1(0.021952035887962636, 0.022619537772632155)
1(0.006606755329604238, 0.007271981703751968)
1(0.012030168037498444, 0.01268717304209008)
1(0.012866803904369012, 0.013518747964146361)
1(0.013974702688485451, 0.014624364450351113)
1(0.0192691375681246, 0.019918037043487997)
1(0.01419014806660574, 0.014836044190245307)
1(0.006971031704706399, 0.007616098952490755)
1(0.009435519604741545, 0.010080341444177085)
1(0.011053315344187345, 0.011695269152032107)
1(0.015914770393281083, 0.016538465222967667)
1(0.01271080673017196, 0.013329163635507416)
1(0.005980162954511575, 0.006591884880168204)
1(0.016459283758327985, 0.017063980767434747)
1(0.009197583232823834, 0.009800661008942913)
1(0.026656189791888513, 0.02724408618709835)
1(0.014071208569935096, 0.0146571314068839)
1(0.013350644737199185, 0.0139331548249272)
1(0.018839740058321213, 0.019415762939820978)
1(0.025148551512594604, 0.025721029887466173)
1(0.008056529091266671, 0.008620393154444616)
1(0.013721233749954409, 0.014282362997059131)
1(0.008246998019309868, 0.00879616571575048)
1(0.00768036834146705, 0.008227148546302321)
1(0.013590723320296334, 0.014128233583735125)
1(0.00876667304531981, 0.009302594742742983)
1(0.010489063795867943, 0.011019363283783022)
1(0.011766665309725846, 0.01228887072481473)
1(0.013647598514303791, 0.014156985554529808)
1(0.013597145972849186, 0.014101865529684302)
1(0.013782619022857897, 0.014283128257978473)
1(0.014241567519271699, 0.014740588674181092)
1(0.018136923277472444, 0.018623339596304463)
1(0.009276352029138698, 0.009762152238937805)
1(0.01495320611603841, 0.015436253406253316)
1(0.013294639161493097, 0.013773067104164026)
1(0.008165984404554424, 0.008640339558577575)
1(0.006409930342420082, 0.006883032595127023)
1(0.016136733495060163, 0.016604586903152186)
1(0.007003577100421148, 0.0074712872784295364)
1(0.007887981597705295, 0.008348573354879256)
1(0.014912273440723172, 0.015365316603809402)
1(0.022688615914448193, 0.023133405572313692)
1(0.01619847336112704, 0.016640446988886764)
1(0.012469843584195525, 0.012901608873249376)
1(0.007782398140031281, 0.008207992879532935)
1(0.013817096887163613, 0.014222629627866641)
1(0.007288487930442497, 0.007687301618201592)
1(0.0064984466159532725, 0.0068960931447776905)
1(0.01413729191505868, 0.01453354932163791)
1(0.007340249379584119, 0.007733804296066783)
1(0.022303689182851548, 0.022695065289764494)
1(0.006832056477105853, 0.007223095426946671)
1(0.006511283615571146, 0.0068960931447776905)
1(0.013101188442633025, 0.01348446777860905)
1(0.009218816377865332, 0.009598123665210453)
1(0.00821561673838948, 0.008585984900500998)
1(0.015284696270355584, 0.01565233280291403)
1(0.007815317279109713, 0.008182419076563639)
1(0.007985197012382218, 0.008350074868432608)
1(0.008247230200815919, 0.00860789560523199)
1(0.00672855127049657, 0.007088013102537048)
1(0.0071373435917989544, 0.007491264590019938)
1(0.006807104460268212, 0.00716025175797336)
1(0.012715929539793468, 0.013068293269543852)
1(0.013394663929335943, 0.013745639644177571)
1(0.014688219754093972, 0.015038925865414618)
1(0.009169292057332162, 0.009512719301475785)
1(0.011472453761545385, 0.011814361014952328)
1(0.013048276152636581, 0.0133898646466402)
1(0.007814790737302306, 0.00815092252946377)
1(0.0067165188256732246, 0.007047562520265301)
1(0.012185394703580796, 0.01251427849084527)
1(0.014536891524955605, 0.014865046183508424)
1(0.01410455065483705, 0.014431599537622856)
1(0.00634630569069918, 0.006669058112529669)
1(0.012463109809094984, 0.012778993938631546)
1(0.01424355986267226, 0.014557050277894466)
1(0.008480232900845515, 0.008792472025115005)
1(0.025567382032799374, 0.025877904259104176)
1(0.007511744841657804, 0.007822199526790355)
1(0.010946073743739425, 0.01125404072603423)
1(0.01610748434870448, 0.016412432855519115)
1(0.012769256074224184, 0.013071287396680113)
1(0.012367526441111576, 0.012668342361392249)
1(0.007409163944704723, 0.007704101348877165)
1(0.012691387029555126, 0.012980752658167097)
1(0.017418704388834236, 0.01770352199487971)
1(0.008440674743602302, 0.008723828734881863)
1(0.006964043282982785, 0.0072458881462639105)
1(0.018999702350943094, 0.019271514205491214)
1(0.013397438400173321, 0.013664338933638305)
1(0.014014635147681268, 0.014281157408456953)
1(0.008588823554540907, 0.008852695050479755)
1(0.011548445075002642, 0.01180280671180379)
1(0.006596574184963626, 0.006848026406271861)
1(0.007341328218825934, 0.007592412412170387)
1(0.008519086622807714, 0.008767695860833657)
1(0.01306434708066157, 0.013310949897966474)
1(0.014113935700509188, 0.014359158048247252)
1(0.006840307054098455, 0.007085350562359077)
1(0.01497738298137051, 0.01521800522031149)
1(0.013889005857055929, 0.014128233583735125)
1(0.013975147897347927, 0.014212476717485304)
1(0.018885982197863978, 0.01912049126036393)
1(0.018916643966810063, 0.019148651577100433)
1(0.012803402846935551, 0.013034130650731992)
1(0.011574554558240926, 0.01180280671180379)
1(0.012029199323664549, 0.012253485904681031)
1(0.013836959877648708, 0.014057261089106746)
1(0.005860022850195984, 0.0060737537454433254)
1(0.016041634009212734, 0.01625432800739855)
1(0.007968885907040394, 0.008175436887256063)
1(0.015541041528940829, 0.015747082018651392)
1(0.01300832177189915, 0.013209039322684801)
1(0.013667860963647532, 0.013866403385646764)
1(0.01360591610843586, 0.013804017647126686)
1(0.007769566046184412, 0.007964867076398147)
1(0.013902231319012043, 0.014097512735033216)
1(0.014485547758402287, 0.014674148294041556)
1(0.006641857518125708, 0.006828784207478964)
1(0.01253606590913761, 0.0127162219545063)
1(0.012376600993829338, 0.012551544400433696)
1(0.0062448668016773885, 0.006417248062966893)
1(0.013085785103739813, 0.013257689011251354)
1(0.0145393959830384, 0.014707605784959683)
1(0.008516222261349763, 0.008683461825740538)
1(0.013309332483366916, 0.013473762929024953)
1(0.006676085314775815, 0.006839348124651884)
1(0.014018001574068998, 0.014170299733785856)
1(0.009860645898596676, 0.010012152844819133)
1(0.008068633053651514, 0.008212332720354387)
1(0.017277667519529857, 0.017421099673253813)
1(0.00670851525333355, 0.006848026406271861)
1(0.007636717265247363, 0.0077713074620142115)
1(0.015818034374246677, 0.015952154246814586)
1(0.010857803232718292, 0.010991461343430637)
1(0.008203349975782315, 0.008322625350677586)
1(0.006074389019157138, 0.0061932667535954875)
1(0.00859579622596915, 0.008714525331743774)
1(0.012251646732691551, 0.012366098899855564)
1(0.014524947057359747, 0.01463532418394022)
1(0.01759026012186653, 0.01769873547452704)
1(0.009140606825449819, 0.009248372036355314)
1(0.014297552905454949, 0.01440080932212158)
1(0.007233509825395069, 0.007335910022907526)
1(0.014618341113097587, 0.014720094063580361)
1(0.007687138085154021, 0.007783110788633383)
1(0.007915330232381558, 0.008009997617659673)
1(0.019085616844531604, 0.019180246202781276)
1(0.014359841678106023, 0.014454161238739287)
1(0.01341047679426253, 0.013503003991246687)
1(0.013356176332020738, 0.013447248896696162)
1(0.008884968054884554, 0.008975676444145174)
1(0.013819288853463875, 0.013909610056295452)
1(0.016985107909903662, 0.01707429168589585)
1(0.014156560225453415, 0.014244177946685543)
1(0.006433500912201442, 0.006516792875701341)
1(0.006814023123407967, 0.0068960931447776905)
1(0.0167345971204162, 0.016810354058050512)
1(0.010901647704547249, 0.010973848308625639)
1(0.008840125458728254, 0.008911503149462074)
1(0.008452356635737167, 0.008519636453465682)
1(0.009203426008607381, 0.009266456989072362)
1(0.013547532241227537, 0.013607891421855365)
1(0.016855197605016366, 0.01691304791693772)
1(0.0183583996610251, 0.018412007000133606)
1(0.009344084738095995, 0.00939389641417088)
1(0.013486412857927422, 0.013535741286334934)
1(0.010391718237294525, 0.010436640444436776)
1(0.01762708259701774, 0.017669277545538965)
1(0.012704083171778027, 0.012746150914635143)
1(0.0070371466604304805, 0.007077319793147885)
1(0.00874659968204242, 0.00878612610029985)
1(0.008307097436436303, 0.008345707041293381)
1(0.010192516391907951, 0.010229932482793138)
1(0.008546829333231573, 0.008580425687500786)
1(0.013104296788256833, 0.013137513880040546)
1(0.007857144587165145, 0.007887424992334144)
1(0.007895680613265772, 0.007915646517055983)
1(0.006928002465196158, 0.006946847474289041)
1(0.013500854100440773, 0.013514839955235402)
1(0.00912748794206892, 0.009141027407309455)
1(0.006804803777719968, 0.006818080096970143)
1(0.017216517707461645, 0.01722762949149525)
1(0.016895015018831228, 0.016905677982251982)
1(0.01279748294611651, 0.012807937522961131)
1(0.007707132937203324, 0.007716532985141797)
1(0.011310378094346802, 0.011318226362507802)
1(0.007937506763203733, 0.00794103477732851)
1(0.011779685156524658, 0.011782071249751357)
1(0.007141799383065366, 0.00714302133776259)
0(0.0, inf)
0(0.0, 0.9584252133519225)
0(0.0, 0.8003361888649418)
0(0.0, 0.21377242194061796)
0(0.0, 0.1333209018290412)
0(0.0, 0.10978656115458797)
0(0.0, 0.0762112818593634)
0(0.0, 0.04663639754055548)
0(0.0, 0.03726343412677598)
0(0.0, 0.03229422077158178)
0(0.0, 0.029677659458947576)
0(0.0, 0.029677620960628603)
0(0.0, 0.026760731042390747)
0(0.0, 0.02664223579926184)
0(0.0, 0.024598587490688058)
0(0.0, 0.023906567364093235)
0(0.0, 0.02261756461337082)
0(0.0, 0.022473352154102913)
0(0.0, 0.02241841045501613)
0(0.0, 0.022290555308932643)
0(0.0, 0.02165397744714508)
0(0.0, 0.02078548745591407)
0(0.0, 0.020523194085636506)
0(0.0, 0.02011228116870074)
0(0.0, 0.019455464807381848)
0(0.0, 0.01891168951128143)
0(0.0, 0.018878748459883955)
0(0.0, 0.018737993704417276)
0(0.0, 0.018658595767278553)
0(0.0, 0.01862023102758603)
0(0.0, 0.01861347587733025)
0(0.0, 0.01861246515937644)
0(0.0, 0.018531234376103593)
0(0.0, 0.018296302301873443)
0(0.0, 0.01822411694378057)
0(0.0, 0.018192390863290702)
0(0.0, 0.01804665612295781)
0(0.0, 0.0180304121349089)
0(0.0, 0.017718078559912663)
0(0.0, 0.017650581379525597)
0(0.0, 0.017611291529407037)
0(0.0, 0.017544821830962624)
0(0.0, 0.017519266775660968)
0(0.0, 0.017411248765360016)
0(0.0, 0.017050510988244585)
0(0.0, 0.017048760413859002)
0(0.0, 0.016953944367924745)
0(0.0, 0.016946467246973386)
0(0.0, 0.016932706283701075)
0(0.0, 0.01686208603958895)
0(0.0, 0.016797346432008507)
0(0.0, 0.01679358631729233)
0(0.0, 0.01670932520370818)
0(0.0, 0.016667974872070744)
0(0.0, 0.01663999944894401)
0(0.0, 0.016616873190811555)
0(0.0, 0.01631931166239909)
0(0.0, 0.01629040990642095)
0(0.0, 0.016105528664272128)
0(0.0, 0.01600486953358861)
0(0.0, 0.015960620590579185)
0(0.0, 0.01584375204789453)
0(0.0, 0.01576398750433473)
0(0.0, 0.015724254477226522)
0(0.0, 0.015712491100008177)
0(0.0, 0.01569582356635464)
0(0.0, 0.015690167205588433)
0(0.0, 0.015474723086165876)
0(0.0, 0.015471089162414341)
0(0.0, 0.015458576286057254)
0(0.0, 0.015377558375505607)
0(0.0, 0.015304319381354096)
0(0.0, 0.01529041576558966)
0(0.0, 0.015212061217169061)
0(0.0, 0.0151684383577823)
0(0.0, 0.015165070634846558)
0(0.0, 0.015002873941247904)
0(0.0, 0.014931650390614549)
0(0.0, 0.01492258141331184)
0(0.0, 0.014823129297969832)
0(0.0, 0.014747342783892786)
0(0.0, 0.014710626626843729)
0(0.0, 0.014702808346472944)
0(0.0, 0.014679859123339844)
0(0.0, 0.01467616351823385)
0(0.0, 0.014665070547904224)
0(0.0, 0.014598737674062404)
0(0.0, 0.014590094256251263)
0(0.0, 0.014558211783115404)
0(0.0, 0.01454339239680188)
0(0.0, 0.01449831569538478)
0(0.0, 0.014424884044762071)
0(0.0, 0.014370716745160494)
0(0.0, 0.014351622103312714)
0(0.0, 0.014331606871209534)
0(0.0, 0.014237810492531016)
0(0.0, 0.014236702870117612)
0(0.0, 0.014229786410968032)
0(0.0, 0.014211133627797835)
0(0.0, 0.014199511451653263)
0(0.0, 0.014157663998008852)
0(0.0, 0.014157304137889938)
0(0.0, 0.014148275419949582)
0(0.0, 0.014118476314593044)
0(0.0, 0.01408210883660061)
0(0.0, 0.014078443780622502)
0(0.0, 0.01407060166216661)
0(0.0, 0.014047200702737383)
0(0.0, 0.014034145077633585)
0(0.0, 0.013934495974129074)
0(0.0, 0.013933369744719525)
0(0.0, 0.013910422178640415)
0(0.0, 0.013886643105984385)
0(0.0, 0.013788763055073268)
0(0.0, 0.013765886558221174)
0(0.0, 0.013727990472458438)
0(0.0, 0.013705376495189566)
0(0.0, 0.013704504548640846)
0(0.0, 0.013630042679895931)
0(0.0, 0.013623139888250818)
0(0.0, 0.013596410998727673)
0(0.0, 0.013568888091047017)
0(0.0, 0.013425188962095998)
0(0.0, 0.013404940245803212)
0(0.0, 0.013397478698328127)
0(0.0, 0.013370779701094695)
0(0.0, 0.013362362847220198)
0(0.0, 0.013260471002267533)
0(0.0, 0.013248841205417998)
0(0.0, 0.013230836487528833)
0(0.0, 0.013227507190707415)
0(0.0, 0.013210080333464488)
0(0.0, 0.013193242953959787)
0(0.0, 0.013192015704983618)
0(0.0, 0.013080544043998726)
0(0.0, 0.013064453344643394)
0(0.0, 0.013059975683343716)
0(0.0, 0.01305568193825242)
0(0.0, 0.012975564998490396)
0(0.0, 0.012964961969058726)
0(0.0, 0.012924798234034704)
0(0.0, 0.0129053186290638)
0(0.0, 0.01286677653784795)
0(0.0, 0.012835423842630688)
0(0.0, 0.012831887800898077)
0(0.0, 0.01278948347733606)
0(0.0, 0.012760847443038938)
0(0.0, 0.012754238744008805)
0(0.0, 0.012717093412498789)
0(0.0, 0.012673857588202693)
0(0.0, 0.01267329912686267)
0(0.0, 0.012660992199093845)
0(0.0, 0.01264298225992343)
0(0.0, 0.01263528364232524)
0(0.0, 0.012583843068719437)
0(0.0, 0.012570595027644222)
0(0.0, 0.012532717965287966)
0(0.0, 0.012522180827921277)
0(0.0, 0.012510583763782182)
0(0.0, 0.012487656746693226)
0(0.0, 0.012479799057226825)
0(0.0, 0.012460011372747245)
0(0.0, 0.01242539740353454)
0(0.0, 0.012399742308087434)
0(0.0, 0.012366747375099503)
0(0.0, 0.012307851316833578)
0(0.0, 0.012280293899981018)
0(0.0, 0.01225491778596315)
0(0.0, 0.012197000431598886)
0(0.0, 0.012158766169704925)
0(0.0, 0.012149638328227854)
0(0.0, 0.012135122409832617)
0(0.0, 0.012134991937901813)
0(0.0, 0.01213344233298391)
0(0.0, 0.012127720373380328)
0(0.0, 0.012108774579134332)
0(0.0, 0.012104456100042066)
0(0.0, 0.012056379600558446)
0(0.0, 0.012036315213790776)
0(0.0, 0.012021369439344268)
0(0.0, 0.011930991503077417)
0(0.0, 0.011907121500317404)
0(0.0, 0.011890297538545943)
0(0.0, 0.011853333226600106)
0(0.0, 0.011824309580288577)
0(0.0, 0.011808540354663563)
0(0.0, 0.011777545602365621)
0(0.0, 0.011765985791650314)
0(0.0, 0.0117644018442924)
0(0.0, 0.011762189898792573)
0(0.0, 0.011740997500811324)
0(0.0, 0.011704606502970834)
0(0.0, 0.011702314597044884)
0(0.0, 0.011686263915807753)
0(0.0, 0.011651670018464517)
0(0.0, 0.01164340665614465)
0(0.0, 0.011623199864866339)
0(0.0, 0.011597828513896975)
0(0.0, 0.01159363843090601)
0(0.0, 0.011570911903370482)
0(0.0, 0.01153662723199919)
0(0.0, 0.011439681421090296)
0(0.0, 0.011425900290908803)
0(0.0, 0.011350252127384693)
0(0.0, 0.011344152865619558)
0(0.0, 0.011311055961659882)
0(0.0, 0.011253795670887275)
0(0.0, 0.011191688856468787)
0(0.0, 0.01118265322436733)
0(0.0, 0.011085436402958952)
0(0.0, 0.011040745844634135)
0(0.0, 0.011019559252544768)
0(0.0, 0.011012728326546838)
0(0.0, 0.01099672050539746)
0(0.0, 0.010954107809379776)
0(0.0, 0.010823567815998424)
0(0.0, 0.010792539077927045)
0(0.0, 0.01077142715149941)
0(0.0, 0.010741321936686013)
0(0.0, 0.010709141630475146)
0(0.0, 0.010708297768349216)
0(0.0, 0.010678157266591597)
0(0.0, 0.01063860178981941)
0(0.0, 0.010626987174314553)
0(0.0, 0.010616092592044362)
0(0.0, 0.010608181508193228)
0(0.0, 0.010566636888149935)
0(0.0, 0.010515323105836047)
0(0.0, 0.010509759354171727)
0(0.0, 0.01050267825109998)
0(0.0, 0.010496871134637112)
0(0.0, 0.01049138429812261)
0(0.0, 0.0104609475640514)
0(0.0, 0.010454158652036563)
0(0.0, 0.010450477903631631)
0(0.0, 0.010436620501769208)
0(0.0, 0.010372471146486857)
0(0.0, 0.01035878305601908)
0(0.0, 0.010258179927145535)
0(0.0, 0.010216054862482055)
0(0.0, 0.010206121468394174)
0(0.0, 0.010099385680339383)
0(0.0, 0.010085400493111978)
0(0.0, 0.01006216566380222)
0(0.0, 0.010047845908555364)
0(0.0, 0.010041166536823038)
0(0.0, 0.010013431064317258)
0(0.0, 0.010011785017744365)
0(0.0, 0.009984096077720687)
0(0.0, 0.009926005788010993)
0(0.0, 0.009814092460154503)
0(0.0, 0.009782189370939125)
0(0.0, 0.009719166920634816)
0(0.0, 0.009624162486529737)
0(0.0, 0.009575069269331604)
0(0.0, 0.009536825558425832)
0(0.0, 0.00946957349904495)
0(0.0, 0.009411817598570646)
0(0.0, 0.009398698695986429)
0(0.0, 0.009242558797758739)
0(0.0, 0.009102451996861024)
0(0.0, 0.00906881600593734)
0(0.0, 0.009036814435165887)
0(0.0, 0.009024691323234706)
0(0.0, 0.0089727290857559)
0(0.0, 0.00890992215320097)
0(0.0, 0.008884537000966922)
0(0.0, 0.008877516405380212)
0(0.0, 0.00881158005525177)
0(0.0, 0.008792121884492476)
0(0.0, 0.008751639150568008)
0(0.0, 0.008734660476436092)
0(0.0, 0.008723862530736839)
0(0.0, 0.008622863555934704)
0(0.0, 0.008435782027370612)
0(0.0, 0.008435728397062652)
0(0.0, 0.008422636096717093)
0(0.0, 0.008381802840793975)
0(0.0, 0.008361739065130451)
0(0.0, 0.00834582038847077)
0(0.0, 0.008316571821086518)
0(0.0, 0.008297656881917382)
0(0.0, 0.008152798277758297)
0(0.0, 0.008139173290094191)
0(0.0, 0.008033844826508076)
0(0.0, 0.008023112897822402)
0(0.0, 0.008016445190082716)
0(0.0, 0.007955109900463476)
0(0.0, 0.007951798321843577)
0(0.0, 0.00795169298864143)
0(0.0, 0.007944379832837805)
0(0.0, 0.007899714917181368)
0(0.0, 0.007885784434807546)
0(0.0, 0.007844985082312607)
0(0.0, 0.007808266280832077)
0(0.0, 0.007804257621774413)
0(0.0, 0.007778877091772094)
0(0.0, 0.007746547540554306)
0(0.0, 0.00772485664735209)
0(0.0, 0.00768485707020666)
0(0.0, 0.007670346140635164)
0(0.0, 0.007662449836349818)
0(0.0, 0.007646210934140827)
0(0.0, 0.007645233874194469)
0(0.0, 0.007638455333883547)
0(0.0, 0.007626611482208809)
0(0.0, 0.007621306827946944)
0(0.0, 0.007608776140733267)
0(0.0, 0.007604577603551434)
0(0.0, 0.007602235291940691)
0(0.0, 0.007574023382982379)
0(0.0, 0.007502421345997523)
0(0.0, 0.007492232732989692)
0(0.0, 0.007485772053254162)
0(0.0, 0.007459382619730012)
0(0.0, 0.007419208859043477)
0(0.0, 0.007413463339423165)
0(0.0, 0.007369339306499792)
0(0.0, 0.007364225068888597)
0(0.0, 0.007344938493496507)
0(0.0, 0.007330878221423597)
0(0.0, 0.007326718900186221)
0(0.0, 0.007316432180274976)
0(0.0, 0.007305692818805425)
0(0.0, 0.007281976920858546)
0(0.0, 0.007250859674329261)
0(0.0, 0.0072402797226245996)
0(0.0, 0.007234259137305463)
0(0.0, 0.00721332184098659)
0(0.0, 0.0072036218257914165)
0(0.0, 0.007197897016708225)
0(0.0, 0.007163945430602483)
0(0.0, 0.007159882934569111)
0(0.0, 0.0071489534255555235)
0(0.0, 0.007135907537451509)
0(0.0, 0.007082444115409916)
0(0.0, 0.007064292719755012)
0(0.0, 0.007058329506958117)
0(0.0, 0.006991258563364826)
0(0.0, 0.006984608470472422)
0(0.0, 0.006983674517523035)
0(0.0, 0.006958638011332502)
0(0.0, 0.006947549878704187)
0(0.0, 0.006942549910473)
0(0.0, 0.006939746179255924)
0(0.0, 0.006938355727710117)
0(0.0, 0.006935244287159793)
0(0.0, 0.006857115489048155)
0(0.0, 0.0068397860520332966)
0(0.0, 0.006822466066827472)
0(0.0, 0.0067845241324586405)
0(0.0, 0.006773701735894778)
0(0.0, 0.006767652766650516)
0(0.0, 0.006750692246143547)
0(0.0, 0.006667894865937138)
0(0.0, 0.00666602513475857)
0(0.0, 0.006662158556357436)
0(0.0, 0.0066592596999092936)
0(0.0, 0.0066232886142785575)
0(0.0, 0.0066190185352437364)
0(0.0, 0.006614702919100531)
0(0.0, 0.006576833312883591)
0(0.0, 0.006561347961255224)
0(0.0, 0.006552154579163919)
0(0.0, 0.006543000451660928)
0(0.0, 0.006527458984818396)
0(0.0, 0.006496484466500891)
0(0.0, 0.006466698208237164)
0(0.0, 0.006464850799846905)
0(0.0, 0.006394883560698989)
0(0.0, 0.006392574494536693)
0(0.0, 0.006350994630582666)
0(0.0, 0.0063371806867310405)
0(0.0, 0.006336155693690549)
0(0.0, 0.006292985379050936)
0(0.0, 0.006290950918441415)
0(0.0, 0.0062892523617342055)
0(0.0, 0.006277404132230179)
0(0.0, 0.006250695366177302)
0(0.0, 0.006217075734887436)
0(0.0, 0.006201033730173917)
0(0.0, 0.006184139075511649)
0(0.0, 0.006170249125528307)
0(0.0, 0.0061486118248986615)
0(0.0, 0.006140389615734808)
0(0.0, 0.006138265472028847)
0(0.0, 0.006112093785115864)
0(0.0, 0.006098088076601857)
0(0.0, 0.006077074675332201)
0(0.0, 0.006056031876521024)
0(0.0, 0.006051948708261746)
0(0.0, 0.006032537412294174)
0(0.0, 0.006011803968711914)
0(0.0, 0.005990824176495073)
0(0.0, 0.005974640713447517)
0(0.0, 0.005960919181684263)
0(0.0, 0.005938240539027115)
0(0.0, 0.005931927700568536)
0(0.0, 0.005916062474688519)
0(0.0, 0.005913601605748352)
0(0.0, 0.005912711788262108)
0(0.0, 0.005902738114846292)
0(0.0, 0.005879220794404359)
0(0.0, 0.005865022185951179)
0(0.0, 0.005856382326949201)
0(0.0, 0.005843145729151807)
0(0.0, 0.005828050680398353)
0(0.0, 0.005819949565111911)
0(0.0, 0.005806871853453704)
0(0.0, 0.005804138173328002)
0(0.0, 0.0057884302740685446)
0(0.0, 0.005756613625109073)
0(0.0, 0.005749711260782077)
0(0.0, 0.005708386017019552)
0(0.0, 0.005692636012912527)
0(0.0, 0.0056765952546952705)
0(0.0, 0.0056750119056438566)
0(0.0, 0.005633302765953314)
0(0.0, 0.005632793961364305)
0(0.0, 0.005566908812195873)
0(0.0, 0.0055642123271986985)
0(0.0, 0.005563229402880923)
0(0.0, 0.00554308617970494)
0(0.0, 0.005489651639966308)
0(0.0, 0.005477373702916517)
0(0.0, 0.005388279808563869)
0(0.0, 0.005381364842389723)
0(0.0, 0.005257376026898744)
0(0.0, 0.005228381792729418)
0(0.0, 0.005155149443369353)
0(0.0, 0.005115781997135214)
0(0.0, 0.004941851680676622)
