1(0.027399139279010252, 0.033798861793389916)
1(0.023151993023906848, 0.02860290037682009)
1(0.011059287829156748, 0.016238353766053065)
1(0.024760597427972434, 0.028614352332081837)
1(0.024059714673691404, 0.027727834941464063)
1(0.018743846817281935, 0.02232797324151817)
1(0.01949413052954554, 0.022991849915793616)
1(0.020879719362676, 0.024020358377846912)
1(0.01769651809601246, 0.020656237014973957)
1(0.025682795523645004, 0.0285040202954741)
1(0.01117588366002956, 0.013772455141430742)
1(0.023958892764809572, 0.026467529390846425)
1(0.02781745894871, 0.03031764779274847)
1(0.018110425042148114, 0.020282724344766266)
1(0.014085007910265122, 0.01623114947884583)
1(0.018324962712900975, 0.020464931069755058)
1(0.022845263514640442, 0.024971981253252354)
1(0.017108584529882613, 0.019202577489953812)
1(0.020164513763997974, 0.02210359943507796)
1(0.015201140515198587, 0.017068136263044553)
1(0.010453653787675213, 0.012188035300701816)
1(0.007286538948186788, 0.008957802951825251)
1(0.02146359401775344, 0.023126095669161895)
1(0.01505838273342658, 0.016590426786430294)
1(0.01428725409881379, 0.01581105202564387)
1(0.014409773067187392, 0.01592590646277788)
1(0.01758474049503059, 0.019034200598420245)
1(0.021557732858751247, 0.022923679761671784)
1(0.015847744376933617, 0.017178323444497382)
1(0.01788903768566893, 0.0191836066861909)
1(0.01763606839229088, 0.018926507148494195)
1(0.015232587710078105, 0.016496350565074907)
1(0.010620896328875237, 0.011856937738863997)
1(0.012029490353919611, 0.013213539155081895)
1(0.0068016223929007425, 0.007916591506028225)
1(0.01499971170604817, 0.016085566945426004)
1(0.035685833607791914, 0.03676653160092746)
1(0.009566282549896058, 0.010641424300405511)
1(0.010587276183621722, 0.011650460748916567)
1(0.009956529497923609, 0.010997794450540445)
1(0.021115493012047352, 0.02210359943507796)
1(0.01074222811394263, 0.011726463243400605)
1(0.02071676730617159, 0.021694634897846028)
1(0.009281239771693896, 0.01023933276331797)
1(0.008812556041484742, 0.009770018300489463)
1(0.01032766192107008, 0.011249632083839533)
1(0.017793788229832713, 0.018713211365966053)
1(0.0175231226644613, 0.018438092546726584)
1(0.012309344741784732, 0.013220406945814627)
1(0.02339726379419422, 0.024288454486251422)
1(0.026914458541309673, 0.027801325552878817)
1(0.008581630923750427, 0.009465948184026053)
1(0.016891911778527228, 0.017753849624895703)
1(0.01671123660304776, 0.017573008920071503)
1(0.01478043761157879, 0.015633074364394456)
1(0.008487479647700929, 0.009319493115491365)
1(0.016654889011290506, 0.017478989899767733)
1(0.017266549176707825, 0.01805675987379751)
1(0.016867388326585613, 0.017636467149872413)
1(0.015350261205175764, 0.016117075734762606)
1(0.017050304385042105, 0.017789672244910154)
1(0.021476896964000302, 0.022199678633791922)
1(0.025164330616685916, 0.02587113248725589)
1(0.02614526133204137, 0.026848776207842866)
1(0.00835459746310864, 0.009045158739364208)
1(0.019943242786745356, 0.02062992796454267)
1(0.012514375855777313, 0.013154135171620713)
1(0.018023793886313852, 0.018654810156247658)
1(0.021000044362410906, 0.021627194595762716)
1(0.007625915398698155, 0.00825202198586722)
1(0.013175874262137186, 0.013780878237608643)
1(0.013159765320948444, 0.013762801510222722)
1(0.00801588785827603, 0.008611394610103334)
1(0.01768913762558265, 0.018280496499099862)
1(0.011665371481285465, 0.012250238913349918)
1(0.026628950700892256, 0.027206837184332387)
1(0.021768083499619246, 0.0223450174946089)
1(0.03414133119994745, 0.034702470267176815)
1(0.012594987801531834, 0.01315547899173707)
1(0.011933304293578547, 0.012489265731615396)
1(0.02162161179204924, 0.02217680151834277)
1(0.007632945610984396, 0.008184122519823122)
1(0.014370764257429667, 0.014912571482157314)
1(0.030220196129588577, 0.030759558562283074)
1(0.020041745112394895, 0.02056588020558041)
1(0.010311281094466168, 0.010832473427629939)
1(0.007688652531913327, 0.008198174224132484)
1(0.0077625532472881, 0.008267976236340853)
1(0.014119894023453294, 0.01461488634512942)
1(0.0073596145149773815, 0.007853828196068634)
1(0.010563644439456333, 0.011050534744525628)
1(0.011990457683368936, 0.01247544919149175)
1(0.014133242042867674, 0.014600128014768746)
1(0.01619790432380372, 0.016649782231029357)
1(0.024478783756447093, 0.024924872677173446)
1(0.010183476565531424, 0.010623010642127418)
1(0.013347546045012799, 0.013774113023859643)
1(0.01864653418734263, 0.019064967859236667)
1(0.016080563799366506, 0.016496350565074907)
1(0.0076942676409529134, 0.008095084564094931)
1(0.017456398434342418, 0.017839445779104776)
1(0.007285761560329686, 0.007664114311546048)
1(0.023212094120752674, 0.02358236809779023)
1(0.021865310166469323, 0.02223272931069881)
1(0.007540155559908077, 0.007906468765969978)
1(0.01702952149962364, 0.01739179869850103)
1(0.02257674518897269, 0.022932997309507985)
1(0.00846524711848815, 0.00881937480206614)
1(0.010779251209049864, 0.011106986091625044)
1(0.008532687741692815, 0.008859429764577252)
1(0.007482302566599281, 0.007797824838596344)
1(0.008748721490606516, 0.009062667030717609)
1(0.006283127064199034, 0.006591727198822069)
1(0.007014564337419951, 0.007321781152539855)
1(0.012986011847700853, 0.013293042320391682)
1(0.026569399401331892, 0.026874343894774125)
1(0.014122280750359064, 0.014414817151092097)
1(0.009432921258205699, 0.00972116976694852)
1(0.007428125847227363, 0.007703945017137438)
1(0.008694448155752856, 0.008947559508092659)
1(0.018453137101958804, 0.01870246331284286)
1(0.009648280752857168, 0.009891777810648239)
1(0.012625534956612668, 0.012864020117704931)
1(0.020106481315205198, 0.02034161634643822)
1(0.007178901134055103, 0.007412743360514652)
1(0.016620689482200784, 0.0168424286436418)
1(0.010347515898399546, 0.010561466506136312)
1(0.013742588136840171, 0.01395572299407837)
1(0.007412882564393215, 0.007617110298183664)
1(0.007996807125322225, 0.008198174224132484)
1(0.010945013953851007, 0.011139148301094385)
1(0.015118461620964845, 0.015308379374360206)
1(0.006153438829511052, 0.006341480240548058)
1(0.019873098043028208, 0.020058195610868006)
1(0.010785382045120182, 0.010969319955544022)
1(0.01444518261604127, 0.014626175692344538)
1(0.010836025656485856, 0.011016645443213428)
1(0.0070364481323062665, 0.007212502231557182)
1(0.017351218708027114, 0.017526225093033934)
1(0.015373368716539236, 0.015541320138093477)
1(0.01482076652244988, 0.014988667817616978)
1(0.010543281584086501, 0.010709060959090553)
1(0.02534228265533512, 0.025500406565570087)
1(0.017485205684769724, 0.01763714334687937)
1(0.008793361582881753, 0.008931128950684942)
1(0.009113401556769448, 0.00924678973056551)
1(0.019410695845930116, 0.019542351576770752)
1(0.006471026222556341, 0.006599212236378263)
1(0.01877935397630082, 0.018897736862759182)
1(0.013466807043153508, 0.013568397118507559)
1(0.016822485352393637, 0.016920250073153557)
1(0.010466327660395488, 0.01056173608918079)
1(0.011253102049506448, 0.01134651591338953)
1(0.01127370102535135, 0.011364293919820915)
1(0.007090521675872796, 0.007178912866113996)
1(0.013121576943997739, 0.013208565740803799)
1(0.007427817348293904, 0.007512768868909485)
1(0.007930083384773932, 0.008011938138889308)
1(0.007873031181048842, 0.007953479348530688)
1(0.02297935208327793, 0.02305877779986607)
1(0.009194609918389832, 0.009264010455075206)
1(0.007257589995930499, 0.007311514172194062)
1(0.008374803335026045, 0.008428689148149492)
1(0.01753526939949461, 0.01758485291019609)
1(0.012926382066116428, 0.012975785506781731)
1(0.0301686096395622, 0.030217997027840764)
1(0.01549336337598446, 0.015541320138093477)
1(0.006395710056883639, 0.006434267410107349)
1(0.02181639709751923, 0.02184380572533295)
1(0.007531310840836529, 0.007557890283941989)
1(0.007711129078301549, 0.007726756777941392)
1(0.015036154060329347, 0.015049669904708433)
1(0.01037414955183479, 0.0103874007082139)
1(0.021738259259658863, 0.021749418606363077)
1(0.01368285346789375, 0.013693051050298078)
0(0.0, inf)
0(0.0, 0.2344936947779772)
0(0.0, 0.18687532214258304)
0(0.0, 0.1719912926715563)
0(0.0, 0.13257235408532966)
0(0.0, 0.07150899022465669)
0(0.0, 0.06073225684359182)
0(0.0, 0.05262173321448724)
0(0.0, 0.048758909154418224)
0(0.0, 0.039557946049515666)
0(0.0, 0.034430960988609684)
0(0.0, 0.03169524950756608)
0(0.0, 0.03109115034405858)
0(0.0, 0.030119903494155)
0(0.0, 0.027478256038595935)
0(0.0, 0.026510611941411303)
0(0.0, 0.02496019068455742)
0(0.0, 0.02465888350141083)
0(0.0, 0.024612147577736602)
0(0.0, 0.02362334218815702)
0(0.0, 0.02349102465373809)
0(0.0, 0.0232540428290235)
0(0.0, 0.023251192815819048)
0(0.0, 0.022831614144099115)
0(0.0, 0.022772160910278692)
0(0.0, 0.0225985511494282)
0(0.0, 0.02220125408044873)
0(0.0, 0.021867083781174364)
0(0.0, 0.021489027002709802)
0(0.0, 0.021483425317676053)
0(0.0, 0.02143251606901018)
0(0.0, 0.021292615698287883)
0(0.0, 0.021168560302945477)
0(0.0, 0.021150509170668498)
0(0.0, 0.020993614031575503)
0(0.0, 0.020831885641524186)
0(0.0, 0.02076319858272884)
0(0.0, 0.020602822111182573)
0(0.0, 0.020403232014031294)
0(0.0, 0.020366409229113213)
0(0.0, 0.020158493470809634)
0(0.0, 0.02013229086077823)
0(0.0, 0.020119093385656293)
0(0.0, 0.020051019791800767)
0(0.0, 0.020031986598651037)
0(0.0, 0.019993462180919373)
0(0.0, 0.019853146658045575)
0(0.0, 0.019801481294419453)
0(0.0, 0.019737831274847347)
0(0.0, 0.019719761011976294)
0(0.0, 0.019575261110958614)
0(0.0, 0.019547816792703395)
0(0.0, 0.019493691159225505)
0(0.0, 0.019491556046398333)
0(0.0, 0.019412757855739256)
0(0.0, 0.01934676305657577)
0(0.0, 0.019229814396635073)
0(0.0, 0.019084294884579925)
0(0.0, 0.019059848097636944)
0(0.0, 0.01899190334507581)
0(0.0, 0.018936623731530967)
0(0.0, 0.01877362426164337)
0(0.0, 0.0186054408594306)
0(0.0, 0.018542949797924476)
0(0.0, 0.018540166066741786)
0(0.0, 0.018492862244649372)
0(0.0, 0.018461249033983884)
0(0.0, 0.01834708235625777)
0(0.0, 0.018320821094125188)
0(0.0, 0.018301095094417203)
0(0.0, 0.018295119921506967)
0(0.0, 0.018258829068869595)
0(0.0, 0.018194210423765428)
0(0.0, 0.018152885582363658)
0(0.0, 0.018055384206104304)
0(0.0, 0.018030072495745775)
0(0.0, 0.01802038839597066)
0(0.0, 0.018001396973068257)
0(0.0, 0.01799314619770534)
0(0.0, 0.01791676270921488)
0(0.0, 0.017912820021046202)
0(0.0, 0.017867319956124197)
0(0.0, 0.017790945039619938)
0(0.0, 0.01772630103370648)
0(0.0, 0.017639413296880173)
0(0.0, 0.017625586594863834)
0(0.0, 0.017622370561640687)
0(0.0, 0.01755754993991577)
0(0.0, 0.017500547730637316)
0(0.0, 0.017466036934244557)
0(0.0, 0.0174538542588513)
0(0.0, 0.01743367266794227)
0(0.0, 0.01736687645179385)
0(0.0, 0.017351434873440718)
0(0.0, 0.017285584556416822)
0(0.0, 0.017241143922540992)
0(0.0, 0.017228590489226536)
0(0.0, 0.017209315500167705)
0(0.0, 0.01712152972357622)
0(0.0, 0.017105810175836726)
0(0.0, 0.01708335664345999)
0(0.0, 0.01707619831804566)
0(0.0, 0.01698158310953649)
0(0.0, 0.0169352778346945)
0(0.0, 0.016922746880634443)
0(0.0, 0.016902739437925342)
0(0.0, 0.016865663783284156)
0(0.0, 0.016774856759305092)
0(0.0, 0.01676970690958218)
0(0.0, 0.016763195137025445)
0(0.0, 0.016745213407053847)
0(0.0, 0.01669544925663282)
0(0.0, 0.016622023062589576)
0(0.0, 0.01657983383016837)
0(0.0, 0.016550798831720493)
0(0.0, 0.016537914287732765)
0(0.0, 0.016519043941435187)
0(0.0, 0.01650205140207542)
0(0.0, 0.01648443841862865)
0(0.0, 0.016421450962993998)
0(0.0, 0.016364984884293398)
0(0.0, 0.01635972873468073)
0(0.0, 0.016345332882011225)
0(0.0, 0.0163225839554239)
0(0.0, 0.01626205812493966)
0(0.0, 0.016239506037600517)
0(0.0, 0.01618120584929415)
0(0.0, 0.01618006786659676)
0(0.0, 0.016178077921952326)
0(0.0, 0.01616851276084846)
0(0.0, 0.01612247718004369)
0(0.0, 0.01611081283173569)
0(0.0, 0.01602193201860887)
0(0.0, 0.015934091277484387)
0(0.0, 0.015929681883484204)
0(0.0, 0.01586365314835015)
0(0.0, 0.0158381656342273)
0(0.0, 0.015804375249645446)
0(0.0, 0.01580342025190662)
0(0.0, 0.01580211671797709)
0(0.0, 0.015783137678252287)
0(0.0, 0.015781213205985887)
0(0.0, 0.015780689285400336)
0(0.0, 0.01572295769295667)
0(0.0, 0.015709349853141003)
0(0.0, 0.015687452192163998)
0(0.0, 0.01552099315178898)
0(0.0, 0.015483481919636829)
0(0.0, 0.015428537852701088)
0(0.0, 0.015409733158667848)
0(0.0, 0.015384061612467128)
0(0.0, 0.015382248430943516)
0(0.0, 0.015361905077402253)
0(0.0, 0.015346214562373348)
0(0.0, 0.015314419881734402)
0(0.0, 0.015311293055654228)
0(0.0, 0.01531128791565981)
0(0.0, 0.015229525205042149)
0(0.0, 0.015154489532022314)
0(0.0, 0.015152491444815964)
0(0.0, 0.015095842502687555)
0(0.0, 0.015051336054134905)
0(0.0, 0.015013928682518076)
0(0.0, 0.014971578335141457)
0(0.0, 0.014969170578059169)
0(0.0, 0.01496904211103264)
0(0.0, 0.014939220413277547)
0(0.0, 0.014923698931166435)
0(0.0, 0.014882879539196208)
0(0.0, 0.014871693484602015)
0(0.0, 0.014861595653194224)
0(0.0, 0.014827892457446592)
0(0.0, 0.01478326983873782)
0(0.0, 0.014730890284077579)
0(0.0, 0.014711895386288441)
0(0.0, 0.01470219040090967)
0(0.0, 0.014701983160147928)
0(0.0, 0.014698247128541161)
0(0.0, 0.014614240033422361)
0(0.0, 0.014597526195228347)
0(0.0, 0.014492278461150228)
0(0.0, 0.014488340121335383)
0(0.0, 0.014375774719150466)
0(0.0, 0.014355787881869494)
0(0.0, 0.014270885579746194)
0(0.0, 0.0142484100888562)
0(0.0, 0.014236020922025281)
0(0.0, 0.014228643326335303)
0(0.0, 0.01416320578992107)
0(0.0, 0.014157580015877578)
0(0.0, 0.014147155473945083)
0(0.0, 0.01413916216106878)
0(0.0, 0.014117617180570224)
0(0.0, 0.014091528684658652)
0(0.0, 0.014020280414147285)
0(0.0, 0.014019836868302216)
0(0.0, 0.013972013226333737)
0(0.0, 0.013920623742555269)
0(0.0, 0.01391416882893911)
0(0.0, 0.013894085884668584)
0(0.0, 0.013871219027722273)
0(0.0, 0.013755768377284724)
0(0.0, 0.013748821716393267)
0(0.0, 0.013701579428466485)
0(0.0, 0.013674317243588288)
0(0.0, 0.013640935969487922)
0(0.0, 0.01359006093766526)
0(0.0, 0.013580031032391098)
0(0.0, 0.01357592747898308)
0(0.0, 0.013569459148329436)
0(0.0, 0.01338592713057566)
0(0.0, 0.013347324551903463)
0(0.0, 0.01331673738929794)
0(0.0, 0.013280933951614612)
0(0.0, 0.013198674472199304)
0(0.0, 0.01318633986484139)
0(0.0, 0.013179236967142793)
0(0.0, 0.013160485650975435)
0(0.0, 0.013121988159468719)
0(0.0, 0.01304131111469466)
0(0.0, 0.013040028530562119)
0(0.0, 0.012986608058434122)
0(0.0, 0.012937119195827124)
0(0.0, 0.012876344138106675)
0(0.0, 0.012855249247661911)
0(0.0, 0.01284157746158071)
0(0.0, 0.012740503216288081)
0(0.0, 0.012713359530517651)
0(0.0, 0.012667170011098293)
0(0.0, 0.012550653561215465)
0(0.0, 0.01243645232308723)
0(0.0, 0.012428973822469156)
0(0.0, 0.01237126568393973)
0(0.0, 0.012255660999709487)
0(0.0, 0.012254176432520773)
0(0.0, 0.012223644153354014)
0(0.0, 0.012135028124997643)
0(0.0, 0.012108265729274589)
0(0.0, 0.012065411147813785)
0(0.0, 0.011997656283854812)
0(0.0, 0.011970184509253644)
0(0.0, 0.011758356082571959)
0(0.0, 0.011700354453175807)
0(0.0, 0.011698445238603035)
0(0.0, 0.011671072329598107)
0(0.0, 0.011665656097368087)
0(0.0, 0.011623824389666738)
0(0.0, 0.011548226009437286)
0(0.0, 0.011514927829840305)
0(0.0, 0.011334898105732846)
0(0.0, 0.011233234125381119)
0(0.0, 0.01121971738220262)
0(0.0, 0.011121920830286758)
0(0.0, 0.011073963202560648)
0(0.0, 0.011064186053209314)
0(0.0, 0.011022588003084087)
0(0.0, 0.010935788469370957)
0(0.0, 0.010923375276923065)
0(0.0, 0.010919007003494314)
0(0.0, 0.010910192706822612)
0(0.0, 0.010884480382526825)
0(0.0, 0.010790969421118745)
0(0.0, 0.010790928343615423)
0(0.0, 0.010578471821460475)
0(0.0, 0.0105779240181374)
0(0.0, 0.01057103181458595)
0(0.0, 0.010558816216922907)
0(0.0, 0.010534983215230224)
0(0.0, 0.010519461701636331)
0(0.0, 0.010510534142734241)
0(0.0, 0.010482598477841467)
0(0.0, 0.01043987288692889)
0(0.0, 0.010432112404089365)
0(0.0, 0.010379982734609617)
0(0.0, 0.010332307217874757)
0(0.0, 0.010275591815330219)
0(0.0, 0.010247657957986241)
0(0.0, 0.010188303993123782)
0(0.0, 0.010176393711862483)
0(0.0, 0.010174897051609668)
0(0.0, 0.010169204038910497)
0(0.0, 0.010167967538261647)
0(0.0, 0.010100380007089039)
0(0.0, 0.010060115644083012)
0(0.0, 0.01005281098022204)
0(0.0, 0.010028985584143457)
0(0.0, 0.010014057042128752)
0(0.0, 0.010007548111820948)
0(0.0, 0.00998173651974214)
0(0.0, 0.009923583949370329)
0(0.0, 0.009907517494381271)
0(0.0, 0.009903646477916672)
0(0.0, 0.009892741387243834)
0(0.0, 0.009888404760548837)
0(0.0, 0.009863157621072118)
0(0.0, 0.009772474995249572)
0(0.0, 0.009765299505285747)
0(0.0, 0.00973727814215643)
0(0.0, 0.009673601747756685)
0(0.0, 0.009633283151103627)
0(0.0, 0.009622701434758473)
0(0.0, 0.009577005063724373)
0(0.0, 0.009550379513003238)
0(0.0, 0.00954591177470673)
0(0.0, 0.009534718080733228)
0(0.0, 0.009472968609753404)
0(0.0, 0.009398405253293394)
0(0.0, 0.009379969741964542)
0(0.0, 0.009277965039268608)
0(0.0, 0.009260634714756496)
0(0.0, 0.009244769831985083)
0(0.0, 0.009225638216574008)
0(0.0, 0.009158379147140452)
0(0.0, 0.009147259896300998)
0(0.0, 0.0091341705427602)
0(0.0, 0.00912748802142131)
0(0.0, 0.0091067949827765)
0(0.0, 0.009069652861036679)
0(0.0, 0.008915363329770892)
0(0.0, 0.008854741714964445)
0(0.0, 0.008850689231505124)
0(0.0, 0.008832660727944901)
0(0.0, 0.008795802433446237)
0(0.0, 0.008638072384035729)
0(0.0, 0.008624040029138132)
0(0.0, 0.008620742645823848)
0(0.0, 0.008607570749993479)
0(0.0, 0.008575626743840579)
0(0.0, 0.008570628798628585)
0(0.0, 0.008569660932082921)
0(0.0, 0.008534503034708214)
0(0.0, 0.008500989091158831)
0(0.0, 0.008449306442977866)
0(0.0, 0.00844927010516961)
0(0.0, 0.008382091963306288)
0(0.0, 0.008347436184460402)
0(0.0, 0.00832230304321803)
0(0.0, 0.0083158402834939)
0(0.0, 0.008233994549878654)
0(0.0, 0.008199985373013877)
0(0.0, 0.008199947414511891)
0(0.0, 0.008172305469908386)
0(0.0, 0.008138481347744326)
0(0.0, 0.008112663640573864)
0(0.0, 0.008075188004558892)
0(0.0, 0.008070329488895875)
0(0.0, 0.008019982584183842)
0(0.0, 0.007946562123398537)
0(0.0, 0.007935750271717019)
0(0.0, 0.007878358893913051)
0(0.0, 0.007857139776066835)
0(0.0, 0.00781469308742339)
0(0.0, 0.0078024590439414255)
0(0.0, 0.007790352649866769)
0(0.0, 0.007731390736466227)
0(0.0, 0.007674962870219664)
0(0.0, 0.007654202211631196)
0(0.0, 0.007629419685036652)
0(0.0, 0.007623133011985123)
0(0.0, 0.007617871697896602)
0(0.0, 0.007606287462771029)
0(0.0, 0.007600364504046738)
0(0.0, 0.007578231659338415)
0(0.0, 0.007564154946880825)
0(0.0, 0.007550504871884243)
0(0.0, 0.007457425810858679)
0(0.0, 0.007442259242093704)
0(0.0, 0.007441562595117833)
0(0.0, 0.007348692067371214)
0(0.0, 0.007346543348281971)
0(0.0, 0.0073305567600507595)
0(0.0, 0.007304385388999287)
0(0.0, 0.007301589112743411)
0(0.0, 0.007295560690385357)
0(0.0, 0.0072619645818957175)
0(0.0, 0.007211616185004264)
0(0.0, 0.007172743165216281)
0(0.0, 0.007149373090355961)
0(0.0, 0.007133667336660652)
0(0.0, 0.007104750231803559)
0(0.0, 0.0070775405575543545)
0(0.0, 0.007057852215682902)
0(0.0, 0.007034914809195919)
0(0.0, 0.006968942739576078)
0(0.0, 0.006963809601759487)
0(0.0, 0.0069421654594114405)
0(0.0, 0.006937391642757281)
0(0.0, 0.006927680305977691)
0(0.0, 0.006913398035017406)
0(0.0, 0.006907079565043896)
0(0.0, 0.006849050504297766)
0(0.0, 0.006802928273984126)
0(0.0, 0.006780988138113398)
0(0.0, 0.006766433867820056)
0(0.0, 0.006756846465283957)
0(0.0, 0.00672646201921207)
0(0.0, 0.006668233055507426)
0(0.0, 0.0066657669646465545)
0(0.0, 0.006591103875689468)
0(0.0, 0.006565372013336495)
0(0.0, 0.006543158022200288)
0(0.0, 0.006541144419916707)
0(0.0, 0.006518812112955383)
0(0.0, 0.00650951729176243)
0(0.0, 0.006409770857502232)
0(0.0, 0.00630027765185265)
0(0.0, 0.006201752071264953)
0(0.0, 0.00616372173421207)
0(0.0, 0.0061589430132110625)
0(0.0, 0.006127201182687272)
0(0.0, 0.006120308784561855)
0(0.0, 0.0060283146728042905)
0(0.0, 0.005977724794620922)
0(0.0, 0.005966323316795351)
0(0.0, 0.005928969895022963)
0(0.0, 0.00591076343618844)
0(0.0, 0.005877029616147242)
0(0.0, 0.005865167412110162)
0(0.0, 0.005831338631734948)
0(0.0, 0.005745282286808282)
0(0.0, 0.005705483672823728)
0(0.0, 0.00570367774402332)
0(0.0, 0.0055950627980127)
0(0.0, 0.005485799060848859)
0(0.0, 0.005401814924838795)
0(0.0, 0.00526720811493442)
0(0.0, 0.005259797865996969)
0(0.0, 0.005171151307441172)
0(0.0, 0.005133877978362375)
0(0.0, 0.004985172780824031)
0(0.0, 0.00492688914343099)
0(0.0, 0.0046841274103578264)
