1(0.03207772478421554, 0.03824220272769464)
1(0.025600212099037085, 0.03151439190282447)
1(0.029290503109942065, 0.03358545117228189)
1(0.023464534008374154, 0.027503290857068218)
1(0.0858327774570112, 0.08978558603519722)
1(0.02474736014339376, 0.028156890786988614)
1(0.02375798569772979, 0.0268056902939976)
1(0.02369005981423753, 0.026197596746309264)
1(0.016347755516890564, 0.018778460968130854)
1(0.011226912136379568, 0.013598055962163187)
1(0.029917602632215476, 0.032066843770195835)
1(0.018326764692433273, 0.020466044778242515)
1(0.025055365669705683, 0.027058649395686935)
1(0.011042927976339172, 0.012932975294683312)
1(0.028729809055924455, 0.030558998141175336)
1(0.007439859316795593, 0.009268005019788077)
1(0.009427324171606135, 0.011252257336147887)
1(0.021433490381729873, 0.023228707902954993)
1(0.03162473863167559, 0.03339096166092611)
1(0.012599200277929426, 0.014347781127455059)
1(0.009837018333784012, 0.011581045411565493)
1(0.029158522660109102, 0.03084504008690006)
1(0.0213139217519031, 0.022933945425427656)
1(0.011818577056701397, 0.013395738235923096)
1(0.02398845570137075, 0.02553172996672363)
1(0.009389623392376225, 0.010876636617954733)
1(0.009890249432973217, 0.011356524078065722)
1(0.011464960064020913, 0.01289783635019279)
1(0.01216591907491103, 0.013561862440361203)
1(0.0160644006845794, 0.017456992389548096)
1(0.008888752959749516, 0.010233102638013919)
1(0.030000837494695613, 0.031341688890559896)
1(0.030995537859485098, 0.0322664008184441)
1(0.017633366470373474, 0.01887423278043313)
1(0.022134313374721097, 0.023332360600320925)
1(0.008505141390154259, 0.009681623391307547)
1(0.010939800987595573, 0.012103021062496057)
1(0.010164430813667778, 0.011296452431447956)
1(0.012014866737706891, 0.013076197175814678)
1(0.011768145947452418, 0.012828629087619342)
1(0.009264997395018224, 0.010315280517762357)
1(0.011180351978144116, 0.012229171500037278)
1(0.020288910003514172, 0.02128277191777694)
1(0.013625356532466212, 0.014605540970213446)
1(0.009070060371592756, 0.010045509851503265)
1(0.02522380912503298, 0.026197596746309264)
1(0.009592489164071528, 0.01055191390508254)
1(0.011162714865924477, 0.01211870475852487)
1(0.010071786264395656, 0.011004012289415341)
1(0.025065501346480636, 0.02595415381721319)
1(0.02326034723475631, 0.024140318676093366)
1(0.012910049245599981, 0.013771152503815293)
1(0.021728057547388775, 0.02258361115865528)
1(0.042559280414178044, 0.043406064472175536)
1(0.009458634741152423, 0.010298401705238472)
1(0.007772738878073102, 0.008600738979046858)
1(0.03052599171287116, 0.031341688890559896)
1(0.0077642046818224815, 0.00857130978646177)
1(0.009071321462737638, 0.009875915117845776)
1(0.010783901129094423, 0.011581045411565493)
1(0.025946649197905392, 0.026743288567569783)
1(0.011193529944929281, 0.011969159870266432)
1(0.012684551284060723, 0.013433773630077993)
1(0.01188944531544292, 0.012638002394009354)
1(0.02280398612157172, 0.023537282855931093)
1(0.01801181734114412, 0.01873952614721328)
1(0.008000234649542444, 0.008723162149227874)
1(0.01615391119818858, 0.01686657991778939)
1(0.011462223400684741, 0.012171538104203928)
1(0.011318158369350214, 0.012022957603193898)
1(0.02987997875436434, 0.030581552069980655)
1(0.011250386697501526, 0.011944313590361494)
1(0.028580708361547125, 0.02925393718805737)
1(0.012494619816339902, 0.01316737097594053)
1(0.0159217642277936, 0.016584456983418608)
1(0.03859792482080687, 0.039217285159767724)
1(0.02329996496300768, 0.02389496750836663)
1(0.016208792643464698, 0.016763806176794335)
1(0.01369157969930067, 0.014221030602082112)
1(0.011955487570901134, 0.012482159669153987)
1(0.008954435660901169, 0.009469478731934593)
1(0.00898584195832337, 0.009498106521077966)
1(0.016328711610545155, 0.016840063244065836)
1(0.014606848518826236, 0.015110149796501136)
1(0.02659709846411583, 0.027072746450005864)
1(0.009036967801641165, 0.009510321528579857)
1(0.012014776010074623, 0.01248418734285917)
1(0.016467464928447487, 0.016927545427469517)
1(0.008945361973272347, 0.00940162332786787)
1(0.009102007310988123, 0.009544983437948374)
1(0.010609405199540832, 0.011050404495140578)
1(0.013625438099838669, 0.014052589030606374)
1(0.0118890117807129, 0.012307806696760576)
1(0.010607185395819486, 0.011018048342095904)
1(0.020305401615787713, 0.0207022434688353)
1(0.023903775294863188, 0.024298849029558554)
1(0.01253979323753174, 0.01293412740419057)
1(0.022069123842780362, 0.02245396805153086)
1(0.009110484400477155, 0.009487220843256506)
1(0.00909300562912667, 0.009417087414221346)
1(0.011809805487513463, 0.012111006354654936)
1(0.015533727755123725, 0.01581055251160098)
1(0.012880817011073586, 0.013156472984410085)
1(0.00941833527056806, 0.009685835788621)
1(0.010184539712445173, 0.010424174983579032)
1(0.01180825861299668, 0.012046333323383935)
1(0.021886824823241335, 0.022123616507511847)
1(0.010307917203169228, 0.010525759633235569)
1(0.008247845872343503, 0.008458258037242468)
1(0.021928930436816107, 0.022123616507511847)
1(0.009600090769833505, 0.009788088224488458)
1(0.016073185812687667, 0.016256328905673526)
1(0.009875382094553886, 0.01005505455835147)
1(0.022032076669774865, 0.0222028979299372)
1(0.011892274069339084, 0.0120522220958249)
1(0.012774457786609078, 0.012933511157311204)
1(0.00810518015204404, 0.00826420103617142)
1(0.008047973137984707, 0.008205520013355188)
1(0.015651888477820425, 0.015804648400147316)
1(0.008893616691516365, 0.00904295941445374)
1(0.028802355218935146, 0.028936020666590283)
1(0.016387711509212134, 0.016517558012570512)
1(0.007017118879334716, 0.007141438351877484)
1(0.008810595797659913, 0.008916659057385812)
1(0.018159739190498184, 0.018258606420870866)
1(0.01697845253022305, 0.01707606281724111)
1(0.010114234784931434, 0.010206722181578719)
1(0.01588835731094156, 0.015980828385788057)
1(0.01338352688687531, 0.013471753238486579)
1(0.028476067159295355, 0.028563192671484383)
1(0.009982688842261217, 0.010057042381759725)
1(0.008467148735744974, 0.008533676964296143)
1(0.014531291773492409, 0.014594125604011124)
1(0.010187165505731257, 0.010242430462718584)
1(0.033465958427347994, 0.033517133399038536)
1(0.01026701005992149, 0.010314275350118474)
1(0.008815728165037938, 0.008862673449216322)
1(0.017448091996397835, 0.01748618493843971)
1(0.008566252633425706, 0.0086038330080699)
1(0.01000821308729688, 0.0100408310709425)
1(0.012069770361145588, 0.0121000223919265)
1(0.008858495784547222, 0.008881476111780086)
1(0.007035217350751687, 0.007058002482759954)
1(0.018169801855710654, 0.01819190751847086)
1(0.010546206559212234, 0.010568079035353214)
1(0.0122922286503478, 0.012307806696760576)
1(0.024107008029485736, 0.024111980842460558)
1(0.009455053914526085, 0.009457683416384212)
0(0.0, inf)
0(0.0, 0.4704151184141557)
0(0.0, 0.42744650533061956)
0(0.0, 0.0918017849505592)
0(0.0, 0.0852711179149595)
0(0.0, 0.08463584137150026)
0(0.0, 0.07870312048613463)
0(0.0, 0.06434934634088275)
0(0.0, 0.06423084390565953)
0(0.0, 0.05999956235302831)
0(0.0, 0.05220127963545148)
0(0.0, 0.049664959184560736)
0(0.0, 0.0486622780464401)
0(0.0, 0.0477388425368913)
0(0.0, 0.046739090515233915)
0(0.0, 0.04205629392947121)
0(0.0, 0.038560532137496974)
0(0.0, 0.03826688014399391)
0(0.0, 0.035600392421042654)
0(0.0, 0.035549181282442124)
0(0.0, 0.03310190681950048)
0(0.0, 0.03299366467555959)
0(0.0, 0.03165731580111037)
0(0.0, 0.03162099959718641)
0(0.0, 0.03079501685724691)
0(0.0, 0.030438829001489438)
0(0.0, 0.029483848835680646)
0(0.0, 0.029354466004472925)
0(0.0, 0.02922437190918689)
0(0.0, 0.029160260482653317)
0(0.0, 0.028293333126696376)
0(0.0, 0.02773679590746199)
0(0.0, 0.027718252074583723)
0(0.0, 0.027561100446563742)
0(0.0, 0.027381401069602747)
0(0.0, 0.02732479600252025)
0(0.0, 0.027316631207623475)
0(0.0, 0.027254490677495614)
0(0.0, 0.02715931536308001)
0(0.0, 0.02692426524805391)
0(0.0, 0.026906177606234444)
0(0.0, 0.026540950601315925)
0(0.0, 0.026387001804137524)
0(0.0, 0.026145572024451842)
0(0.0, 0.026016803157763686)
0(0.0, 0.02526186746947892)
0(0.0, 0.025041872270785737)
0(0.0, 0.024508170564465467)
0(0.0, 0.023863287327220782)
0(0.0, 0.023850478496628164)
0(0.0, 0.0238494387009115)
0(0.0, 0.023808862356127693)
0(0.0, 0.023738510502151398)
0(0.0, 0.023674213188731034)
0(0.0, 0.02345875741557415)
0(0.0, 0.02342174435995866)
0(0.0, 0.02325181920305856)
0(0.0, 0.02323963025085993)
0(0.0, 0.023211977529543685)
0(0.0, 0.02305378221889211)
0(0.0, 0.022949367069052436)
0(0.0, 0.022780012312002683)
0(0.0, 0.022778630986251092)
0(0.0, 0.02237337561744401)
0(0.0, 0.02235256762868805)
0(0.0, 0.02229772956844309)
0(0.0, 0.022229682509097647)
0(0.0, 0.022189124206270124)
0(0.0, 0.021976672948372994)
0(0.0, 0.021963527089588448)
0(0.0, 0.02195750799325182)
0(0.0, 0.021882509966232835)
0(0.0, 0.021843815321194802)
0(0.0, 0.021719967700818556)
0(0.0, 0.021718525894040948)
0(0.0, 0.021685546776331718)
0(0.0, 0.021681238858009405)
0(0.0, 0.02166739993475749)
0(0.0, 0.021646075628549515)
0(0.0, 0.021323744259983506)
0(0.0, 0.021280321967835098)
0(0.0, 0.021274646730222644)
0(0.0, 0.02123161218106899)
0(0.0, 0.021171163993114504)
0(0.0, 0.021101834714928738)
0(0.0, 0.021097922953141418)
0(0.0, 0.020944963946298342)
0(0.0, 0.020882448611481474)
0(0.0, 0.020870040035087776)
0(0.0, 0.02078551753239776)
0(0.0, 0.02067910141654249)
0(0.0, 0.02066467118780821)
0(0.0, 0.020657339715122763)
0(0.0, 0.020609599164420535)
0(0.0, 0.020257131881853883)
0(0.0, 0.020236955377811363)
0(0.0, 0.019966160855329314)
0(0.0, 0.01996257979379487)
0(0.0, 0.019675595408752623)
0(0.0, 0.019614474097698145)
0(0.0, 0.01958868433714109)
0(0.0, 0.019415398540482468)
0(0.0, 0.019395400270479694)
0(0.0, 0.01939223401493175)
0(0.0, 0.019367033610749745)
0(0.0, 0.019264214000157414)
0(0.0, 0.01925350792023626)
0(0.0, 0.019179429687820024)
0(0.0, 0.01917059217863532)
0(0.0, 0.018987148650775536)
0(0.0, 0.01887880957377593)
0(0.0, 0.018856750521809445)
0(0.0, 0.018767243035458424)
0(0.0, 0.01876117789827718)
0(0.0, 0.018626476134948087)
0(0.0, 0.018602620738494367)
0(0.0, 0.018549636982569347)
0(0.0, 0.018347636914162753)
0(0.0, 0.018020913279423345)
0(0.0, 0.017955281795207854)
0(0.0, 0.017941325862569357)
0(0.0, 0.017876701516499286)
0(0.0, 0.01782333291293581)
0(0.0, 0.017820529087875504)
0(0.0, 0.017788762688273008)
0(0.0, 0.017763753602859367)
0(0.0, 0.01773086792758824)
0(0.0, 0.01771678333509985)
0(0.0, 0.017658845340579828)
0(0.0, 0.017628715366552833)
0(0.0, 0.017583235144327976)
0(0.0, 0.017574184890547014)
0(0.0, 0.017331456530005243)
0(0.0, 0.017292649084547536)
0(0.0, 0.017260756604582428)
0(0.0, 0.017109101051979412)
0(0.0, 0.016966434323472307)
0(0.0, 0.01685781903898639)
0(0.0, 0.01664647861638692)
0(0.0, 0.01658901802654865)
0(0.0, 0.016526016411840073)
0(0.0, 0.016471271218366647)
0(0.0, 0.016464635262745907)
0(0.0, 0.016449404194722926)
0(0.0, 0.01635689972593306)
0(0.0, 0.016330702681012214)
0(0.0, 0.016206582223320692)
0(0.0, 0.016049782813112697)
0(0.0, 0.016042205412945012)
0(0.0, 0.01593680253320838)
0(0.0, 0.015864380518204307)
0(0.0, 0.01582430775879621)
0(0.0, 0.01569357366059161)
0(0.0, 0.015669494259062503)
0(0.0, 0.015620364933662973)
0(0.0, 0.015610952479947085)
0(0.0, 0.015532831380449487)
0(0.0, 0.015480500134256763)
0(0.0, 0.01541632613354829)
0(0.0, 0.015384845729712066)
0(0.0, 0.015155083413213843)
0(0.0, 0.015145408345590784)
0(0.0, 0.015145130624327522)
0(0.0, 0.015127259331480278)
0(0.0, 0.015119332862449554)
0(0.0, 0.015028849357551515)
0(0.0, 0.014994798603454278)
0(0.0, 0.014989083161354428)
0(0.0, 0.01498700133565454)
0(0.0, 0.014973696283720469)
0(0.0, 0.014939981838384863)
0(0.0, 0.014939590539664203)
0(0.0, 0.01491517551096459)
0(0.0, 0.014834944468892936)
0(0.0, 0.014760882613023428)
0(0.0, 0.014686822887410828)
0(0.0, 0.014559397642975563)
0(0.0, 0.014505431985448273)
0(0.0, 0.014481593562624686)
0(0.0, 0.014476387133054328)
0(0.0, 0.014453983648764447)
0(0.0, 0.014437268373863653)
0(0.0, 0.014423662607157068)
0(0.0, 0.01442283018518256)
0(0.0, 0.014322166474763396)
0(0.0, 0.014298876430098554)
0(0.0, 0.014266816517668217)
0(0.0, 0.014128458165390352)
0(0.0, 0.0140613664743221)
0(0.0, 0.014037803887823093)
0(0.0, 0.014030538848488403)
0(0.0, 0.01401079722040798)
0(0.0, 0.013992706780761345)
0(0.0, 0.013783758667396132)
0(0.0, 0.013557420315471847)
0(0.0, 0.013289737119228751)
0(0.0, 0.013255864748414692)
0(0.0, 0.01323378486856157)
0(0.0, 0.01320683004370562)
0(0.0, 0.01318064200335871)
0(0.0, 0.013153119638942772)
0(0.0, 0.013127758052834625)
0(0.0, 0.013051203755458658)
0(0.0, 0.013012683965816044)
0(0.0, 0.012951909380398542)
0(0.0, 0.012713708115695414)
0(0.0, 0.012647335912993097)
0(0.0, 0.01252241192166176)
0(0.0, 0.012289723201030537)
0(0.0, 0.01221377672891016)
0(0.0, 0.012109098680438737)
0(0.0, 0.012078778465624435)
0(0.0, 0.011955985860148342)
0(0.0, 0.011880909428126545)
0(0.0, 0.011838759639822963)
0(0.0, 0.011819666173674203)
0(0.0, 0.011796953244135797)
0(0.0, 0.011791651631586901)
0(0.0, 0.011790063284632335)
0(0.0, 0.011648982267608896)
0(0.0, 0.011567606767592066)
0(0.0, 0.011540708360014678)
0(0.0, 0.011478974809055919)
0(0.0, 0.011469375499145317)
0(0.0, 0.01146700305927458)
0(0.0, 0.01144869006366014)
0(0.0, 0.01142475867522587)
0(0.0, 0.011413813972679)
0(0.0, 0.011386543783800437)
0(0.0, 0.011354618985685303)
0(0.0, 0.011337425878327298)
0(0.0, 0.01130810507828582)
0(0.0, 0.01127078803277577)
0(0.0, 0.011228062957794951)
0(0.0, 0.011216994920490372)
0(0.0, 0.011180907378793613)
0(0.0, 0.011143043093810989)
0(0.0, 0.011077635175869172)
0(0.0, 0.011072662214490436)
0(0.0, 0.011057365188632484)
0(0.0, 0.011054358104516321)
0(0.0, 0.01102059753216017)
0(0.0, 0.01100578320615178)
0(0.0, 0.010887681115554286)
0(0.0, 0.010841946351977027)
0(0.0, 0.01081197455019972)
0(0.0, 0.010800596797289832)
0(0.0, 0.010769115401050617)
0(0.0, 0.010763119631379605)
0(0.0, 0.010748766791956623)
0(0.0, 0.010707657207356029)
0(0.0, 0.010702907166212083)
0(0.0, 0.01067372541988686)
0(0.0, 0.010644649316426363)
0(0.0, 0.010607793858278692)
0(0.0, 0.010605456622177866)
0(0.0, 0.010537320293432807)
0(0.0, 0.010468335622500767)
0(0.0, 0.010452823027807902)
0(0.0, 0.010424980401355291)
0(0.0, 0.010380898963450189)
0(0.0, 0.010369161010908906)
0(0.0, 0.010338574133625772)
0(0.0, 0.010332077270378852)
0(0.0, 0.010330363969889072)
0(0.0, 0.010260044324995842)
0(0.0, 0.010135407186575223)
0(0.0, 0.010113644149534534)
0(0.0, 0.0100940498584958)
0(0.0, 0.010066065229497177)
0(0.0, 0.010063930779881174)
0(0.0, 0.010048238260028628)
0(0.0, 0.009972347542861476)
0(0.0, 0.009949525605865357)
0(0.0, 0.00993619398137564)
0(0.0, 0.009821904478171205)
0(0.0, 0.00979696067336839)
0(0.0, 0.009740892011026759)
0(0.0, 0.009708123972525046)
0(0.0, 0.009677679332904749)
0(0.0, 0.009586909167816083)
0(0.0, 0.009583704294770455)
0(0.0, 0.009573116221056496)
0(0.0, 0.009572648827597634)
0(0.0, 0.009571544984513135)
0(0.0, 0.009569985557109502)
0(0.0, 0.00955454929973259)
0(0.0, 0.00954596258005431)
0(0.0, 0.009502930460405375)
0(0.0, 0.009493168198218042)
0(0.0, 0.009475549983872476)
0(0.0, 0.009451557847088777)
0(0.0, 0.009385128583374515)
0(0.0, 0.009379813090744992)
0(0.0, 0.009377365908414977)
0(0.0, 0.009362556635485467)
0(0.0, 0.009335062149548663)
0(0.0, 0.009273749314133363)
0(0.0, 0.00923334062360662)
0(0.0, 0.009222546033831928)
0(0.0, 0.009208300043910598)
0(0.0, 0.009190525242706426)
0(0.0, 0.009128117294195751)
0(0.0, 0.00910635958565415)
0(0.0, 0.009045896854291847)
0(0.0, 0.009020688338205851)
0(0.0, 0.00900157540373748)
0(0.0, 0.008979357664270807)
0(0.0, 0.008968459241337748)
0(0.0, 0.008967901852885877)
0(0.0, 0.00895491476310885)
0(0.0, 0.00893942477964332)
0(0.0, 0.008939207260785407)
0(0.0, 0.00892809669810774)
0(0.0, 0.008882901872587308)
0(0.0, 0.008882697104293397)
0(0.0, 0.008826394384771586)
0(0.0, 0.008825829410201113)
0(0.0, 0.008811503245428941)
0(0.0, 0.008800969579436357)
0(0.0, 0.00868316882767528)
0(0.0, 0.008675334721843106)
0(0.0, 0.008666713616444376)
0(0.0, 0.008666710957639875)
0(0.0, 0.008657671555854026)
0(0.0, 0.008636923361116954)
0(0.0, 0.008631844236339902)
0(0.0, 0.008623481275688698)
0(0.0, 0.008514938445521921)
0(0.0, 0.008513944917320118)
0(0.0, 0.008510833010213862)
0(0.0, 0.008498766144506294)
0(0.0, 0.008441937299867967)
0(0.0, 0.008437452187514178)
0(0.0, 0.008414132686937859)
0(0.0, 0.008399447876955395)
0(0.0, 0.008397077370660715)
0(0.0, 0.008319485513349528)
0(0.0, 0.008299260802024902)
0(0.0, 0.00828647697673046)
0(0.0, 0.008285228683704692)
0(0.0, 0.008277122887244574)
0(0.0, 0.008276594145947076)
0(0.0, 0.00825712366411258)
0(0.0, 0.00824376791351858)
0(0.0, 0.008238122064136776)
0(0.0, 0.008233855083958111)
0(0.0, 0.008231524726072375)
0(0.0, 0.008181032896125227)
0(0.0, 0.008148302063298238)
0(0.0, 0.008132782762497596)
0(0.0, 0.008123969992188972)
0(0.0, 0.008097177061086428)
0(0.0, 0.008096355733027786)
0(0.0, 0.008086753604146448)
0(0.0, 0.008082619627663764)
0(0.0, 0.008076504634179603)
0(0.0, 0.008022385556476963)
0(0.0, 0.008019704888753166)
0(0.0, 0.008005389565994423)
0(0.0, 0.00798365820442009)
0(0.0, 0.007945991917826987)
0(0.0, 0.007923208840701357)
0(0.0, 0.007807454593474489)
0(0.0, 0.00779368623897712)
0(0.0, 0.007774605541399428)
0(0.0, 0.00776876267043762)
0(0.0, 0.007752226319808184)
0(0.0, 0.007733475508752788)
0(0.0, 0.007719580863072226)
0(0.0, 0.007684458556460029)
0(0.0, 0.007637364224317485)
0(0.0, 0.00762074818962081)
0(0.0, 0.00759586368881469)
0(0.0, 0.007576925867565344)
0(0.0, 0.00753227152781609)
0(0.0, 0.007500089179702769)
0(0.0, 0.0074931558407095415)
0(0.0, 0.007475247527559918)
0(0.0, 0.007431682587293726)
0(0.0, 0.007405581462269045)
0(0.0, 0.007383709587717041)
0(0.0, 0.007321909584162161)
0(0.0, 0.007319925373576155)
0(0.0, 0.007304853824167517)
0(0.0, 0.007299360029333769)
0(0.0, 0.007285526024465583)
0(0.0, 0.007267179582658607)
0(0.0, 0.007202619219622229)
0(0.0, 0.007199146919138396)
0(0.0, 0.007182868233561707)
0(0.0, 0.007160432397413953)
0(0.0, 0.007158974825979971)
0(0.0, 0.007156259548129847)
0(0.0, 0.007146949567093097)
0(0.0, 0.007103605196065244)
0(0.0, 0.00710124484648185)
0(0.0, 0.007053534913208434)
0(0.0, 0.007040867548604013)
0(0.0, 0.007009272288928037)
0(0.0, 0.0069915141045370655)
0(0.0, 0.006987504825374865)
0(0.0, 0.006975861414424965)
0(0.0, 0.006965277661083204)
0(0.0, 0.006884834009542999)
0(0.0, 0.006850054544250502)
0(0.0, 0.006782892681081938)
0(0.0, 0.006773918548878279)
0(0.0, 0.006757508301436086)
0(0.0, 0.006751889089421783)
0(0.0, 0.006744431466092542)
0(0.0, 0.006660703244102026)
0(0.0, 0.006657672270845952)
0(0.0, 0.0065608219107545895)
0(0.0, 0.006546023773955356)
0(0.0, 0.006545097276404818)
0(0.0, 0.00649589100111779)
0(0.0, 0.00644024471818285)
0(0.0, 0.006435129362065243)
0(0.0, 0.006419519064840258)
0(0.0, 0.006415739722539337)
0(0.0, 0.0064113052693088165)
0(0.0, 0.006282657980072686)
0(0.0, 0.006270456272278254)
0(0.0, 0.006221452636732294)
0(0.0, 0.00620946404139583)
0(0.0, 0.006049318263859591)
0(0.0, 0.005881142266622806)
0(0.0, 0.005862111931952653)
0(0.0, 0.005646833609076941)
0(0.0, 0.005479923253806254)
0(0.0, 0.0054265354834166935)
