1(0.7888867788537381, 0.9001433730772627)
1(0.8161803533014872, 0.908831576208663)
1(0.8817619839393959, 0.9648665675423551)
1(1.0909763810409703, 1.1718557707587751)
1(0.8197651376180812, 0.8963578782910326)
1(0.8278571750688318, 0.9001433730772627)
1(0.7185631107252735, 0.787619676575359)
1(0.7135448694400092, 0.782308537165127)
1(0.8344299676963475, 0.895222893814456)
1(0.9748111770584275, 1.0310177031356205)
1(0.8101633499764624, 0.8632653095972304)
1(1.0551896088093935, 1.10612075524271)
1(0.7848468563758915, 0.835337179804872)
1(0.7790433610263423, 0.8290192794970681)
1(0.8868882285036516, 0.9350743955413291)
1(0.8512898942472469, 0.8982651676361997)
1(0.7690243913213044, 0.815913055359314)
1(0.7985029620174828, 0.8443196105679922)
1(0.8423882082378203, 0.8878642950818246)
1(0.8122587893947621, 0.8575394293971978)
1(0.820697301930381, 0.8638769183334349)
1(0.690543384350855, 0.7313137544259775)
1(0.9150923237483077, 0.9542981678064216)
1(0.8103220007083507, 0.8487790070238862)
1(0.7739282800957885, 0.8118611212372674)
1(0.9121535987551739, 0.9498633145184249)
1(1.053020961492877, 1.0902003087856411)
1(0.760231256131571, 0.7972318776516215)
1(1.1307682380844528, 1.1665688216607846)
1(0.925505292455608, 0.9602678944924358)
1(0.6961534586950919, 0.7307857865925103)
1(0.7198673598299048, 0.7540586613281527)
1(0.8963147497543967, 0.930110299965311)
1(0.7202773756869014, 0.7521809726769725)
1(0.7820034533717511, 0.8128790749718147)
1(0.8037207083704118, 0.8321228842867674)
1(0.7832002322054922, 0.8116020685500905)
1(0.7685586367653656, 0.7968720214508784)
1(0.9840746625865956, 1.0122281950270684)
1(0.9597981025242084, 0.9874779808094309)
1(0.7700014752436936, 0.7972318776516215)
1(0.9088127484041496, 0.9340072067367331)
1(0.7999282215485615, 0.8221082013002871)
1(0.7488563948159916, 0.7702438467204382)
1(0.8899091924601449, 0.909386051553851)
1(0.8452062175009245, 0.8632653095972304)
1(0.911111016717408, 0.9282258661641687)
1(0.8318040966103587, 0.8487790070238862)
1(0.7744752797048714, 0.7880067819558226)
1(0.8558209070212348, 0.869175337825123)
1(1.0908021300619755, 1.1041518675390407)
1(0.9229487833298893, 0.9356212686840771)
1(0.7183009457424837, 0.7307857865925103)
1(0.9765404954840715, 0.9888273598581157)
1(0.822875840246941, 0.835106275420235)
1(0.8996846349359489, 0.9114045781218613)
1(0.8414345137462124, 0.853138989433661)
1(0.9594332041468145, 0.9704045018189313)
1(0.9337985349384249, 0.9433512713229978)
1(0.7952320789218127, 0.8045206575183101)
1(0.32504819446609573, 0.3331205601265528)
1(0.6920765334427584, 0.700134303055744)
1(0.9623904786005426, 0.9704045018189313)
1(0.9102541168974132, 0.918128831905846)
1(0.856813663014338, 0.8640903821974193)
1(0.8846075174772579, 0.8908207024863041)
1(0.9622347227863782, 0.9682625167236012)
1(0.8169804964890064, 0.8227545823323585)
1(0.7868737215601973, 0.7923170339797915)
1(0.6949954596344703, 0.700134303055744)
1(0.791928295226546, 0.7967107937490151)
1(0.7868665194167589, 0.7903840612535606)
1(1.1234840387833998, 1.126744141905937)
1(1.0207079567897483, 1.0234684309201534)
1(0.7958290283328333, 0.79852452072374)
1(0.9014176968256714, 0.9023337782621629)
1(1.0019935506776791, 1.0027097416832607)
1(0.796205013825403, 0.7967107937490151)
1(0.8400688391036842, 0.8403769715528455)
1(0.8897621900676735, 0.8900057196083309)
0(0.0, inf)
0(0.0, 2.501587061423835)
0(0.0, 1.2374706373858713)
0(0.0, 1.1963798641556167)
0(0.0, 1.1819749026429425)
0(0.0, 1.1090075504401378)
0(0.0, 1.0996030006355673)
0(0.0, 1.0806288424894437)
0(0.0, 1.0203147053885946)
0(0.0, 1.0157312379326002)
0(0.0, 1.0126794156018013)
0(0.0, 1.0089804115023462)
0(0.0, 0.999707317129496)
0(0.0, 0.9974566992672511)
0(0.0, 0.9891592060898582)
0(0.0, 0.9787894917408159)
0(0.0, 0.9775716232658186)
0(0.0, 0.9685796192930991)
0(0.0, 0.952867899059226)
0(0.0, 0.9379743086978396)
0(0.0, 0.9270763940993576)
0(0.0, 0.9243351571331414)
0(0.0, 0.9205554013744673)
0(0.0, 0.8927582745505929)
0(0.0, 0.8867503692367817)
0(0.0, 0.8845375024567709)
0(0.0, 0.8830255526187765)
0(0.0, 0.8803284735182361)
0(0.0, 0.873675458894589)
0(0.0, 0.8696920595712713)
0(0.0, 0.8667444031492498)
0(0.0, 0.8568243628458923)
0(0.0, 0.851545189315873)
0(0.0, 0.8512802829096086)
0(0.0, 0.8464852258159716)
0(0.0, 0.845346291432373)
0(0.0, 0.844732325347051)
0(0.0, 0.837822722286209)
0(0.0, 0.8331433632175567)
0(0.0, 0.8322709516484652)
0(0.0, 0.8289117360483406)
0(0.0, 0.8231815302231464)
0(0.0, 0.8228687535258169)
0(0.0, 0.8156127546734093)
0(0.0, 0.8114518315953062)
0(0.0, 0.8099818425809161)
0(0.0, 0.8054280464192485)
0(0.0, 0.8039113527444071)
0(0.0, 0.8035925034465154)
0(0.0, 0.802362689949676)
0(0.0, 0.8017927327397815)
0(0.0, 0.8012507521696826)
0(0.0, 0.7995099815354172)
0(0.0, 0.7953879044676612)
0(0.0, 0.7813401897530277)
0(0.0, 0.7809492830396287)
0(0.0, 0.7791622161904812)
0(0.0, 0.7755014891206384)
0(0.0, 0.7673592743884037)
0(0.0, 0.7643001621567364)
0(0.0, 0.7639676612111054)
0(0.0, 0.7585255037244776)
0(0.0, 0.7557289825160832)
0(0.0, 0.7541341692166726)
0(0.0, 0.7507785649838745)
0(0.0, 0.749839473745466)
0(0.0, 0.7494141802606734)
0(0.0, 0.7489473237805084)
0(0.0, 0.7478219904276769)
0(0.0, 0.7460306474347872)
0(0.0, 0.7429499372416645)
0(0.0, 0.7384704688027572)
0(0.0, 0.7377545758311709)
0(0.0, 0.7371270299915804)
0(0.0, 0.7359250836199838)
0(0.0, 0.7351855337810178)
0(0.0, 0.731116369366093)
0(0.0, 0.730755678707606)
0(0.0, 0.7302699963516089)
0(0.0, 0.7282685960143531)
0(0.0, 0.722624205133545)
0(0.0, 0.7166822427763716)
0(0.0, 0.7142197941807629)
0(0.0, 0.7130388542103941)
0(0.0, 0.7125000948864735)
0(0.0, 0.7034238440579706)
0(0.0, 0.7021510356185575)
0(0.0, 0.6983042822842268)
0(0.0, 0.6960373490810274)
0(0.0, 0.6959161768740544)
0(0.0, 0.6891803419381604)
0(0.0, 0.6872767979867669)
0(0.0, 0.6847487792070501)
0(0.0, 0.6808076902873544)
0(0.0, 0.6737304084213153)
0(0.0, 0.6676482969532861)
0(0.0, 0.6654313905835468)
0(0.0, 0.6651028526226475)
0(0.0, 0.6642452341582508)
0(0.0, 0.6625873485908175)
0(0.0, 0.6587068294585647)
0(0.0, 0.6571207990080858)
0(0.0, 0.6550059417883292)
0(0.0, 0.645406026953974)
0(0.0, 0.6443672630736066)
0(0.0, 0.6422045880087324)
0(0.0, 0.6003535681312986)
0(0.0, 0.5788097818205008)
0(0.0, 0.5697008588806255)
0(0.0, 0.5312084649908222)
0(0.0, 0.5152590667275505)
0(0.0, 0.4803226951813754)
0(0.0, 0.46844287449857125)
0(0.0, 0.38708838864968675)
0(0.0, 0.3614289161932733)
0(0.0, 0.35299532134189077)
0(0.0, 0.32351415505367415)
0(0.0, 0.31713014521078053)
0(0.0, 0.3127114983941005)
0(0.0, 0.3090911480370541)
0(0.0, 0.3029525980901746)
