1(0.06687118433125272, 0.09014598258598494)
1(0.13159913338290652, 0.15304402010512586)
1(0.09959918015528268, 0.12071933400420587)
1(0.08735910803833358, 0.10566296862311897)
1(0.10455792089604865, 0.11827007706872872)
1(0.050894946017901455, 0.06374148000093727)
1(0.05107011856634547, 0.0638620494115838)
1(0.06411849052123642, 0.07674176003996158)
1(0.0490509446878693, 0.06047243901182697)
1(0.06497782098228555, 0.07618275431315402)
1(0.07526529325842746, 0.08566548111576955)
1(0.054879558403570616, 0.06459650640433134)
1(0.07366811608438828, 0.0832941237698962)
1(0.08819354974872162, 0.09735228648089955)
1(0.13540633704678862, 0.1445478146443795)
1(0.06453891425005553, 0.07344938215384833)
1(0.046383946542757126, 0.055095163679100834)
1(0.05156719057293557, 0.060247129750783834)
1(0.04452555696724336, 0.053032140078865475)
1(0.04231426092102464, 0.05079695109886739)
1(0.08676452684644687, 0.09495115181417246)
1(0.05631390910863954, 0.06438025372219192)
1(0.06047339132215679, 0.06841098273642332)
1(0.06760367862802119, 0.07540460774532654)
1(0.051622925655630425, 0.05925374752002521)
1(0.09418462618956613, 0.10170660453208102)
1(0.0648351046333977, 0.07227955869091696)
1(0.11032844537223929, 0.1176934370522622)
1(0.06974639857590081, 0.0768445705444728)
1(0.08022151730226168, 0.08731746828836917)
1(0.06052350677027796, 0.0674831043361982)
1(0.06351079463343157, 0.07021611299551322)
1(0.08223036808632167, 0.08892548157688085)
1(0.04250950170567258, 0.04902915182108336)
1(0.05274620923104134, 0.05925374752002521)
1(0.05718781731675071, 0.06354555721500121)
1(0.05321105222709577, 0.059431943615047556)
1(0.03613903420131037, 0.04226694195382219)
1(0.0895461852853009, 0.09566977528976339)
1(0.07607451882587857, 0.08204440408353064)
1(0.044847032252583796, 0.05079695109886739)
1(0.0640840252298297, 0.06996309433062187)
1(0.05527915589645871, 0.06088974803074698)
1(0.05301127870217137, 0.05859423294720478)
1(0.08517513511552322, 0.09061269764827251)
1(0.03833447629236264, 0.04359338752981934)
1(0.0668491104689457, 0.07206431121212764)
1(0.05595173294010769, 0.06114012557013537)
1(0.03236041872420459, 0.037505092175292964)
1(0.05340011252037169, 0.05851647880782784)
1(0.0789829480590607, 0.08406604335689671)
1(0.037883874620880276, 0.0426560910133712)
1(0.059721226348429135, 0.0644618456809497)
1(0.08287083035985288, 0.0873756481395529)
1(0.08120086147933292, 0.08569428111212629)
1(0.045402305786404584, 0.049867936412567815)
1(0.0486872312996911, 0.0531423963740143)
1(0.062145478818268485, 0.06658630752611039)
1(0.08777435815327517, 0.09218126927124304)
1(0.06037599061503851, 0.06476204097429072)
1(0.058123767678259664, 0.06239397300333016)
1(0.06819483491060974, 0.07233999610580266)
1(0.0628672305819229, 0.06691352339676271)
1(0.03511829559982216, 0.03912142907792071)
1(0.048999576975025216, 0.052949831144005755)
1(0.0725415352522304, 0.07642892613096808)
1(0.06608764696636904, 0.06986183928620304)
1(0.10408380823510777, 0.10771364630303071)
1(0.04425980022401632, 0.047806003807341346)
1(0.03457582958222705, 0.03808251808639429)
1(0.0420521578109343, 0.045478586483343464)
1(0.052736464807188965, 0.056145125068118196)
1(0.10677579795696546, 0.1101786391537013)
1(0.07758869386602985, 0.08087571833234364)
1(0.07297926381332298, 0.07624849222977181)
1(0.08185300618517877, 0.08488320177308217)
1(0.054688425396824614, 0.05771769487261491)
1(0.0791931896745619, 0.0821762491060406)
1(0.04773507084189754, 0.050674421963093574)
1(0.05347659276470407, 0.056311800954468305)
1(0.07243354032502503, 0.07526352454194207)
1(0.049834313351330484, 0.05262871924681456)
1(0.03516580080087395, 0.03794822198372383)
1(0.055747083351655125, 0.05851647880782784)
1(0.04646594360530509, 0.04921988516661624)
1(0.06785678699213415, 0.07056531891087381)
1(0.061820708053836104, 0.0644825267089787)
1(0.07700440524481211, 0.0794865787800948)
1(0.045195702998095943, 0.047558741177435526)
1(0.04895631792104094, 0.05128620841783149)
1(0.08343613293898455, 0.08566548111576955)
1(0.0840202895305413, 0.08623802323395735)
1(0.07338799874196256, 0.07556297273246304)
1(0.07733223284677526, 0.07944011666501216)
1(0.04274241110643118, 0.04484429444589044)
1(0.03557030250472071, 0.03763580177231751)
1(0.06444771581931097, 0.06647707391049729)
1(0.030486740139987423, 0.03251584648036776)
1(0.04322400163619888, 0.04517342791688905)
1(0.0591077433372853, 0.06088974803074698)
1(0.05524055627153934, 0.05694170885193173)
1(0.15034935739870814, 0.15199541091536573)
1(0.053145451013747014, 0.05475336298841427)
1(0.0669477331893168, 0.06849195513088469)
1(0.05114270856853609, 0.05266711535864743)
1(0.028102759224401863, 0.029625726499186156)
1(0.08654911073692018, 0.08806525041026958)
1(0.0598302463490602, 0.06129078191724113)
1(0.05547055942688883, 0.05689109479741439)
1(0.05701787833719463, 0.0583885907742111)
1(0.0454939482857174, 0.046822512263448135)
1(0.0040449559570894245, 0.005362214843861124)
1(0.08225554864532325, 0.0835716785712256)
1(0.0405013322871951, 0.04179495032385494)
1(0.03689962875018549, 0.03818551308785889)
1(0.058976060058823054, 0.060232962486221786)
1(0.06900294340005875, 0.07021611299551322)
1(0.04339311203205054, 0.04441055577451403)
1(0.06547045679069508, 0.06647707391049729)
1(0.05763516584276618, 0.05862160991573995)
1(0.041736028289308114, 0.042664242774186345)
1(0.055525849371176994, 0.056451403154204716)
1(0.055341150537867145, 0.05623843773198001)
1(0.0029638330720940242, 0.003823099658073703)
1(0.05733189084134371, 0.05814877225844173)
1(0.058029148591943525, 0.058748637862922615)
1(0.002310845163226549, 0.003020327838254566)
1(0.0027763010737450466, 0.0034470908960188007)
1(0.04512903896281384, 0.04579532386113905)
1(0.05107412419107149, 0.051739046522084386)
1(0.041604716596599034, 0.04226694195382219)
1(0.0032719500008367985, 0.003933950112992579)
1(0.08690158012381899, 0.08754988640376526)
1(0.002493486740675954, 0.0031253631154468664)
1(0.002398413680370415, 0.0030302085984118543)
1(0.0027298414502807677, 0.0033554309086565315)
1(0.003864129976710151, 0.004488485161036615)
1(0.03194731879537116, 0.0325599278341524)
1(0.012052795098817959, 0.012658238612169193)
1(0.002921461349168153, 0.003503745125432056)
1(0.003151150642562661, 0.003712672537084072)
1(0.004253460169255874, 0.004812835070429844)
1(0.005735692452942698, 0.006263943665335225)
1(0.04830438924641989, 0.04882323494435026)
1(0.0030902523299786155, 0.0035807447552527183)
1(0.0024471766073506096, 0.002930015334474012)
1(0.0022393841270905712, 0.0027045782306285293)
1(0.08965012353106394, 0.09010623699072318)
1(0.0026809650437623622, 0.0031368899556647456)
1(0.003075030440587434, 0.0035301325035612674)
1(0.004050275764280298, 0.00449581987072778)
1(0.047636113450179485, 0.04807262814562663)
1(0.0032643632990201343, 0.0036994012898988737)
1(0.06800739833643232, 0.06842534122512234)
1(0.06997451227468876, 0.0703873176892279)
1(0.002737143424042743, 0.0031227389115142667)
1(0.0020110213113315734, 0.002387173811149723)
1(0.003031962619260309, 0.0034006038298746155)
1(0.0038286063919571456, 0.0041685929527176535)
1(0.04963274028318376, 0.04996926200531582)
1(0.0030424788505437617, 0.0033789547745919357)
1(0.0031494360283530476, 0.0034757612685737405)
1(0.003031377571463323, 0.0033343857308029135)
1(0.0025766618134173136, 0.0028779266111225166)
1(0.001953965485527065, 0.002254371281290135)
1(0.002848307941541006, 0.0031414874985328245)
1(0.003030824694935319, 0.00331676496670541)
1(0.0033360048119702723, 0.0036207022121181875)
1(0.002411666244616417, 0.00269564077198714)
1(0.003532431159418925, 0.003813213510653113)
1(0.00227048429241572, 0.002551118474420022)
1(0.06606874696849596, 0.06634119753371581)
1(0.003192107697913893, 0.003461890411654789)
1(0.0019769263914212187, 0.0022387251103056505)
1(0.0032402241916517083, 0.0034916464414080917)
1(0.0043176456696462084, 0.004568303985139965)
1(0.003042597499818611, 0.0032930661475342182)
1(0.04736794052548843, 0.04761095851868968)
1(0.0039305835490043295, 0.0041685929527176535)
1(0.0035585667548418964, 0.0037964911959094128)
1(0.002562318259657026, 0.0027949122915388314)
1(0.0034755753381606747, 0.00370063703318646)
1(0.004362033176779634, 0.004586409125750035)
1(0.0023642140358954844, 0.002588156255687535)
1(0.004777812656851288, 0.005000914769030418)
1(0.00488134911514615, 0.0051040017981841546)
1(0.003070620040233063, 0.0032930661475342182)
1(0.003564448175849666, 0.0037821287264019343)
1(0.0030151263313197285, 0.003232700130840538)
1(0.0029650813186012925, 0.0031806109991406872)
1(0.0038028413726183263, 0.004016258244818438)
1(0.0022977960778864936, 0.002507520706435118)
1(0.0024002860876858323, 0.0026010083359681024)
1(0.002912293584490633, 0.003108207290326792)
1(0.08550215369955205, 0.08569428111212629)
1(0.003257071116302246, 0.003446508948520499)
1(0.0028718683442269244, 0.0030594721363230715)
1(0.004845122470751084, 0.005025725359981581)
1(0.0024003476421785575, 0.002580441350921059)
1(0.0023732518430016336, 0.0025466230531863143)
1(0.003105598652334285, 0.0032779844246366707)
1(0.0021546749604633986, 0.002326525558423831)
1(0.002607181923309887, 0.002777964841067071)
1(0.0020371271888276477, 0.0022058812634052627)
1(0.002378411409229453, 0.002545580181531837)
1(0.0033165514798566553, 0.0034757612685737405)
1(0.002676832039038346, 0.002830825453148167)
1(0.0036629127855042354, 0.003816779514044466)
1(0.00439540882985312, 0.004543835947417918)
1(0.0025726295125593213, 0.00272078598073211)
1(0.0023651655886601786, 0.0025109062885352307)
1(0.002422003151699048, 0.002567023755089215)
1(0.0026982023770666386, 0.0028357627896936632)
1(0.0027949946402131554, 0.00291419238859858)
1(0.003604095242264127, 0.0037196451133153507)
1(0.0024987892671577416, 0.002608515809185974)
1(0.003538060960397882, 0.0036460438168252063)
1(0.0021638286193286227, 0.0022676867776717513)
1(0.003158770401790245, 0.0032565551838251716)
1(0.0032829984656197464, 0.003380454422793555)
1(0.003439417400622813, 0.003536304156964043)
1(0.004061174324157313, 0.004152046313149582)
1(0.003393609275643139, 0.0034801520474299075)
1(0.0024308897586517997, 0.0025141394037202502)
1(0.003617159824423788, 0.0036994012898988737)
1(0.003151257929019713, 0.003232700130840538)
1(0.002668480025597275, 0.0027497771666620263)
1(0.003057058878227825, 0.0031368899556647456)
1(0.0044170475237642615, 0.00449581987072778)
1(0.0032788690166886125, 0.003353659702393763)
1(0.002857026853680611, 0.0029309541435107445)
1(0.0027592040843630317, 0.002832374481064659)
1(0.0023123039361062636, 0.0023821594671649127)
1(0.004142740947652879, 0.0042115954041914705)
1(0.0022170163211244764, 0.0022844193371539534)
1(0.0033911072585350865, 0.0034535190222506618)
1(0.005765702852223997, 0.005827377385680621)
1(0.002466808246248009, 0.002523732067797768)
1(0.0032821193011668415, 0.0033343857308029135)
1(0.002431626275036236, 0.0024802818774053437)
1(0.0031378979585631184, 0.003184106009317289)
1(0.0028518722341230873, 0.002894161042798382)
1(0.00288583120249708, 0.002925481191426771)
1(0.0031475741335466045, 0.003184106009317289)
1(0.004060862812890198, 0.004095676484686561)
1(0.002785548933122328, 0.0028186994537982013)
1(0.0034084030252934383, 0.003441377138272639)
1(0.002420148256961574, 0.0024506769956956775)
1(0.002463129587539137, 0.0024913122466557747)
1(0.003027305588370055, 0.0030516107479102716)
1(0.0028786796271064174, 0.0029009400861883528)
1(0.0027691534010804153, 0.00279063745510999)
1(0.09022667275847907, 0.09024114769619163)
1(0.003026880485114236, 0.00304126005121097)
1(0.0025029267500590313, 0.002505820335907072)
1(0.002490584058466805, 0.0024913122466557747)
0(0.0, inf)
0(0.0, 0.6433444517547661)
0(0.0, 0.44259672464729627)
0(0.0, 0.18992340810958863)
0(0.0, 0.16040909802956405)
0(0.0, 0.1495166321885376)
0(0.0, 0.1360144617794775)
0(0.0, 0.13183939508717823)
0(0.0, 0.1254254006628268)
0(0.0, 0.12451018992847773)
0(0.0, 0.12351712457808495)
0(0.0, 0.11644876169921314)
0(0.0, 0.10828340697509808)
0(0.0, 0.10725252994592338)
0(0.0, 0.09688858470288786)
0(0.0, 0.09645019376548636)
0(0.0, 0.09459852589419648)
0(0.0, 0.09413615838928657)
0(0.0, 0.09026355664916219)
0(0.0, 0.08762967884867479)
0(0.0, 0.08721308557073315)
0(0.0, 0.08703695921471521)
0(0.0, 0.08286101496103293)
0(0.0, 0.08137065576064983)
0(0.0, 0.08078008009737014)
0(0.0, 0.08022238819605632)
0(0.0, 0.07982247098007511)
0(0.0, 0.07940528400194191)
0(0.0, 0.07896756353879475)
0(0.0, 0.07854453993228239)
0(0.0, 0.07831483240156145)
0(0.0, 0.07670432769878799)
0(0.0, 0.07656210563813592)
0(0.0, 0.07647811305763341)
0(0.0, 0.07644359428083392)
0(0.0, 0.07637989599995076)
0(0.0, 0.07533318435129277)
0(0.0, 0.07504960549567241)
0(0.0, 0.07457088513309162)
0(0.0, 0.07412143514113811)
0(0.0, 0.07410182202299986)
0(0.0, 0.07369581336107678)
0(0.0, 0.07349908716602882)
0(0.0, 0.073415233293881)
0(0.0, 0.0727207729175483)
0(0.0, 0.07258429234845287)
0(0.0, 0.07156205921324421)
0(0.0, 0.07124881532627869)
0(0.0, 0.07068821368392109)
0(0.0, 0.07052171603277613)
0(0.0, 0.06896410421088617)
0(0.0, 0.06888024495831602)
0(0.0, 0.06887039340790313)
0(0.0, 0.06817352274296185)
0(0.0, 0.06795254083245283)
0(0.0, 0.06717108553259465)
0(0.0, 0.06691730605085644)
0(0.0, 0.06659164860796085)
0(0.0, 0.06574284956168741)
0(0.0, 0.0656167210836458)
0(0.0, 0.06550015993424485)
0(0.0, 0.06506034235868796)
0(0.0, 0.06474061879825166)
0(0.0, 0.06433606090701538)
0(0.0, 0.06429095280146191)
0(0.0, 0.06419370339302077)
0(0.0, 0.06315478941058161)
0(0.0, 0.06311132398804087)
0(0.0, 0.06269617531514715)
0(0.0, 0.06253791160921607)
0(0.0, 0.06177422006980893)
0(0.0, 0.06173835811857209)
0(0.0, 0.06147396250010273)
0(0.0, 0.06121816666406188)
0(0.0, 0.0600238802262566)
0(0.0, 0.0595790109971398)
0(0.0, 0.058967425321160505)
0(0.0, 0.058963013296768896)
0(0.0, 0.058469827866963975)
0(0.0, 0.058259966552580256)
0(0.0, 0.05815943503793686)
0(0.0, 0.057328597015675054)
0(0.0, 0.057001376388138514)
0(0.0, 0.056968607841215935)
0(0.0, 0.05558065729451722)
0(0.0, 0.05549948549173633)
0(0.0, 0.055334401972886305)
0(0.0, 0.055103774817927054)
0(0.0, 0.05492292033772417)
0(0.0, 0.054561412245523355)
0(0.0, 0.054559746566944844)
0(0.0, 0.05443767428844548)
0(0.0, 0.053963763630933914)
0(0.0, 0.05355204318334339)
0(0.0, 0.053332083728551805)
0(0.0, 0.05326908032466826)
0(0.0, 0.05261791246298031)
0(0.0, 0.051834160809633434)
0(0.0, 0.05181759167380051)
0(0.0, 0.05157410005841934)
0(0.0, 0.05152983473858963)
0(0.0, 0.05137157544581916)
0(0.0, 0.05091899766558006)
0(0.0, 0.05086222152197817)
0(0.0, 0.05031488497554548)
0(0.0, 0.05030063246308947)
0(0.0, 0.04944262662487475)
0(0.0, 0.04930110530367471)
0(0.0, 0.049140306834680625)
0(0.0, 0.04909659663537491)
0(0.0, 0.049021513749577306)
0(0.0, 0.048975285930728085)
0(0.0, 0.04879720852375902)
0(0.0, 0.04877279561136161)
0(0.0, 0.04852611222954539)
0(0.0, 0.048501054674061406)
0(0.0, 0.048199758516230484)
0(0.0, 0.04810409893601253)
0(0.0, 0.048059556545664295)
0(0.0, 0.04796893574133254)
0(0.0, 0.04749855906676803)
0(0.0, 0.04725686904789528)
0(0.0, 0.04710327924082547)
0(0.0, 0.04690318718916986)
0(0.0, 0.046839594055229083)
0(0.0, 0.04679280410254283)
0(0.0, 0.04650683261994004)
0(0.0, 0.046245085079893666)
0(0.0, 0.04616084770151774)
0(0.0, 0.04606373627702198)
0(0.0, 0.04500864856384712)
0(0.0, 0.044667951229814706)
0(0.0, 0.04422783980252443)
0(0.0, 0.044071833404844774)
0(0.0, 0.044005811974565545)
0(0.0, 0.043993200608292926)
0(0.0, 0.04370048886303379)
0(0.0, 0.04365328321348838)
0(0.0, 0.04362519434484635)
0(0.0, 0.0434305162644415)
0(0.0, 0.042919508947231955)
0(0.0, 0.04276189253442264)
0(0.0, 0.04248886404186791)
0(0.0, 0.0423744974626904)
0(0.0, 0.042280627318761144)
0(0.0, 0.04216958168840845)
0(0.0, 0.04208745616626364)
0(0.0, 0.04201381405155957)
0(0.0, 0.04171698685257397)
0(0.0, 0.041267201359248884)
0(0.0, 0.04123201632498108)
0(0.0, 0.04104135589610158)
0(0.0, 0.040942722225693395)
0(0.0, 0.04054220454195079)
0(0.0, 0.040125821663646866)
0(0.0, 0.04009325381801021)
0(0.0, 0.03966237907231629)
0(0.0, 0.03956893075022261)
0(0.0, 0.039369604264237745)
0(0.0, 0.039263204043627375)
0(0.0, 0.039198146765581976)
0(0.0, 0.03894600514007074)
0(0.0, 0.038648386879328256)
0(0.0, 0.03823193756832599)
0(0.0, 0.038215013981941603)
0(0.0, 0.037796452984654505)
0(0.0, 0.037658975206421585)
0(0.0, 0.03755519110024097)
0(0.0, 0.0375482057623171)
0(0.0, 0.03738068878394851)
0(0.0, 0.03734298420850024)
0(0.0, 0.03727723981943931)
0(0.0, 0.037228516974006864)
0(0.0, 0.03692820891806403)
0(0.0, 0.03683421483661964)
0(0.0, 0.036621867580813317)
0(0.0, 0.03648235360588947)
0(0.0, 0.03640667547957155)
0(0.0, 0.03580197095428095)
0(0.0, 0.035594659396516626)
0(0.0, 0.03535624814390337)
0(0.0, 0.035331010049310385)
0(0.0, 0.035217290743062235)
0(0.0, 0.03502710794275454)
0(0.0, 0.034935663919696824)
0(0.0, 0.034776694966068944)
0(0.0, 0.03458307770553648)
0(0.0, 0.034378056381413113)
0(0.0, 0.03386937843029436)
0(0.0, 0.03374181467009851)
0(0.0, 0.03341321962441912)
0(0.0, 0.033406203639685494)
0(0.0, 0.03264236462384362)
0(0.0, 0.032194598717389056)
0(0.0, 0.031588161134763926)
0(0.0, 0.031328114053865486)
0(0.0, 0.030839541912633495)
0(0.0, 0.030835098778705827)
0(0.0, 0.03075952819558081)
0(0.0, 0.030453482337473914)
0(0.0, 0.030266080495116587)
0(0.0, 0.02995266373792671)
0(0.0, 0.029434051613342227)
0(0.0, 0.028237278057908433)
0(0.0, 0.027812658106664223)
0(0.0, 0.027754365534292114)
0(0.0, 0.027750589661263425)
0(0.0, 0.02745055163578214)
0(0.0, 0.02739690968856756)
0(0.0, 0.02735169420620709)
0(0.0, 0.02727170388065714)
0(0.0, 0.02718241287732126)
0(0.0, 0.02668133251830107)
0(0.0, 0.024854960205126342)
0(0.0, 0.024755272201825496)
0(0.0, 0.024642775951899787)
0(0.0, 0.023115569746726905)
0(0.0, 0.0229168866078171)
0(0.0, 0.022432361890174612)
0(0.0, 0.021321363056045373)
0(0.0, 0.01878405332581956)
0(0.0, 0.017786844824338455)
0(0.0, 0.017666567187697213)
0(0.0, 0.016741042177644938)
0(0.0, 0.015551338680662385)
0(0.0, 0.015003569058221977)
0(0.0, 0.01347146416707623)
0(0.0, 0.013118866297212928)
0(0.0, 0.010238522570588438)
0(0.0, 0.00990480009455652)
0(0.0, 0.009001594786544498)
0(0.0, 0.007841557001503907)
0(0.0, 0.00686276589153334)
0(0.0, 0.006773527536638069)
0(0.0, 0.00674295625787158)
0(0.0, 0.006645433068116713)
0(0.0, 0.006259175388552807)
0(0.0, 0.00615482558542324)
0(0.0, 0.005992702160469432)
0(0.0, 0.005867689113800423)
0(0.0, 0.005789863336467582)
0(0.0, 0.00564908447145096)
0(0.0, 0.0055911874752409)
0(0.0, 0.005401305907715925)
0(0.0, 0.005308140654603721)
0(0.0, 0.0049051727205388085)
0(0.0, 0.00489994684038686)
0(0.0, 0.004869861153301791)
0(0.0, 0.00483604874096466)
0(0.0, 0.004650103875183276)
0(0.0, 0.004532357397350362)
0(0.0, 0.004475346165823679)
0(0.0, 0.004447728691583941)
0(0.0, 0.004257979690974079)
0(0.0, 0.004204875967026345)
0(0.0, 0.004188252157195982)
0(0.0, 0.004181477922716725)
0(0.0, 0.0040875056463733905)
0(0.0, 0.004077892262077332)
0(0.0, 0.004065758376283424)
0(0.0, 0.0040259024916220465)
0(0.0, 0.003918069545573055)
0(0.0, 0.0039042129665363134)
0(0.0, 0.003884450126744321)
0(0.0, 0.003778222623205485)
0(0.0, 0.003761755000420086)
0(0.0, 0.003749905395961539)
0(0.0, 0.0037005263086037354)
0(0.0, 0.0036827117860649405)
0(0.0, 0.0036639474216212387)
0(0.0, 0.003654618932939835)
0(0.0, 0.003557639167351634)
0(0.0, 0.003512299074108882)
0(0.0, 0.0034783142075252016)
0(0.0, 0.0034703654952644714)
0(0.0, 0.003467745207817563)
0(0.0, 0.0034434242196981213)
0(0.0, 0.00341005996285515)
0(0.0, 0.003342509434718477)
0(0.0, 0.0033220699030575007)
0(0.0, 0.0032873866269492735)
0(0.0, 0.003218134475913015)
0(0.0, 0.0032019101489985102)
0(0.0, 0.0031635829368522606)
0(0.0, 0.0031628536802562612)
0(0.0, 0.0031134296949258955)
0(0.0, 0.0030981827985323562)
0(0.0, 0.0030873682521724843)
0(0.0, 0.0030862387468577612)
0(0.0, 0.003082779383767109)
0(0.0, 0.0030771562805776975)
0(0.0, 0.003056329633276067)
0(0.0, 0.003028896995754815)
0(0.0, 0.003020564529363279)
0(0.0, 0.0030057915949476266)
0(0.0, 0.002994999100122464)
0(0.0, 0.0029888279053663647)
0(0.0, 0.0029852979917787126)
0(0.0, 0.002985290544465058)
0(0.0, 0.0029815077666361933)
0(0.0, 0.002979882383900123)
0(0.0, 0.0029718459153410537)
0(0.0, 0.0029673147865661997)
0(0.0, 0.002932135662803703)
0(0.0, 0.0029320312723788433)
0(0.0, 0.0029283109002832264)
0(0.0, 0.00292519312658579)
0(0.0, 0.002894848965513619)
0(0.0, 0.0028927684118710273)
0(0.0, 0.002880855051421327)
0(0.0, 0.0028681522023865647)
0(0.0, 0.002861591559454313)
0(0.0, 0.0028385683462178735)
0(0.0, 0.002811125591328456)
0(0.0, 0.0027939663619320765)
0(0.0, 0.002788435480148732)
0(0.0, 0.0027578744645176956)
0(0.0, 0.002726137027901143)
0(0.0, 0.0027259118462198417)
0(0.0, 0.002720436854527608)
0(0.0, 0.002682609073690223)
0(0.0, 0.0026704838962736677)
0(0.0, 0.00266060199752971)
0(0.0, 0.0026512019843961676)
0(0.0, 0.0026491584654388944)
0(0.0, 0.002640734852099591)
0(0.0, 0.0026093842568669645)
0(0.0, 0.0025945236801862004)
0(0.0, 0.0025791470237503944)
0(0.0, 0.002578003261080264)
0(0.0, 0.0025762031136283836)
0(0.0, 0.0025670566344589973)
0(0.0, 0.002556725986792241)
0(0.0, 0.002553608054437939)
0(0.0, 0.00254342254225548)
0(0.0, 0.0025404855522997982)
0(0.0, 0.0025362536566045923)
0(0.0, 0.002534172375359689)
0(0.0, 0.002524717864954451)
0(0.0, 0.0025227141674178943)
0(0.0, 0.0025226414708834355)
0(0.0, 0.002516980403619584)
0(0.0, 0.0024635046752283785)
0(0.0, 0.002461609382819141)
0(0.0, 0.002440069292435343)
0(0.0, 0.002434384706649917)
0(0.0, 0.002397935615656044)
0(0.0, 0.0023936920434189934)
0(0.0, 0.0023888936619718137)
0(0.0, 0.002363152513135236)
0(0.0, 0.0023549413853738432)
0(0.0, 0.002345689059869871)
0(0.0, 0.002340336164818213)
0(0.0, 0.0023375435008587964)
0(0.0, 0.0023361623353230776)
0(0.0, 0.00233038495871829)
0(0.0, 0.0023183986538338752)
0(0.0, 0.0023095183953394383)
0(0.0, 0.0022943543897387952)
0(0.0, 0.0022838021617077597)
0(0.0, 0.0022828312992122513)
0(0.0, 0.002233563076149081)
0(0.0, 0.0022092679434245754)
0(0.0, 0.0022092379367367743)
0(0.0, 0.0022044778536012277)
0(0.0, 0.0021981108061838173)
0(0.0, 0.0021940089593095458)
0(0.0, 0.0021837876486602292)
0(0.0, 0.0021814897636941444)
0(0.0, 0.0021756267293439047)
0(0.0, 0.0021637361891280182)
0(0.0, 0.002155979575258593)
0(0.0, 0.0021544616209961953)
0(0.0, 0.002149686223832825)
0(0.0, 0.0021349820657863283)
0(0.0, 0.002130405715888073)
0(0.0, 0.002127418550762372)
0(0.0, 0.0021106857728867556)
0(0.0, 0.0021062553582383847)
0(0.0, 0.002089589584356011)
0(0.0, 0.002089256055401667)
0(0.0, 0.002074485720005015)
0(0.0, 0.002072551926099453)
0(0.0, 0.002040626644770671)
0(0.0, 0.0020249181400973093)
0(0.0, 0.002023304706649909)
0(0.0, 0.0020184293285075983)
0(0.0, 0.002012332624060531)
0(0.0, 0.0020034647770283964)
0(0.0, 0.002000581204714802)
0(0.0, 0.001992354035213917)
0(0.0, 0.0019876025608333014)
0(0.0, 0.0019690557386854435)
0(0.0, 0.0019682540558240147)
0(0.0, 0.0019425260332713856)
0(0.0, 0.0019363000975879396)
0(0.0, 0.0019293697591130643)
0(0.0, 0.0019259150833823568)
0(0.0, 0.0019141112310935293)
0(0.0, 0.001899715677790459)
0(0.0, 0.0018776260109768517)
0(0.0, 0.0018691527583394318)
0(0.0, 0.0018688424835664463)
0(0.0, 0.001847434735487763)
0(0.0, 0.0018383783127278175)
0(0.0, 0.0018383773081007693)
0(0.0, 0.0017914699322738592)
0(0.0, 0.0017859978633657514)
0(0.0, 0.0017571813847518936)
0(0.0, 0.0017558079333235277)
0(0.0, 0.0017436674424308185)
0(0.0, 0.0017388285353665545)
0(0.0, 0.0017386137253375678)
0(0.0, 0.0017242069480152278)
0(0.0, 0.001711579432037369)
0(0.0, 0.0017084184071357589)
0(0.0, 0.0016792466748920543)
0(0.0, 0.0016784966919957123)
0(0.0, 0.0016711128511218698)
0(0.0, 0.0016450311336333456)
0(0.0, 0.0016448856981227111)
0(0.0, 0.0015964736896811882)
0(0.0, 0.0015830687769505802)
0(0.0, 0.0015718443800532)
0(0.0, 0.0015162970061420866)
0(0.0, 0.0014575306198225668)
0(0.0, 0.0014466024802326505)
0(0.0, 0.001381652049021631)
0(0.0, 0.0013393326143887885)
0(0.0, 0.001139853818663883)
0(0.0, 0.001136295796861253)
0(0.0, 0.0011198480733028982)
