1(0.8258447346371407, 0.9683196075884458)
1(0.15521571298025005, 0.27644331634216)
1(0.13384343209318206, 0.21114774089408295)
1(0.17265619621494666, 0.24539733917022943)
1(0.1261364879970699, 0.17477993127452995)
1(0.16158167649407706, 0.20766616855506415)
1(0.07176367218187285, 0.09517627225966785)
1(0.16184634730177527, 0.17489903627117642)
1(0.0444777095601433, 0.05679484264108825)
1(0.16517772281922138, 0.1770160863186785)
1(0.05325112552845146, 0.0638975365950103)
1(0.05324691671184856, 0.0636627034920958)
1(0.08540614353483578, 0.09508295677074385)
1(0.08668567259966564, 0.0959776664265708)
1(0.036477437924489986, 0.045658504903086206)
1(0.056249912758193465, 0.06515214618577114)
1(0.06640166785409496, 0.07417793302865516)
1(0.07074502276607197, 0.07756891168078783)
1(0.06095346344678254, 0.06762704084008286)
1(0.0499768961246051, 0.056474758815006076)
1(0.059753486465785044, 0.06598372446029921)
1(0.02552023294837158, 0.0316839352094217)
1(0.08049173325625003, 0.08576210154256703)
1(0.017727178870850846, 0.022851458072041586)
1(0.020085765719806026, 0.025173912087054107)
1(0.07028602006636364, 0.07522782874655665)
1(0.052756133249428516, 0.057460329656051634)
1(0.02324237157917619, 0.027560899249965187)
1(0.026802822685134342, 0.031040622472702117)
1(0.024402866002668833, 0.028390106448903496)
1(0.02819487309116875, 0.03215870191726844)
1(0.039118960714352946, 0.042503209589154656)
1(0.05439404775057666, 0.05770473575383095)
1(0.03925845628548563, 0.04253510584722775)
1(0.023581326308718453, 0.02683711263011279)
1(0.028467204904075616, 0.03171658444232528)
1(0.09795845937024406, 0.10117752657685364)
1(0.021675197922708778, 0.024595117512635545)
1(0.032942514737541395, 0.03582436259242672)
1(0.03516337901562672, 0.03795360692684269)
1(0.018721998239315196, 0.021449982829203407)
1(0.02892320483587918, 0.031602564477875905)
1(0.015839890605271245, 0.018301915436114147)
1(0.02676547908289162, 0.029167251519000237)
1(0.06311172626348671, 0.06545333209358084)
1(0.018089365168650784, 0.020356140230009312)
1(0.01353276131269432, 0.015786003944030513)
1(0.042995800295713704, 0.04511598382273985)
1(0.05249954234926746, 0.05451295363818098)
1(0.009091133443477006, 0.011078573196497965)
1(0.01442127512632363, 0.01639609230057104)
1(0.045296730137926455, 0.047246168618878315)
1(0.02271171522746629, 0.0246355690290484)
1(0.08845588269275884, 0.09032887650099675)
1(0.019962088324076088, 0.021832955843893664)
1(0.026037891921197542, 0.027885520942299125)
1(0.06321275384404035, 0.06503768555811795)
1(0.049252416235688434, 0.05104850538702155)
1(0.016559198557370314, 0.01832803580068143)
1(0.016333577544031752, 0.01802591555781141)
1(0.08981845321479753, 0.09150577204410149)
1(0.00406288996340598, 0.0056289439066667946)
1(0.005698161378451361, 0.007260053564277058)
1(0.02523963847307964, 0.026797206721142275)
1(0.020027418456460278, 0.021560771537216694)
1(0.015854639248113256, 0.017336379280673664)
1(0.028681577464155783, 0.030162450214211378)
1(0.028373866753992893, 0.029775324460283747)
1(0.01921983377073777, 0.020471641354773085)
1(0.023425637285701795, 0.02467276565654586)
1(0.06402763727299465, 0.06523911037341634)
1(0.03296192865163183, 0.03416336965831379)
1(0.09495726497572432, 0.09610395174569186)
1(0.015966904016159855, 0.017069272711368266)
1(0.0027981877398901567, 0.0038348155789124094)
1(0.07272476093966107, 0.07375213444417406)
1(0.008955149961173747, 0.009982061897326644)
1(0.01620760839101698, 0.017188662273864064)
1(0.00633342959259775, 0.007311693608054504)
1(0.026954616468566117, 0.02781050636802973)
1(0.004680995652413644, 0.005533623847654212)
1(0.005820589465095338, 0.006614171089792453)
1(0.10275276863782967, 0.10353594532114829)
1(0.005965437709256949, 0.006746811151944754)
1(0.013569308243970735, 0.014347671002252538)
1(0.019075838831474012, 0.019844544671210884)
1(0.024377386251946298, 0.025145140583473724)
1(0.019038791781777475, 0.01976750013072448)
1(0.0040354308534106265, 0.004757151661377135)
1(0.0028650458709480464, 0.003578717154050559)
1(0.024382121353179187, 0.025077637690138155)
1(0.031977316739398076, 0.03265872545656723)
1(0.005834279082059246, 0.006489514509213867)
1(0.02191847193215124, 0.02257063029597184)
1(0.005060735732151933, 0.0057061184418911726)
1(0.0028151374134575136, 0.003459335030747912)
1(0.006596437392882626, 0.007228429532608938)
1(0.02684176433901886, 0.027465979808818597)
1(0.020693452592426276, 0.021281966026356014)
1(0.0028239960882586734, 0.0033846955411694912)
1(0.015137975389515557, 0.01569703734167127)
1(0.004694435240750083, 0.005211248663712698)
1(0.0027342147928021143, 0.003239253810563447)
1(0.00334481444677015, 0.0038285056474798296)
1(0.03630973061699805, 0.0367624961153471)
1(0.006913555647979686, 0.007350788754881266)
1(0.00886960696853245, 0.009294846999522433)
1(0.07480643837708767, 0.07522782874655665)
1(0.0065988911740311185, 0.007014834915675672)
1(0.03914794634926366, 0.0395634293324606)
1(0.003995424282767779, 0.004410869994970645)
1(0.003518604436018924, 0.003930683105800026)
1(0.005710506906352775, 0.006116952169927692)
1(0.027841965428267335, 0.028237371568104908)
1(0.006760222991662568, 0.0071371257075525385)
1(0.004190575372310601, 0.004540647274589693)
1(0.004983540997294589, 0.005331350548509417)
1(0.003871512450703052, 0.004211456576272865)
1(0.006406519914026632, 0.006710560333371363)
1(0.0020178794149975365, 0.002313090292223152)
1(0.002030430633183977, 0.002299207689248184)
1(0.0030556557078725843, 0.0033191595436693477)
1(0.005510815817045267, 0.005773974673924265)
1(0.00664225533174434, 0.006905370285326784)
1(0.0036682586449804377, 0.003930683105800026)
1(0.00980883381755382, 0.010064949088465558)
1(0.006474038510758784, 0.006724717118571477)
1(0.006362214307087499, 0.006612385944416599)
1(0.002027062632120047, 0.002271950086779606)
1(0.010244136164261564, 0.01048733147410641)
1(0.0038238005412404297, 0.004057942236336931)
1(0.0053147759650588045, 0.005544410078421769)
1(0.0015715550236475861, 0.0017979007037309813)
1(0.00410947425236774, 0.0043353511187747)
1(0.016980548981202936, 0.017188662273864064)
1(0.0272677056386178, 0.027465979808818597)
1(0.0037586782735615776, 0.003951671658385725)
1(0.00292503501727448, 0.0031108883825949896)
1(0.01011492059849528, 0.010295710656581858)
1(0.02771238989620184, 0.027885520942299125)
1(0.005545638700275024, 0.0057061184418911726)
1(0.05948056599614959, 0.05963222232268772)
1(0.023534448680057607, 0.0236594159121295)
1(0.00316627566406924, 0.0032894614549946466)
1(0.017858024422875318, 0.01796665417904808)
1(0.0036491438995716052, 0.0037331002575075045)
1(0.003924426722795804, 0.004006350641906686)
1(0.03668839557931458, 0.0367624961153471)
1(0.003478346093220064, 0.0035497402128725764)
1(0.0036941445381195592, 0.003761099059423789)
1(0.004552149131106797, 0.004616357807773919)
1(0.004183585324161965, 0.0042438516340055354)
1(0.0031474349516781297, 0.0032052019539319243)
1(0.00436642625270256, 0.004422985912190924)
1(0.004266829174117137, 0.004299976820092866)
1(0.003964818495282407, 0.00399488279169502)
1(0.0026306044391236627, 0.0026478837267954747)
1(0.0030104208924367493, 0.0030271792797301744)
1(0.05062200294132846, 0.05063244316796467)
1(0.004514711725141174, 0.004524952896591938)
1(0.0026548464609166267, 0.002656830938575383)
0(0.0, inf)
0(0.0, 0.7209601293199414)
0(0.0, 0.6978587663414147)
0(0.0, 0.16914805592137727)
0(0.0, 0.15456227761284513)
0(0.0, 0.15187145931545332)
0(0.0, 0.13622786122253172)
0(0.0, 0.13505472856660983)
0(0.0, 0.13165770933180454)
0(0.0, 0.12069893294260603)
0(0.0, 0.1092700447059759)
0(0.0, 0.10344259653114096)
0(0.0, 0.099971016339092)
0(0.0, 0.09962496880572014)
0(0.0, 0.09811795432704173)
0(0.0, 0.09792056212211064)
0(0.0, 0.09542792342603157)
0(0.0, 0.09390888259850416)
0(0.0, 0.09224699378066004)
0(0.0, 0.09140120097984494)
0(0.0, 0.08948588296455984)
0(0.0, 0.08588492930779179)
0(0.0, 0.08588303626307658)
0(0.0, 0.08451536123647174)
0(0.0, 0.07721130507467744)
0(0.0, 0.07621180349426604)
0(0.0, 0.07615322972776173)
0(0.0, 0.07555147645576221)
0(0.0, 0.07552396725389732)
0(0.0, 0.07513314841585039)
0(0.0, 0.07484729411921709)
0(0.0, 0.07406660863871484)
0(0.0, 0.0719601640324401)
0(0.0, 0.06833321321149655)
0(0.0, 0.06770895094519314)
0(0.0, 0.0651275315398514)
0(0.0, 0.06437727749450417)
0(0.0, 0.06351933635951701)
0(0.0, 0.06312854322252293)
0(0.0, 0.06112258687320493)
0(0.0, 0.06102784371324632)
0(0.0, 0.060009010661087325)
0(0.0, 0.05915590335820087)
0(0.0, 0.059150157977086115)
0(0.0, 0.05873096719510906)
0(0.0, 0.05814940089191556)
0(0.0, 0.0577704316358697)
0(0.0, 0.05767245933425835)
0(0.0, 0.05569094028097532)
0(0.0, 0.054424344821463744)
0(0.0, 0.054131163700629314)
0(0.0, 0.053746474291776924)
0(0.0, 0.05293251272973487)
0(0.0, 0.05253554776399372)
0(0.0, 0.05205936994736915)
0(0.0, 0.05157890534023113)
0(0.0, 0.050875816106834004)
0(0.0, 0.050755872919427514)
0(0.0, 0.050530195200901296)
0(0.0, 0.050026880095544235)
0(0.0, 0.05000589301688907)
0(0.0, 0.049938228680265206)
0(0.0, 0.04969540083636348)
0(0.0, 0.04951817862632868)
0(0.0, 0.049027845010762516)
0(0.0, 0.04891028859684854)
0(0.0, 0.04877761058962082)
0(0.0, 0.04855446039380085)
0(0.0, 0.04723101764476212)
0(0.0, 0.04715045605335799)
0(0.0, 0.04656710876435033)
0(0.0, 0.046371843523111855)
0(0.0, 0.04635615840966878)
0(0.0, 0.045745063238891936)
0(0.0, 0.04528739008704952)
0(0.0, 0.04522541329925944)
0(0.0, 0.045163823326931585)
0(0.0, 0.04516074505022094)
0(0.0, 0.04478271133106304)
0(0.0, 0.044725523136066814)
0(0.0, 0.043899639002596746)
0(0.0, 0.04386945352736815)
0(0.0, 0.043868847027808466)
0(0.0, 0.04335823925850757)
0(0.0, 0.043265306428965755)
0(0.0, 0.043177809163867154)
0(0.0, 0.04293798430950391)
0(0.0, 0.042852756505986855)
0(0.0, 0.042302247285360584)
0(0.0, 0.042131606747806694)
0(0.0, 0.0420479404764007)
0(0.0, 0.04190520980194967)
0(0.0, 0.04170302267646053)
0(0.0, 0.04123721637344191)
0(0.0, 0.04100134507282527)
0(0.0, 0.04096076525404335)
0(0.0, 0.04059654062824103)
0(0.0, 0.040593331687555856)
0(0.0, 0.03920857670536626)
0(0.0, 0.03908408953766551)
0(0.0, 0.03894100282039381)
0(0.0, 0.03883083740300164)
0(0.0, 0.03880982414709899)
0(0.0, 0.03800065169251965)
0(0.0, 0.03687166029905753)
0(0.0, 0.036301558435788306)
0(0.0, 0.036240443938023836)
0(0.0, 0.0362209593189855)
0(0.0, 0.03596405797523705)
0(0.0, 0.035699781971303635)
0(0.0, 0.03548901231279544)
0(0.0, 0.035479064300622865)
0(0.0, 0.03439515586455999)
0(0.0, 0.03427980204029246)
0(0.0, 0.03375661290195031)
0(0.0, 0.033585469550931446)
0(0.0, 0.032951904362422124)
0(0.0, 0.03237700445567926)
0(0.0, 0.03232940658592631)
0(0.0, 0.0321259286296981)
0(0.0, 0.031992458745997765)
0(0.0, 0.031825496306149836)
0(0.0, 0.03179137676385013)
0(0.0, 0.03170863383975264)
0(0.0, 0.031065848756391845)
0(0.0, 0.030999612611690264)
0(0.0, 0.030903808174845393)
0(0.0, 0.030893806048399863)
0(0.0, 0.03038413578004895)
0(0.0, 0.03020926108194688)
0(0.0, 0.0298354757379925)
0(0.0, 0.02978642187962388)
0(0.0, 0.02929519737800046)
0(0.0, 0.029047315913176885)
0(0.0, 0.028563735055224138)
0(0.0, 0.028322795537722767)
0(0.0, 0.02796581320114566)
0(0.0, 0.0277606560823197)
0(0.0, 0.02715508601330019)
0(0.0, 0.026953148708359187)
0(0.0, 0.026460743965643574)
0(0.0, 0.026238835629176394)
0(0.0, 0.026014159057973885)
0(0.0, 0.02596175018731417)
0(0.0, 0.025889154831522543)
0(0.0, 0.02586430735060985)
0(0.0, 0.025359465405804804)
0(0.0, 0.025244569892564406)
0(0.0, 0.025231102032120534)
0(0.0, 0.024809489585860156)
0(0.0, 0.02480921357186283)
0(0.0, 0.024547290264254173)
0(0.0, 0.02452634596348824)
0(0.0, 0.024458540581436816)
0(0.0, 0.024434384663738484)
0(0.0, 0.024401895505902882)
0(0.0, 0.023549383618558517)
0(0.0, 0.023327302246508475)
0(0.0, 0.02330079655487549)
0(0.0, 0.022997581969097847)
0(0.0, 0.022390402235789697)
0(0.0, 0.022102708059269616)
0(0.0, 0.021689177629149348)
0(0.0, 0.021471727292333598)
0(0.0, 0.021221925173420697)
0(0.0, 0.021149617768571716)
0(0.0, 0.02106979795556485)
0(0.0, 0.020923493024787687)
0(0.0, 0.020815964872896386)
0(0.0, 0.020614739055613396)
0(0.0, 0.02053577532107065)
0(0.0, 0.020468650728759807)
0(0.0, 0.020447884201581723)
0(0.0, 0.020318438187053034)
0(0.0, 0.020314832645624503)
0(0.0, 0.0199787453839384)
0(0.0, 0.019734891374416308)
0(0.0, 0.01956442008194237)
0(0.0, 0.019559851897193004)
0(0.0, 0.019496749758772802)
0(0.0, 0.019483705159085374)
0(0.0, 0.019414950492995575)
0(0.0, 0.019365312364080123)
0(0.0, 0.01936302864076378)
0(0.0, 0.018933577983841543)
0(0.0, 0.018721326771370284)
0(0.0, 0.01842223725264136)
0(0.0, 0.018419094190723517)
0(0.0, 0.01821204638881002)
0(0.0, 0.018075815520786964)
0(0.0, 0.018055509630085176)
0(0.0, 0.018027908016467142)
0(0.0, 0.01774476828293814)
0(0.0, 0.017730401809015528)
0(0.0, 0.017701906405635404)
0(0.0, 0.017638539991575275)
0(0.0, 0.01751709998127815)
0(0.0, 0.017409600298669115)
0(0.0, 0.01739005919342873)
0(0.0, 0.01716949431919823)
0(0.0, 0.017107823184358995)
0(0.0, 0.016907522454604362)
0(0.0, 0.016562746079301194)
0(0.0, 0.016529662342521956)
0(0.0, 0.016233484257860975)
0(0.0, 0.01606799767720346)
0(0.0, 0.016011495810524523)
0(0.0, 0.015844268243258464)
0(0.0, 0.015608861299153176)
0(0.0, 0.01557122674051159)
0(0.0, 0.015144266095519998)
0(0.0, 0.015040465975134865)
0(0.0, 0.015038981965197817)
0(0.0, 0.014772070319715946)
0(0.0, 0.014692789413987883)
0(0.0, 0.014507685920651214)
0(0.0, 0.014481979976702197)
0(0.0, 0.01437916725898769)
0(0.0, 0.01373101842520219)
0(0.0, 0.013158294610318921)
0(0.0, 0.013154834112141689)
0(0.0, 0.013102095686249648)
0(0.0, 0.012993245717627055)
0(0.0, 0.01291498462121099)
0(0.0, 0.012875723072213963)
0(0.0, 0.01282313211433983)
0(0.0, 0.012712820934147051)
0(0.0, 0.01258861746291906)
0(0.0, 0.012436883456714898)
0(0.0, 0.012267468713977103)
0(0.0, 0.012205768272111839)
0(0.0, 0.011485820905053123)
0(0.0, 0.011398100129569766)
0(0.0, 0.010845047318645329)
0(0.0, 0.010824686668138739)
0(0.0, 0.010712233096018986)
0(0.0, 0.010268594816857601)
0(0.0, 0.010219277505089108)
0(0.0, 0.00842164507180232)
0(0.0, 0.00838999437883936)
0(0.0, 0.008330657446590894)
0(0.0, 0.008113986804100026)
0(0.0, 0.00803940766159883)
0(0.0, 0.007922923941842797)
0(0.0, 0.0077212898070554425)
0(0.0, 0.007433808100446582)
0(0.0, 0.007243009776412235)
0(0.0, 0.007220857608656761)
0(0.0, 0.0070892727504510145)
0(0.0, 0.006939083188153505)
0(0.0, 0.006883771315237874)
0(0.0, 0.006713022807679603)
0(0.0, 0.0065865866704194476)
0(0.0, 0.006163972549922181)
0(0.0, 0.006043858483270492)
0(0.0, 0.005955377211696811)
0(0.0, 0.005926926993469306)
0(0.0, 0.005903996225921748)
0(0.0, 0.0057062324842811485)
0(0.0, 0.005696468692078405)
0(0.0, 0.00551020314183337)
0(0.0, 0.005398824204061237)
0(0.0, 0.005249259433711018)
0(0.0, 0.005174545145153919)
0(0.0, 0.005110681426360064)
0(0.0, 0.005054653435101919)
0(0.0, 0.0050500016223336)
0(0.0, 0.004992759542980396)
0(0.0, 0.004980280236894008)
0(0.0, 0.004964093264624103)
0(0.0, 0.004931787201308602)
0(0.0, 0.004930569642039084)
0(0.0, 0.004880242188362582)
0(0.0, 0.004872159602378523)
0(0.0, 0.004865648104962372)
0(0.0, 0.0047889764199647855)
0(0.0, 0.004746130068443377)
0(0.0, 0.004740284944063533)
0(0.0, 0.004735280096656136)
0(0.0, 0.004718515503512433)
0(0.0, 0.004644840982624188)
0(0.0, 0.004589509082841614)
0(0.0, 0.004581659121759563)
0(0.0, 0.00438257717157553)
0(0.0, 0.004327956289061352)
0(0.0, 0.004312808784640576)
0(0.0, 0.004261940320392954)
0(0.0, 0.004239550440763962)
0(0.0, 0.0042165988464446524)
0(0.0, 0.004189617952764735)
0(0.0, 0.004155096476177067)
0(0.0, 0.004152856414860184)
0(0.0, 0.004099427238548281)
0(0.0, 0.004079190743226602)
0(0.0, 0.004030975330400088)
0(0.0, 0.00402667102780363)
0(0.0, 0.004021911310763127)
0(0.0, 0.003997095767791836)
0(0.0, 0.003993312091887469)
0(0.0, 0.003970393119748339)
0(0.0, 0.003968056964091082)
0(0.0, 0.003954351899967512)
0(0.0, 0.003919132146341764)
0(0.0, 0.003916812564999206)
0(0.0, 0.0037667941615818767)
0(0.0, 0.003751198085189311)
0(0.0, 0.003712917071050592)
0(0.0, 0.003697155146147546)
0(0.0, 0.0036900983785030927)
0(0.0, 0.003679165141847518)
0(0.0, 0.003676129536188233)
0(0.0, 0.0036740402283456097)
0(0.0, 0.0036548427128186844)
0(0.0, 0.003635738616295292)
0(0.0, 0.0035850591938014764)
0(0.0, 0.0035729562520512292)
0(0.0, 0.0035556816939306124)
0(0.0, 0.0035408228086504234)
0(0.0, 0.0035311679259771855)
0(0.0, 0.003459125719822209)
0(0.0, 0.003411427464416583)
0(0.0, 0.00340835857689592)
0(0.0, 0.00339293522296491)
0(0.0, 0.0033791067384407736)
0(0.0, 0.003351789868352939)
0(0.0, 0.003351370548292154)
0(0.0, 0.0033331094586009913)
0(0.0, 0.0032074579889155297)
0(0.0, 0.003187132893408773)
0(0.0, 0.003150228615566575)
0(0.0, 0.003123364777701365)
0(0.0, 0.0031157426911768704)
0(0.0, 0.0030653432920644264)
0(0.0, 0.0030549941726788488)
0(0.0, 0.003048698439068853)
0(0.0, 0.0030235188997764784)
0(0.0, 0.003013992067247062)
0(0.0, 0.0029164630480222886)
0(0.0, 0.0028451025217782755)
0(0.0, 0.0028441774545778786)
0(0.0, 0.002800962995611611)
0(0.0, 0.0028007191387148245)
0(0.0, 0.0027831512829232796)
0(0.0, 0.0027676082644599864)
0(0.0, 0.0027638873176953904)
0(0.0, 0.00275646443786437)
0(0.0, 0.0027443884354184656)
0(0.0, 0.0027269649798838946)
0(0.0, 0.002718489659333523)
0(0.0, 0.0027179868166469223)
0(0.0, 0.0026983722223928863)
0(0.0, 0.0026885157687714933)
0(0.0, 0.0026556415061990135)
0(0.0, 0.0026073718066537133)
0(0.0, 0.002599354190846781)
0(0.0, 0.002591907121492265)
0(0.0, 0.0025622725514835576)
0(0.0, 0.00255642888359775)
0(0.0, 0.002556118155856102)
0(0.0, 0.00255388770677889)
0(0.0, 0.002552064268005916)
0(0.0, 0.002507818003295914)
0(0.0, 0.0025065315189348736)
0(0.0, 0.002499709949145501)
0(0.0, 0.0024995565965983957)
0(0.0, 0.002496916640619684)
0(0.0, 0.002481440633071208)
0(0.0, 0.002451297448485046)
0(0.0, 0.0024345657829975)
0(0.0, 0.002412846702101734)
0(0.0, 0.0024119381855536304)
0(0.0, 0.0023970778585518104)
0(0.0, 0.002312918524594365)
0(0.0, 0.0023023382055846753)
0(0.0, 0.0023023379928452936)
0(0.0, 0.002270151991286218)
0(0.0, 0.0022678970986313995)
0(0.0, 0.0022467976962845526)
0(0.0, 0.002242603741977711)
0(0.0, 0.00223576349692467)
0(0.0, 0.0022226842277316416)
0(0.0, 0.002219331356658194)
0(0.0, 0.002186327421968892)
0(0.0, 0.00218301358538886)
0(0.0, 0.0021713385622379455)
0(0.0, 0.0021576210485285685)
0(0.0, 0.0021457190743361387)
0(0.0, 0.0021400449260621235)
0(0.0, 0.002130924649548671)
0(0.0, 0.0020599182862609533)
0(0.0, 0.0020554737732136896)
0(0.0, 0.0020454752699834433)
0(0.0, 0.0020234513431456325)
0(0.0, 0.001992731752096244)
0(0.0, 0.0019497343446929216)
0(0.0, 0.0019404788038589471)
0(0.0, 0.001934543819895107)
0(0.0, 0.0019322464067020872)
0(0.0, 0.0018807430085170385)
0(0.0, 0.0018640347408546143)
0(0.0, 0.0018308617153000029)
0(0.0, 0.0018253016297575808)
0(0.0, 0.0018106271285335263)
0(0.0, 0.0017362354616402564)
0(0.0, 0.0017315278528197142)
0(0.0, 0.0017221491416731238)
0(0.0, 0.0016684096312890029)
0(0.0, 0.0016646187864249873)
0(0.0, 0.0015968172567742966)
0(0.0, 0.0015707289620982001)
0(0.0, 0.0015703395428269262)
0(0.0, 0.0015556491847673604)
0(0.0, 0.0015519894187064898)
0(0.0, 0.001547935099950104)
0(0.0, 0.0015404362492341672)
0(0.0, 0.0015184370115624013)
0(0.0, 0.0014416963630803359)
0(0.0, 0.0014405096665636163)
0(0.0, 0.001431831338343792)
0(0.0, 0.0014236232373632252)
0(0.0, 0.0014234078557778806)
0(0.0, 0.0013981595281623571)
0(0.0, 0.0013966118633711444)
0(0.0, 0.0013958238955855684)
0(0.0, 0.0012724296317677686)
0(0.0, 0.001227699787414993)
0(0.0, 0.0012035125258629265)
0(0.0, 0.0009979581955549266)
0(0.0, 0.0009799337987108636)
0(0.0, 0.0009190658183105826)
0(0.0, 0.000913077340475521)
0(0.0, 0.0007058204815066915)
