1(0.09536998925356654, 0.12850692846494594)
1(0.1025683668623042, 0.12786744499830371)
1(0.08741539819432431, 0.1031323980534915)
1(0.12659551894484777, 0.1410666993723796)
1(0.06991624603475322, 0.08385701004118107)
1(0.06727237333134495, 0.08113787834437036)
1(0.14149391096530017, 0.15527703509262458)
1(0.10220136181628237, 0.11516927784659792)
1(0.0995872023936677, 0.11165433725618445)
1(0.08268703250203169, 0.09467407123943439)
1(0.1745273819294001, 0.18648616640658355)
1(0.08889410414397236, 0.10061498696250504)
1(0.06810000169862263, 0.07930377779539732)
1(0.07617607587441988, 0.08714510908543038)
1(0.08599646905867386, 0.09686474643263354)
1(0.12968103108447204, 0.13994307663375338)
1(0.06707506546348374, 0.07701629234356733)
1(0.10651554826949305, 0.1164485534042553)
1(0.09405587510516933, 0.10345365465293055)
1(0.10246733086971727, 0.11167286309058722)
1(0.14126164110864792, 0.15027579911486721)
1(0.07743049496880716, 0.08631858079935284)
1(0.0946300741584154, 0.10344080721075288)
1(0.07147333559507063, 0.08008683898611235)
1(0.09206554285041546, 0.10061498696250504)
1(0.05766292179245425, 0.0661327685773303)
1(0.09665384841687019, 0.10509726741668335)
1(0.08458554613996982, 0.09276489655744502)
1(0.08652579776108238, 0.09457730728362534)
1(0.09964443312932814, 0.10767437930234758)
1(0.14872581420515296, 0.1561370059168934)
1(0.05864233050295198, 0.06603710818128439)
1(0.07040410191980329, 0.07759632326000265)
1(0.07934738816822784, 0.08618944866558864)
1(0.13634846135223688, 0.14314119691790927)
1(0.2209123645988701, 0.2273576259058231)
1(0.09937223281377616, 0.10577439658790866)
1(0.1228734093687518, 0.12922855111334164)
1(0.1077063272989216, 0.11397048089902018)
1(0.12557152582997222, 0.13180245042757355)
1(0.06698636505953448, 0.07292141735021451)
1(0.06024643874419511, 0.06608397936358412)
1(0.06737412956126898, 0.07316318533363875)
1(0.09449578109136336, 0.10028430117629195)
1(0.08691842920551862, 0.09256331470664825)
1(0.14293035391188746, 0.14854696915275967)
1(0.07687480226207966, 0.08219725289051782)
1(0.08095356805758547, 0.08623646894239145)
1(0.10519246469048604, 0.11044013606164305)
1(0.09051989936666016, 0.09574528305679242)
1(0.08184061642276652, 0.08698748296414172)
1(0.09208810354104546, 0.09705739127694213)
1(0.09378489815270363, 0.09871601243978145)
1(0.06212270834243394, 0.0668299384263622)
1(0.07977594899962326, 0.08439784211373724)
1(0.1140714930964224, 0.1185576435633795)
1(0.09099845878393353, 0.0952838609522988)
1(0.09010885566642235, 0.09431228671203717)
1(0.06767397236809003, 0.07160236038354661)
1(0.05820850148638401, 0.0620816738881127)
1(0.20006175379320257, 0.20391375434288905)
1(0.0612524659768271, 0.06498710024386856)
1(0.10515725941814769, 0.10887185952098277)
1(0.07297621572649116, 0.07658661737982164)
1(0.1285258550483357, 0.1319751595017593)
1(0.06186317807192232, 0.06526312757767017)
1(0.11596119036081487, 0.11913794708757997)
1(0.07815250870809487, 0.08131032133871086)
1(0.12389118179302294, 0.1270470272534463)
1(0.08337072621403263, 0.086389898949506)
1(0.1904612030236631, 0.19346733268394511)
1(0.11457241380021133, 0.11757487999523564)
1(0.09399482884963428, 0.0969806682637101)
1(0.09549903753853706, 0.09843249202136861)
1(0.10373920440453799, 0.1064338774089083)
1(0.11884215983872337, 0.12144702736467206)
1(0.10251046401378194, 0.10503450489091526)
1(0.13401082444724732, 0.1365300651455108)
1(0.09215406367328083, 0.0946479414197382)
1(0.14399041916226507, 0.14647273301826247)
1(0.10890798787719713, 0.11136217419725036)
1(0.09887918544418794, 0.10125294504606208)
1(0.06860585330247504, 0.07096948867891084)
1(0.019798287100459278, 0.02198802762527563)
1(0.08804527396084816, 0.09022979519044327)
1(0.08250260441860635, 0.08466020396842167)
1(0.07555800222978692, 0.07769324860171034)
1(0.06952216346855011, 0.07160236038354661)
1(0.1503017339364151, 0.15235219827823154)
1(0.13905697817152074, 0.1410666993723796)
1(0.06917558320516415, 0.0711321945672051)
1(0.0767253384429104, 0.07851435768397441)
1(0.007593997039461842, 0.009368157378940145)
1(0.0603309310332959, 0.062097659121631454)
1(0.18863155802558695, 0.19037113681142448)
1(0.005737308390192597, 0.007461627515669811)
1(0.003998756945539639, 0.0056465447451058415)
1(0.0046520890482699695, 0.006282278480011727)
1(0.0685059979343039, 0.07009164327537987)
1(0.11453730526195516, 0.11598109124650202)
1(0.09813087383431918, 0.09955193723184819)
1(0.06560628418485404, 0.06694572997279535)
1(0.07312434300052051, 0.07436201215968574)
1(0.06320877097313637, 0.06444186970934407)
1(0.08255418149641414, 0.08377273291305443)
1(0.08865772998839005, 0.08986279827751253)
1(0.11117433817164746, 0.11235827261595044)
1(0.11783269860476131, 0.1189937586151042)
1(0.007295204782909459, 0.00845602417478486)
1(0.006307372447341808, 0.007466013386939752)
1(0.08298680581867834, 0.08411775335207483)
1(0.010833158809986698, 0.011955477470454445)
1(0.00518064764039583, 0.006302331844922238)
1(0.007658289961545939, 0.008721129295676144)
1(0.10649022162623656, 0.10754934223375112)
1(0.08473506853299417, 0.08576725328150403)
1(0.005468516768794118, 0.006465952438857503)
1(0.007928793271277823, 0.008913230711520281)
1(0.005287972657632367, 0.00623905430344307)
1(0.004734964446815204, 0.005683300671269431)
1(0.0076820609458526645, 0.008627698942425988)
1(0.0060594884167493035, 0.0069848069010828295)
1(0.072116265312693, 0.07300537355776204)
1(0.00467771230889924, 0.0055209171550753)
1(0.10868476764341295, 0.10951833089618579)
1(0.00638815530594905, 0.007219855012662202)
1(0.008240928629009048, 0.009072395821231427)
1(0.005302200256792289, 0.006115329442888617)
1(0.006854970425985818, 0.007651966767176499)
1(0.004884648232126421, 0.005661940839138624)
1(0.004663709668970006, 0.005431948318053936)
1(0.005437367185750941, 0.006201028141051723)
1(0.0059195530082172265, 0.006682992667729759)
1(0.007952414378029848, 0.008706432274862452)
1(0.009449657605408834, 0.010194647688771652)
1(0.10653686973632304, 0.10726935045576946)
1(0.008741313514136984, 0.009465175992319885)
1(0.0888717455093353, 0.08958937697371416)
1(0.005019791783393512, 0.005731717366176392)
1(0.004838655131639169, 0.00553788713505754)
1(0.006571984397949593, 0.007270868219192983)
1(0.004213423302301567, 0.0048906705787437055)
1(0.0060649584890108965, 0.006737135952623485)
1(0.005323110462811975, 0.005975511422313229)
1(0.008830095537320615, 0.009465175992319885)
1(0.004928223867687098, 0.005546599347406533)
1(0.008538823079686453, 0.009151805574521554)
1(0.006156946887064141, 0.006759376857376931)
1(0.006308456973687093, 0.006909301886770192)
1(0.006326884112873743, 0.006924113023755285)
1(0.005516976433631804, 0.006091780044647832)
1(0.005598314671266369, 0.006169315267703257)
1(0.005967430191486267, 0.006536147184722951)
1(0.004199553169447645, 0.0047630051121855255)
1(0.009597011174212744, 0.0101565723436986)
1(0.006782742099079253, 0.007335245448873651)
1(0.003987913358573847, 0.004521906576883339)
1(0.0971467287597394, 0.09766593277357727)
1(0.007889015375242558, 0.008407084818060406)
1(0.09070640536677532, 0.09120692295725064)
1(0.004052875987437199, 0.004544494374604358)
1(0.007276648756972759, 0.0077662601147816535)
1(0.006938931780827384, 0.007426990778322984)
1(0.00510922640796696, 0.005592180932482149)
1(0.0049699451411486795, 0.00544539676857525)
1(0.008219081210112833, 0.008680917695374046)
1(0.005383251122473398, 0.005837577327680421)
1(0.00542669842182697, 0.005876967369673691)
1(0.004421406327580257, 0.00486231792923475)
1(0.0038989230146982967, 0.004331784427861862)
1(0.008575624107182156, 0.009008279962421373)
1(0.0039043146867973055, 0.00433517208065437)
1(0.005718434800530359, 0.006149125752343054)
1(0.004266439308114656, 0.004697076454526106)
1(0.0039026229901704124, 0.004331784427861862)
1(0.005198156899545947, 0.0056145811006862445)
1(0.005547279421977969, 0.00596290712967662)
1(0.10828665500758061, 0.10870081607525628)
1(0.00547830091265844, 0.005882143593355593)
1(0.0047366179300422084, 0.00513989363831191)
1(0.005998963577133698, 0.006401876746877644)
1(0.008314036050289353, 0.008710993201157091)
1(0.008625090852644957, 0.00902073819762772)
1(0.006042632079939714, 0.006425351890165909)
1(0.008348380149314827, 0.008699397248476792)
1(0.005706916244803573, 0.006048303994472981)
1(0.00612542980112929, 0.006465018856728455)
1(0.005294745504996645, 0.00562238277766669)
1(0.008712851967905055, 0.00902073819762772)
1(0.11373423103679825, 0.11403672185451197)
1(0.006371570310956254, 0.00667359157254066)
1(0.008342253465651095, 0.008641216637782612)
1(0.0066342400181399475, 0.006925413941581415)
1(0.004914810149680204, 0.005199985489903303)
1(0.00600598649239481, 0.006288857432826922)
1(0.007103215338924218, 0.007384873860145302)
1(0.005306341185705499, 0.0055788769794055115)
1(0.006391777658383835, 0.0066633118570965655)
1(0.006178754040266576, 0.006444256732057063)
1(0.006713797095169394, 0.006970117802531872)
1(0.009033172922062405, 0.009288260125240422)
1(0.004794958665957139, 0.005044242380248254)
1(0.00647862206210803, 0.0067269102337095266)
1(0.006537722564906034, 0.0067772099470362335)
1(0.011357086200855737, 0.011588529112183776)
1(0.004930853421850845, 0.005149593738373426)
1(0.004119048493817945, 0.00433517208065437)
1(0.005475644412250236, 0.005691699542236028)
1(0.006603062347092514, 0.006818883847900525)
1(0.010112198333517397, 0.010325212335933753)
1(0.10178493616332995, 0.10199136372753903)
1(0.007963173272410473, 0.008165855453769466)
1(0.0074215153693142355, 0.007622418883441173)
1(0.0044576859374947375, 0.004658443617446717)
1(0.005585850267338377, 0.005782308437562889)
1(0.006316461536330031, 0.006511450112837047)
1(0.006519451542225663, 0.006714178927120007)
1(0.0049528661985851485, 0.00513989363831191)
1(0.008625579006709128, 0.008812386886222434)
1(0.0046965304701444, 0.00486231792923475)
1(0.006758736650370745, 0.006907232906235072)
1(0.005366113233038039, 0.005511781561858831)
1(0.008498205043897422, 0.008641216637782612)
1(0.014710773235466101, 0.014848549885461026)
1(0.012163482332395836, 0.01228853003712116)
1(0.008873708994335927, 0.008998734724157798)
1(0.007273877650354921, 0.0073974827890759265)
1(0.005771070706263481, 0.005893211306323254)
1(0.004745620632204073, 0.004864199484648557)
1(0.007139946875046044, 0.007257471813145622)
1(0.0062654167967505225, 0.006381045850811451)
1(0.0054704758854162705, 0.005586063097955063)
1(0.14117511560020035, 0.14129059359760188)
1(0.004899227969610842, 0.005011395791226225)
1(0.008784886622123511, 0.008884686910159645)
1(0.005920947486923289, 0.006014920223827547)
1(0.007081420869060717, 0.007173301058867265)
1(0.01115554996802015, 0.011233257208630554)
1(0.0051642256977215695, 0.005240166885732589)
1(0.07136869851379513, 0.07143595297577121)
1(0.008654239717141965, 0.008721129295676144)
1(0.0059491055740338306, 0.006014920223827547)
1(0.07965469073921816, 0.07971172647768376)
1(0.005149863010207367, 0.005199985489903303)
1(0.0747983742250139, 0.0748421580536992)
1(0.00451241067074204, 0.004553993886801)
1(0.007397473632227425, 0.007435843826511412)
1(0.004305783665575991, 0.004339411627065859)
1(0.006736309818945352, 0.006760228410348956)
1(0.010669769265649776, 0.010693164314360515)
1(0.006912287539402984, 0.00692965904580034)
1(0.005692710890498387, 0.005705859974749594)
1(0.012982872902660758, 0.012994586725679547)
1(0.005582111349874519, 0.005592680491514623)
0(0.0, inf)
0(0.0, 0.9345181269419238)
0(0.0, 0.2807345241330286)
0(0.0, 0.2621767604827927)
0(0.0, 0.19598843717774128)
0(0.0, 0.19587926038483916)
0(0.0, 0.18467296094997288)
0(0.0, 0.18321739331021902)
0(0.0, 0.17432129555084885)
0(0.0, 0.17328173067362473)
0(0.0, 0.16693052856270008)
0(0.0, 0.1649530080758439)
0(0.0, 0.16331899413172468)
0(0.0, 0.16088856018735764)
0(0.0, 0.15821597056052783)
0(0.0, 0.15596013507037698)
0(0.0, 0.15252180601310328)
0(0.0, 0.15230088275753428)
0(0.0, 0.1389642759715216)
0(0.0, 0.13545715370113698)
0(0.0, 0.13531132868392548)
0(0.0, 0.13406190757111303)
0(0.0, 0.13098567625962798)
0(0.0, 0.1307511366648232)
0(0.0, 0.1271830059424608)
0(0.0, 0.12663644562042686)
0(0.0, 0.12534749184958094)
0(0.0, 0.12483505873230216)
0(0.0, 0.12407444177393889)
0(0.0, 0.12337113421223289)
0(0.0, 0.12306409270837537)
0(0.0, 0.11938512228863629)
0(0.0, 0.11875099337637096)
0(0.0, 0.11732854603820908)
0(0.0, 0.11573677610937272)
0(0.0, 0.11437332766429908)
0(0.0, 0.11434568963728986)
0(0.0, 0.11377661201668987)
0(0.0, 0.11376075547919395)
0(0.0, 0.11367681909948535)
0(0.0, 0.11334202809219418)
0(0.0, 0.11209253182113821)
0(0.0, 0.11117482026845893)
0(0.0, 0.1093628382781856)
0(0.0, 0.10902953264156678)
0(0.0, 0.10811509103078265)
0(0.0, 0.10794089088719272)
0(0.0, 0.10756319157149108)
0(0.0, 0.10652170990934684)
0(0.0, 0.10554174653345638)
0(0.0, 0.10513688369812957)
0(0.0, 0.10431649100674623)
0(0.0, 0.10405333149176144)
0(0.0, 0.10403898980111492)
0(0.0, 0.1030286439033461)
0(0.0, 0.10265652997941677)
0(0.0, 0.10247096582994697)
0(0.0, 0.1012164031278251)
0(0.0, 0.10068431208517659)
0(0.0, 0.100478396509314)
0(0.0, 0.10004710860159438)
0(0.0, 0.09926840047056307)
0(0.0, 0.09912479124269458)
0(0.0, 0.09900624709418493)
0(0.0, 0.09857180289919032)
0(0.0, 0.09843593514290128)
0(0.0, 0.09700918015853077)
0(0.0, 0.09619118617134725)
0(0.0, 0.09607886050196812)
0(0.0, 0.09251210434136892)
0(0.0, 0.0924343881983003)
0(0.0, 0.09228124855125652)
0(0.0, 0.09203157061986689)
0(0.0, 0.09164269463607311)
0(0.0, 0.0914555248186788)
0(0.0, 0.09071635870311479)
0(0.0, 0.09066259801938825)
0(0.0, 0.0902562007193296)
0(0.0, 0.08993729491367553)
0(0.0, 0.08918951850510048)
0(0.0, 0.08916458300433527)
0(0.0, 0.08857886251636449)
0(0.0, 0.08853338335881011)
0(0.0, 0.08848362093729123)
0(0.0, 0.08832594329676513)
0(0.0, 0.08770893689280013)
0(0.0, 0.08768341431792281)
0(0.0, 0.0873398463127335)
0(0.0, 0.08645905858770653)
0(0.0, 0.08644118824464153)
0(0.0, 0.0862321425628122)
0(0.0, 0.08561151052388594)
0(0.0, 0.08487636046578761)
0(0.0, 0.0844219274237239)
0(0.0, 0.08399093447390782)
0(0.0, 0.08324167380432634)
0(0.0, 0.08316426106069996)
0(0.0, 0.0825024279677462)
0(0.0, 0.08238306827181041)
0(0.0, 0.08196587603448502)
0(0.0, 0.08177306380951399)
0(0.0, 0.08147986040255328)
0(0.0, 0.0814520085843552)
0(0.0, 0.08137249000500235)
0(0.0, 0.08112897495102533)
0(0.0, 0.08082684951910968)
0(0.0, 0.08079253603064329)
0(0.0, 0.08043343176057394)
0(0.0, 0.08035722665170797)
0(0.0, 0.08001695394853803)
0(0.0, 0.0797688324472039)
0(0.0, 0.07968576987716514)
0(0.0, 0.07928374626592893)
0(0.0, 0.0790878882600512)
0(0.0, 0.07905515842752098)
0(0.0, 0.0789491403301561)
0(0.0, 0.07886680533075974)
0(0.0, 0.07848243086109463)
0(0.0, 0.07795479305317032)
0(0.0, 0.07707042445530277)
0(0.0, 0.0764834495625023)
0(0.0, 0.07636005797443712)
0(0.0, 0.07554737446652038)
0(0.0, 0.07540934163041846)
0(0.0, 0.07527390803800227)
0(0.0, 0.07477297067435984)
0(0.0, 0.07431141532747632)
0(0.0, 0.07414344433342313)
0(0.0, 0.07398138424355394)
0(0.0, 0.07380821968434814)
0(0.0, 0.07290333284478401)
0(0.0, 0.0726025265317305)
0(0.0, 0.07193006313913741)
0(0.0, 0.0716831970506202)
0(0.0, 0.07151050654568858)
0(0.0, 0.07150020834563431)
0(0.0, 0.07065428915112704)
0(0.0, 0.07030529412569286)
0(0.0, 0.07023954693104684)
0(0.0, 0.06878668690078504)
0(0.0, 0.06809091893548447)
0(0.0, 0.06748256194052449)
0(0.0, 0.06724693777680624)
0(0.0, 0.06646750546778513)
0(0.0, 0.06640343895485712)
0(0.0, 0.06633292293357407)
0(0.0, 0.06614670899204866)
0(0.0, 0.06601121143285471)
0(0.0, 0.06588490808332936)
0(0.0, 0.06588001858817139)
0(0.0, 0.06584216321370884)
0(0.0, 0.06536642375903001)
0(0.0, 0.0653490187009419)
0(0.0, 0.06470557756249451)
0(0.0, 0.06454958954769874)
0(0.0, 0.06454157455324017)
0(0.0, 0.06423312092181499)
0(0.0, 0.0640835610806324)
0(0.0, 0.06385772806308876)
0(0.0, 0.06350503345514413)
0(0.0, 0.06335316877611918)
0(0.0, 0.0628963016913976)
0(0.0, 0.06283530845444596)
0(0.0, 0.06197505611217591)
0(0.0, 0.06137906140961613)
0(0.0, 0.06132335286136548)
0(0.0, 0.06022343263038388)
0(0.0, 0.059902661413422376)
0(0.0, 0.059678897283028665)
0(0.0, 0.05958570702265442)
0(0.0, 0.059510472789465196)
0(0.0, 0.05939546700271836)
0(0.0, 0.05933700851088386)
0(0.0, 0.0588941992511266)
0(0.0, 0.058617945181609676)
0(0.0, 0.05847956725199921)
0(0.0, 0.05826630039741321)
0(0.0, 0.05811234991161207)
0(0.0, 0.05799820049680593)
0(0.0, 0.05798596241057219)
0(0.0, 0.05798345287800155)
0(0.0, 0.05764829619930589)
0(0.0, 0.057591538956249355)
0(0.0, 0.057279152463970084)
0(0.0, 0.05706309825864753)
0(0.0, 0.056906369184053895)
0(0.0, 0.05611002559978562)
0(0.0, 0.056006562491849654)
0(0.0, 0.055353405626020646)
0(0.0, 0.05431428580471387)
0(0.0, 0.05429224845392888)
0(0.0, 0.05412351972451024)
0(0.0, 0.05390944444404655)
0(0.0, 0.05375881200976573)
0(0.0, 0.05346692744835124)
0(0.0, 0.05312145049962158)
0(0.0, 0.05303465915045269)
0(0.0, 0.05299542376766864)
0(0.0, 0.05293554317662086)
0(0.0, 0.052651543157918534)
0(0.0, 0.05233579244830755)
0(0.0, 0.0522149946082372)
0(0.0, 0.051899813200981915)
0(0.0, 0.05157939422896385)
0(0.0, 0.05094331439263777)
0(0.0, 0.05071259441948883)
0(0.0, 0.050578667570992275)
0(0.0, 0.05011085900283563)
0(0.0, 0.05007942763010931)
0(0.0, 0.04928800403922551)
0(0.0, 0.04884951279304339)
0(0.0, 0.04673074519309384)
0(0.0, 0.04641215252216557)
0(0.0, 0.04573896453247317)
0(0.0, 0.04512038239042504)
0(0.0, 0.04411467264433033)
0(0.0, 0.04287958903860967)
0(0.0, 0.04276091444142571)
0(0.0, 0.038515578694080954)
0(0.0, 0.03772090300350417)
0(0.0, 0.032350180139652296)
0(0.0, 0.03081572885428019)
0(0.0, 0.02027133007921611)
0(0.0, 0.018583357286948377)
0(0.0, 0.01734113150625949)
0(0.0, 0.015515342697982937)
0(0.0, 0.015368545170306613)
0(0.0, 0.014206218229422252)
0(0.0, 0.013919010764656958)
0(0.0, 0.013680936434840252)
0(0.0, 0.013393959111976494)
0(0.0, 0.011981820884256256)
0(0.0, 0.01150373817467254)
0(0.0, 0.011374437259470738)
0(0.0, 0.010950970324183018)
0(0.0, 0.010848109286481722)
0(0.0, 0.010731484759112564)
0(0.0, 0.010717836339419584)
0(0.0, 0.010703045744139494)
0(0.0, 0.010677130414441183)
0(0.0, 0.010108160787045017)
0(0.0, 0.009596533219193293)
0(0.0, 0.009382393483227447)
0(0.0, 0.009360824081263042)
0(0.0, 0.00922826035175961)
0(0.0, 0.00920138477206478)
0(0.0, 0.009137608501931238)
0(0.0, 0.009108555926823136)
0(0.0, 0.008859457681425598)
0(0.0, 0.008752687527828429)
0(0.0, 0.008742103779760257)
0(0.0, 0.00870762333357522)
0(0.0, 0.008691185991200445)
0(0.0, 0.00827778194878992)
0(0.0, 0.00827440291411341)
0(0.0, 0.008270148580178716)
0(0.0, 0.008256595430425118)
0(0.0, 0.008031434083660582)
0(0.0, 0.00802303080083977)
0(0.0, 0.00790057299841107)
0(0.0, 0.007857498662411144)
0(0.0, 0.007714492544254492)
0(0.0, 0.007706472374075735)
0(0.0, 0.007677132713765911)
0(0.0, 0.007668266811579061)
0(0.0, 0.007594232212505436)
0(0.0, 0.007587910999360403)
0(0.0, 0.0074548489951383745)
0(0.0, 0.007429633273102643)
0(0.0, 0.007396179123318469)
0(0.0, 0.007393114182282834)
0(0.0, 0.007318636005293144)
0(0.0, 0.007309021081423839)
0(0.0, 0.0072242888915989845)
0(0.0, 0.007133245203319483)
0(0.0, 0.007121759490185009)
0(0.0, 0.0070172112299135)
0(0.0, 0.006972180086220914)
0(0.0, 0.006935574519117194)
0(0.0, 0.006923935964258776)
0(0.0, 0.006836949624731914)
0(0.0, 0.006781632105469115)
0(0.0, 0.0067752160580552)
0(0.0, 0.006745986023180328)
0(0.0, 0.006741232730122948)
0(0.0, 0.006727041817547352)
0(0.0, 0.006712659212674277)
0(0.0, 0.00669010295497352)
0(0.0, 0.006679875159638082)
0(0.0, 0.006601515842288519)
0(0.0, 0.006492839277993601)
0(0.0, 0.006492182846444816)
0(0.0, 0.006474567179659774)
0(0.0, 0.006472291788377271)
0(0.0, 0.006454271891150887)
0(0.0, 0.006405759327188787)
0(0.0, 0.006358154578430142)
0(0.0, 0.006329460394045361)
0(0.0, 0.006317847476125071)
0(0.0, 0.006254280568835147)
0(0.0, 0.006188394203805125)
0(0.0, 0.006169120335782208)
0(0.0, 0.006132041980326686)
0(0.0, 0.006068820913613826)
0(0.0, 0.006066196541605007)
0(0.0, 0.006015878342128689)
0(0.0, 0.006005277534405051)
0(0.0, 0.005947240568335288)
0(0.0, 0.005821514225154645)
0(0.0, 0.005786554095903673)
0(0.0, 0.005750887580712849)
0(0.0, 0.00571641125857647)
0(0.0, 0.0057108405773701465)
0(0.0, 0.005680986439179692)
0(0.0, 0.00565785245684991)
0(0.0, 0.005649958532265353)
0(0.0, 0.00564594933545004)
0(0.0, 0.005638221753454298)
0(0.0, 0.005598156997946524)
0(0.0, 0.005528439120397577)
0(0.0, 0.005517232764731705)
0(0.0, 0.005467611736899691)
0(0.0, 0.005432785764359238)
0(0.0, 0.0054238900719758565)
0(0.0, 0.00540230497265215)
0(0.0, 0.005359201732242691)
0(0.0, 0.0053295332657350425)
0(0.0, 0.005308460509208968)
0(0.0, 0.00527564081450671)
0(0.0, 0.005274306478639024)
0(0.0, 0.0052725624812922645)
0(0.0, 0.005214075301275267)
0(0.0, 0.005206107060984899)
0(0.0, 0.005177953691236192)
0(0.0, 0.0050890389990445595)
0(0.0, 0.005066356769984237)
0(0.0, 0.005053400255094043)
0(0.0, 0.005043064389359753)
0(0.0, 0.005042417356668882)
0(0.0, 0.005017013187157082)
0(0.0, 0.005013040672235625)
0(0.0, 0.0049801339780323195)
0(0.0, 0.004977316363438122)
0(0.0, 0.0049701104985738764)
0(0.0, 0.004966407684929397)
0(0.0, 0.004939874320076365)
0(0.0, 0.00493395402968666)
0(0.0, 0.004926607178024178)
0(0.0, 0.00492208638336844)
0(0.0, 0.004854663805292536)
0(0.0, 0.004833385471214924)
0(0.0, 0.004724207946840364)
0(0.0, 0.004712927596883021)
0(0.0, 0.004676881501610497)
0(0.0, 0.00466294123191513)
0(0.0, 0.004653499196361266)
0(0.0, 0.0046363001756046796)
0(0.0, 0.004625498415299689)
0(0.0, 0.004619929291123981)
0(0.0, 0.0046140732162337494)
0(0.0, 0.004588984151769893)
0(0.0, 0.004586112976376344)
0(0.0, 0.004576280659310372)
0(0.0, 0.004556493073660461)
0(0.0, 0.0045476803337503036)
0(0.0, 0.004545765015735781)
0(0.0, 0.004545578341579648)
0(0.0, 0.004541249013149007)
0(0.0, 0.004532961699449611)
0(0.0, 0.004517369515208203)
0(0.0, 0.0044821317513720205)
0(0.0, 0.004462686415199202)
0(0.0, 0.004455200519405511)
0(0.0, 0.004441059245950507)
0(0.0, 0.004433892424256514)
0(0.0, 0.004432125129169795)
0(0.0, 0.004425259977398399)
0(0.0, 0.004423979911880371)
0(0.0, 0.004389534577658116)
0(0.0, 0.0043266755120895395)
0(0.0, 0.004325416937739024)
0(0.0, 0.004311020160394086)
0(0.0, 0.004271839341497996)
0(0.0, 0.004268762541962512)
0(0.0, 0.0042680953024560875)
0(0.0, 0.004242903293232292)
0(0.0, 0.004241420783708039)
0(0.0, 0.004164308949989093)
0(0.0, 0.004095129160243127)
0(0.0, 0.004075168847089694)
0(0.0, 0.0040643142263043774)
0(0.0, 0.004061090661677036)
0(0.0, 0.004056736147370121)
0(0.0, 0.00401131749552297)
0(0.0, 0.003981480863744835)
0(0.0, 0.00392026946812829)
0(0.0, 0.003919840787471651)
0(0.0, 0.0038868146773409773)
0(0.0, 0.003885454731592297)
0(0.0, 0.003869351814240196)
0(0.0, 0.0038478092016147603)
0(0.0, 0.0038445472731600816)
0(0.0, 0.003837454026283549)
0(0.0, 0.0038292521750908914)
0(0.0, 0.0038176138455096043)
0(0.0, 0.0038121267991103602)
0(0.0, 0.003797419488455467)
0(0.0, 0.0037920903203653156)
0(0.0, 0.003779743933930657)
0(0.0, 0.0037770533613847856)
0(0.0, 0.003757306720704512)
0(0.0, 0.0037312453880105068)
0(0.0, 0.003703447509703084)
0(0.0, 0.003662754419673453)
0(0.0, 0.0036477933681839936)
0(0.0, 0.0036433634023793626)
0(0.0, 0.003640088494366589)
0(0.0, 0.0035734129172458884)
0(0.0, 0.0035681996420556805)
0(0.0, 0.003563548623201962)
0(0.0, 0.003554232446853156)
0(0.0, 0.0034279429426039565)
0(0.0, 0.003427585469366501)
0(0.0, 0.0033483036082273543)
0(0.0, 0.003317713963300384)
0(0.0, 0.003301955878983298)
0(0.0, 0.003132996585064607)
0(0.0, 0.00311925550966774)
0(0.0, 0.0030404855091278327)
0(0.0, 0.002750777605131649)
0(0.0, 0.0026792140686801025)
0(0.0, 0.0025251433168148596)
