1(0.08386551589726832, 0.10945343651066941)
1(0.07995556849073215, 0.10282249030038093)
1(0.08232263480409119, 0.1049053872928194)
1(0.06863624468743912, 0.08961942416026236)
1(0.04392098461564964, 0.06388982868396242)
1(0.08739577851399949, 0.10723114988311044)
1(0.0500616543187139, 0.06905457521419622)
1(0.04927709284435511, 0.06762558517968187)
1(0.11158069673065041, 0.12899885930130572)
1(0.10146502568891447, 0.11877336763895119)
1(0.062422101127182716, 0.07924115764108175)
1(0.057374318818741776, 0.07378429545986054)
1(0.05334382085214895, 0.06940156459867208)
1(0.08600508093828318, 0.10188208682882038)
1(0.07402186516522224, 0.08964451506650473)
1(0.06230404488208374, 0.07787059037174471)
1(0.06946599875249682, 0.0847483906633727)
1(0.05308743190660559, 0.06835749503024158)
1(0.05131473530803721, 0.06653569879507093)
1(0.07510459565116923, 0.09018335992923343)
1(0.06850936322306, 0.08329891557404767)
1(0.061981423473767006, 0.07665549697134622)
1(0.046387592544536504, 0.06097982620139797)
1(0.07398189922240617, 0.08845898425058896)
1(0.08020591316300074, 0.09449587881492205)
1(0.0441237177626419, 0.05777694675222145)
1(0.05449845597099634, 0.06706471555005356)
1(0.062221345540868, 0.07385801928736047)
1(0.07462702630149942, 0.08604573816622862)
1(0.05756561392882964, 0.06892415691342701)
1(0.06426081145136375, 0.07549420061120915)
1(0.09390929200799725, 0.10491108709419039)
1(0.0758230135349447, 0.08680203588862123)
1(0.08068196705173303, 0.09153882643394806)
1(0.054372514648467485, 0.06476233687256627)
1(0.059792776073221976, 0.0701431722092638)
1(0.10268068404156061, 0.11300387118470812)
1(0.06808359096341343, 0.07834128416136155)
1(0.0745163578490754, 0.08476436630893536)
1(0.0548386109832103, 0.06488861897775922)
1(0.061857605978951735, 0.07178710555634416)
1(0.07260094550202689, 0.08238882020969684)
1(0.09983420072475557, 0.10958006712274948)
1(0.06756771864736977, 0.07716265530902833)
1(0.08578835843207844, 0.09536018515659894)
1(0.07593888525741854, 0.08550856731536793)
1(0.10803252119233875, 0.1173347889811619)
1(0.06224587393191083, 0.07154796522842577)
1(0.061019492483776805, 0.07017252965301857)
1(0.05919960579370542, 0.06834540160266223)
1(0.05581809157482942, 0.06488473900075187)
1(0.06445554526781128, 0.07346793016448738)
1(0.049959160285022786, 0.058691380821136896)
1(0.06070352305563653, 0.06938160075126854)
1(0.08132319341487537, 0.08995132810080031)
1(0.08520730123674336, 0.09364972954222672)
1(0.06253623499551164, 0.07096256839852211)
1(0.05074463160394127, 0.05880896144473324)
1(0.051264651000140105, 0.05914425473220897)
1(0.053378614351547116, 0.061089983924606406)
1(0.0508163372343029, 0.058194193681015305)
1(0.04607060158112608, 0.053404953106669706)
1(0.062299946414465235, 0.06931805743849506)
1(0.044092117460999614, 0.05080995473663141)
1(0.12157887692659353, 0.12823680277707672)
1(0.04987810128926973, 0.0560812113886372)
1(0.08294567924666307, 0.08879213618385728)
1(0.08842255050215098, 0.09426655183041732)
1(0.04942073279280079, 0.05520996945787926)
1(0.06877612676673506, 0.07444991262668665)
1(0.08254293145762492, 0.08815741157433377)
1(0.06324986348844386, 0.06867687696147673)
1(0.06179490539252386, 0.0671469961415363)
1(0.04554606678384443, 0.05080995473663141)
1(0.07031356177522241, 0.07554352710179657)
1(0.07530913418670349, 0.08042588736129419)
1(0.06664663919289426, 0.07138330338301258)
1(0.04445751011469912, 0.04918438790477797)
1(0.051662676540380925, 0.05620767826795736)
1(0.07167034767764491, 0.0762077937484742)
1(0.0777765863884472, 0.08224101257613403)
1(0.08759161607443777, 0.0919688944093453)
1(0.08138241916833633, 0.085737837914038)
1(0.05089371726448366, 0.05522000409268124)
1(0.04083044871153485, 0.044969988407022043)
1(0.04782485627819166, 0.05172132387044459)
1(0.08194688826962204, 0.08577635543097983)
1(0.08324352032460602, 0.08705894813524229)
1(0.07927495557926789, 0.08303834991240144)
1(0.0619620885958968, 0.06571335092851227)
1(0.09056916363637901, 0.09426655183041732)
1(0.11460992256923741, 0.11811454778363017)
1(0.08023442188657315, 0.08373382540596774)
1(0.047872606538890805, 0.051286527398841986)
1(0.10517029163882585, 0.10852446294695928)
1(0.09413654583613551, 0.09731351797420085)
1(0.0465413763224618, 0.049687099865679984)
1(0.06661683979470356, 0.06972904919014467)
1(0.06136137459138158, 0.06444221633114455)
1(0.06314931634475929, 0.06612111239697305)
1(0.061260648943951446, 0.06421818136795754)
1(0.11755627598307639, 0.1203900314666484)
1(0.11861162159881433, 0.12144517821311751)
1(0.10928415776118205, 0.11197921047895965)
1(0.07730650832568786, 0.07992347080438966)
1(0.076552057772719, 0.07916439081247939)
1(0.0987956572310682, 0.10139436150028902)
1(0.07050636386348863, 0.07303145430774494)
1(0.0727466057016285, 0.07525226599914603)
1(0.10039371770302663, 0.10287128542768376)
1(0.08629627147079344, 0.08851485607413978)
1(0.08746298908390826, 0.08967766850469983)
1(0.04282562851273808, 0.044969988407022043)
1(0.06479369023597714, 0.06690332851711078)
1(0.08141828718622368, 0.0834550428356775)
1(0.05493629207753814, 0.056965981696790347)
1(0.05633676447870006, 0.05812424383386616)
1(0.08198096936990418, 0.08373382540596774)
1(0.05023335339764634, 0.05187503596283949)
1(0.06652618880567562, 0.06810656795953518)
1(0.09923710092839366, 0.10081699089632412)
1(0.08722851616798144, 0.08862588343995681)
1(0.004766204766208593, 0.006158134361695655)
1(0.004570281258638231, 0.005948648803611789)
1(0.08192623222139617, 0.08329891557404767)
1(0.05434161882624122, 0.055708691018686474)
1(0.003203963374332708, 0.004556222136412158)
1(0.07060529136922966, 0.07193098706074796)
1(0.06571911181533507, 0.06702613799534463)
1(0.004066120168463305, 0.005367587927478712)
1(0.06208485712947809, 0.06337836086299475)
1(0.06949841971161796, 0.07067598897943439)
1(0.07111501767741268, 0.07228957882235532)
1(0.05869509055916511, 0.059845150057357466)
1(0.0054110434482324, 0.006436726927204095)
1(0.06266936825208835, 0.06368799731146901)
1(0.0673453230490304, 0.06836251305166263)
1(0.003398112114897822, 0.004359891716464559)
1(0.004934333346176101, 0.005885731549722273)
1(0.004761076032770428, 0.005675956239223234)
1(0.003812066263401803, 0.004710690005224727)
1(0.00368719509052462, 0.004559795695229574)
1(0.0029181949630942006, 0.0037628016014995547)
1(0.0027539492327695037, 0.00356222185787447)
1(0.07366407915692119, 0.07444991262668665)
1(0.002549625379127285, 0.0033319116976380236)
1(0.0075014032944746845, 0.00827624078539868)
1(0.0063273080837259466, 0.007079896520197471)
1(0.0036114684117487528, 0.004339750920968277)
1(0.004722073971309304, 0.005438669751028247)
1(0.0036738053500330325, 0.00437927019885076)
1(0.05323830407729202, 0.053928748411362415)
1(0.004510701291713715, 0.005200386811119673)
1(0.05423542113600188, 0.05490640359432797)
1(0.004125614115571552, 0.004789349793820952)
1(0.006170526226628281, 0.006833386023226806)
1(0.09674832559097357, 0.09739297522287305)
1(0.05958019472395715, 0.06020744357354879)
1(0.003638917814666076, 0.004228797282808228)
1(0.00303391689603838, 0.003623392289235805)
1(0.0037209736390042547, 0.004304076110238864)
1(0.004337693867745185, 0.004920477660217193)
1(0.002793656307785164, 0.003376136759886572)
1(0.004176924681492777, 0.004753281345886262)
1(0.00393472675954909, 0.004505915382014392)
1(0.005598324553430345, 0.0061676136446614516)
1(0.0037896768064361597, 0.004357240957364117)
1(0.004300844042995133, 0.004866865012607358)
1(0.004622157835610596, 0.005185911394162912)
1(0.0620066844733097, 0.0625602853862397)
1(0.003324733104114963, 0.00387565863698236)
1(0.0031621166166955206, 0.003712736604138178)
1(0.007796598299762314, 0.0083419364161742)
1(0.0045718688642281125, 0.005113503707188549)
1(0.005725791133766367, 0.0062519538727988655)
1(0.0032058797682000817, 0.003719872758811804)
1(0.004241168270685214, 0.0047543755928389775)
1(0.0031452015590051063, 0.00362732276080191)
1(0.002749221807638369, 0.003210851926063296)
1(0.003703816032295637, 0.004158728606890483)
1(0.004885218498551502, 0.005333904334906214)
1(0.09549292684730948, 0.09592910900668472)
1(0.06229503378351042, 0.06272914519204975)
1(0.003150294466317094, 0.0035832544243609155)
1(0.004585548944675888, 0.005013947101969896)
1(0.004337879554606627, 0.00476029688113444)
1(0.004198039280923438, 0.004620425872359113)
1(0.003849575543548145, 0.004263515266661577)
1(0.003582642363471944, 0.003989949285815753)
1(0.003006624917521683, 0.0034104125981407885)
1(0.06611971026533658, 0.06649757823882618)
1(0.002580157058744814, 0.002954033830637748)
1(0.005795523930612778, 0.0061676136446614516)
1(0.004482992759411997, 0.00484438458489167)
1(0.003975602772312681, 0.00433517660564775)
1(0.0036578934141420216, 0.004013577357698028)
1(0.005282089905667586, 0.0056300010721213045)
1(0.003927525658272368, 0.004274638155653987)
1(0.0027874774662890456, 0.0031319994268386164)
1(0.0032767882854864983, 0.003617544282876084)
1(0.0032068231058115515, 0.003546208974690934)
1(0.005127921791201695, 0.005463156676008718)
1(0.005286289109596942, 0.0056208248406087735)
1(0.0028031427843364654, 0.0031319994268386164)
1(0.005358686086302966, 0.005686708025141374)
1(0.003676165388943553, 0.0039846891234516235)
1(0.004304181611440083, 0.004601114933163952)
1(0.004530608360475696, 0.004826094715132401)
1(0.0038445721470600214, 0.004138306117600021)
1(0.004042109514080794, 0.004323605016394727)
1(0.0046824906190072735, 0.004961831690435514)
1(0.005531145060195253, 0.005806859050484392)
1(0.0031821678542375276, 0.003451016482005409)
1(0.0022454369027786747, 0.0025120704816806727)
1(0.004295662794993271, 0.0045615550279495265)
1(0.00825644745868015, 0.008521442061415807)
1(0.00788486372386965, 0.00814587574550485)
1(0.004429578233166698, 0.00468958597928304)
1(0.004761468204869446, 0.005018901516451901)
1(0.004205520928469486, 0.00446202768430215)
1(0.0041376060234299405, 0.004394091107625231)
1(0.004794323533635181, 0.0050488521610067005)
1(0.0034891107782473174, 0.003740797423109843)
1(0.004645684411197615, 0.00489663271448515)
1(0.08368774224774156, 0.0839306379984398)
1(0.004097122196954905, 0.0043364790168820555)
1(0.0037535608911497542, 0.003983343219494673)
1(0.006757969224337579, 0.006987124627287011)
1(0.008571672114960238, 0.008797521489627425)
1(0.0033961056565623426, 0.003621831286834243)
1(0.0066855950151173404, 0.006900250146911646)
1(0.0029095215565130284, 0.003119620605100182)
1(0.004367075574482682, 0.004573649246633393)
1(0.0035604973280970453, 0.0037599673424567603)
1(0.002545019659733083, 0.0027419510630498634)
1(0.004526531245401033, 0.0047149901285477025)
1(0.003240766175411247, 0.00342750338502662)
1(0.004474336874504825, 0.004658344812831894)
1(0.0026706239026670353, 0.0028475731813436544)
1(0.058344780180810685, 0.05852132487567663)
1(0.004465485603377339, 0.0046355456550756236)
1(0.002578908214636577, 0.0027419510630498634)
1(0.003885821764343822, 0.004047756885863563)
1(0.004150380467562331, 0.0043113846911733145)
1(0.006221772778237877, 0.006381248428574904)
1(0.004047546980550876, 0.0041927169805757725)
1(0.007058450194463717, 0.00719453719873453)
1(0.003996827515678536, 0.0041299949359829835)
1(0.005404028846133557, 0.005537043876155168)
1(0.064940943388345, 0.06507363725936033)
1(0.003812832817806866, 0.003942635780286419)
1(0.0029789295894047108, 0.0031021819188625788)
1(0.0055748889683060465, 0.005694265597590786)
1(0.004481142371004165, 0.004581558567443023)
1(0.003619768561942127, 0.003719872758811804)
1(0.004276745985868136, 0.004373313016641456)
1(0.0037728894667080626, 0.0038532383930252045)
1(0.003289003501906085, 0.003368255642996476)
1(0.0037925113185607318, 0.003858672611921077)
1(0.00454043542012128, 0.004606222774619639)
1(0.003367076715740769, 0.0034277817445355074)
1(0.004552075192556182, 0.004612662838780701)
1(0.007216542392430969, 0.007275539851031909)
1(0.0034121191089965253, 0.0034704658603410543)
1(0.0029528730514974955, 0.003005694706140538)
1(0.0035792069689647432, 0.003621831286834243)
1(0.002713335144362672, 0.0027519072933052113)
1(0.00380995827460473, 0.003847776858887708)
1(0.005485597685890964, 0.005517117847873676)
1(0.004163875094087888, 0.0041927169805757725)
1(0.005525724235160956, 0.005538141488808601)
1(0.0028141664911631725, 0.00282177315209331)
1(0.007866416238736629, 0.007872566648003398)
1(0.06626192607086445, 0.06626714166824643)
1(0.002999790741552877, 0.003000300591196825)
0(0.0, inf)
0(0.0, 0.805020967851404)
0(0.0, 0.7359787509626352)
0(0.0, 0.2834919677677803)
0(0.0, 0.27762123588688437)
0(0.0, 0.25614539162105554)
0(0.0, 0.17007830351939912)
0(0.0, 0.15818449719665695)
0(0.0, 0.15803484815397095)
0(0.0, 0.14126670808984287)
0(0.0, 0.14121524811144037)
0(0.0, 0.12966905173970722)
0(0.0, 0.12869828139307593)
0(0.0, 0.11991067909689568)
0(0.0, 0.11238799270587918)
0(0.0, 0.10978929304060925)
0(0.0, 0.10825845158695946)
0(0.0, 0.10745517239844993)
0(0.0, 0.10368182524995795)
0(0.0, 0.09902538454218235)
0(0.0, 0.09742719493705809)
0(0.0, 0.0971985845721638)
0(0.0, 0.09382587753354055)
0(0.0, 0.09225496176736647)
0(0.0, 0.09212479861897171)
0(0.0, 0.09154315597005014)
0(0.0, 0.08751173276859381)
0(0.0, 0.0873456877368135)
0(0.0, 0.08659019080396269)
0(0.0, 0.08492587133095753)
0(0.0, 0.08487988730497098)
0(0.0, 0.08443710382620617)
0(0.0, 0.08437435795634762)
0(0.0, 0.08285654009587307)
0(0.0, 0.08267889021065233)
0(0.0, 0.0823556256075696)
0(0.0, 0.08218155799686777)
0(0.0, 0.081612022924057)
0(0.0, 0.08014805399326952)
0(0.0, 0.08005130721916576)
0(0.0, 0.07991456271301622)
0(0.0, 0.07871069118112606)
0(0.0, 0.07832071695327114)
0(0.0, 0.07829801019571814)
0(0.0, 0.07657916415773358)
0(0.0, 0.07562316542955128)
0(0.0, 0.07493716468743694)
0(0.0, 0.0742295191726009)
0(0.0, 0.07416094134570683)
0(0.0, 0.0741450610770582)
0(0.0, 0.07395544549876476)
0(0.0, 0.0723863065401682)
0(0.0, 0.07127151067005999)
0(0.0, 0.07097025811554036)
0(0.0, 0.07093677783920482)
0(0.0, 0.06998341959723486)
0(0.0, 0.06933275919309856)
0(0.0, 0.06814743999185524)
0(0.0, 0.06810370612329564)
0(0.0, 0.06798837165048399)
0(0.0, 0.06787160948922877)
0(0.0, 0.06711740728544946)
0(0.0, 0.06688095698363028)
0(0.0, 0.06663046453742072)
0(0.0, 0.06642493147053763)
0(0.0, 0.06640358140204872)
0(0.0, 0.06548376677268997)
0(0.0, 0.06521097351224525)
0(0.0, 0.06517653745629659)
0(0.0, 0.06489326705552223)
0(0.0, 0.064858878428523)
0(0.0, 0.06456268724246017)
0(0.0, 0.06452709022440561)
0(0.0, 0.06443355882130608)
0(0.0, 0.06353504474760552)
0(0.0, 0.06352414196077671)
0(0.0, 0.06343871084065478)
0(0.0, 0.06334143418581084)
0(0.0, 0.06329855509624405)
0(0.0, 0.06302420982776491)
0(0.0, 0.06241298403590967)
0(0.0, 0.06227071313229071)
0(0.0, 0.061997954200690986)
0(0.0, 0.06190479467044552)
0(0.0, 0.06172143259766405)
0(0.0, 0.06141801315004081)
0(0.0, 0.06134618889434318)
0(0.0, 0.06124638651622383)
0(0.0, 0.06112345477018799)
0(0.0, 0.060485264841333874)
0(0.0, 0.06032570847681773)
0(0.0, 0.06006295699040687)
0(0.0, 0.05996913439089768)
0(0.0, 0.05819587226068568)
0(0.0, 0.05767336405459933)
0(0.0, 0.05742262678295296)
0(0.0, 0.057062787567867757)
0(0.0, 0.0570142645812991)
0(0.0, 0.055952469402065996)
0(0.0, 0.05592556102363522)
0(0.0, 0.055778594804696824)
0(0.0, 0.055761442204680045)
0(0.0, 0.05574489382558889)
0(0.0, 0.055659802636372935)
0(0.0, 0.055546673285712944)
0(0.0, 0.05536406625763601)
0(0.0, 0.05530337505643901)
0(0.0, 0.054845566860580175)
0(0.0, 0.05435181917388543)
0(0.0, 0.054175160624664764)
0(0.0, 0.05411795907241512)
0(0.0, 0.05402985641587987)
0(0.0, 0.05398597752215928)
0(0.0, 0.05393626231234916)
0(0.0, 0.05319061435908379)
0(0.0, 0.05297099870835864)
0(0.0, 0.05291496469758372)
0(0.0, 0.05286690774624225)
0(0.0, 0.052759811928369205)
0(0.0, 0.05238312492402264)
0(0.0, 0.05204628719542548)
0(0.0, 0.052030862112534826)
0(0.0, 0.05124799154588544)
0(0.0, 0.05120690474473011)
0(0.0, 0.05109829516638209)
0(0.0, 0.05095620743966567)
0(0.0, 0.050541097038104166)
0(0.0, 0.05035407461600516)
0(0.0, 0.05013552528645038)
0(0.0, 0.04966193282229714)
0(0.0, 0.049529515622781184)
0(0.0, 0.04949518991703916)
0(0.0, 0.04944061514822351)
0(0.0, 0.04933365781469079)
0(0.0, 0.049300642089743496)
0(0.0, 0.04923302127866236)
0(0.0, 0.0491412802262019)
0(0.0, 0.049131991184773516)
0(0.0, 0.0489478329874663)
0(0.0, 0.04883830146435253)
0(0.0, 0.04863421435654147)
0(0.0, 0.04850604529800506)
0(0.0, 0.048371749339522596)
0(0.0, 0.04813168876558027)
0(0.0, 0.048078022220105154)
0(0.0, 0.04793783377240124)
0(0.0, 0.0478596564373982)
0(0.0, 0.04784570265310084)
0(0.0, 0.047514870345174876)
0(0.0, 0.04741687443791576)
0(0.0, 0.047394394274607565)
0(0.0, 0.046787576751781246)
0(0.0, 0.04668284002787482)
0(0.0, 0.04599798927545451)
0(0.0, 0.04587446686554775)
0(0.0, 0.045492437317787515)
0(0.0, 0.04512968136651696)
0(0.0, 0.04456708453191738)
0(0.0, 0.044399607535099084)
0(0.0, 0.04435256813527755)
0(0.0, 0.04413035299806101)
0(0.0, 0.04408124339079633)
0(0.0, 0.04402719184736137)
0(0.0, 0.04395266474277293)
0(0.0, 0.043671455922112634)
0(0.0, 0.043570955741282225)
0(0.0, 0.043451137997741474)
0(0.0, 0.043447972291577264)
0(0.0, 0.04333735333997146)
0(0.0, 0.04315043352651371)
0(0.0, 0.04304338886426362)
0(0.0, 0.042972959124043864)
0(0.0, 0.04292282886215226)
0(0.0, 0.042781489122092564)
0(0.0, 0.04275473847006339)
0(0.0, 0.0425663921835967)
0(0.0, 0.04238206363772612)
0(0.0, 0.04238139107780481)
0(0.0, 0.042359099193093)
0(0.0, 0.0415923646082893)
0(0.0, 0.04156679938989627)
0(0.0, 0.041376553011437944)
0(0.0, 0.04118479655918661)
0(0.0, 0.041171365332860366)
0(0.0, 0.04066780321241248)
0(0.0, 0.04043232808994157)
0(0.0, 0.03991566674908442)
0(0.0, 0.03970591334461937)
0(0.0, 0.03962026425039833)
0(0.0, 0.03905691300588421)
0(0.0, 0.0389583059190296)
0(0.0, 0.0386236706637747)
0(0.0, 0.038613073486402416)
0(0.0, 0.03860058066321592)
0(0.0, 0.0383873526395867)
0(0.0, 0.03821875170714795)
0(0.0, 0.0373948958016358)
0(0.0, 0.03688536215470917)
0(0.0, 0.036756694000974366)
0(0.0, 0.03673934112894106)
0(0.0, 0.03667045117635381)
0(0.0, 0.036079007894379456)
0(0.0, 0.03594537287656652)
0(0.0, 0.03587293893925769)
0(0.0, 0.03538826336057732)
0(0.0, 0.03505516022440858)
0(0.0, 0.03439666499647975)
0(0.0, 0.03431912139670046)
0(0.0, 0.034096050534699884)
0(0.0, 0.032651423995640694)
0(0.0, 0.03228798462909499)
0(0.0, 0.03102960506951158)
0(0.0, 0.02990763532814622)
0(0.0, 0.028323897026451328)
0(0.0, 0.02807204082897896)
0(0.0, 0.027921948034851818)
0(0.0, 0.027833830656563863)
0(0.0, 0.02546763353129733)
0(0.0, 0.02342436625463007)
0(0.0, 0.014680322158403314)
0(0.0, 0.010092132912531526)
0(0.0, 0.010030673646907573)
0(0.0, 0.009162027319446153)
0(0.0, 0.008953033486916562)
0(0.0, 0.008261708335829288)
0(0.0, 0.007787773221434646)
0(0.0, 0.007750482912783352)
0(0.0, 0.007401468523430488)
0(0.0, 0.007001289390526466)
0(0.0, 0.006855577555204939)
0(0.0, 0.006854561658536817)
0(0.0, 0.006715074928129727)
0(0.0, 0.006530671367565244)
0(0.0, 0.006492793241843042)
0(0.0, 0.006471836673162201)
0(0.0, 0.0063521026639216105)
0(0.0, 0.006082689434217858)
0(0.0, 0.006068327516531302)
0(0.0, 0.005978776609147696)
0(0.0, 0.0058024158601898135)
0(0.0, 0.005799602378314894)
0(0.0, 0.005794906230096597)
0(0.0, 0.0057928998653432595)
0(0.0, 0.005688759387562192)
0(0.0, 0.0056805826244088475)
0(0.0, 0.005482921005774299)
0(0.0, 0.005389037029585708)
0(0.0, 0.00537154892133751)
0(0.0, 0.005357913007455917)
0(0.0, 0.005326019451597386)
0(0.0, 0.00526256562576477)
0(0.0, 0.005219283604388614)
0(0.0, 0.005122919895211742)
0(0.0, 0.005110423790318563)
0(0.0, 0.005096463895452041)
0(0.0, 0.005068790903886566)
0(0.0, 0.005068270453376766)
0(0.0, 0.005043564059940331)
0(0.0, 0.005043150831832821)
0(0.0, 0.005019376733112146)
0(0.0, 0.004973875664134653)
0(0.0, 0.004873745650033401)
0(0.0, 0.004797824129121664)
0(0.0, 0.004737997179896203)
0(0.0, 0.004694319212155018)
0(0.0, 0.004683203965136107)
0(0.0, 0.004673647079102783)
0(0.0, 0.0046666047373327135)
0(0.0, 0.004653606542803224)
0(0.0, 0.0045919813941890375)
0(0.0, 0.004591955425935268)
0(0.0, 0.004515144322167042)
0(0.0, 0.004514502822301036)
0(0.0, 0.004481611027606247)
0(0.0, 0.004452723849973084)
0(0.0, 0.004446340156037176)
0(0.0, 0.004414714874875325)
0(0.0, 0.00441366798718934)
0(0.0, 0.004374710864240572)
0(0.0, 0.004355808423328833)
0(0.0, 0.004354342780398812)
0(0.0, 0.004343196858865306)
0(0.0, 0.004337231148025977)
0(0.0, 0.004303109834921992)
0(0.0, 0.004273478869521563)
0(0.0, 0.004267794516261136)
0(0.0, 0.004258073814527141)
0(0.0, 0.004219427559549183)
0(0.0, 0.004199792376160638)
0(0.0, 0.00419502225990942)
0(0.0, 0.004190306567094959)
0(0.0, 0.004175723394116648)
0(0.0, 0.004095680254231793)
0(0.0, 0.004088160900697857)
0(0.0, 0.004073668069896064)
0(0.0, 0.004048581675159424)
0(0.0, 0.004042864926786072)
0(0.0, 0.0040060104934085405)
0(0.0, 0.004005090829675817)
0(0.0, 0.0039963845684414245)
0(0.0, 0.003990765218118808)
0(0.0, 0.003943849880215344)
0(0.0, 0.003942002597486005)
0(0.0, 0.0038800189664300877)
0(0.0, 0.003879941565488876)
0(0.0, 0.003858229176496808)
0(0.0, 0.0038378861745593795)
0(0.0, 0.0038313020750654347)
0(0.0, 0.0038274191063141227)
0(0.0, 0.0038091793713832534)
0(0.0, 0.0037963071334050635)
0(0.0, 0.0037720468381640115)
0(0.0, 0.003754435643674281)
0(0.0, 0.003751259162153353)
0(0.0, 0.003750682763686175)
0(0.0, 0.003743107846288618)
0(0.0, 0.003723603078895965)
0(0.0, 0.0037200290557690696)
0(0.0, 0.0037071862649259435)
0(0.0, 0.0036799757154728496)
0(0.0, 0.003666039208044647)
0(0.0, 0.0036612964539858295)
0(0.0, 0.0036588708785862956)
0(0.0, 0.0036515158544496717)
0(0.0, 0.0036441582014682394)
0(0.0, 0.0036262465227896445)
0(0.0, 0.003608285591675031)
0(0.0, 0.0035796093527934447)
0(0.0, 0.003576681960314687)
0(0.0, 0.003567168376630847)
0(0.0, 0.003564733458799818)
0(0.0, 0.0035217591136139648)
0(0.0, 0.0034757093880395384)
0(0.0, 0.0034608494457590844)
0(0.0, 0.0034510233357268882)
0(0.0, 0.003424539617670086)
0(0.0, 0.003410515919496926)
0(0.0, 0.003360316835196775)
0(0.0, 0.0033472013583789595)
0(0.0, 0.003346580080112793)
0(0.0, 0.003339508101831812)
0(0.0, 0.0033201116644543394)
0(0.0, 0.0032807703747481654)
0(0.0, 0.0032753067907003164)
0(0.0, 0.003258518546507383)
0(0.0, 0.003239538800559938)
0(0.0, 0.003238661799708775)
0(0.0, 0.0032158060210190076)
0(0.0, 0.0031728135205759678)
0(0.0, 0.0031602998451631947)
0(0.0, 0.003136093618366309)
0(0.0, 0.0031279064785960653)
0(0.0, 0.0030986656355893594)
0(0.0, 0.003088239048985697)
0(0.0, 0.0030818174646877194)
0(0.0, 0.0030737406822617386)
0(0.0, 0.0030683790799683752)
0(0.0, 0.003050082680370103)
0(0.0, 0.00303322375631232)
0(0.0, 0.0030157957585739137)
0(0.0, 0.002988092290377442)
0(0.0, 0.002980185101744026)
0(0.0, 0.0029675397543766913)
0(0.0, 0.002958612449854292)
0(0.0, 0.002956017243784359)
0(0.0, 0.0029544711422538894)
0(0.0, 0.0029459942713288)
0(0.0, 0.0029069551725737774)
0(0.0, 0.00288998256927564)
0(0.0, 0.002880534669853718)
0(0.0, 0.0028730604340919674)
0(0.0, 0.0028246962652551666)
0(0.0, 0.00279660238386481)
0(0.0, 0.002791913590414863)
0(0.0, 0.0027740354552910906)
0(0.0, 0.002768855844240692)
0(0.0, 0.0027595734975588426)
0(0.0, 0.002743167784557854)
0(0.0, 0.002723633403330372)
0(0.0, 0.002722575838357666)
0(0.0, 0.0026974876365879474)
0(0.0, 0.0026930338428795553)
0(0.0, 0.002679997025863856)
0(0.0, 0.0026704641633510384)
0(0.0, 0.002668671669424305)
0(0.0, 0.002660682955213489)
0(0.0, 0.002660556462274033)
0(0.0, 0.0026547411749886507)
0(0.0, 0.0026542051943259093)
0(0.0, 0.0026239388226285687)
0(0.0, 0.0026009095091381607)
0(0.0, 0.002597238604359342)
0(0.0, 0.0025501857672246553)
0(0.0, 0.0025487054019345257)
0(0.0, 0.0025480405583088173)
0(0.0, 0.0025466904767497134)
0(0.0, 0.0025347247215778967)
0(0.0, 0.0025341109153437236)
0(0.0, 0.0025170669191735273)
0(0.0, 0.002480851270069917)
0(0.0, 0.002480421650203568)
0(0.0, 0.002478938611001791)
0(0.0, 0.0024709639221963675)
0(0.0, 0.0024642279397150135)
0(0.0, 0.002455061256561697)
0(0.0, 0.0024520329263932883)
0(0.0, 0.0024241049676662074)
0(0.0, 0.002405102704538753)
0(0.0, 0.0023638781114546648)
0(0.0, 0.0023415158479894727)
0(0.0, 0.002324188038385633)
0(0.0, 0.0023153467426074714)
0(0.0, 0.002276839111960638)
0(0.0, 0.0022600011832177858)
0(0.0, 0.002251035071996643)
0(0.0, 0.002239645969107973)
0(0.0, 0.0022342094016563063)
0(0.0, 0.002228048855959064)
0(0.0, 0.002205217647722968)
0(0.0, 0.00218410863871199)
0(0.0, 0.0021732182655701537)
0(0.0, 0.0021404377870499758)
0(0.0, 0.0021394722275103195)
0(0.0, 0.0021288465408146884)
0(0.0, 0.0020852424650666945)
0(0.0, 0.0020049208178608557)
0(0.0, 0.001956142193389687)
0(0.0, 0.0019430152245023535)
0(0.0, 0.0016807162198936298)
0(0.0, 0.0016579861791168327)
0(0.0, 0.0015332400198835305)
0(0.0, 0.0015111136650975965)
