1(0.6885714870520117, 1.0464429159037756)
1(0.45863113998066696, 0.6303659932649064)
1(0.9238249791857822, 0.9942266244208591)
1(0.38313979218661576, 0.44417228008429155)
1(0.9016652868238739, 0.9527814797520724)
1(0.22281638752710697, 0.2706534287996052)
1(0.12520300830315978, 0.16828791048800884)
1(0.47837719554403246, 0.5152206852188824)
1(0.4462565944052125, 0.4823763923262089)
1(0.15329171910162143, 0.186095140898639)
1(0.23007534993083745, 0.262277077248682)
1(0.1408455958432162, 0.16943942781213472)
1(0.4083891061129167, 0.43593874356953377)
1(0.10709972589291006, 0.13459467641795664)
1(0.1356253913257638, 0.16201134677885354)
1(0.12125441800027714, 0.14671682330389968)
1(0.1463726912954444, 0.17142681557537032)
1(0.11049768843627239, 0.13428381978072657)
1(0.10779072610600093, 0.13042668504166088)
1(0.1597467834442059, 0.18169273485053672)
1(0.10108635648038222, 0.12155776511336436)
1(0.15285723436966192, 0.1730389103768143)
1(0.14752902893126418, 0.16745348940041438)
1(0.22396695228299723, 0.24311774801194996)
1(0.11512691527518071, 0.13420104593847937)
1(0.17541911606978133, 0.19423943470289695)
1(0.11908529711233884, 0.1378977293264816)
1(0.18051360646523462, 0.19894077805168897)
1(0.1316435144314254, 0.1500552283494423)
1(0.14968532313084648, 0.1679517821104457)
1(0.4914806726072226, 0.5097225739856647)
1(0.12490375018835598, 0.14288368078248503)
1(0.1198249722885999, 0.1373305191960844)
1(0.12399347782365855, 0.14120368617940182)
1(0.12902393414564017, 0.145741321524142)
1(0.15155922912538156, 0.16808962801610772)
1(0.13537483438897513, 0.15174910445479872)
1(0.17869543423606105, 0.1948803187786622)
1(0.11188459711248999, 0.12768076700761688)
1(0.09961258980549237, 0.11527688624672439)
1(0.13649975473815956, 0.15174910445479872)
1(0.12948919420023675, 0.1444553923758003)
1(0.08473900672196588, 0.0995410329619687)
1(0.12934678600520366, 0.14405909321239396)
1(0.460275186871247, 0.47477399280074817)
1(0.15640297128529412, 0.17086144269869885)
1(0.10748217053165166, 0.12191287426114317)
1(0.13892980986482728, 0.15284690217355978)
1(0.14702277251854468, 0.1602883364272325)
1(0.6032928242135172, 0.6159585441912788)
1(0.18551440798483654, 0.19816412362922942)
1(0.1332102193096829, 0.14556442310261153)
1(0.16412016709417865, 0.17626329932784723)
1(0.11556926926210709, 0.1276872359011676)
1(0.14915400844222726, 0.16101052436401952)
1(0.12203500249952592, 0.1334907885719291)
1(0.14123408603317056, 0.15235073002718835)
1(0.47702357042668764, 0.48802317266834205)
1(0.09782968727119834, 0.10868453490215657)
1(0.13903804504824846, 0.14972230002123266)
1(0.23478826942168252, 0.24473742141727128)
1(0.1417452840541129, 0.15162490150280084)
1(0.08962260545825185, 0.09921233407385122)
1(0.12103105841985484, 0.13059021219003975)
1(0.09239540864230111, 0.10146894506021886)
1(0.1386104440809378, 0.14741718059725895)
1(0.10752044616613676, 0.11610733426521203)
1(0.09998402775336956, 0.10856814766075384)
1(0.13389985458118003, 0.14242712747133113)
1(0.15502603169408247, 0.16328911196933438)
1(0.1296704420624918, 0.13792758369300806)
1(0.12508511784257126, 0.1332132849838007)
1(0.08399185511311291, 0.09200046726487277)
1(0.16472527690023187, 0.17269884518293777)
1(0.07511153540523807, 0.08286199303781028)
1(0.13234573212111078, 0.13985662300837165)
1(0.14192350631001738, 0.14939367988883478)
1(0.19813234116340295, 0.2054992280688943)
1(0.09976874751317688, 0.10712353589009471)
1(0.11651915823560688, 0.12380658813500345)
1(0.1031959821806675, 0.1104264322058015)
1(0.0702620725167461, 0.07735944751954027)
1(0.13574708830460058, 0.14275507886597583)
1(0.12907191638928506, 0.13590949887131853)
1(0.11931930235940713, 0.12610627642471917)
1(0.12830014757138664, 0.13502710085984992)
1(0.10985126299477443, 0.11650861501228371)
1(0.13455438067220182, 0.14120368617940182)
1(0.2184534371160386, 0.22496737060663552)
1(0.2331783227638593, 0.23961454298815532)
1(0.12332419589505061, 0.12968997562778517)
1(0.08453502656809808, 0.09065242067138612)
1(0.16272259001891354, 0.1688185699719571)
1(0.08469459158933124, 0.09072770308680655)
1(0.10373399203783507, 0.1095566982219417)
1(0.12291023449717631, 0.12873238779590934)
1(0.10885970211080287, 0.11466915680384948)
1(0.14958093768524217, 0.15513130851729529)
1(0.10427449878302708, 0.10970792107114513)
1(0.19294636903039974, 0.19819609784253556)
1(0.06761102233049088, 0.07280391751908333)
1(0.1476716348028888, 0.1525640007149336)
1(0.02241514036104364, 0.027201746669240356)
1(0.12241667380441246, 0.1271657656202836)
1(0.195583414846908, 0.2002552076656655)
1(0.1236032912882733, 0.1282659405039862)
1(0.08032691390682867, 0.0848992353008362)
1(0.1544860902047116, 0.15905000904689437)
1(0.09001165419253143, 0.09451960886820321)
1(0.13828731753131418, 0.14271947386023753)
1(0.15902848572913897, 0.16341156591840988)
1(0.22242666153220358, 0.2267881610514091)
1(0.14799391617508428, 0.15213028690304387)
1(0.021215648819485233, 0.025189799078873976)
1(0.2884379265089845, 0.2921300461257902)
1(0.15329367943587735, 0.15696594107494033)
1(0.1304181775884311, 0.13399934305029038)
1(0.137318681880522, 0.1407879841896923)
1(0.12410865566528795, 0.12756762596473747)
1(0.1659690774153676, 0.16932978499263773)
1(0.13811117977306508, 0.1413861818107396)
1(0.1289098224944979, 0.13216508422603812)
1(0.10631355859461844, 0.10952192958816198)
1(0.11307074193978861, 0.11623350305169833)
1(0.018018416602744725, 0.021070856551771655)
1(0.056793378340818435, 0.05981425699682663)
1(0.08900577991317105, 0.09200046726487277)
1(0.14937111240896161, 0.15236125851797033)
1(0.12126579381594327, 0.12425292511093622)
1(0.008829277181226503, 0.011797231862557434)
1(0.1889907959333047, 0.19190403927401378)
1(0.10672211085822803, 0.10960618562283109)
1(0.12376484436768065, 0.12643134727188166)
1(0.1959473476152892, 0.19852056442541066)
1(0.03681158730749534, 0.03936230474202573)
1(0.12037673927602488, 0.12290988925034585)
1(0.20589244977418253, 0.20839297813658908)
1(0.011416862585013288, 0.01366021684132046)
1(0.15233783811956514, 0.1544720337205614)
1(0.02267631901085465, 0.02467143728368104)
1(0.01009208788766136, 0.011971490261375894)
1(0.009288739925038758, 0.011131927751961257)
1(0.009454647709611796, 0.011185532110122964)
1(0.13904251697904968, 0.14071316641072174)
1(0.010263021982569231, 0.011925223054751632)
1(0.014188628176809659, 0.01579527899552291)
1(0.009955648466418832, 0.011545989170209436)
1(0.01552839055084354, 0.017055406008577134)
1(0.010729718278790434, 0.012197027696838392)
1(0.010450453668001347, 0.011910183870524227)
1(0.03320030666229057, 0.03465736293683919)
1(0.017675326251713974, 0.019088333527443213)
1(0.014675250810098905, 0.016050425080163522)
1(0.012933675413063117, 0.014301938746359877)
1(0.014642793519679342, 0.015988068895922414)
1(0.009775151519138103, 0.011114466705587023)
1(0.01418771930816376, 0.015521301118402886)
1(0.011591963041513553, 0.012912743548270544)
1(0.0199226080317626, 0.021205882841874968)
1(0.010850610275486394, 0.012129741719660858)
1(0.015297549199198901, 0.01655947725980822)
1(0.013384764228272283, 0.014643721217224459)
1(0.010600501326103129, 0.011834396473235587)
1(0.007979380893909593, 0.00917126406395441)
1(0.014280759634227369, 0.015465692147996979)
1(0.010409062674582081, 0.011591898476925211)
1(0.1723095694209711, 0.17347759096082693)
1(0.009890851483961516, 0.01104735485472863)
1(0.01708269734075929, 0.018230007466546794)
1(0.010173533948530156, 0.011309215295490671)
1(0.007213109474637047, 0.008307808887922707)
1(0.011182758667990678, 0.012256954946962773)
1(0.034082445493344826, 0.03514513860407609)
1(0.014006810949520387, 0.015056651944477029)
1(0.20158741298835314, 0.2026368136842489)
1(0.019261520765585183, 0.020291083087841)
1(0.031659826721176176, 0.03267164099571618)
1(0.01253524377906956, 0.013540121944390693)
1(0.011207728671088657, 0.012207404732665572)
1(0.01529923013266521, 0.016297628108442153)
1(0.011659313224130052, 0.012657157652124496)
1(0.009266193109505605, 0.010259386680744553)
1(0.0912263996070588, 0.09220792719652937)
1(0.010003788613464293, 0.010972328065649184)
1(0.11556306711297293, 0.11650861501228371)
1(0.009914231395061868, 0.01085971578284639)
1(0.16609580902264343, 0.16700922488702163)
1(0.16144916661395248, 0.16234398359545632)
1(0.014555834485928676, 0.015443680825539707)
1(0.009476718493731662, 0.010286554570490547)
1(0.013891764396275597, 0.014695928108541145)
1(0.013494818493350547, 0.014291755649389448)
1(0.011226208932378134, 0.012021234714217677)
1(0.011466617251337796, 0.012250930525782522)
1(0.011668055099017582, 0.012445522232978457)
1(0.0112073369732697, 0.01196063225331645)
1(0.013305210855439786, 0.014048608291283404)
1(0.2674326942037648, 0.26814688269322584)
1(0.01002726539397747, 0.010732196871805488)
1(0.010577048681725043, 0.011276178985556995)
1(0.010893688934922041, 0.011590689537604004)
1(0.010070305974972382, 0.010755589395812448)
1(0.009683591270746472, 0.010361769281281186)
1(0.013617675720776323, 0.014291755649389448)
1(0.14214461270147982, 0.14281362739073944)
1(0.01063228952443862, 0.011279158293744596)
1(0.012863468237197417, 0.013510145455447153)
1(0.17216388775309344, 0.17280419071645559)
1(0.015394545261529058, 0.01597947704666003)
1(0.09166364043002495, 0.09224102879941587)
1(0.010547028194139552, 0.011122069131199064)
1(0.012871157659818944, 0.013441628421207552)
1(0.011122004666592633, 0.011692435803634549)
1(0.011166135295316293, 0.011736471900748557)
1(0.13446675238021744, 0.13502710085984992)
1(0.015747886890129736, 0.016297628108442153)
1(0.11413175605623505, 0.11466915680384948)
1(0.019509712065895024, 0.020045937501170896)
1(0.11200365874217877, 0.11253675603281288)
1(0.011059524980852053, 0.011590689537604004)
1(0.011749554386461858, 0.012274533085805173)
1(0.009737165074543475, 0.010257040527445138)
1(0.013087064378109803, 0.01359778754918739)
1(0.014177488218292567, 0.014682193531922794)
1(0.019831620284145868, 0.020329416458186755)
1(0.011659078476017215, 0.012153451971342877)
1(0.00957724457249709, 0.010068726053935273)
1(0.017586435958741098, 0.018067618382687223)
1(0.07391638636737019, 0.07438851829696969)
1(0.01101306137022473, 0.011477784835425053)
1(0.01039711363417506, 0.01085971578284639)
1(0.012591563300532349, 0.013048532735606133)
1(0.011769244089932296, 0.012215276867376113)
1(0.010069166320964995, 0.010512307051419367)
1(0.01176564303346106, 0.012185733314839076)
1(0.09571335606122033, 0.09611524587783937)
1(0.009808920620481443, 0.010208622603610773)
1(0.011606734041591071, 0.011997098413439877)
1(0.009632652332871916, 0.010021581080073005)
1(0.014879720106405925, 0.015243595158642376)
1(0.009929654372084817, 0.010293024489487546)
1(0.013147016496346975, 0.01350358699044818)
1(0.010864319861336957, 0.011169759419648706)
1(0.010108215011910393, 0.010409986861216303)
1(0.019165126056871373, 0.019438250836650295)
1(0.010545753778525957, 0.010818429154702991)
1(0.01050289329040599, 0.010738698897879817)
1(0.011844500239102218, 0.012074584588071535)
1(0.020157563456496996, 0.02036212304126006)
1(0.014820816154399674, 0.01501597128676524)
1(0.011519558916873174, 0.011712782153610823)
1(0.011866019758523638, 0.01204694418627228)
1(0.011557602598619487, 0.011736471900748557)
1(0.013323373872811572, 0.013485204892886293)
1(0.010438921236475052, 0.010600227756097147)
1(0.010917179080854877, 0.01107286585277134)
1(0.011674319180009163, 0.011823802605433364)
1(0.011065567324525571, 0.01119116120799879)
1(0.011987271099184071, 0.012094529904488227)
1(0.00932553319862528, 0.009431223160280333)
1(0.012422298904916418, 0.012510920159914507)
1(0.01226062773999903, 0.012346888195550298)
1(0.013777789790776818, 0.013834324516817098)
1(0.013004559340072275, 0.013037412307527085)
1(0.019099287084340166, 0.019128473525965917)
1(0.017401123555782383, 0.01742955779680322)
1(0.010085685104252007, 0.010113144424850229)
1(0.010041641560170622, 0.010068726053935273)
1(0.011968936150112519, 0.011992686726707391)
1(0.2221547240768107, 0.2221712458304489)
1(0.015214890122906777, 0.015222228723029363)
1(0.011006735453083505, 0.011010840183628301)
0(0.0, inf)
0(0.0, 0.7622901538121121)
0(0.0, 0.5682664709324706)
0(0.0, 0.5404041054989195)
0(0.0, 0.447225164856493)
0(0.0, 0.4468718016484756)
0(0.0, 0.43026659344826335)
0(0.0, 0.4281048592756709)
0(0.0, 0.42288362752254316)
0(0.0, 0.4152477706336486)
0(0.0, 0.41219245418390904)
0(0.0, 0.4061949570450454)
0(0.0, 0.40120266995930287)
0(0.0, 0.3973313264198304)
0(0.0, 0.3908119880644312)
0(0.0, 0.38300666757073465)
0(0.0, 0.376316486560315)
0(0.0, 0.3361611056800824)
0(0.0, 0.3234278738094981)
0(0.0, 0.32290746458198893)
0(0.0, 0.31510172670403136)
0(0.0, 0.3055998613400559)
0(0.0, 0.28533271852119024)
0(0.0, 0.2788638048823262)
0(0.0, 0.24489555479992642)
0(0.0, 0.24168953449327002)
0(0.0, 0.23412423947615668)
0(0.0, 0.2239143538272349)
0(0.0, 0.22121572773191145)
0(0.0, 0.22017303525260812)
0(0.0, 0.2152817254921432)
0(0.0, 0.21247802346759348)
0(0.0, 0.21223176440183789)
0(0.0, 0.2104456887489633)
0(0.0, 0.21039217544017075)
0(0.0, 0.20626464376937803)
0(0.0, 0.2039453456555127)
0(0.0, 0.20222660651325042)
0(0.0, 0.19947883624884077)
0(0.0, 0.19184118192667465)
0(0.0, 0.19178969559311287)
0(0.0, 0.18973804447767628)
0(0.0, 0.18947419210172356)
0(0.0, 0.18741238685974482)
0(0.0, 0.18083583806875025)
0(0.0, 0.1802295682968046)
0(0.0, 0.17877252250024367)
0(0.0, 0.17865523897594004)
0(0.0, 0.17826468382594818)
0(0.0, 0.1777486963354663)
0(0.0, 0.17461404055335272)
0(0.0, 0.17266823028898215)
0(0.0, 0.17179456745302635)
0(0.0, 0.16849468163035086)
0(0.0, 0.1656911822674717)
0(0.0, 0.16493059395472842)
0(0.0, 0.16481174452224068)
0(0.0, 0.16471145505075135)
0(0.0, 0.16233778499118123)
0(0.0, 0.15968823569077129)
0(0.0, 0.15859408348212078)
0(0.0, 0.15778170461766872)
0(0.0, 0.15558836705416823)
0(0.0, 0.1554037213745193)
0(0.0, 0.15513390933817928)
0(0.0, 0.15208838653629153)
0(0.0, 0.1508956577297913)
0(0.0, 0.1494874427275169)
0(0.0, 0.14861885527783625)
0(0.0, 0.14673762103158217)
0(0.0, 0.1461531252800553)
0(0.0, 0.14609482287046294)
0(0.0, 0.14581309618975646)
0(0.0, 0.14408799949917872)
0(0.0, 0.1439547388224729)
0(0.0, 0.1435877051363177)
0(0.0, 0.14349710321599785)
0(0.0, 0.14275485629031914)
0(0.0, 0.1421159150459803)
0(0.0, 0.1413652149166974)
0(0.0, 0.1407789524018116)
0(0.0, 0.14044399646859085)
0(0.0, 0.14026523954643744)
0(0.0, 0.1402247896109543)
0(0.0, 0.13874831408621335)
0(0.0, 0.1383366362301478)
0(0.0, 0.13732789656323008)
0(0.0, 0.13677198399827584)
0(0.0, 0.13568613010153474)
0(0.0, 0.1340030314703714)
0(0.0, 0.13346602073374436)
0(0.0, 0.13334072183096912)
0(0.0, 0.13165085134475474)
0(0.0, 0.1305678902733708)
0(0.0, 0.1304159946488701)
0(0.0, 0.13030964877085738)
0(0.0, 0.13018807161646562)
0(0.0, 0.12957098580047732)
0(0.0, 0.12932249821919095)
0(0.0, 0.12836087776706395)
0(0.0, 0.12823573320158632)
0(0.0, 0.1274567608437056)
0(0.0, 0.12736404352735586)
0(0.0, 0.1264716133083731)
0(0.0, 0.1252509248628657)
0(0.0, 0.12497884705622964)
0(0.0, 0.12433595540061282)
0(0.0, 0.12326763531139884)
0(0.0, 0.12307358450533801)
0(0.0, 0.12301254059554423)
0(0.0, 0.1227145805170321)
0(0.0, 0.12270573317800548)
0(0.0, 0.12229175402142123)
0(0.0, 0.12159581883548154)
0(0.0, 0.11899246621251358)
0(0.0, 0.11868381930863492)
0(0.0, 0.11849520912889622)
0(0.0, 0.11846848287682044)
0(0.0, 0.11727354318502514)
0(0.0, 0.11703655422019699)
0(0.0, 0.11653252193843056)
0(0.0, 0.11602806840313973)
0(0.0, 0.11566701803937818)
0(0.0, 0.11531776130421045)
0(0.0, 0.1138293389747993)
0(0.0, 0.11339056150729243)
0(0.0, 0.11166835298556077)
0(0.0, 0.11115553101759945)
0(0.0, 0.11108116528907186)
0(0.0, 0.11042909438591886)
0(0.0, 0.11038852509437058)
0(0.0, 0.11010533863890792)
0(0.0, 0.10993418330553106)
0(0.0, 0.10993147588300034)
0(0.0, 0.10982006505694719)
0(0.0, 0.10957527233819131)
0(0.0, 0.10923325859109723)
0(0.0, 0.10921292101466507)
0(0.0, 0.10915521149049978)
0(0.0, 0.108623320414311)
0(0.0, 0.10840247648016876)
0(0.0, 0.10747306976535442)
0(0.0, 0.10735394918546681)
0(0.0, 0.10701267325015484)
0(0.0, 0.10659560380390165)
0(0.0, 0.10570214902683928)
0(0.0, 0.10570093674508452)
0(0.0, 0.10536501931704567)
0(0.0, 0.1051683515754227)
0(0.0, 0.10487776622921341)
0(0.0, 0.10481302507550527)
0(0.0, 0.10476601714711298)
0(0.0, 0.10370348341193736)
0(0.0, 0.1026195797312186)
0(0.0, 0.102508605930275)
0(0.0, 0.10250158129086573)
0(0.0, 0.10194641227055001)
0(0.0, 0.1018383532513204)
0(0.0, 0.10175832617150882)
0(0.0, 0.10171658641694314)
0(0.0, 0.10141949149771734)
0(0.0, 0.10125134649876744)
0(0.0, 0.10124735131954798)
0(0.0, 0.10117876623946354)
0(0.0, 0.10110331991382193)
0(0.0, 0.09973847968447369)
0(0.0, 0.09961503167996377)
0(0.0, 0.09946674001976874)
0(0.0, 0.0992816786448607)
0(0.0, 0.0990463927257682)
0(0.0, 0.09852706735754235)
0(0.0, 0.09770883126456431)
0(0.0, 0.09712150457674507)
0(0.0, 0.09701519418279947)
0(0.0, 0.09700638838146647)
0(0.0, 0.09664351485429312)
0(0.0, 0.09655600506202622)
0(0.0, 0.09494605273818535)
0(0.0, 0.09449501203269517)
0(0.0, 0.09377267410999512)
0(0.0, 0.09332242470793173)
0(0.0, 0.09223666246528273)
0(0.0, 0.09212278096994309)
0(0.0, 0.09146190097714357)
0(0.0, 0.09011150254869116)
0(0.0, 0.08911662466066905)
0(0.0, 0.08868551113611023)
0(0.0, 0.08824016526615619)
0(0.0, 0.08778892749890721)
0(0.0, 0.08616353597411763)
0(0.0, 0.08536275437197394)
0(0.0, 0.08476383176857138)
0(0.0, 0.08324774528632772)
0(0.0, 0.08298522241804795)
0(0.0, 0.08180005863638129)
0(0.0, 0.08090603730819312)
0(0.0, 0.08009775638450767)
0(0.0, 0.07961579776112415)
0(0.0, 0.07888621322025968)
0(0.0, 0.07857613574579392)
0(0.0, 0.07842083578067238)
0(0.0, 0.0777979794235717)
0(0.0, 0.07772358024472581)
0(0.0, 0.07757942744615198)
0(0.0, 0.07708640338398287)
0(0.0, 0.07695000040239053)
0(0.0, 0.07692545653254923)
0(0.0, 0.07687936197988554)
0(0.0, 0.0747198158132536)
0(0.0, 0.07402145193236309)
0(0.0, 0.07352714773062663)
0(0.0, 0.07306174362045215)
0(0.0, 0.07234040149366405)
0(0.0, 0.07199039742983415)
0(0.0, 0.07096588676861149)
0(0.0, 0.0705710033635043)
0(0.0, 0.07030290815958495)
0(0.0, 0.07016144206091313)
0(0.0, 0.06836571555459181)
0(0.0, 0.06825541615840702)
0(0.0, 0.0677013322476886)
0(0.0, 0.06758453239185791)
0(0.0, 0.0672734051283953)
0(0.0, 0.0672431775571235)
0(0.0, 0.06719613868499419)
0(0.0, 0.06507758634641847)
0(0.0, 0.061118442279621044)
0(0.0, 0.060121116543280895)
0(0.0, 0.060035188581548105)
0(0.0, 0.058445116318896706)
0(0.0, 0.05722892234380639)
0(0.0, 0.05713779238934347)
0(0.0, 0.057026674685886514)
0(0.0, 0.05604582036181327)
0(0.0, 0.05167343561901616)
0(0.0, 0.05157386989438084)
0(0.0, 0.05105940524229202)
0(0.0, 0.05063679894740303)
0(0.0, 0.049378351027610456)
0(0.0, 0.044804437584734624)
0(0.0, 0.044476633802153276)
0(0.0, 0.04349020388270597)
0(0.0, 0.042748857234025106)
0(0.0, 0.041230721694600625)
0(0.0, 0.039484189808309256)
0(0.0, 0.03652403392287629)
0(0.0, 0.03495648317192246)
0(0.0, 0.03434014621409032)
0(0.0, 0.033404604674283744)
0(0.0, 0.03231407285347032)
0(0.0, 0.032094921140779054)
0(0.0, 0.031194650452476047)
0(0.0, 0.03048901091415912)
0(0.0, 0.028908658614891225)
0(0.0, 0.028449962244910143)
0(0.0, 0.02813969262765137)
0(0.0, 0.0276454691725887)
0(0.0, 0.026845211695685323)
0(0.0, 0.02624733832136017)
0(0.0, 0.0261869073203862)
0(0.0, 0.026129921759823205)
0(0.0, 0.02583643316977635)
0(0.0, 0.025401385667130905)
0(0.0, 0.024713767852391988)
0(0.0, 0.024667726144737556)
0(0.0, 0.02452773233220773)
0(0.0, 0.024361290974079908)
0(0.0, 0.02421584620159134)
0(0.0, 0.021783478822506086)
0(0.0, 0.021688505666723534)
0(0.0, 0.021683227023729712)
0(0.0, 0.02122506468792995)
0(0.0, 0.02093909804787919)
0(0.0, 0.02088221835774373)
0(0.0, 0.020309344620939584)
0(0.0, 0.01995594870503481)
0(0.0, 0.019868424837205634)
0(0.0, 0.01977736556165066)
0(0.0, 0.01967207097406054)
0(0.0, 0.019135705947543324)
0(0.0, 0.018901598818572674)
0(0.0, 0.01855643938974505)
0(0.0, 0.01818818533929223)
0(0.0, 0.017195858874414438)
0(0.0, 0.016763354348278026)
0(0.0, 0.01654876354007495)
0(0.0, 0.016522690532457918)
0(0.0, 0.016408717546805063)
0(0.0, 0.016201165461118383)
0(0.0, 0.016032570408829994)
0(0.0, 0.015985212498486057)
0(0.0, 0.015957999012545576)
0(0.0, 0.015821395522853)
0(0.0, 0.015764458553678584)
0(0.0, 0.015748514479227316)
0(0.0, 0.015622539772530697)
0(0.0, 0.015447235637312762)
0(0.0, 0.015391437126043739)
0(0.0, 0.015357656766066263)
0(0.0, 0.015332144787007396)
0(0.0, 0.015286954650178153)
0(0.0, 0.0151085085890873)
0(0.0, 0.015083704246770857)
0(0.0, 0.014905382969682357)
0(0.0, 0.014819393030026329)
0(0.0, 0.014718528404937814)
0(0.0, 0.014681986039546069)
0(0.0, 0.014565610273469809)
0(0.0, 0.014154840359799525)
0(0.0, 0.013902534972785707)
0(0.0, 0.013827915279874259)
0(0.0, 0.01334322572943436)
0(0.0, 0.013333362491835365)
0(0.0, 0.01330829093567909)
0(0.0, 0.013276005073086461)
0(0.0, 0.0132339801290412)
0(0.0, 0.013088394924637647)
0(0.0, 0.013084924938722375)
0(0.0, 0.013008751316525347)
0(0.0, 0.012943846151219573)
0(0.0, 0.012891291037918085)
0(0.0, 0.01288124597015916)
0(0.0, 0.012879705590896018)
0(0.0, 0.012848250286099483)
0(0.0, 0.012769348937032743)
0(0.0, 0.012716184169859313)
0(0.0, 0.012669464453302748)
0(0.0, 0.012624358869468)
0(0.0, 0.012581252416809185)
0(0.0, 0.012492667892543219)
0(0.0, 0.012469577596452841)
0(0.0, 0.012353411984654561)
0(0.0, 0.012175681823265116)
0(0.0, 0.01212625803927847)
0(0.0, 0.01211631625595122)
0(0.0, 0.012108207808558591)
0(0.0, 0.011960981620980582)
0(0.0, 0.011954497759611438)
0(0.0, 0.011952437619772271)
0(0.0, 0.011749431619290984)
0(0.0, 0.01165981903712765)
0(0.0, 0.01165754576712874)
0(0.0, 0.011509586087551149)
0(0.0, 0.01144568080482955)
0(0.0, 0.011371961303569988)
0(0.0, 0.011349050994184817)
0(0.0, 0.011214451325946895)
0(0.0, 0.011202457086457285)
0(0.0, 0.011098575927046883)
0(0.0, 0.011031506984519157)
0(0.0, 0.010992172003447598)
0(0.0, 0.010972301728009004)
0(0.0, 0.010955670177780763)
0(0.0, 0.010945057456748897)
0(0.0, 0.010888066898039894)
0(0.0, 0.010885638204330084)
0(0.0, 0.010846837993176983)
0(0.0, 0.010837851065269466)
0(0.0, 0.01083414032811647)
0(0.0, 0.010822092314891063)
0(0.0, 0.010810993437632588)
0(0.0, 0.010775524574125228)
0(0.0, 0.010712542958016158)
0(0.0, 0.010580551503778679)
0(0.0, 0.010568125484701096)
0(0.0, 0.010561726458569343)
0(0.0, 0.01055603004056227)
0(0.0, 0.010530743551448674)
0(0.0, 0.010479812517407261)
0(0.0, 0.010325106701917552)
0(0.0, 0.010313347594335776)
0(0.0, 0.010312017706012644)
0(0.0, 0.010196261728121603)
0(0.0, 0.010087087858311472)
0(0.0, 0.010063734844911743)
0(0.0, 0.010012685957722867)
0(0.0, 0.010012275001556548)
0(0.0, 0.010006251515476516)
0(0.0, 0.009967357621610384)
0(0.0, 0.009960916407070752)
0(0.0, 0.009939639070405182)
0(0.0, 0.00990033922505118)
0(0.0, 0.009884014441835287)
0(0.0, 0.009874291719329076)
0(0.0, 0.009555547608873893)
0(0.0, 0.009501558649879227)
0(0.0, 0.0093933423426793)
0(0.0, 0.009366899387424188)
0(0.0, 0.00935693002975213)
0(0.0, 0.009139208070396698)
0(0.0, 0.00904088290958005)
0(0.0, 0.009032979624622683)
0(0.0, 0.008998278596604403)
0(0.0, 0.00898556349860602)
0(0.0, 0.00894716243496152)
0(0.0, 0.008913024162559346)
0(0.0, 0.008881877366743285)
0(0.0, 0.00887708904930351)
0(0.0, 0.008777137098784693)
0(0.0, 0.008762053083635424)
0(0.0, 0.008758286974023366)
0(0.0, 0.008691393053452678)
0(0.0, 0.008553469218199994)
0(0.0, 0.00850563791415393)
0(0.0, 0.008489041844037093)
0(0.0, 0.00845627868622667)
0(0.0, 0.00840687278322172)
0(0.0, 0.008370220246554205)
0(0.0, 0.00832997567020799)
0(0.0, 0.008168434688786697)
0(0.0, 0.008165336885388452)
0(0.0, 0.008144844658652728)
0(0.0, 0.008083095416774877)
0(0.0, 0.008017704668142445)
0(0.0, 0.007997675766478696)
0(0.0, 0.007982675743373524)
0(0.0, 0.007826832375401604)
0(0.0, 0.0077679110545927355)
0(0.0, 0.007687309327733316)
0(0.0, 0.0076682876903114705)
0(0.0, 0.0076632700585199665)
0(0.0, 0.007500372742850425)
0(0.0, 0.007378491114260699)
0(0.0, 0.007366494752739539)
0(0.0, 0.007341133395228239)
0(0.0, 0.007290656428506681)
0(0.0, 0.007222923687537408)
0(0.0, 0.0071566657932240485)
0(0.0, 0.006947413176981443)
0(0.0, 0.00672845082645257)
0(0.0, 0.006649746284416391)
0(0.0, 0.005218469510173684)
