1(0.533263678103064, 1.0738343220999897)
1(0.8036521061894832, 0.8973498837845424)
1(0.20030018328632748, 0.2836622733986822)
1(0.4114675257567514, 0.4878419509801907)
1(0.31714462600082605, 0.39048777154141734)
1(0.2526384546514445, 0.32217782732410327)
1(0.40780425091727857, 0.45909484331135086)
1(0.18472758805516454, 0.23508613423469948)
1(0.2300220354537258, 0.27740810390756176)
1(0.23209711361626928, 0.2778741245889389)
1(0.24669841483757915, 0.29183969682881683)
1(1.0025434352872722, 1.0461440079168658)
1(0.276640297955852, 0.319917475178668)
1(0.29506178075141387, 0.3366795701879155)
1(0.2603149773248564, 0.29849840489964974)
1(0.444945505878902, 0.48155145590802373)
1(0.13670510375350664, 0.169233763254534)
1(0.07344239198367253, 0.10423024819987914)
1(0.17448892538063643, 0.2051887213817405)
1(0.40064114083562297, 0.43060349147556365)
1(0.2951845790367825, 0.3244526741727536)
1(0.15823142464742335, 0.18697708519462908)
1(0.07405876490069241, 0.10264652521943585)
1(0.19282481946788832, 0.22123206373686877)
1(0.08525970658523008, 0.11354057781780769)
1(0.4299905981199339, 0.4581279377400953)
1(0.21696593879919646, 0.24473051464563034)
1(0.37738124956602304, 0.4047000994065363)
1(0.3027845592790387, 0.33002815322338375)
1(0.1927433154660041, 0.2188192645676691)
1(0.44177092632943205, 0.46730611165763547)
1(0.30506705764215847, 0.33045254928993384)
1(0.18537487124542718, 0.21012208994211534)
1(0.1547008671571003, 0.1794029996317078)
1(0.06428279274979731, 0.088864487820708)
1(0.4006478312970899, 0.4250753627324171)
1(0.1869994172731111, 0.2113441333033529)
1(0.20573040666794817, 0.22991459087849353)
1(0.20552399621229256, 0.22964762056414123)
1(0.5450207161888191, 0.5684392432718037)
1(0.42143890307206056, 0.44459316164849416)
1(0.19094817210388815, 0.21409945581549428)
1(0.269218967843721, 0.2919203982936448)
1(0.26272227940255743, 0.2852552233918453)
1(0.1295561336821891, 0.15110217491339295)
1(0.10530833572550435, 0.12582161223014277)
1(0.26395373488392515, 0.2832482732425623)
1(0.3147778432049084, 0.3334694604631039)
1(0.25638919666645765, 0.2749207371820066)
1(0.4237793835590614, 0.4413508382475646)
1(0.16215780106782174, 0.17961880739777203)
1(0.11205781435630935, 0.12941440869975462)
1(0.1293536049873264, 0.14620854010383455)
1(0.06103648920478033, 0.07699609608623303)
1(0.10875763639323122, 0.12460094500391616)
1(0.30342707046608763, 0.3188462944817452)
1(0.18785328660346468, 0.20316498938593475)
1(0.2309857581638195, 0.24618994004505157)
1(0.20078195752547123, 0.21548584197710152)
1(0.13136747645708247, 0.1460452311618291)
1(0.16349915008396343, 0.17784251142150032)
1(0.1848648008724152, 0.19884764949033307)
1(0.13704220813906454, 0.1499707913545234)
1(0.39173799446094615, 0.40416579177789247)
1(0.1850559501074277, 0.19703289223652076)
1(0.1865775358005437, 0.19833204421398776)
1(0.2093918018182982, 0.2210786278352741)
1(0.1466407153093724, 0.15792704076783703)
1(0.09578359425597838, 0.10703651143711745)
1(0.1985271625245768, 0.20972436043448694)
1(0.08950896107946182, 0.10009681736264786)
1(0.15935219138945889, 0.1696177855607811)
1(0.1814340213919804, 0.1912284335335065)
1(0.10291246307237634, 0.11248586550006245)
1(0.18923647682871514, 0.19828574606983052)
1(0.12751881156669276, 0.1362571619312286)
1(0.07503100581992594, 0.08361676891150138)
1(0.3416223272995589, 0.34999421585603596)
1(0.09671784827911556, 0.10482972971463933)
1(0.30189041552270746, 0.3099713309600167)
1(0.1465535129325375, 0.15430833098469932)
1(0.1502689858565205, 0.15792704076783703)
1(0.1970422072704665, 0.20450949257125806)
1(0.18451573710537406, 0.1917127309083556)
1(0.13862263084180004, 0.14580320835020677)
1(0.1477336347229602, 0.15459021172062348)
1(0.267309930114466, 0.27387225540364624)
1(0.14607119468842944, 0.15251289881135022)
1(0.07344568862734291, 0.07960940483280621)
1(0.2779187093560612, 0.2836622733986822)
1(0.11636183008635481, 0.12202606084905565)
1(0.45119134762989244, 0.4564992648430267)
1(0.02738164065916704, 0.03251002605294662)
1(0.12160619030518838, 0.12660481662109258)
1(0.23034235557089122, 0.23513762586023768)
1(0.2248812388790239, 0.22956756840176462)
1(0.10536001715862076, 0.10996196147671711)
1(0.1914681312526718, 0.1958699183676469)
1(0.09983457330972556, 0.1039964433735282)
1(0.4433555329182921, 0.44746846760331227)
1(0.014159547548333373, 0.018040722284099253)
1(0.1105761443360912, 0.11425683245660478)
1(0.11742997799417898, 0.12083251353371283)
1(0.05986426095874953, 0.06318434364259873)
1(0.016877161897850046, 0.02002799692053625)
1(0.11935662113789836, 0.12250461262703727)
1(0.09196940006994792, 0.09475764952383137)
1(0.15841686572596336, 0.16119437260894043)
1(0.020029340380245397, 0.022647913668968567)
1(0.20337223368253332, 0.20595580913090106)
1(0.07648572013006916, 0.07906257282471296)
1(0.2757533463277687, 0.2782476172913042)
1(0.014706851495280615, 0.017024537589389044)
1(0.1339466542047021, 0.1362571619312286)
1(0.04445670656001466, 0.04675823100960552)
1(0.008929941017653653, 0.011095052864432908)
1(0.01447852322368215, 0.0165486185084871)
1(0.33664523977765537, 0.3387098703175663)
1(0.023173152848469103, 0.025235704747111343)
1(0.009381859014703453, 0.01131174011273628)
1(0.008379583429764637, 0.010308265395297833)
1(0.15829041006784483, 0.16016665467250735)
1(0.033774714610098955, 0.0355678487986919)
1(0.07396208519121561, 0.075715842656643)
1(0.015078557134747372, 0.016748298649642)
1(0.00887503471536999, 0.010466205842502463)
1(0.02816038259073339, 0.029718897589417703)
1(0.01436290468932766, 0.015917450685274726)
1(0.008762601620303956, 0.010248728802792595)
1(0.008557652378237357, 0.010041900858230202)
1(0.019021833777165598, 0.020482486152327395)
1(0.08100178437293726, 0.08244973435577163)
1(0.21979372511206297, 0.22123206373686877)
1(0.009159517468162348, 0.010578796652322975)
1(0.008032345126068763, 0.009430938190995164)
1(0.009255567664717135, 0.010635423992270465)
1(0.01356117853752481, 0.014900083237568862)
1(0.01706586361828133, 0.0183960236612134)
1(0.20497325974956826, 0.2062897989132022)
1(0.02285013846834083, 0.024134150571695212)
1(0.021595046267292584, 0.02286940700487472)
1(0.01580923637937859, 0.017079700103562634)
1(0.011825097665344897, 0.013084275558950753)
1(0.010170588633786615, 0.01136649655639066)
1(0.08438017126916408, 0.08556781482143194)
1(0.01098010756129253, 0.012145108394440163)
1(0.009956064547346766, 0.011117607921396155)
1(0.029635319992119324, 0.030742587781529385)
1(0.009168281158555391, 0.010248728802792595)
1(0.13744935999336516, 0.13851583317852612)
1(0.012658377178133451, 0.01365596066232)
1(0.009445604479405678, 0.010443155152986328)
1(0.02026204623398986, 0.021249276962748365)
1(0.010960905746551064, 0.011907070634670447)
1(0.021993901937977123, 0.022922914312527798)
1(0.011478669975053313, 0.012404560165237721)
1(0.009610122552793476, 0.010505758394882658)
1(0.010236649149672483, 0.011128070047698002)
1(0.009368937359430118, 0.01026015282487902)
1(0.015236815279724758, 0.016123664915899227)
1(0.010939685382834963, 0.011780626627474144)
1(0.009850985426251513, 0.010690304864356737)
1(0.012263595382524639, 0.013096893819918742)
1(0.013444101593641511, 0.014243448738173403)
1(0.012716941519108627, 0.013505737340494428)
1(0.009348970412917823, 0.01010525710248067)
1(0.009616721994482047, 0.010366169729053576)
1(0.010033780758488486, 0.01077246299610013)
1(0.020843268031049744, 0.021574128321253716)
1(0.009330234444487329, 0.010030815768722445)
1(0.012264326992002084, 0.012964086923691442)
1(0.010942024894262659, 0.011611424228507028)
1(0.14951675839199663, 0.1501827388632715)
1(0.015253247379357848, 0.015911465033014882)
1(0.009660648831465779, 0.010308265395297833)
1(0.0291007011584532, 0.029731362687455243)
1(0.013774919228751625, 0.01439786795731579)
1(0.01722805957176976, 0.01784575738333738)
1(0.017341977012827137, 0.01795733532573418)
1(0.2986783068257143, 0.2992750356102255)
1(0.011267641869270761, 0.0118554807832838)
1(0.010480428092724536, 0.011060783781523864)
1(0.009207365790412592, 0.009756222490874378)
1(0.011272656750130672, 0.01181977088865438)
1(0.01104612186553533, 0.011592933579816167)
1(0.009972488792194256, 0.010498667023859154)
1(0.02466752204171918, 0.025158134262455945)
1(0.009986426205213284, 0.010465030871375292)
1(0.014016327005845541, 0.014470575239739047)
1(0.010030343878531078, 0.010465030871375292)
1(0.010080645984425818, 0.010505758394882658)
1(0.13786276927725905, 0.1382731137113875)
1(0.010322862759640894, 0.010731599324287688)
1(0.013769285147078203, 0.014177534002033698)
1(0.009346826939077624, 0.00975418356374591)
1(0.016123265663669506, 0.016529865741118144)
1(0.01024247572438608, 0.010635423992270465)
1(0.010461881954712426, 0.010853553828394258)
1(0.009941595202773157, 0.010323255513668639)
1(0.013866345028889282, 0.014237947160149811)
1(0.13594222716213444, 0.13630954810075113)
1(0.009410767303965173, 0.009763749010608613)
1(0.012508727898081995, 0.012826166438823838)
1(0.011966011989581027, 0.01227612919935872)
1(0.13003256550448894, 0.13031983339074515)
1(0.00976110074958858, 0.010042648592236803)
1(0.009252279318984757, 0.009533513895482404)
1(0.012458911607641454, 0.01270987755454478)
1(0.013946471527464754, 0.014197313379951004)
1(0.010621261843103191, 0.010859628070314598)
1(0.014472652514665785, 0.01471062256723954)
1(0.011066068214135694, 0.011296148629605152)
1(0.012530463817192805, 0.012756982526159866)
1(0.012053249403173427, 0.012279766381092183)
1(0.017672136690379148, 0.017887081727177456)
1(0.012076583489114778, 0.01227612919935872)
1(0.008884670240432158, 0.009048094837893705)
1(0.01324574075200946, 0.013403085393162262)
1(0.026948159809205285, 0.027086799250202742)
1(0.013333928769578618, 0.013423018201703996)
1(0.008946145519481363, 0.009014478137928994)
1(0.013330905201538346, 0.013371511982523177)
1(0.011326922374071069, 0.01136649655639066)
1(0.012367554244211543, 0.012393373982060418)
1(0.016727857560021042, 0.016748298649642)
1(0.012233172004603388, 0.012251630498461341)
1(0.011132885085380684, 0.011150426234783684)
0(0.0, inf)
0(0.0, 0.6536139350329075)
0(0.0, 0.5453646063244895)
0(0.0, 0.48865889228581916)
0(0.0, 0.47710194495996294)
0(0.0, 0.4667076384745764)
0(0.0, 0.444699352735087)
0(0.0, 0.44080465814438996)
0(0.0, 0.40177141739649747)
0(0.0, 0.3934341177951338)
0(0.0, 0.3817596860629291)
0(0.0, 0.3816266303754595)
0(0.0, 0.3726977344112047)
0(0.0, 0.3681103185850251)
0(0.0, 0.3675042221681937)
0(0.0, 0.3596804299063414)
0(0.0, 0.3590168517041463)
0(0.0, 0.3580788249350134)
0(0.0, 0.3573517647106328)
0(0.0, 0.3571672133716294)
0(0.0, 0.3456359805279535)
0(0.0, 0.3247803090646584)
0(0.0, 0.3176013209750099)
0(0.0, 0.3168865249741827)
0(0.0, 0.31622015370221623)
0(0.0, 0.3161218561327379)
0(0.0, 0.3136666416038586)
0(0.0, 0.3108256250239063)
0(0.0, 0.30995702865004915)
0(0.0, 0.30794972470794313)
0(0.0, 0.30479446478101746)
0(0.0, 0.30443973406956026)
0(0.0, 0.29516805076523533)
0(0.0, 0.29161496903187833)
0(0.0, 0.2885596963698712)
0(0.0, 0.2868137041998978)
0(0.0, 0.28032551053367105)
0(0.0, 0.2736755323947313)
0(0.0, 0.27290834019707266)
0(0.0, 0.26836256724230767)
0(0.0, 0.2630097053992221)
0(0.0, 0.25815331416877396)
0(0.0, 0.25338159223853984)
0(0.0, 0.2508285829020176)
0(0.0, 0.2401694628987282)
0(0.0, 0.23926722757811314)
0(0.0, 0.23711417015536473)
0(0.0, 0.23622810312258458)
0(0.0, 0.2357738496050038)
0(0.0, 0.23404366061138393)
0(0.0, 0.2338929345059647)
0(0.0, 0.23385577381922218)
0(0.0, 0.23114251028928567)
0(0.0, 0.22906211275548571)
0(0.0, 0.22753797952323918)
0(0.0, 0.22094202192176837)
0(0.0, 0.21757983786814894)
0(0.0, 0.21475759945991324)
0(0.0, 0.2137496300712275)
0(0.0, 0.2136985503446115)
0(0.0, 0.2120573045194828)
0(0.0, 0.21132755717668994)
0(0.0, 0.20128942062412558)
0(0.0, 0.19812750004200252)
0(0.0, 0.1954180015720416)
0(0.0, 0.19501928772675614)
0(0.0, 0.19336740474351677)
0(0.0, 0.19261520849814262)
0(0.0, 0.19028674842126259)
0(0.0, 0.1886036419685817)
0(0.0, 0.1871475553022105)
0(0.0, 0.1866424714708559)
0(0.0, 0.18605773811827087)
0(0.0, 0.18486861888865014)
0(0.0, 0.18438811778261244)
0(0.0, 0.1839015956084855)
0(0.0, 0.18222811875763856)
0(0.0, 0.17985454266051926)
0(0.0, 0.17915670570262798)
0(0.0, 0.17856602035921765)
0(0.0, 0.17809997215158935)
0(0.0, 0.17804243881376558)
0(0.0, 0.1779816322318475)
0(0.0, 0.1746823387792632)
0(0.0, 0.17386112506021445)
0(0.0, 0.1709808571265341)
0(0.0, 0.17021860040217163)
0(0.0, 0.16995268731404334)
0(0.0, 0.16968587115241907)
0(0.0, 0.16922240978357428)
0(0.0, 0.16909005339064298)
0(0.0, 0.1676656036122176)
0(0.0, 0.1673098621666267)
0(0.0, 0.16690812416805834)
0(0.0, 0.1611905111946279)
0(0.0, 0.16043821768738387)
0(0.0, 0.15979886402857346)
0(0.0, 0.15954685497065235)
0(0.0, 0.15909171898058627)
0(0.0, 0.1576556497233127)
0(0.0, 0.1555631407100978)
0(0.0, 0.15275444120882942)
0(0.0, 0.15269562191895258)
0(0.0, 0.15225870592606228)
0(0.0, 0.1520530320755492)
0(0.0, 0.1505946598078065)
0(0.0, 0.15012426406001367)
0(0.0, 0.1497902546923634)
0(0.0, 0.14965517342402235)
0(0.0, 0.14600049365633383)
0(0.0, 0.1458994369401151)
0(0.0, 0.14565245073268562)
0(0.0, 0.14394339266759015)
0(0.0, 0.14343835566060303)
0(0.0, 0.1416756066942545)
0(0.0, 0.14041360219549026)
0(0.0, 0.13975092883170892)
0(0.0, 0.13894185364669775)
0(0.0, 0.1339951933912653)
0(0.0, 0.1320432919399016)
0(0.0, 0.1301310010842247)
0(0.0, 0.12846952207258244)
0(0.0, 0.12755286115028952)
0(0.0, 0.1274318659248237)
0(0.0, 0.12656891603290166)
0(0.0, 0.12653789647148528)
0(0.0, 0.12605771969701218)
0(0.0, 0.12513472819672233)
0(0.0, 0.12476239125874233)
0(0.0, 0.1247095805915226)
0(0.0, 0.12438970057619636)
0(0.0, 0.12221592323630448)
0(0.0, 0.12155506167366215)
0(0.0, 0.12113605813240969)
0(0.0, 0.12111286187380166)
0(0.0, 0.12014651884702754)
0(0.0, 0.12004302415395285)
0(0.0, 0.11780630484769405)
0(0.0, 0.11748660947878675)
0(0.0, 0.11473573776388646)
0(0.0, 0.11394628948763275)
0(0.0, 0.11275319436367648)
0(0.0, 0.11169170715498278)
0(0.0, 0.11038241348602318)
0(0.0, 0.10991259706285073)
0(0.0, 0.10887638831579172)
0(0.0, 0.10720467280686896)
0(0.0, 0.10332499224475034)
0(0.0, 0.10029605303819478)
0(0.0, 0.0999333473039361)
0(0.0, 0.0991839194137103)
0(0.0, 0.09906717521491804)
0(0.0, 0.09877203863851403)
0(0.0, 0.09739968939690247)
0(0.0, 0.09606499210994912)
0(0.0, 0.09495868509239913)
0(0.0, 0.09379469500075777)
0(0.0, 0.09357819644284071)
0(0.0, 0.09257527294903323)
0(0.0, 0.09187546319822237)
0(0.0, 0.09168993135898518)
0(0.0, 0.09156090189644794)
0(0.0, 0.08990884265784749)
0(0.0, 0.08792092242573912)
0(0.0, 0.08672350536531681)
0(0.0, 0.08613074606488802)
0(0.0, 0.08568317122886193)
0(0.0, 0.08538430689291754)
0(0.0, 0.08364356323402966)
0(0.0, 0.08338727464883644)
0(0.0, 0.08332932412406424)
0(0.0, 0.08140415571024451)
0(0.0, 0.08132837018854688)
0(0.0, 0.08084527872972491)
0(0.0, 0.08048802512479458)
0(0.0, 0.08031060497289577)
0(0.0, 0.07999904855372653)
0(0.0, 0.07943202081230483)
0(0.0, 0.07804083092607794)
0(0.0, 0.07773164911147523)
0(0.0, 0.07643993805205129)
0(0.0, 0.07627069158983957)
0(0.0, 0.07548069437632443)
0(0.0, 0.07547809766058222)
0(0.0, 0.07379312937693794)
0(0.0, 0.07373491265134202)
0(0.0, 0.0734988683886012)
0(0.0, 0.07300831489195025)
0(0.0, 0.07298231574339686)
0(0.0, 0.07205908642225911)
0(0.0, 0.07193281687333886)
0(0.0, 0.07160882426922233)
0(0.0, 0.07131730472878728)
0(0.0, 0.0701256809190185)
0(0.0, 0.06838274681987311)
0(0.0, 0.0674331501548181)
0(0.0, 0.06677908701997826)
0(0.0, 0.06632423492273898)
0(0.0, 0.06601616099799834)
0(0.0, 0.0644595571208536)
0(0.0, 0.0640748672066177)
0(0.0, 0.06370087750850673)
0(0.0, 0.06363247823966234)
0(0.0, 0.06351253736330575)
0(0.0, 0.06212301435974443)
0(0.0, 0.061636311722413684)
0(0.0, 0.06070782584634227)
0(0.0, 0.06039339927291132)
0(0.0, 0.05993358002919302)
0(0.0, 0.05849367773690939)
0(0.0, 0.05848207207619649)
0(0.0, 0.05740594756901363)
0(0.0, 0.056108650884078126)
0(0.0, 0.05562434024971552)
0(0.0, 0.05516938342739908)
0(0.0, 0.054446923820291815)
0(0.0, 0.054406246475704134)
0(0.0, 0.05205625118620705)
0(0.0, 0.05164311219562956)
0(0.0, 0.0516409289251647)
0(0.0, 0.05037507767432481)
0(0.0, 0.05025431301012839)
0(0.0, 0.04794788086564539)
0(0.0, 0.047153951362930435)
0(0.0, 0.04568731417588423)
0(0.0, 0.04561442595735965)
0(0.0, 0.04447588088392729)
0(0.0, 0.0438182067949745)
0(0.0, 0.042469067762263)
0(0.0, 0.04152526627686304)
0(0.0, 0.041446784795359015)
0(0.0, 0.04133574128479156)
0(0.0, 0.04069848557267364)
0(0.0, 0.03958492190502849)
0(0.0, 0.0390792247837497)
0(0.0, 0.038166169829444874)
0(0.0, 0.037630688530977396)
0(0.0, 0.03698625952634549)
0(0.0, 0.03584400210374328)
0(0.0, 0.03532544160432827)
0(0.0, 0.03500601476104204)
0(0.0, 0.03469870364503469)
0(0.0, 0.034412536511368996)
0(0.0, 0.03324547875548001)
0(0.0, 0.03229127712353763)
0(0.0, 0.03154332015201178)
0(0.0, 0.029260197664922494)
0(0.0, 0.028377029607069337)
0(0.0, 0.027043636361207768)
0(0.0, 0.026311541125824456)
0(0.0, 0.026238959386650218)
0(0.0, 0.026207782224900056)
0(0.0, 0.02617586328405086)
0(0.0, 0.0259861429860897)
0(0.0, 0.025764912921908856)
0(0.0, 0.02562051948720445)
0(0.0, 0.0244918175868879)
0(0.0, 0.024327597362736264)
0(0.0, 0.02428126410595577)
0(0.0, 0.023292960910929916)
0(0.0, 0.02281264998426935)
0(0.0, 0.02249567044083911)
0(0.0, 0.022397518094393942)
0(0.0, 0.021891487369845475)
0(0.0, 0.02162875566761957)
0(0.0, 0.021525268601626513)
0(0.0, 0.021231237311949314)
0(0.0, 0.02049377347034509)
0(0.0, 0.019880383681345037)
0(0.0, 0.019681159732924725)
0(0.0, 0.01962606350831586)
0(0.0, 0.019527054032409397)
0(0.0, 0.01897407502431281)
0(0.0, 0.018702918598471285)
0(0.0, 0.018556796215096538)
0(0.0, 0.01844763587102405)
0(0.0, 0.018314834712378936)
0(0.0, 0.018021257527194634)
0(0.0, 0.017945864909847398)
0(0.0, 0.017753301437905655)
0(0.0, 0.01772946109375162)
0(0.0, 0.017691412334057466)
0(0.0, 0.017638899950118803)
0(0.0, 0.017440923133661412)
0(0.0, 0.01733817169888696)
0(0.0, 0.01721281033558686)
0(0.0, 0.01720524395791101)
0(0.0, 0.01708927219634737)
0(0.0, 0.017071005732448907)
0(0.0, 0.01670199854394172)
0(0.0, 0.016406867187501062)
0(0.0, 0.016199969387117652)
0(0.0, 0.016183296921323254)
0(0.0, 0.01613378628483697)
0(0.0, 0.016002053307895725)
0(0.0, 0.015722631930405906)
0(0.0, 0.015488969207902104)
0(0.0, 0.015393976535569731)
0(0.0, 0.015323804596296564)
0(0.0, 0.015177029491612593)
0(0.0, 0.015021814843024894)
0(0.0, 0.014970720357340705)
0(0.0, 0.014895086877912855)
0(0.0, 0.014880586164929044)
0(0.0, 0.014782949165363601)
0(0.0, 0.014654895708999138)
0(0.0, 0.01463253496605399)
0(0.0, 0.014478747207318676)
0(0.0, 0.014222397642080997)
0(0.0, 0.014114278971140926)
0(0.0, 0.013791468220360925)
0(0.0, 0.013772249814864468)
0(0.0, 0.01370995460224056)
0(0.0, 0.013678812142707386)
0(0.0, 0.013674546960762757)
0(0.0, 0.013649493395203272)
0(0.0, 0.013574434684422876)
0(0.0, 0.013536008324115723)
0(0.0, 0.01352420704670354)
0(0.0, 0.013437900739730058)
0(0.0, 0.013401842215479354)
0(0.0, 0.013310679314027518)
0(0.0, 0.013202016313873632)
0(0.0, 0.013061903953005327)
0(0.0, 0.013034639975401663)
0(0.0, 0.012966915318982086)
0(0.0, 0.012856696757316377)
0(0.0, 0.012840289581313002)
0(0.0, 0.012657835471986179)
0(0.0, 0.0126143899222394)
0(0.0, 0.01255746743300623)
0(0.0, 0.012550418853318757)
0(0.0, 0.012420396297358471)
0(0.0, 0.012406447599678239)
0(0.0, 0.012386681075236994)
0(0.0, 0.012301590788120431)
0(0.0, 0.012291805625229024)
0(0.0, 0.012228763083434013)
0(0.0, 0.012189223412392702)
0(0.0, 0.012069808761298262)
0(0.0, 0.012034335338174773)
0(0.0, 0.011961705741106332)
0(0.0, 0.011864791153417542)
0(0.0, 0.011795995318963026)
0(0.0, 0.011744717981065467)
0(0.0, 0.011633134638287856)
0(0.0, 0.011458089594660659)
0(0.0, 0.011411440251184901)
0(0.0, 0.011165592594291063)
0(0.0, 0.0111209311232624)
0(0.0, 0.011069728786527566)
0(0.0, 0.011033524867105071)
0(0.0, 0.010865893787617154)
0(0.0, 0.010800928575046553)
0(0.0, 0.010749404963912967)
0(0.0, 0.010710896983711748)
0(0.0, 0.010596068195942832)
0(0.0, 0.010554918517040601)
0(0.0, 0.01055406596450359)
0(0.0, 0.010546465359042023)
0(0.0, 0.01031882933665107)
0(0.0, 0.010230598810145763)
0(0.0, 0.010205624190656515)
0(0.0, 0.010183166149038247)
0(0.0, 0.010077965200957495)
0(0.0, 0.010068153790792067)
0(0.0, 0.00998653869116839)
0(0.0, 0.00989824364704528)
0(0.0, 0.009880302823431442)
0(0.0, 0.009871972193475687)
0(0.0, 0.009861266027781035)
0(0.0, 0.009773782503239237)
0(0.0, 0.00969408144721784)
0(0.0, 0.009638302667557053)
0(0.0, 0.009597850144579811)
0(0.0, 0.009552625674490223)
0(0.0, 0.00950761509617104)
0(0.0, 0.00943527987091608)
0(0.0, 0.009433522678549133)
0(0.0, 0.009330561581953778)
0(0.0, 0.009111696857342366)
0(0.0, 0.00907791663535118)
0(0.0, 0.008832659628184691)
0(0.0, 0.008806757222775796)
0(0.0, 0.008681512384703605)
0(0.0, 0.008514803418327888)
0(0.0, 0.008420730247537644)
0(0.0, 0.008410829581125157)
0(0.0, 0.00837563015269871)
0(0.0, 0.008337356814485553)
0(0.0, 0.008325192241057433)
0(0.0, 0.008302843230539647)
0(0.0, 0.00828144602701375)
0(0.0, 0.00817417858743097)
0(0.0, 0.00812961939022061)
0(0.0, 0.008125478541907483)
0(0.0, 0.008115709616542066)
0(0.0, 0.008074310285865915)
0(0.0, 0.008056131963208535)
0(0.0, 0.008044831784227102)
0(0.0, 0.008003440865465894)
0(0.0, 0.007925237071004787)
0(0.0, 0.007860950200188843)
0(0.0, 0.007841601523115638)
0(0.0, 0.0078049809264710834)
0(0.0, 0.007719666245264878)
0(0.0, 0.007715758344992496)
0(0.0, 0.007560166180050287)
0(0.0, 0.007524041467900422)
0(0.0, 0.0074606245244686065)
0(0.0, 0.007451035181500587)
0(0.0, 0.007288848074032517)
0(0.0, 0.007259632975904706)
0(0.0, 0.007233202909432301)
0(0.0, 0.007087253377515146)
0(0.0, 0.006973934086919931)
0(0.0, 0.006902323730305859)
0(0.0, 0.00680339718102374)
0(0.0, 0.006741366193251608)
0(0.0, 0.00666614798310361)
0(0.0, 0.006538098047436103)
0(0.0, 0.0063666881803279285)
0(0.0, 0.006013486846564553)
0(0.0, 0.005945714681687808)
0(0.0, 0.0058592388993291555)
0(0.0, 0.005773906259513906)
0(0.0, 0.005576720601859098)
0(0.0, 0.004735537298268033)
0(0.0, 0.003569081139632946)
0(0.0, 0.003495025659319806)
0(0.0, 0.0022168616239885974)
0(0.0, 0.0017420171741422408)
