1(0.5203338448388533, 0.6923168701525475)
1(0.6564807717675432, 0.7697073395524929)
1(0.2602202154772837, 0.3226769912585593)
1(0.26229831588003594, 0.31671038645653016)
1(0.23642373149444418, 0.29075153401360343)
1(0.28160314594937463, 0.32918317160371136)
1(0.2899785525336558, 0.3365646910439477)
1(0.2532053285043371, 0.2951540176504134)
1(0.2932385755436401, 0.3313485540138632)
1(0.18570672851800807, 0.22364801778205)
1(0.2325283674710349, 0.2694868666013769)
1(0.14587403935061916, 0.1821726053834296)
1(0.6722631871051161, 0.7067286708826139)
1(0.17289646624165422, 0.20577899842268776)
1(0.1276430057717951, 0.1601160780176888)
1(0.1046793619493247, 0.13682385140022946)
1(0.11872954897960664, 0.15037408537232433)
1(0.10257549121458975, 0.13314798730898525)
1(0.27902987839503157, 0.30960074528118786)
1(0.12066717630543333, 0.1511631939236895)
1(0.2617132389225615, 0.2921345627936749)
1(0.2415130333264176, 0.2712625207875512)
1(0.11950443645021458, 0.14842517635219388)
1(0.1008578145354273, 0.1285146413759457)
1(0.13128353582505226, 0.15881735264465402)
1(0.14094859762435463, 0.16812859412715542)
1(0.30900857293343476, 0.3361385453314696)
1(0.20133237304532414, 0.22838899407543756)
1(0.09210614104318249, 0.11915289980705746)
1(0.09975555024809779, 0.1264593221380118)
1(0.1672430202863594, 0.19340825506529735)
1(0.2235733492276546, 0.24961188107132215)
1(0.3557646975765357, 0.38149809514480204)
1(0.19081962148425213, 0.215564741946483)
1(0.21666584780597786, 0.24104914086538964)
1(0.19184099971334545, 0.2149147544317005)
1(0.17773021281913026, 0.20025841556394008)
1(0.10991039652820389, 0.13185528009293357)
1(0.10561733448112931, 0.12732306847075125)
1(0.16819653839394022, 0.18975171099711385)
1(0.09081313129455393, 0.11230800294253562)
1(0.11839742990195545, 0.13936547720708392)
1(0.22175224338079513, 0.2425388637157796)
1(0.17183031118869319, 0.1923799006352369)
1(0.294147029488115, 0.31352509800128747)
1(0.15903429880464748, 0.1781014519990145)
1(0.15614858507380913, 0.17501212191162452)
1(0.07932856855093817, 0.0976087136678313)
1(0.11572604958151844, 0.1337454879394222)
1(0.17443695863892716, 0.19215291717000949)
1(0.20741606234960075, 0.22509974260448684)
1(0.12211189805897027, 0.13972988705044853)
1(0.13392241883180867, 0.1512185718070007)
1(0.11013273431318915, 0.12647277531728418)
1(0.10346861060928592, 0.11969172496552116)
1(0.23067081851593674, 0.24656242046909882)
1(0.12078314015531122, 0.13628132823273964)
1(0.09236492619049308, 0.10759233155945502)
1(0.11633415365054123, 0.13134248569594553)
1(0.11478669562918564, 0.12970318894875243)
1(0.20468709030472432, 0.21922662437570917)
1(0.22486334400451002, 0.23907361348234035)
1(0.29175143415142646, 0.3058730417029578)
1(0.11103381865093498, 0.12464653904005585)
1(0.11184968842548948, 0.12538605698008265)
1(0.10259065040787296, 0.1159843628443884)
1(0.05494125440235309, 0.06816024141262211)
1(0.0976162224483994, 0.11028393294673178)
1(0.12680752210717838, 0.1391200668277346)
1(0.11156888453230462, 0.12386899936887352)
1(0.17251742719431995, 0.1847694256181569)
1(0.08556056924786215, 0.09775277661219695)
1(0.19884895573413375, 0.21083544389907882)
1(0.10962224600774362, 0.121358235598236)
1(0.17467099734514901, 0.18615987744276863)
1(0.08090589871064535, 0.09234785768169096)
1(0.2905378049160293, 0.30179288042240404)
1(0.11704798017927676, 0.1281313277785977)
1(0.12068059042197321, 0.13167385005306698)
1(0.25680254230958677, 0.26768190894402155)
1(0.16007498095895034, 0.17068367757709813)
1(0.17838845712335027, 0.18890024037163433)
1(0.11253228554262362, 0.12283509975518747)
1(0.11735116727005701, 0.12760624216598793)
1(0.15607953486758985, 0.16580457472989885)
1(0.07337534289065095, 0.0829897237089029)
1(0.07044805913161523, 0.08000122595499348)
1(0.0916319410853953, 0.10114478037695085)
1(0.11262515730391709, 0.12195660857992174)
1(0.14505023387600746, 0.15437955016963545)
1(0.34446179750084505, 0.35376591405602786)
1(0.16451258682715297, 0.173774194841534)
1(0.21596426579255634, 0.22502914785816808)
1(0.13374500636699838, 0.14271697989607168)
1(0.1713990357740598, 0.18033287262291886)
1(0.16768121050931517, 0.1765651441268572)
1(0.2256885170439099, 0.23446722675375575)
1(0.1373220885459211, 0.14587396633279903)
1(0.1417118052930192, 0.15004303597283442)
1(0.2432284752355114, 0.2510252186180191)
1(0.12489744207586317, 0.13267903419431548)
1(0.2103536690357789, 0.21810629337219944)
1(0.24845750741496408, 0.25608350598940177)
1(0.0991648820229516, 0.10670770670186358)
1(0.2935297579082161, 0.30065575151071855)
1(0.10860401336720638, 0.11531013527157596)
1(0.16341565967448268, 0.17001462853713156)
1(0.364822243163501, 0.37129153890853217)
1(0.07655403024335317, 0.0829897237089029)
1(0.168183707836295, 0.17449098877195013)
1(0.1834995720072623, 0.18976895004626892)
1(0.1128030667622213, 0.11895075144403233)
1(0.09069004375088341, 0.09672056016409802)
1(0.10949840860195104, 0.11531013527157596)
1(0.21645463016846167, 0.22219620283665287)
1(0.30766221356009915, 0.31338235890122235)
1(0.1230748696867402, 0.12877807457317691)
1(0.678242532820424, 0.6838172672085603)
1(0.09741102806610324, 0.10258610191020157)
1(0.2651795916022395, 0.270173977729011)
1(0.09125699606884585, 0.09624904513998189)
1(0.24104237722904343, 0.24591510879840062)
1(0.12883632136557466, 0.13353398706654795)
1(0.035541197012552095, 0.04015107890713332)
1(0.265664661902015, 0.270173977729011)
1(0.03047073997199956, 0.034964565648858525)
1(0.1841573644042569, 0.1884922948744715)
1(0.1899405252916112, 0.193999893116806)
1(0.14182526771345716, 0.14580986383997308)
1(0.2550816905673642, 0.2588233486831628)
1(0.28225240185953016, 0.2859890588358375)
1(0.10324032887186296, 0.10685670789468782)
1(0.21555722901676488, 0.21902448925527185)
1(0.26245721662637267, 0.26583378245099365)
1(0.18813394830306196, 0.19148353113429784)
1(0.21716314514613144, 0.2204577431644209)
1(0.13045182430063484, 0.13353398706654795)
1(0.05301876906207459, 0.05600558704036285)
1(0.2608139715242672, 0.2637760584090256)
1(0.10867430503729314, 0.11155950295416173)
1(0.10647047238682628, 0.10931071824193372)
1(0.014428471078383742, 0.017268151421965694)
1(0.032486355774968056, 0.035224091291896076)
1(0.1163319787377175, 0.11903493666224241)
1(0.10170283745256437, 0.1044011533157464)
1(0.03538608297114354, 0.038005573165697415)
1(0.028330987319473255, 0.030926568580431857)
1(0.11251708907640834, 0.11509151373825666)
1(0.2266375421899911, 0.22914957761630428)
1(0.21254911404567767, 0.21487503443816425)
1(0.19798172045574336, 0.20025841556394008)
1(0.01480952555753956, 0.01705059700453626)
1(0.009707149068887366, 0.011941929511558813)
1(0.30138903366222314, 0.30361095124686976)
1(0.24554776421756064, 0.2477665135781546)
1(0.16315419822219368, 0.1653717105607122)
1(0.02622020561101579, 0.028384894641043656)
1(0.03914894409858738, 0.04128627661862849)
1(0.3074865019994568, 0.3095757919695242)
1(0.024335375904287693, 0.026212426312900994)
1(0.008793303471178793, 0.010656149566288797)
1(0.20141254383844842, 0.20327441924960454)
1(0.014378707587089368, 0.016235993473032728)
1(0.23173576423006437, 0.23354425896570719)
1(0.00884045155308244, 0.01059098240978662)
1(0.12644702526862972, 0.1281313277785977)
1(0.00965283835667774, 0.011333868255027801)
1(0.012951647880448225, 0.014544236747935257)
1(0.026998886351687124, 0.028562655593414976)
1(0.14629212391419666, 0.14785144423689822)
1(0.020660532710013335, 0.02220213891463363)
1(0.008284419734662762, 0.009803639798693253)
1(0.12970228003639606, 0.13119486802125646)
1(0.009086646737868298, 0.010572931332282098)
1(0.01940559436913325, 0.020808678189095264)
1(0.16834971349446193, 0.16972612854528846)
1(0.030054315653220587, 0.031389743761040645)
1(0.021194090043379576, 0.022529096286345474)
1(0.008425120619438453, 0.009725141752679467)
1(0.008513184705545296, 0.009803641480904735)
1(0.01666976613789306, 0.017916387580578008)
1(0.025796954477525835, 0.027035952772929916)
1(0.009940536694436952, 0.011167988268693918)
1(0.022469523965071958, 0.023688469497327946)
1(0.009215065171151782, 0.010413323668560404)
1(0.008196181807166636, 0.009394429672673121)
1(0.0324303002738382, 0.033609327697110336)
1(0.013280365580248477, 0.014406228081204286)
1(0.01468910900558451, 0.01577779242596533)
1(0.3069712766042465, 0.308007501017033)
1(0.010267467679479614, 0.0112981449621391)
1(0.008376207531178403, 0.009373210353662231)
1(0.14164903739772527, 0.14264473955041745)
1(0.0084129070410629, 0.009396234101941903)
1(0.11671662247017689, 0.11767130868292897)
1(0.01615359579479625, 0.017088779250539088)
1(0.01985241124954895, 0.0207746947665004)
1(0.179879604578829, 0.1807903859796416)
1(0.017858230794958407, 0.018764377705262625)
1(0.008775408879980962, 0.009676890018397777)
1(0.008975987806824404, 0.009850215204372126)
1(0.33231491097913246, 0.33317309903692527)
1(0.03380664046073534, 0.034607779993055976)
1(0.009735267443846674, 0.010525974364961943)
1(0.08503699628501893, 0.085802838678675)
1(0.03992578586340456, 0.04064755051699742)
1(0.023894679955124398, 0.02459054674130412)
1(0.008984564562036668, 0.00967755183649266)
1(0.008791694955965768, 0.00947988203173733)
1(0.010897189386634532, 0.01158120430124443)
1(0.04069041021319941, 0.041357354158563675)
1(0.048569138291145286, 0.04921685791043273)
1(0.011600296262345267, 0.01223807480092065)
1(0.250221522478128, 0.25085199270317615)
1(0.08571660192443642, 0.08633707809292979)
1(0.009845068598452467, 0.010458919015151169)
1(0.01762297673472646, 0.018228183819789634)
1(0.008718682699640823, 0.0093018355322525)
1(0.012608028291122064, 0.013177015374036816)
1(0.010249389553965371, 0.010813317900668196)
1(0.012086509980087645, 0.012644900553031246)
1(0.009900049123369836, 0.010403790144389635)
1(0.00894393023964346, 0.00941975206181711)
1(0.00902906560322525, 0.00947988203173733)
1(0.009193916404842573, 0.009625621489448788)
1(0.09013732583192557, 0.09056416510265441)
1(0.019058721980314774, 0.01947530900112837)
1(0.013248539282816996, 0.013611423388631194)
1(0.014367282592271935, 0.014717797344535266)
1(0.009294812867794322, 0.009634940411513915)
1(0.034975282527888396, 0.035313824606239)
1(0.017397961761853264, 0.017732647450058314)
1(0.013582188686842134, 0.013903570011073008)
1(0.011079496202178851, 0.011367973165432144)
1(0.014870136604535511, 0.015146413608066012)
1(0.013977698409548878, 0.014249735428535026)
1(0.012073709363466856, 0.012330963393699879)
1(0.011377220130217802, 0.011630468322201049)
1(0.010917199400321875, 0.011167988268693918)
1(0.008152239496382996, 0.008402152983948197)
1(0.01359884923052268, 0.013844397988352242)
1(0.009592174771194784, 0.009825861336410502)
1(0.011486325218208249, 0.0117194879649698)
1(0.02504182404876476, 0.0252739425417432)
1(0.013315006152807451, 0.013533065745208295)
1(0.011383939027646783, 0.01158120430124443)
1(0.01641742220280651, 0.016612439427479586)
1(0.009466809501734064, 0.009650170679578962)
1(0.019539645976614617, 0.019722774144978028)
1(0.008814697003356686, 0.00899074128853139)
1(0.014855912812526295, 0.015014570022330087)
1(0.013867473097966099, 0.014009549907915142)
1(0.1999147625608274, 0.2000564688977492)
1(0.014684687570119093, 0.014824832595261128)
1(0.01107479379404075, 0.011187994103430965)
1(0.10812958521367777, 0.10823649811647607)
1(0.009054613382256993, 0.009134455127622565)
1(0.22105717420716742, 0.2211345902604217)
1(0.009084710469148605, 0.009149541194204858)
1(0.011118431635687265, 0.011167988268693918)
1(0.016169786561753607, 0.016217469863317735)
1(0.009774153812860509, 0.009812456347172982)
1(0.031672910913757235, 0.031704888855976776)
1(0.009633329867778873, 0.009650170679578962)
1(0.012301568203854196, 0.012315520849761064)
1(0.014900190018291681, 0.014911180883704689)
0(0.0, inf)
0(0.0, 0.5155880336244014)
0(0.0, 0.47200374303238624)
0(0.0, 0.4449377237801625)
0(0.0, 0.42567391590349046)
0(0.0, 0.39947793844573287)
0(0.0, 0.3552331319873061)
0(0.0, 0.34322093551416444)
0(0.0, 0.32222268204635485)
0(0.0, 0.3180337309857988)
0(0.0, 0.31720516863058446)
0(0.0, 0.3123721467571857)
0(0.0, 0.3107325221034807)
0(0.0, 0.2995269307258528)
0(0.0, 0.2846479122130888)
0(0.0, 0.28048540697298596)
0(0.0, 0.2712851557268111)
0(0.0, 0.2681281280547704)
0(0.0, 0.25766814343869404)
0(0.0, 0.25516712655071194)
0(0.0, 0.25450465418310964)
0(0.0, 0.2523167798665933)
0(0.0, 0.2507389529772107)
0(0.0, 0.2474850460095882)
0(0.0, 0.24697012027579313)
0(0.0, 0.24596940263157163)
0(0.0, 0.24357765563980505)
0(0.0, 0.243388148197064)
0(0.0, 0.24331590599965702)
0(0.0, 0.24274872106731982)
0(0.0, 0.23589614155076788)
0(0.0, 0.23473492250958117)
0(0.0, 0.2346894861717721)
0(0.0, 0.23267565378464505)
0(0.0, 0.23011037579578497)
0(0.0, 0.22749533157587287)
0(0.0, 0.225522124146187)
0(0.0, 0.22435582531690512)
0(0.0, 0.22401208995226707)
0(0.0, 0.2238020110204414)
0(0.0, 0.21983313157876172)
0(0.0, 0.21724742800229602)
0(0.0, 0.21676725899853533)
0(0.0, 0.21594898147289776)
0(0.0, 0.2159043810002398)
0(0.0, 0.2156479251107012)
0(0.0, 0.21310477609353595)
0(0.0, 0.21133924658424807)
0(0.0, 0.2106048186126669)
0(0.0, 0.20792529409244653)
0(0.0, 0.20624397013957607)
0(0.0, 0.204769950373469)
0(0.0, 0.2046074091167719)
0(0.0, 0.20457095803290748)
0(0.0, 0.2045310241888798)
0(0.0, 0.2040155179294274)
0(0.0, 0.20400785595072313)
0(0.0, 0.20398051362565572)
0(0.0, 0.2039382571345747)
0(0.0, 0.20380150060191582)
0(0.0, 0.19553870861089406)
0(0.0, 0.1950907940155664)
0(0.0, 0.1925468235510801)
0(0.0, 0.19076179406827298)
0(0.0, 0.19037930517599344)
0(0.0, 0.18564759330268998)
0(0.0, 0.18556840138875086)
0(0.0, 0.18247830935102372)
0(0.0, 0.18240166323251794)
0(0.0, 0.17960181283169319)
0(0.0, 0.17878513381378325)
0(0.0, 0.17834652975822018)
0(0.0, 0.1755243338280159)
0(0.0, 0.17470337333575614)
0(0.0, 0.1742186099849644)
0(0.0, 0.17183540971637168)
0(0.0, 0.1680784385907379)
0(0.0, 0.16697201094572334)
0(0.0, 0.16577004066179613)
0(0.0, 0.1645408004905614)
0(0.0, 0.16428468386686412)
0(0.0, 0.1638982662150278)
0(0.0, 0.16159065543937234)
0(0.0, 0.1614986038023628)
0(0.0, 0.1611540895141672)
0(0.0, 0.15877542427626223)
0(0.0, 0.15762532891351388)
0(0.0, 0.1571126026223023)
0(0.0, 0.15651964387733208)
0(0.0, 0.15572989126703496)
0(0.0, 0.15190933894025016)
0(0.0, 0.1501162935341397)
0(0.0, 0.14924302563406333)
0(0.0, 0.14623989327216635)
0(0.0, 0.1459966126262302)
0(0.0, 0.14539309590082794)
0(0.0, 0.1445046746212526)
0(0.0, 0.14401025513868104)
0(0.0, 0.14394951607223094)
0(0.0, 0.14220811693364643)
0(0.0, 0.14080859631648046)
0(0.0, 0.14062263132280461)
0(0.0, 0.1403526353385539)
0(0.0, 0.1389349531959928)
0(0.0, 0.13639161939971245)
0(0.0, 0.13499763882036653)
0(0.0, 0.13421845277890698)
0(0.0, 0.13410366931747275)
0(0.0, 0.13075545568161218)
0(0.0, 0.13048969782028275)
0(0.0, 0.12973895942597224)
0(0.0, 0.12913509894054553)
0(0.0, 0.1288010443509654)
0(0.0, 0.12863527089815063)
0(0.0, 0.12856209287388365)
0(0.0, 0.12829992135880375)
0(0.0, 0.12677112828841086)
0(0.0, 0.12363627800568588)
0(0.0, 0.12343594072775255)
0(0.0, 0.12302717770856797)
0(0.0, 0.12278814632388113)
0(0.0, 0.12253724504730346)
0(0.0, 0.122291395483769)
0(0.0, 0.12062616632149703)
0(0.0, 0.11886743220547313)
0(0.0, 0.11748520537135754)
0(0.0, 0.11710090802188478)
0(0.0, 0.11696177658352414)
0(0.0, 0.1169205527178313)
0(0.0, 0.11641018696507544)
0(0.0, 0.11478554371059091)
0(0.0, 0.11467056696216316)
0(0.0, 0.11400755700011644)
0(0.0, 0.1130714206160951)
0(0.0, 0.11273637498268818)
0(0.0, 0.11273283445341165)
0(0.0, 0.11194903351116237)
0(0.0, 0.11153226038328867)
0(0.0, 0.11137817618788315)
0(0.0, 0.10957424783933667)
0(0.0, 0.10912028470781698)
0(0.0, 0.10693710445548177)
0(0.0, 0.1067454181215618)
0(0.0, 0.10577438245201753)
0(0.0, 0.1051947102539974)
0(0.0, 0.10439285262268494)
0(0.0, 0.10434369102211571)
0(0.0, 0.10408267062264198)
0(0.0, 0.10319085274130069)
0(0.0, 0.10260414194332024)
0(0.0, 0.102408480795106)
0(0.0, 0.1016740087310809)
0(0.0, 0.10167004207541996)
0(0.0, 0.1013312462396021)
0(0.0, 0.1012739479068494)
0(0.0, 0.1006912804846758)
0(0.0, 0.10042820605325498)
0(0.0, 0.10036524841839789)
0(0.0, 0.10006485539247911)
0(0.0, 0.09928373836720683)
0(0.0, 0.09829497086730721)
0(0.0, 0.09775649967391198)
0(0.0, 0.09746505561912289)
0(0.0, 0.09683303459005799)
0(0.0, 0.09674867926413688)
0(0.0, 0.09502519869297665)
0(0.0, 0.09472529986900646)
0(0.0, 0.09441507990189524)
0(0.0, 0.09262480444296117)
0(0.0, 0.09216617444203345)
0(0.0, 0.09141467061720465)
0(0.0, 0.09078737809752957)
0(0.0, 0.0899457721846103)
0(0.0, 0.08972521670041722)
0(0.0, 0.08958711418602794)
0(0.0, 0.08956051641354201)
0(0.0, 0.08925743137375941)
0(0.0, 0.08879383474825531)
0(0.0, 0.08713068842353855)
0(0.0, 0.08710978739751662)
0(0.0, 0.08654567544094671)
0(0.0, 0.08654405946996113)
0(0.0, 0.0859155401966093)
0(0.0, 0.08590155356937057)
0(0.0, 0.08560452128202845)
0(0.0, 0.08483829528428488)
0(0.0, 0.08460803822300578)
0(0.0, 0.08435061568541924)
0(0.0, 0.08428413184902339)
0(0.0, 0.08164557078721046)
0(0.0, 0.08120576588265171)
0(0.0, 0.0809437417263299)
0(0.0, 0.08017761571596105)
0(0.0, 0.07895516778889067)
0(0.0, 0.07719983032011013)
0(0.0, 0.0770742161000747)
0(0.0, 0.07582520631015999)
0(0.0, 0.0747732549809701)
0(0.0, 0.07435688203273694)
0(0.0, 0.07399376447084116)
0(0.0, 0.07293721563899458)
0(0.0, 0.07279383909879755)
0(0.0, 0.07229050021889638)
0(0.0, 0.07184106536666279)
0(0.0, 0.07091966000974215)
0(0.0, 0.07059420724589704)
0(0.0, 0.07009343985643579)
0(0.0, 0.06913246366753067)
0(0.0, 0.06895175101193507)
0(0.0, 0.0672636310282877)
0(0.0, 0.0670246860974788)
0(0.0, 0.06682549020782325)
0(0.0, 0.06598649063466555)
0(0.0, 0.06560158493301138)
0(0.0, 0.06435678376812126)
0(0.0, 0.06429719619640795)
0(0.0, 0.06243773174661893)
0(0.0, 0.0614306615127167)
0(0.0, 0.06102300454037646)
0(0.0, 0.06079026647174168)
0(0.0, 0.060732129645897026)
0(0.0, 0.059641470877872416)
0(0.0, 0.05885504373308059)
0(0.0, 0.05878144074228031)
0(0.0, 0.05859448886944352)
0(0.0, 0.05764617931940097)
0(0.0, 0.056502489938642375)
0(0.0, 0.0563200107142795)
0(0.0, 0.055553455002185004)
0(0.0, 0.05492087390307154)
0(0.0, 0.05275528187808032)
0(0.0, 0.05187320831629827)
0(0.0, 0.05030019195893598)
0(0.0, 0.04902250762372817)
0(0.0, 0.047739636845108846)
0(0.0, 0.047572559204348996)
0(0.0, 0.04553697993220762)
0(0.0, 0.04502477746135469)
0(0.0, 0.04476492779500385)
0(0.0, 0.03796126396743438)
0(0.0, 0.03757319308248308)
0(0.0, 0.037561107743054545)
0(0.0, 0.037423060903638006)
0(0.0, 0.035855878394126184)
0(0.0, 0.034575754806350334)
0(0.0, 0.033639836547907254)
0(0.0, 0.03354627219549511)
0(0.0, 0.03333859443504972)
0(0.0, 0.032967234389560285)
0(0.0, 0.03151209034710223)
0(0.0, 0.03150188938295351)
0(0.0, 0.0311158394756883)
0(0.0, 0.030965424418298637)
0(0.0, 0.030944885330495442)
0(0.0, 0.03079548006649302)
0(0.0, 0.030500157758918567)
0(0.0, 0.030311504320453375)
0(0.0, 0.030113115796628565)
0(0.0, 0.029674168390019906)
0(0.0, 0.029314040482903536)
0(0.0, 0.0291433903865842)
0(0.0, 0.028663078298665767)
0(0.0, 0.028568160204156312)
0(0.0, 0.028307911945747)
0(0.0, 0.02814479288219074)
0(0.0, 0.0271324912917289)
0(0.0, 0.027027806545366184)
0(0.0, 0.026707739216455195)
0(0.0, 0.02656977837204999)
0(0.0, 0.025650410506127264)
0(0.0, 0.025337427540142454)
0(0.0, 0.02481907165350139)
0(0.0, 0.024793389224224582)
0(0.0, 0.02476136909700366)
0(0.0, 0.02452961846401014)
0(0.0, 0.024239678930024322)
0(0.0, 0.02391314501940589)
0(0.0, 0.02387294563973763)
0(0.0, 0.023591975433351897)
0(0.0, 0.02337135825282688)
0(0.0, 0.023330893484375226)
0(0.0, 0.023230157032493204)
0(0.0, 0.02260516168757154)
0(0.0, 0.022575087362066037)
0(0.0, 0.02241931724869528)
0(0.0, 0.022391723986173173)
0(0.0, 0.022205898008902603)
0(0.0, 0.022029573374463096)
0(0.0, 0.021991159589784592)
0(0.0, 0.021911134096405882)
0(0.0, 0.021731815087758455)
0(0.0, 0.021699935627393252)
0(0.0, 0.021654300317478614)
0(0.0, 0.02148735145330416)
0(0.0, 0.021262932982501148)
0(0.0, 0.021058714075873564)
0(0.0, 0.02091201352693539)
0(0.0, 0.0205338753946529)
0(0.0, 0.020354245341789756)
0(0.0, 0.02021951265278754)
0(0.0, 0.020025727182946484)
0(0.0, 0.01974743848091176)
0(0.0, 0.019494570824391322)
0(0.0, 0.01933001654973976)
0(0.0, 0.019078324542887826)
0(0.0, 0.019006463217602132)
0(0.0, 0.018762541617348805)
0(0.0, 0.01839313360672168)
0(0.0, 0.0182437484787763)
0(0.0, 0.01823140245392063)
0(0.0, 0.01755858192361137)
0(0.0, 0.017465443114247692)
0(0.0, 0.017357743249402757)
0(0.0, 0.01693027634282407)
0(0.0, 0.01620211578150088)
0(0.0, 0.015952658524168495)
0(0.0, 0.015535191350178112)
0(0.0, 0.015490440047585374)
0(0.0, 0.015333257870627892)
0(0.0, 0.015315720820323175)
0(0.0, 0.015183520896560165)
0(0.0, 0.014808727553360268)
0(0.0, 0.014432967386162288)
0(0.0, 0.014221933677357579)
0(0.0, 0.014142803274717619)
0(0.0, 0.014138496893758012)
0(0.0, 0.014065671316756623)
0(0.0, 0.01404313076224728)
0(0.0, 0.014025651254656601)
0(0.0, 0.013928942833058566)
0(0.0, 0.013886210253306497)
0(0.0, 0.013766145946371822)
0(0.0, 0.013667057607620436)
0(0.0, 0.013661902346594701)
0(0.0, 0.013641488813098679)
0(0.0, 0.013458659508875481)
0(0.0, 0.013294524141018171)
0(0.0, 0.01315233878588462)
0(0.0, 0.013129371471473306)
0(0.0, 0.012927203003766152)
0(0.0, 0.01283679896428247)
0(0.0, 0.012695167850589217)
0(0.0, 0.012693604548387527)
0(0.0, 0.012432201382160502)
0(0.0, 0.012361699484210287)
0(0.0, 0.012270596610553852)
0(0.0, 0.012243424691974258)
0(0.0, 0.012032323400619549)
0(0.0, 0.011998361945068092)
0(0.0, 0.011974277714298265)
0(0.0, 0.011914935969832174)
0(0.0, 0.011849691634487791)
0(0.0, 0.011830629573582052)
0(0.0, 0.011822066971745593)
0(0.0, 0.011741270696949524)
0(0.0, 0.011735311590348352)
0(0.0, 0.011610853052668735)
0(0.0, 0.011610424943683584)
0(0.0, 0.011514670221097312)
0(0.0, 0.011471358618446836)
0(0.0, 0.01144151037830543)
0(0.0, 0.011278842980604109)
0(0.0, 0.0112434136560422)
0(0.0, 0.01115027681934877)
0(0.0, 0.011097316168965699)
0(0.0, 0.01105976110357032)
0(0.0, 0.010854056757123254)
0(0.0, 0.010813789708015942)
0(0.0, 0.01067919456144184)
0(0.0, 0.01042587902245784)
0(0.0, 0.010371307446645717)
0(0.0, 0.009985380989192327)
0(0.0, 0.00990430398567932)
0(0.0, 0.009846221996700821)
0(0.0, 0.009844656309697108)
0(0.0, 0.009769387250443184)
0(0.0, 0.009732130493123714)
0(0.0, 0.009539003029942594)
0(0.0, 0.009528075334585884)
0(0.0, 0.009499388681065146)
0(0.0, 0.009411405282661045)
0(0.0, 0.009300667150343722)
0(0.0, 0.008979477538384684)
0(0.0, 0.008909602495556612)
0(0.0, 0.008723719001934027)
0(0.0, 0.008698247923486169)
0(0.0, 0.008508433783923852)
0(0.0, 0.008437382304446794)
0(0.0, 0.008347457455202711)
0(0.0, 0.008319491265256773)
0(0.0, 0.008236824558467304)
0(0.0, 0.008230633184611036)
0(0.0, 0.008219191243718282)
0(0.0, 0.008218887254709428)
0(0.0, 0.008175249624023495)
0(0.0, 0.008173955762805662)
0(0.0, 0.008164180597891812)
0(0.0, 0.008159425700485445)
0(0.0, 0.00811518062257921)
0(0.0, 0.008060117615733109)
0(0.0, 0.008023202886787595)
0(0.0, 0.007986931062494484)
0(0.0, 0.007986523276433677)
0(0.0, 0.00795659554659478)
0(0.0, 0.007950941610749052)
0(0.0, 0.007941924675543)
0(0.0, 0.007928384514229059)
0(0.0, 0.007892600434984187)
0(0.0, 0.007833329899218366)
0(0.0, 0.0077685384762229415)
0(0.0, 0.007768398142851685)
0(0.0, 0.007763967437698804)
0(0.0, 0.007758329729597113)
0(0.0, 0.007672135815980807)
0(0.0, 0.007638594925759246)
0(0.0, 0.007575742228346005)
0(0.0, 0.007517377082652876)
0(0.0, 0.007405242206393936)
0(0.0, 0.007320206230607251)
0(0.0, 0.007149937021067143)
0(0.0, 0.006981923748836993)
0(0.0, 0.006812330515328924)
0(0.0, 0.006757628010961914)
0(0.0, 0.006602958321011654)
0(0.0, 0.006470719587136631)
0(0.0, 0.006290453027907428)
0(0.0, 0.006273153245354601)
0(0.0, 0.006245831312052363)
0(0.0, 0.006043181662443775)
0(0.0, 0.005890540211552109)
0(0.0, 0.005875440512967733)
0(0.0, 0.004532013936911161)
