1(0.38505824292374213, 0.8445981511066285)
1(0.7901887308992677, 0.9502693141890359)
1(0.3511182502523359, 0.40105905919143403)
1(0.14316353558191508, 0.18380433917844186)
1(0.2497759277066104, 0.28803087900225655)
1(0.14281251938470163, 0.1807397999469621)
1(0.3912421858321202, 0.4244326348128682)
1(0.3730357386791896, 0.4060098464906584)
1(0.3440389185431194, 0.37435398842957224)
1(0.3085609859183488, 0.33886017048094974)
1(0.15420846416241796, 0.1833429218792405)
1(0.15539512631195962, 0.18354198648395703)
1(0.3034577526873923, 0.3305136188338623)
1(0.22248577177715378, 0.2490912341382412)
1(0.14579870404931672, 0.17232764525401523)
1(0.41838975568818904, 0.4445493415976951)
1(0.20739217526420273, 0.232451321049587)
1(0.07019480993687999, 0.09421338739272134)
1(0.0741979899884676, 0.09657874665362032)
1(0.30048491825771617, 0.3225414976811092)
1(0.31001893712445183, 0.33186186522137195)
1(0.1389682459891768, 0.16067882981914094)
1(0.05098176471029703, 0.07220132131328783)
1(0.07089661514326662, 0.09201825707026101)
1(0.11003877047241051, 0.12986436882085406)
1(0.30443160491325993, 0.3230033630202426)
1(0.1508474001246124, 0.16940954007129327)
1(0.11113890254210979, 0.1290130139818786)
1(0.05475046502059344, 0.07228506390151912)
1(0.2769101067641563, 0.29439215518856365)
1(0.16245034356330423, 0.1793417378315213)
1(0.127707631961118, 0.14458150241016032)
1(0.13895797832219614, 0.15565554858360442)
1(0.07231105755356637, 0.08888123457734498)
1(0.130726241367345, 0.1465902835815922)
1(0.12469102907004692, 0.14027562183682551)
1(0.05970756640738761, 0.07522284759605269)
1(0.12581523405405615, 0.1411201663231365)
1(0.10739884898666419, 0.12262899193238974)
1(0.26110493388267497, 0.2761079430136508)
1(0.128317174935899, 0.1429666436266117)
1(0.14599433841304432, 0.16052495631588626)
1(0.13797208024500585, 0.15243448743477983)
1(0.8115367374883588, 0.8255216581434993)
1(0.03476377628753968, 0.048289939168537854)
1(0.3552625008543794, 0.3687482639416252)
1(0.1233409844924972, 0.1363016158528383)
1(0.07896675345774207, 0.09100542328902406)
1(0.7538352241470903, 0.7657764907355675)
1(0.09175386798846674, 0.10342527863538009)
1(0.09299319596834665, 0.10450343430963471)
1(0.14646877631571764, 0.1575679196899047)
1(0.07263180822020177, 0.08368680501761783)
1(0.11469758783563011, 0.12511639288417442)
1(0.1480082543197443, 0.15818648288045323)
1(0.30823830751961756, 0.3181950004422567)
1(0.06852419072419402, 0.07847892546073265)
1(0.09954010605412644, 0.1088312593256675)
1(0.12754980133956206, 0.1363991250610963)
1(0.11748410518952779, 0.12578744359874194)
1(0.4570685954941517, 0.4650285646878469)
1(0.10278707364914352, 0.11057868149594152)
1(0.24351760783883125, 0.2512665074988507)
1(0.07071494495742525, 0.07825761362478001)
1(0.3505362660157906, 0.3579012420939547)
1(0.10083496328851249, 0.10819700782902142)
1(0.10046361906768542, 0.10773009768217168)
1(0.11983733099942162, 0.12705372284703287)
1(0.11942649831832908, 0.1266192110022034)
1(0.07829109769003983, 0.08518654170646955)
1(0.06000659624715854, 0.06685669493397328)
1(0.20191502415882967, 0.2083614094558166)
1(0.06495238286298144, 0.07126836375150158)
1(0.08024938517863534, 0.08652205589231254)
1(0.06504650475582341, 0.07125822931557635)
1(0.07364649490691377, 0.07963610936163501)
1(0.10904611371289563, 0.11474838038002266)
1(0.059893950065959656, 0.06559142751038471)
1(0.08550926086004684, 0.09057004389246504)
1(0.146212563667109, 0.151247128863212)
1(0.07422521938274873, 0.07919353641958704)
1(0.10730732844328239, 0.11216291261186662)
1(0.07904781177411979, 0.08389453183383999)
1(0.15166585981056302, 0.15648334611395087)
1(0.03620079528709097, 0.040928413760020876)
1(0.18468281181472046, 0.18938811381214038)
1(0.018612227102576706, 0.023283559077198812)
1(0.06829397892564115, 0.07295420934041608)
1(0.0818469832990738, 0.08648552629977257)
1(0.07182437674806719, 0.07641685759760597)
1(0.037840778902674344, 0.04239525365724117)
1(0.08902440492488606, 0.09343584190753795)
1(0.11896225093185786, 0.12330141909252734)
1(0.25035561260361894, 0.2546445726590554)
1(0.1603279391537087, 0.16438429625949713)
1(0.048497387503738665, 0.05251821245347754)
1(0.038897873002368355, 0.042581898543439634)
1(0.07067578532195284, 0.07416760296010527)
1(0.041788501559907876, 0.04519007848291712)
1(0.08930803431983125, 0.0926307702395881)
1(0.036459323445181324, 0.03978075287691307)
1(0.0637529708603064, 0.06704869592353724)
1(0.06979259104013924, 0.07308755492397034)
1(0.3648874490523575, 0.3681815699824742)
1(0.021040542231584247, 0.024104797029804503)
1(0.07930102998853739, 0.0823617201808714)
1(0.2779155704798182, 0.2808921939281753)
1(0.28677796496482255, 0.2897017518177841)
1(0.09152363736987912, 0.09440907097682316)
1(0.22241853106483755, 0.22529357114473558)
1(0.2702737414622287, 0.27297304024907343)
1(0.01266018871228014, 0.01513298136655672)
1(0.10038949654344198, 0.10282098538445894)
1(0.09215720470948974, 0.09440907097682316)
1(0.07192111390003286, 0.07416760296010527)
1(0.09123887143357234, 0.09343200370435656)
1(0.009142140071335514, 0.011284680690278215)
1(0.038042018937126, 0.040100575554241735)
1(0.008967868304740167, 0.010999463395347409)
1(0.0090081135443697, 0.010871241423333955)
1(0.01231666756822758, 0.014144562242639824)
1(0.010372908283934668, 0.012197210714031903)
1(0.007786631639013941, 0.00937004304549749)
1(0.00821088873349729, 0.009769676394917881)
1(0.01294240770199806, 0.01436649587621841)
1(0.00953259751536617, 0.010904164093629709)
1(0.028784444062609937, 0.03008940256061432)
1(0.009247604225896322, 0.010536018207027542)
1(0.11854860942861867, 0.11980475539763413)
1(0.10500930762433713, 0.10624785129304348)
1(0.14065910167157192, 0.1418927565160265)
1(0.008060173564109152, 0.00922007853662099)
1(0.08138749560181902, 0.08247130619675591)
1(0.012509310670045903, 0.013588801473950474)
1(0.011927431934119603, 0.01298956943323304)
1(0.06978279815587018, 0.07084223320529359)
1(0.004359462217758514, 0.0053950155479365325)
1(0.004570818592996795, 0.005555709514046381)
1(0.008917261501767304, 0.009901986868344759)
1(0.007029433584606282, 0.007918124698981899)
1(0.01365154244898481, 0.014509055199144916)
1(0.008215317773721753, 0.009030458076231929)
1(0.0047734816841311645, 0.005587720267012597)
1(0.006252885423242538, 0.0070663575763429964)
1(0.015786545424879117, 0.016597763939027788)
1(0.005889479102715978, 0.006696686808626895)
1(0.01279500738896211, 0.013588801473950474)
1(0.049599117437167606, 0.05039241750073742)
1(0.009045573606936474, 0.009835957294913267)
1(0.01648316383700532, 0.017265489444140525)
1(0.010819979465135132, 0.011588479953938413)
1(0.008477234229128383, 0.00922615886536804)
1(0.00806214329807986, 0.008807052438703944)
1(0.005917406035076955, 0.006659884164182284)
1(0.008140153572503195, 0.008878601440373779)
1(0.008894404754511864, 0.009631254399330547)
1(0.0045765465067725275, 0.0052927902303253616)
1(0.009263179662624355, 0.009960555928521742)
1(0.004111418125991917, 0.004800962229598804)
1(0.01101810801295, 0.011685624229506364)
1(0.007679580418583187, 0.008340645461299534)
1(0.005498327271681425, 0.00613372338547824)
1(0.009151680979491816, 0.009769676394917881)
1(0.026566983758750218, 0.02718181177364143)
1(0.006670410449821196, 0.007283073296736831)
1(0.007168830598455855, 0.007764756944366291)
1(0.0046113078775344984, 0.005197078338181282)
1(0.00545395225557832, 0.006039460430610655)
1(0.014241695722151282, 0.014805132011234567)
1(0.007243458020005256, 0.007804493704262061)
1(0.0055605172663144575, 0.006117358926185701)
1(0.004780260650972479, 0.005262386372433592)
1(0.009558565971307553, 0.01001635068940021)
1(0.00719369616434562, 0.00765066253406721)
1(0.007580561415730158, 0.008018502309769526)
1(0.005166174652922129, 0.005587720267012597)
1(0.007071005607379721, 0.007435221542472115)
1(0.004371352672160378, 0.004725275039911714)
1(0.010174449353060333, 0.0105235954902142)
1(0.008326573067902299, 0.008665052653344385)
1(0.012894024006112614, 0.013215202870693332)
1(0.009185474605551969, 0.009506464882222065)
1(0.16929711035619377, 0.1696161819897728)
1(0.009628616744514651, 0.009946058381806178)
1(0.00630675415933768, 0.006609244601301523)
1(0.00803574659951789, 0.00833722096601297)
1(0.015825780719699423, 0.01610555426667093)
1(0.004670412051731243, 0.004941378780995209)
1(0.004606137450171466, 0.004858484908423)
1(0.00560376812106711, 0.0058535743267974505)
1(0.007233988496219812, 0.007482482461992457)
1(0.012516650426005693, 0.012759528172137213)
1(0.008128656453942118, 0.008359677530411003)
1(0.006057068300195589, 0.006287105188578002)
1(0.01850318771905468, 0.018695171564286572)
1(0.006608195453561283, 0.006794722807560216)
1(0.005346608368448136, 0.005524689947839945)
1(0.007691078272800134, 0.007868458885584295)
1(0.005314232635414751, 0.0054895358437417885)
1(0.005500194161891181, 0.0056685329628408665)
1(0.009201627893791975, 0.009368052942092309)
1(0.007770531251923174, 0.007934112371527857)
1(0.008971568714450484, 0.009121600086636206)
1(0.03570258671076387, 0.03584377408262995)
1(0.12095849698354277, 0.12109418066344213)
1(0.011093164511867815, 0.011221417382163312)
1(0.005614926650435725, 0.005740964142616045)
1(0.007302905748244437, 0.007410546779496152)
1(0.005334390445870807, 0.005439589466630257)
1(0.01129675028314081, 0.011389722775562827)
1(0.011213567003264702, 0.011305187361860591)
1(0.008905943305163588, 0.00899196427560811)
1(0.22097533234400457, 0.2210540791822191)
1(0.008090174586272147, 0.008150818324374032)
1(0.007147595286563169, 0.007201429147352889)
1(0.03004247728341225, 0.03008940256061432)
1(0.004871902888291757, 0.004917756167157394)
1(0.004908777724431768, 0.004941378780995209)
1(0.007538967648091588, 0.00756857441125014)
1(0.010975522975115948, 0.010997553308948693)
1(0.0051412672747929156, 0.005158439014150029)
1(0.00591308952109415, 0.005929826008815753)
0(0.0, inf)
0(0.0, 0.4295320404448929)
0(0.0, 0.42290145341800656)
0(0.0, 0.3697791103450667)
0(0.0, 0.3666455668542159)
0(0.0, 0.3613654870288935)
0(0.0, 0.34997928430783176)
0(0.0, 0.3444303830960048)
0(0.0, 0.3376278303683854)
0(0.0, 0.33135402974575934)
0(0.0, 0.31322019022165914)
0(0.0, 0.31008440233420775)
0(0.0, 0.3093608753933277)
0(0.0, 0.30422778216672397)
0(0.0, 0.3030170919269869)
0(0.0, 0.2998676730196882)
0(0.0, 0.29382466537222296)
0(0.0, 0.28393760667517154)
0(0.0, 0.28139783224181936)
0(0.0, 0.27857912163910803)
0(0.0, 0.2760279495773478)
0(0.0, 0.2680308649044254)
0(0.0, 0.26556609663554276)
0(0.0, 0.26133259896423444)
0(0.0, 0.2609682357690085)
0(0.0, 0.2560711011922234)
0(0.0, 0.25440617987027125)
0(0.0, 0.246460537909311)
0(0.0, 0.2454675015943789)
0(0.0, 0.2452701042835972)
0(0.0, 0.2268093073146159)
0(0.0, 0.22348209885300585)
0(0.0, 0.22058703614325825)
0(0.0, 0.2190744617381709)
0(0.0, 0.21202182190777075)
0(0.0, 0.2102154858850166)
0(0.0, 0.20771963959436812)
0(0.0, 0.19182459491163828)
0(0.0, 0.1892252666382569)
0(0.0, 0.18875748506919787)
0(0.0, 0.1876898744005886)
0(0.0, 0.18124609063951858)
0(0.0, 0.16862919850514446)
0(0.0, 0.16803652037880745)
0(0.0, 0.1677059004012671)
0(0.0, 0.16586952546840217)
0(0.0, 0.15653936678839053)
0(0.0, 0.15547594366627515)
0(0.0, 0.15517503590609305)
0(0.0, 0.15329244988693858)
0(0.0, 0.15256853596089814)
0(0.0, 0.15041606705572164)
0(0.0, 0.14992958170932025)
0(0.0, 0.1489433802650585)
0(0.0, 0.14839863977500567)
0(0.0, 0.14795630533561221)
0(0.0, 0.14792290299419864)
0(0.0, 0.14727819106773943)
0(0.0, 0.14659050050093148)
0(0.0, 0.14584780341240355)
0(0.0, 0.14534268184516486)
0(0.0, 0.14523944647113718)
0(0.0, 0.14486543691035092)
0(0.0, 0.14303991511540126)
0(0.0, 0.14059350725749276)
0(0.0, 0.13883898228236302)
0(0.0, 0.13878886440506943)
0(0.0, 0.13658655345149684)
0(0.0, 0.13544714625978715)
0(0.0, 0.13543045459507208)
0(0.0, 0.13492701881970004)
0(0.0, 0.13256002297321567)
0(0.0, 0.13242314304998237)
0(0.0, 0.13079769135029784)
0(0.0, 0.1303975473355906)
0(0.0, 0.13010772063657572)
0(0.0, 0.12988828508199668)
0(0.0, 0.12753751883455888)
0(0.0, 0.1264087021055601)
0(0.0, 0.12368769515866518)
0(0.0, 0.12233037517767975)
0(0.0, 0.1207170925400266)
0(0.0, 0.11975218012410138)
0(0.0, 0.1183172899957039)
0(0.0, 0.11815053298473344)
0(0.0, 0.1161058028996158)
0(0.0, 0.11411093800859307)
0(0.0, 0.1119459368057627)
0(0.0, 0.11175614767525177)
0(0.0, 0.11134359938915361)
0(0.0, 0.11008202390609678)
0(0.0, 0.11004779819427424)
0(0.0, 0.10946170571653546)
0(0.0, 0.10860279048995791)
0(0.0, 0.10811644501199003)
0(0.0, 0.10736572895954655)
0(0.0, 0.1071854883600285)
0(0.0, 0.10708656506847292)
0(0.0, 0.10524035646179064)
0(0.0, 0.10518187274306401)
0(0.0, 0.10291235764402207)
0(0.0, 0.10189387928979532)
0(0.0, 0.10107451588682081)
0(0.0, 0.10057921784383561)
0(0.0, 0.10044747930596987)
0(0.0, 0.09953748637546866)
0(0.0, 0.0992866854501454)
0(0.0, 0.09924272937920164)
0(0.0, 0.09896219709349208)
0(0.0, 0.09813450405760027)
0(0.0, 0.09542472816317116)
0(0.0, 0.0948810069859638)
0(0.0, 0.09480078844044348)
0(0.0, 0.0944256908012665)
0(0.0, 0.09377860332887289)
0(0.0, 0.091736237591037)
0(0.0, 0.09164749154355922)
0(0.0, 0.0904128288119157)
0(0.0, 0.08807382992680013)
0(0.0, 0.08796056110889605)
0(0.0, 0.08595190146681708)
0(0.0, 0.08546092183558052)
0(0.0, 0.0850152909855788)
0(0.0, 0.08411909773763915)
0(0.0, 0.08310294756357117)
0(0.0, 0.08246947873878141)
0(0.0, 0.08187847747128485)
0(0.0, 0.08050621568690697)
0(0.0, 0.07908592316901997)
0(0.0, 0.07863799633798296)
0(0.0, 0.07825405316431588)
0(0.0, 0.07771788107463573)
0(0.0, 0.07771073119681782)
0(0.0, 0.07750298077828766)
0(0.0, 0.07671092749964148)
0(0.0, 0.07655278032471569)
0(0.0, 0.07557842903740342)
0(0.0, 0.07461272088482118)
0(0.0, 0.07371244496825125)
0(0.0, 0.07325610511127567)
0(0.0, 0.07294697666764294)
0(0.0, 0.07291049794461268)
0(0.0, 0.07257292861979459)
0(0.0, 0.07069473618689259)
0(0.0, 0.07059949279032862)
0(0.0, 0.07011589301936039)
0(0.0, 0.06984233219890312)
0(0.0, 0.06970519776802031)
0(0.0, 0.06891532398979139)
0(0.0, 0.06652161224593733)
0(0.0, 0.0660329973237207)
0(0.0, 0.06533091063006635)
0(0.0, 0.0652202781356368)
0(0.0, 0.06513051686590132)
0(0.0, 0.06430055305608051)
0(0.0, 0.06419962710182048)
0(0.0, 0.06419749389810436)
0(0.0, 0.06362049899792721)
0(0.0, 0.062993174090624)
0(0.0, 0.06293175715488752)
0(0.0, 0.06160967651301685)
0(0.0, 0.06108315430237754)
0(0.0, 0.061080171211640444)
0(0.0, 0.06093877142034443)
0(0.0, 0.060425793132718564)
0(0.0, 0.06039367230344406)
0(0.0, 0.060348303392978364)
0(0.0, 0.0599598971778067)
0(0.0, 0.05959771067917741)
0(0.0, 0.058531288934882575)
0(0.0, 0.058492450359393766)
0(0.0, 0.05826938979818319)
0(0.0, 0.056826654546981215)
0(0.0, 0.056420352204041624)
0(0.0, 0.0563578309348719)
0(0.0, 0.05631055627147552)
0(0.0, 0.055998310371361604)
0(0.0, 0.055500519861597986)
0(0.0, 0.05498866713548256)
0(0.0, 0.05416849599560314)
0(0.0, 0.05350126510513975)
0(0.0, 0.05337998913428221)
0(0.0, 0.05282606839645709)
0(0.0, 0.05199804686254561)
0(0.0, 0.05123486351707862)
0(0.0, 0.05023884007899926)
0(0.0, 0.049727834665993065)
0(0.0, 0.04878721261364838)
0(0.0, 0.04876572523735634)
0(0.0, 0.04834577617525615)
0(0.0, 0.048124395726586)
0(0.0, 0.04781241979628592)
0(0.0, 0.047300712664151034)
0(0.0, 0.04698300721041726)
0(0.0, 0.04695889551713328)
0(0.0, 0.04673974987776386)
0(0.0, 0.04648688684934299)
0(0.0, 0.04646925431349924)
0(0.0, 0.04572237099436871)
0(0.0, 0.045305494797076906)
0(0.0, 0.045284216407198596)
0(0.0, 0.04524759497195652)
0(0.0, 0.044978153435351054)
0(0.0, 0.04486166146392656)
0(0.0, 0.04433565507795112)
0(0.0, 0.04315219327595854)
0(0.0, 0.043138239411595)
0(0.0, 0.04243905355333821)
0(0.0, 0.03953201824156072)
0(0.0, 0.038581120467320984)
0(0.0, 0.03769059777073014)
0(0.0, 0.03702688147035327)
0(0.0, 0.03647189748993118)
0(0.0, 0.03640591355992184)
0(0.0, 0.036312662130053575)
0(0.0, 0.03554428594500514)
0(0.0, 0.03437384714248359)
0(0.0, 0.03362357585826847)
0(0.0, 0.03314374536777187)
0(0.0, 0.03205417730636284)
0(0.0, 0.031147873608520005)
0(0.0, 0.03101601010053845)
0(0.0, 0.030923037007647314)
0(0.0, 0.030805306574039015)
0(0.0, 0.03043658065916499)
0(0.0, 0.029994514882692558)
0(0.0, 0.029918210118251465)
0(0.0, 0.029702194546474492)
0(0.0, 0.029174780652742816)
0(0.0, 0.029081369948608993)
0(0.0, 0.028558839598817776)
0(0.0, 0.027124873451731868)
0(0.0, 0.02643865694018066)
0(0.0, 0.026307206423796803)
0(0.0, 0.025957877158909737)
0(0.0, 0.025611270250874285)
0(0.0, 0.02559950499869945)
0(0.0, 0.025262414625328966)
0(0.0, 0.02471312730429731)
0(0.0, 0.02470270844137945)
0(0.0, 0.02461834118945161)
0(0.0, 0.024268879075570293)
0(0.0, 0.023967328343933114)
0(0.0, 0.02325412492087675)
0(0.0, 0.023239467430499428)
0(0.0, 0.02322358359095633)
0(0.0, 0.022857605565519634)
0(0.0, 0.022387520839838082)
0(0.0, 0.02225241210250639)
0(0.0, 0.022169464279457207)
0(0.0, 0.022123503785115073)
0(0.0, 0.020918897503083844)
0(0.0, 0.02068276993223861)
0(0.0, 0.02006174896956192)
0(0.0, 0.019972595322986675)
0(0.0, 0.019822865220956998)
0(0.0, 0.019599411659335986)
0(0.0, 0.01943348460915406)
0(0.0, 0.019160984330107267)
0(0.0, 0.019059328357348804)
0(0.0, 0.018992307997227065)
0(0.0, 0.017711991591559006)
0(0.0, 0.017693866737190644)
0(0.0, 0.0169473081518422)
0(0.0, 0.01654235708764984)
0(0.0, 0.016258842589067624)
0(0.0, 0.015670327134200468)
0(0.0, 0.01553948171533015)
0(0.0, 0.015359061502954408)
0(0.0, 0.014966037540300126)
0(0.0, 0.01469586347629237)
0(0.0, 0.014424943422549297)
0(0.0, 0.014365887439673486)
0(0.0, 0.014205517722171601)
0(0.0, 0.014121480235997907)
0(0.0, 0.012632340524126984)
0(0.0, 0.012338063425398782)
0(0.0, 0.012302231095392191)
0(0.0, 0.011976157253144937)
0(0.0, 0.011834540061225196)
0(0.0, 0.011730910494677227)
0(0.0, 0.011511014572079703)
0(0.0, 0.011481472431887463)
0(0.0, 0.011263801622760528)
0(0.0, 0.011200831881535311)
0(0.0, 0.011186775992374609)
0(0.0, 0.011136784602115535)
0(0.0, 0.011039843495384227)
0(0.0, 0.011030852015706971)
0(0.0, 0.011004224047616029)
0(0.0, 0.010934377960725716)
0(0.0, 0.010843040263140868)
0(0.0, 0.010417856586977248)
0(0.0, 0.010394296688776117)
0(0.0, 0.01036870013024227)
0(0.0, 0.010202339128680182)
0(0.0, 0.010047893130310848)
0(0.0, 0.010004425362123537)
0(0.0, 0.009990919939076415)
0(0.0, 0.009913027215287529)
0(0.0, 0.00971932105293205)
0(0.0, 0.009657543346196173)
0(0.0, 0.009512303178476844)
0(0.0, 0.009473037296016673)
0(0.0, 0.009325406031371442)
0(0.0, 0.009280253958034113)
0(0.0, 0.009259353987725705)
0(0.0, 0.009042858024787215)
0(0.0, 0.00900291230134842)
0(0.0, 0.008993440494135863)
0(0.0, 0.00884669352247125)
0(0.0, 0.008824042968959223)
0(0.0, 0.008769820287167995)
0(0.0, 0.008742879498293887)
0(0.0, 0.008717207129213866)
0(0.0, 0.008658487677258297)
0(0.0, 0.008646867740678243)
0(0.0, 0.008530364295719406)
0(0.0, 0.00845593679818335)
0(0.0, 0.008434552115321292)
0(0.0, 0.008344480617630157)
0(0.0, 0.008290838430690894)
0(0.0, 0.008178866340185054)
0(0.0, 0.008137254051569398)
0(0.0, 0.008007909942307712)
0(0.0, 0.00799671011771097)
0(0.0, 0.007822996277888516)
0(0.0, 0.007782399009769514)
0(0.0, 0.007781433091703982)
0(0.0, 0.0077734107540679)
0(0.0, 0.007524194566587705)
0(0.0, 0.007403083700491586)
0(0.0, 0.007375086012709753)
0(0.0, 0.0072927912014053575)
0(0.0, 0.007281314423363439)
0(0.0, 0.007227182420681211)
0(0.0, 0.007219621920853125)
0(0.0, 0.007164851132461347)
0(0.0, 0.007119639026655911)
0(0.0, 0.007103651679419953)
0(0.0, 0.0070528677189312106)
0(0.0, 0.007023049490374023)
0(0.0, 0.006986665088819954)
0(0.0, 0.0069785855035294775)
0(0.0, 0.00695436153737794)
0(0.0, 0.006843954528565566)
0(0.0, 0.006839464824461405)
0(0.0, 0.0068258601579834766)
0(0.0, 0.006813406924284782)
0(0.0, 0.006808178496953254)
0(0.0, 0.006751698142130169)
0(0.0, 0.00672274411944096)
0(0.0, 0.006685990633866545)
0(0.0, 0.006659060995631849)
0(0.0, 0.006608569793199903)
0(0.0, 0.00658320206011076)
0(0.0, 0.006564680495166453)
0(0.0, 0.006549756195968093)
0(0.0, 0.006549539784361902)
0(0.0, 0.006502294460979274)
0(0.0, 0.0064987235501241525)
0(0.0, 0.006470573589095974)
0(0.0, 0.0064422139242881205)
0(0.0, 0.006420198264200483)
0(0.0, 0.006335394261077432)
0(0.0, 0.006322910713931207)
0(0.0, 0.006301904032612549)
0(0.0, 0.006297329474665325)
0(0.0, 0.006282039368836645)
0(0.0, 0.006154546487223911)
0(0.0, 0.00600776725872898)
0(0.0, 0.00586846294906207)
0(0.0, 0.005848099461526202)
0(0.0, 0.005834507694487012)
0(0.0, 0.00581446422245635)
0(0.0, 0.005812007583882561)
0(0.0, 0.00576926917495002)
0(0.0, 0.005729891507444851)
0(0.0, 0.005728921983903734)
0(0.0, 0.005697595283459922)
0(0.0, 0.005414499292583974)
0(0.0, 0.005399053040366919)
0(0.0, 0.005338854530741788)
0(0.0, 0.005328129798765069)
0(0.0, 0.00528712887195637)
0(0.0, 0.005267015954007359)
0(0.0, 0.005233843896654822)
0(0.0, 0.00516864434391906)
0(0.0, 0.0050427134147122965)
0(0.0, 0.004995153212313808)
0(0.0, 0.004915854135740583)
0(0.0, 0.004854943817992119)
0(0.0, 0.004846533124415742)
0(0.0, 0.00480580564173716)
0(0.0, 0.004740944812607895)
0(0.0, 0.004701473967701264)
0(0.0, 0.004596597338053399)
0(0.0, 0.0045754661580849065)
0(0.0, 0.004572421032873586)
0(0.0, 0.004503515109829825)
0(0.0, 0.004491697383869897)
0(0.0, 0.004347713933101849)
0(0.0, 0.00425631121559944)
0(0.0, 0.00418872653888247)
0(0.0, 0.004160545223332424)
0(0.0, 0.004151716635611868)
0(0.0, 0.0041085275247264574)
0(0.0, 0.004066995514109828)
0(0.0, 0.003939012711589807)
0(0.0, 0.003927118442553668)
0(0.0, 0.0038787540566280754)
0(0.0, 0.00387234697049732)
0(0.0, 0.0038493263002000733)
0(0.0, 0.0037180337544869824)
0(0.0, 0.003699095160633825)
0(0.0, 0.0036585992495031805)
0(0.0, 0.003654751773891851)
0(0.0, 0.003615734979934948)
0(0.0, 0.003477873186634506)
0(0.0, 0.003463678359729716)
0(0.0, 0.003399858577602388)
0(0.0, 0.003379924766877318)
0(0.0, 0.0033798420533057705)
0(0.0, 0.003358102396171736)
0(0.0, 0.0033241265691603683)
0(0.0, 0.0032969908144905302)
0(0.0, 0.003228887424384097)
0(0.0, 0.003213049728425288)
0(0.0, 0.003185530271321957)
0(0.0, 0.0031352771778144772)
0(0.0, 0.002922707993456286)
0(0.0, 0.002859775745355342)
