1(0.49224047491383904, 1.0294259888318613)
1(0.18351175082448823, 0.30083434250718033)
1(0.11365553473279044, 0.2225545595377364)
1(0.19801180810532992, 0.26195891781730574)
1(0.08814739220326495, 0.14740528604675818)
1(0.8594679615657677, 0.9167522034758213)
1(0.13433189567427373, 0.18495463823707403)
1(0.11880913716794339, 0.16374360572765112)
1(0.14738552636532432, 0.1894953314708464)
1(0.1606335747656421, 0.20220840355623626)
1(0.1185808821908162, 0.1600613608605258)
1(0.1378359104958421, 0.17444032200552706)
1(0.12538087971677825, 0.15708528706304115)
1(0.08884778098112545, 0.11779628889819826)
1(0.1870980901693997, 0.2154062581409476)
1(0.11317745989912498, 0.1405405956494331)
1(0.07711966239219203, 0.10412615829708449)
1(0.1020623087618664, 0.1280588122392302)
1(0.06160244536542836, 0.08729117170333511)
1(0.11790975084781241, 0.1424844266363473)
1(0.1411784510330465, 0.1654666450345409)
1(0.09898404369516689, 0.12128340349800815)
1(0.11634006013597642, 0.13790765948571593)
1(0.08122827810814859, 0.1026438339785023)
1(0.04991827580760211, 0.06866217320415535)
1(0.05170887908025101, 0.06950878344266165)
1(0.051860927915236, 0.06960293221400249)
1(0.1390133825436315, 0.1562700118927265)
1(0.04580423823479607, 0.06205431776517423)
1(0.09041724016813679, 0.10548974548542889)
1(0.05866643979218933, 0.07356966929081543)
1(0.1284747061492193, 0.14316885102097443)
1(0.1278830842715022, 0.14209433989099662)
1(0.12892960710488055, 0.14246363191493983)
1(0.03820432174750765, 0.051735065014816506)
1(0.8050831627180521, 0.8173900979926155)
1(0.05285143580236373, 0.06423543302268875)
1(0.031868192984279675, 0.043216145823123275)
1(0.02936749757071111, 0.04019895561122888)
1(0.11675143476354233, 0.12750583926120007)
1(0.16871247551872037, 0.17906815743159077)
1(0.06178213368242025, 0.07176204932189145)
1(0.0676602108086577, 0.07747874816705613)
1(0.11085206994890417, 0.12062152949843419)
1(0.037063626331869104, 0.04679082281473612)
1(0.13203464349167393, 0.14160017040641004)
1(0.6053460522667967, 0.6139534654810936)
1(0.20762963240653987, 0.21600852676586635)
1(0.12663811872617858, 0.13489129096378216)
1(0.13018555953776323, 0.1382616725442367)
1(0.03542686171294529, 0.04346721143762411)
1(0.040185299066366365, 0.0467329881537254)
1(0.02457102207006412, 0.030904327969390466)
1(0.07370292675263135, 0.08000801181077244)
1(0.04375837962756535, 0.05003450489318706)
1(0.04982740027116572, 0.05574742246158926)
1(0.041287011525656614, 0.047131592359360375)
1(0.0976509979675525, 0.10319619104045175)
1(0.041426137952775166, 0.04679082281473612)
1(0.12199673904391561, 0.1271547676168462)
1(0.08763672858440907, 0.09272415948459856)
1(0.09754867838830439, 0.10262293004438017)
1(0.12229497966704816, 0.12720598944742645)
1(0.008295858811174561, 0.013186315035087603)
1(0.04677197739041827, 0.05165240355715195)
1(0.1982209203561741, 0.20305612019702124)
1(0.10122386379291481, 0.10603805699355928)
1(0.02813281795851852, 0.0328614054589349)
1(0.03979885420071139, 0.044509917343622196)
1(0.05361404368379852, 0.0581837933989332)
1(0.04934267215115418, 0.053625090934316444)
1(0.024058964635412128, 0.02828108945928942)
1(0.05290601955799523, 0.056837368123565546)
1(0.024210563072864844, 0.027968626928128737)
1(0.03545732738601959, 0.03914945574791384)
1(0.07052290212699752, 0.07411237813229721)
1(0.03912594552355475, 0.0427025531231765)
1(0.026487676216966682, 0.029946512374611434)
1(0.07338664565815389, 0.07672268705882146)
1(0.02842483596335932, 0.03175989932970247)
1(0.03819880271259124, 0.0414906696342785)
1(0.019848336087192164, 0.02309361294153056)
1(0.030240500208082444, 0.03340243289222511)
1(0.03449707149305181, 0.037548823546121546)
1(0.04558589778807243, 0.04861968777890047)
1(0.010753696308076877, 0.013595692123902436)
1(0.01633519949584039, 0.01917111365012114)
1(0.07726860484575482, 0.08010000646553139)
1(0.0188896769064949, 0.02157199475077154)
1(0.032336529230277966, 0.035017323866859074)
1(0.009219260214854197, 0.011863503038188394)
1(0.03305590251957102, 0.035689991870484605)
1(0.01105511346920729, 0.01358970822187211)
1(0.02558597440114385, 0.028061084041068995)
1(0.005868954768963097, 0.00813221157316979)
1(0.017076534202453586, 0.01917440841877538)
1(0.04622915975581787, 0.04819947262475288)
1(0.0889538982302085, 0.09089043163386978)
1(0.13894504008748632, 0.14085614154626047)
1(0.05496003217279333, 0.056870705954398026)
1(0.07360040042527694, 0.07541692481708073)
1(0.011250405476719516, 0.012915502285379299)
1(0.015123607124381433, 0.016785444342246714)
1(0.008057494364113515, 0.00971616630418759)
1(0.0572284411552596, 0.058687679676988846)
1(0.006100637325675451, 0.007508518691302202)
1(0.06029574875962007, 0.0616966348931397)
1(0.00669480994502436, 0.008049032869037354)
1(0.005407710916610964, 0.006742778606215416)
1(0.049388929475928656, 0.05061665647850755)
1(0.0077753099808630655, 0.008991471338851587)
1(0.0035737802995166046, 0.004749364052176408)
1(0.0909994306465075, 0.09209975517045754)
1(0.0359807008517099, 0.03707175104506322)
1(0.045255239923762014, 0.04633651253956961)
1(0.04776720032254944, 0.04883181499620182)
1(0.025199554811932257, 0.026246540037846433)
1(0.01219808364478181, 0.013202622856441693)
1(0.05697749289943432, 0.057955422893206654)
1(0.005984609390848661, 0.006961279896236738)
1(0.024751813255183053, 0.025585090236978747)
1(0.00611659666487796, 0.006941431523819985)
1(0.007475355501162295, 0.00825877809523079)
1(0.009649531883630269, 0.010356269102457905)
1(0.0038052932324301736, 0.004416659827226721)
1(0.027991023322278874, 0.02858995632944339)
1(0.007060548802594879, 0.007646965017795049)
1(0.003083458216406987, 0.0036428294962228547)
1(0.0031569630233416746, 0.0037135188217287673)
1(0.002754228639541889, 0.0032922814041793647)
1(0.004531155531565356, 0.005039904789715055)
1(0.03299036001603095, 0.03349713486241013)
1(0.13215205148727016, 0.13262346775072087)
1(0.047571583610145574, 0.048022679137559754)
1(0.001642660886004732, 0.0020640623408054726)
1(0.016184130784817286, 0.016598870138447408)
1(0.04709599057489844, 0.047491007158435794)
1(0.007847162678418229, 0.008228517540061042)
1(0.03275654756377355, 0.03312493049469867)
1(0.004608921886089523, 0.004949650492314439)
1(0.0032003903706769865, 0.0035305541613256386)
1(0.04682401591127594, 0.04714150295751085)
1(0.0050344006987066425, 0.005349945386245447)
1(0.03791750533163718, 0.03822470702055414)
1(0.008823637327383116, 0.009122035875433698)
1(0.0054032737601033, 0.005689095084650875)
1(0.00643696035754282, 0.006697559451480872)
1(0.004468720856889985, 0.0047255803058378065)
1(0.005485913487751737, 0.005733401650893866)
1(0.01089192679040174, 0.011136044917717358)
1(0.00631997960389119, 0.006559753494282283)
1(0.004117500900961746, 0.004351314146908258)
1(0.09172107788696626, 0.09194367591373387)
1(0.044856819291100636, 0.04505373828202097)
1(0.039958567095655595, 0.04014081921956536)
1(0.0017958561427875441, 0.001976737627274572)
1(0.021799207596960968, 0.021972893624900625)
1(0.006268873296520261, 0.006438764433104094)
1(0.00679625986240473, 0.006961279896236738)
1(0.00658329434369076, 0.006742778606215416)
1(0.00560846290841821, 0.005767254396117916)
1(0.003271889149609075, 0.0034106853017947802)
1(0.008754775215907729, 0.008878540460871442)
1(0.031778617900077744, 0.03189403762575227)
1(0.004063617765400096, 0.00417042124956879)
1(0.022986953572774915, 0.02309361294153056)
1(0.0032529267788062866, 0.0033407712625445063)
1(0.04797990990721257, 0.04805758277358252)
1(0.006990081951960603, 0.0070247396501179615)
1(0.03011285706300859, 0.030136441120681257)
1(0.0046500936770724755, 0.004671486432220928)
1(0.003383759928988206, 0.003403409724887285)
0(0.0, inf)
0(0.0, 0.5339161536559462)
0(0.0, 0.48603547978397466)
0(0.0, 0.46443365539622317)
0(0.0, 0.23376343032302005)
0(0.0, 0.19463269431928154)
0(0.0, 0.19124715371677814)
0(0.0, 0.17400740588202146)
0(0.0, 0.16885786355487042)
0(0.0, 0.15641686581131242)
0(0.0, 0.14960770159184933)
0(0.0, 0.13882771265969918)
0(0.0, 0.13039718052368354)
0(0.0, 0.1283330692600504)
0(0.0, 0.12696512836095764)
0(0.0, 0.12607019609732018)
0(0.0, 0.12228149727616744)
0(0.0, 0.11767923890490606)
0(0.0, 0.11603048412635908)
0(0.0, 0.11600222958124606)
0(0.0, 0.11464659945413935)
0(0.0, 0.11129232339321704)
0(0.0, 0.11086056982860037)
0(0.0, 0.1101653322556263)
0(0.0, 0.10912712797768764)
0(0.0, 0.1081911552018906)
0(0.0, 0.10656596694231135)
0(0.0, 0.10576782422409736)
0(0.0, 0.1047804015314937)
0(0.0, 0.10477843265780895)
0(0.0, 0.10438471831397589)
0(0.0, 0.10426606624625379)
0(0.0, 0.10296027832341326)
0(0.0, 0.10167858762646931)
0(0.0, 0.09862442787221304)
0(0.0, 0.09728958029603862)
0(0.0, 0.09722697173595829)
0(0.0, 0.09697743297389816)
0(0.0, 0.09696797415325575)
0(0.0, 0.09654307962863407)
0(0.0, 0.09469262624981933)
0(0.0, 0.09297109988101737)
0(0.0, 0.09184124495781676)
0(0.0, 0.09033811489405008)
0(0.0, 0.09030186864833878)
0(0.0, 0.089243449124501)
0(0.0, 0.08854031125912099)
0(0.0, 0.0879982732208312)
0(0.0, 0.08673080796584753)
0(0.0, 0.08546979798787091)
0(0.0, 0.08348668885645116)
0(0.0, 0.08328379938922581)
0(0.0, 0.08280031937903343)
0(0.0, 0.08265093727551631)
0(0.0, 0.081769015174329)
0(0.0, 0.0816323912539314)
0(0.0, 0.08133360940215106)
0(0.0, 0.08015535936824092)
0(0.0, 0.07817741484788376)
0(0.0, 0.0780611900887137)
0(0.0, 0.07732382824087103)
0(0.0, 0.07705321065045478)
0(0.0, 0.07643616465621794)
0(0.0, 0.07608904945280504)
0(0.0, 0.07599960551645724)
0(0.0, 0.07593531401434883)
0(0.0, 0.0759169726325003)
0(0.0, 0.07559591981912062)
0(0.0, 0.07491981574476714)
0(0.0, 0.07430914666568333)
0(0.0, 0.07424487192201856)
0(0.0, 0.07407856531467305)
0(0.0, 0.07344277566787916)
0(0.0, 0.07283677364110863)
0(0.0, 0.07226914213553681)
0(0.0, 0.07181463568320079)
0(0.0, 0.07091395036403259)
0(0.0, 0.07083026087072886)
0(0.0, 0.06973172876512435)
0(0.0, 0.0695934133150462)
0(0.0, 0.06948853970742863)
0(0.0, 0.06893323927337136)
0(0.0, 0.06876511279608066)
0(0.0, 0.06857429504798629)
0(0.0, 0.06763559276176612)
0(0.0, 0.06563545051404707)
0(0.0, 0.06534652091262316)
0(0.0, 0.06488318784702085)
0(0.0, 0.06450252128483369)
0(0.0, 0.06432860935174567)
0(0.0, 0.06344338959324214)
0(0.0, 0.06251775368665624)
0(0.0, 0.062145658286127836)
0(0.0, 0.06031980837726747)
0(0.0, 0.05885780427354004)
0(0.0, 0.0579599408208461)
0(0.0, 0.057196859574511705)
0(0.0, 0.05639711610949594)
0(0.0, 0.05605475443161945)
0(0.0, 0.05450853465769323)
0(0.0, 0.05295782254997394)
0(0.0, 0.05270852106234625)
0(0.0, 0.05233631622360957)
0(0.0, 0.051866127492237624)
0(0.0, 0.05171223093095112)
0(0.0, 0.05157968947843539)
0(0.0, 0.05102218607579723)
0(0.0, 0.05085923936182324)
0(0.0, 0.050643601983387576)
0(0.0, 0.05040725291763881)
0(0.0, 0.05037216772856101)
0(0.0, 0.049468989564294796)
0(0.0, 0.04936385977648772)
0(0.0, 0.04842369715746242)
0(0.0, 0.0482421965985701)
0(0.0, 0.046950268910064485)
0(0.0, 0.04656102604893486)
0(0.0, 0.0465390650195292)
0(0.0, 0.04648858839458969)
0(0.0, 0.04548920203448659)
0(0.0, 0.04499723824575541)
0(0.0, 0.04481910395730926)
0(0.0, 0.044695711155811835)
0(0.0, 0.04406622852525044)
0(0.0, 0.043628824897503415)
0(0.0, 0.04331413325219402)
0(0.0, 0.04137267223983809)
0(0.0, 0.041221551451360416)
0(0.0, 0.04109031399637342)
0(0.0, 0.04044275352761062)
0(0.0, 0.04029482488826697)
0(0.0, 0.03998028031040035)
0(0.0, 0.03978336888102907)
0(0.0, 0.03964434991596777)
0(0.0, 0.039599093937093044)
0(0.0, 0.039386186893371145)
0(0.0, 0.039229148304783634)
0(0.0, 0.03903868320359449)
0(0.0, 0.038715602668967675)
0(0.0, 0.03829478499420558)
0(0.0, 0.03827501932952604)
0(0.0, 0.03817405264955187)
0(0.0, 0.03712927169107516)
0(0.0, 0.03707431742211964)
0(0.0, 0.036717195349208365)
0(0.0, 0.036240134068816654)
0(0.0, 0.036016673123977605)
0(0.0, 0.03511106928562591)
0(0.0, 0.034824170324254555)
0(0.0, 0.034820072574845096)
0(0.0, 0.034814013079722095)
0(0.0, 0.03445640804804295)
0(0.0, 0.03437781040029286)
0(0.0, 0.03419641527009609)
0(0.0, 0.034025819195865004)
0(0.0, 0.03388239349781608)
0(0.0, 0.0335861578335529)
0(0.0, 0.03347883758139303)
0(0.0, 0.033276941428526774)
0(0.0, 0.03324382101380763)
0(0.0, 0.03320118290799268)
0(0.0, 0.03258906650020976)
0(0.0, 0.032219113829524915)
0(0.0, 0.03209317542974388)
0(0.0, 0.03164917222703667)
0(0.0, 0.03159096184049448)
0(0.0, 0.031467659760955335)
0(0.0, 0.03124706147639711)
0(0.0, 0.0310675204885843)
0(0.0, 0.03066027421873163)
0(0.0, 0.03034588518467496)
0(0.0, 0.03019623444248498)
0(0.0, 0.0301838018863968)
0(0.0, 0.030124489287645217)
0(0.0, 0.029918542166083473)
0(0.0, 0.02943106456044664)
0(0.0, 0.029377918254381075)
0(0.0, 0.02892255653020559)
0(0.0, 0.028837601770577925)
0(0.0, 0.02845576307032971)
0(0.0, 0.02829315239337138)
0(0.0, 0.02825294052516114)
0(0.0, 0.028221408577421392)
0(0.0, 0.028032000781017752)
0(0.0, 0.027622850381183173)
0(0.0, 0.02748566225215776)
0(0.0, 0.027253281588747735)
0(0.0, 0.02652802661886644)
0(0.0, 0.02624130421226245)
0(0.0, 0.026179611559644878)
0(0.0, 0.02606581382175377)
0(0.0, 0.0260059447441382)
0(0.0, 0.02575691706204153)
0(0.0, 0.025753665419448346)
0(0.0, 0.02546811226492174)
0(0.0, 0.025405149827213647)
0(0.0, 0.02513921038224809)
0(0.0, 0.0250323152855374)
0(0.0, 0.024705655584936093)
0(0.0, 0.02448983635352653)
0(0.0, 0.023994376503229886)
0(0.0, 0.023930576335737808)
0(0.0, 0.023862678441710083)
0(0.0, 0.023545518958244416)
0(0.0, 0.023358464827256675)
0(0.0, 0.023347574438100094)
0(0.0, 0.02327158216511982)
0(0.0, 0.023245952174543394)
0(0.0, 0.022873293417806084)
0(0.0, 0.022750255405160402)
0(0.0, 0.022567206526398542)
0(0.0, 0.02231033777880964)
0(0.0, 0.022211304413649602)
0(0.0, 0.02216966729459635)
0(0.0, 0.022158716591008765)
0(0.0, 0.021860601556981996)
0(0.0, 0.021828072335217885)
0(0.0, 0.021735604829507094)
0(0.0, 0.021572148845771077)
0(0.0, 0.021529170453443602)
0(0.0, 0.02129824601500474)
0(0.0, 0.021234222465532304)
0(0.0, 0.021212097103653238)
0(0.0, 0.021087418487637177)
0(0.0, 0.021029447735494533)
0(0.0, 0.020762637624559988)
0(0.0, 0.020656197701874768)
0(0.0, 0.020469357085339923)
0(0.0, 0.020429395091910663)
0(0.0, 0.0202929375716997)
0(0.0, 0.02022161987240556)
0(0.0, 0.020200569380884326)
0(0.0, 0.02011715513462886)
0(0.0, 0.019942482770435088)
0(0.0, 0.01974548833834966)
0(0.0, 0.019633824900328722)
0(0.0, 0.01954559801813338)
0(0.0, 0.019495262768262744)
0(0.0, 0.019378918956339253)
0(0.0, 0.019325801114274288)
0(0.0, 0.019176141054776163)
0(0.0, 0.018859973267868924)
0(0.0, 0.018650984464913978)
0(0.0, 0.0185058788938538)
0(0.0, 0.01843992893164148)
0(0.0, 0.01833928480078817)
0(0.0, 0.01816705179917011)
0(0.0, 0.018109645641894545)
0(0.0, 0.017832102459955146)
0(0.0, 0.01782246883267835)
0(0.0, 0.017428266313232355)
0(0.0, 0.017390845356876072)
0(0.0, 0.017100266782644424)
0(0.0, 0.0167527469048373)
0(0.0, 0.016749741280560837)
0(0.0, 0.016539347663172554)
0(0.0, 0.016489167419007966)
0(0.0, 0.016258088122035996)
0(0.0, 0.015964850557192545)
0(0.0, 0.015944064999757868)
0(0.0, 0.0155824792552961)
0(0.0, 0.01501576245101166)
0(0.0, 0.0148752877487206)
0(0.0, 0.014589091872893034)
0(0.0, 0.013793645687021572)
0(0.0, 0.01374337937777348)
0(0.0, 0.013702584773051307)
0(0.0, 0.013484350443143667)
0(0.0, 0.013336139631944688)
0(0.0, 0.013203723169901371)
0(0.0, 0.013116885079192064)
0(0.0, 0.012928590335204215)
0(0.0, 0.012853169341339732)
0(0.0, 0.01280035817857983)
0(0.0, 0.012706688808609923)
0(0.0, 0.012652259631761975)
0(0.0, 0.012526390817075295)
0(0.0, 0.01213365897327201)
0(0.0, 0.012068279037623864)
0(0.0, 0.011848888168726868)
0(0.0, 0.01180894138195765)
0(0.0, 0.01171795091452521)
0(0.0, 0.011618141247831781)
0(0.0, 0.011224578858817669)
0(0.0, 0.011169640420565341)
0(0.0, 0.011069714294458466)
0(0.0, 0.011062152246093415)
0(0.0, 0.010849577323386539)
0(0.0, 0.010838967515303999)
0(0.0, 0.010627662266956883)
0(0.0, 0.0105364264289185)
0(0.0, 0.010518928625776525)
0(0.0, 0.01046976098661867)
0(0.0, 0.01044063909131887)
0(0.0, 0.010396210778548798)
0(0.0, 0.010183988952581546)
0(0.0, 0.009791032108572906)
0(0.0, 0.009759756379442264)
0(0.0, 0.009653721480575417)
0(0.0, 0.009638523677507171)
0(0.0, 0.009089609185366054)
0(0.0, 0.009077144901533107)
0(0.0, 0.00898905254141058)
0(0.0, 0.008800945613665956)
0(0.0, 0.008142858028091893)
0(0.0, 0.007911546977766193)
0(0.0, 0.007674438051448629)
0(0.0, 0.007640554662301069)
0(0.0, 0.007554951375167485)
0(0.0, 0.007515791224420698)
0(0.0, 0.0074598454693610705)
0(0.0, 0.007387765590615936)
0(0.0, 0.007360744392791996)
0(0.0, 0.007321251041560117)
0(0.0, 0.007286861434232628)
0(0.0, 0.007278796587666503)
0(0.0, 0.007247679044116717)
0(0.0, 0.007222280334721831)
0(0.0, 0.00717513851027507)
0(0.0, 0.007104654501747798)
0(0.0, 0.007090331352029966)
0(0.0, 0.007051147736808039)
0(0.0, 0.007027161608671562)
0(0.0, 0.0069277144386802325)
0(0.0, 0.006779308433973341)
0(0.0, 0.00676643410410116)
0(0.0, 0.006655628899875143)
0(0.0, 0.00661829157594529)
0(0.0, 0.006504231522263648)
0(0.0, 0.006495446846883857)
0(0.0, 0.0064636463060709914)
0(0.0, 0.006420843476790061)
0(0.0, 0.0062567673638841415)
0(0.0, 0.006181590295081918)
0(0.0, 0.00614386195438954)
0(0.0, 0.0060826316055574425)
0(0.0, 0.006081365676513184)
0(0.0, 0.005974034625017111)
0(0.0, 0.005927910309952766)
0(0.0, 0.005860332917360989)
0(0.0, 0.005842643752465793)
0(0.0, 0.005808493628191802)
0(0.0, 0.005712714877044389)
0(0.0, 0.005675672502324702)
0(0.0, 0.005652268106492775)
0(0.0, 0.005611309983562407)
0(0.0, 0.005604743786049027)
0(0.0, 0.005537492997745752)
0(0.0, 0.005537309577746785)
0(0.0, 0.005456503001522228)
0(0.0, 0.005407648543552801)
0(0.0, 0.005385332320807734)
0(0.0, 0.005314608639406249)
0(0.0, 0.005280250466920711)
0(0.0, 0.005249408862915139)
0(0.0, 0.005220981608810571)
0(0.0, 0.005204528522870233)
0(0.0, 0.005199650350568019)
0(0.0, 0.005114114607527309)
0(0.0, 0.0050959013776670226)
0(0.0, 0.005001985560698086)
0(0.0, 0.004922386423699798)
0(0.0, 0.00460167250220167)
0(0.0, 0.004592438249091613)
0(0.0, 0.0045130589340312)
0(0.0, 0.004410693354313877)
0(0.0, 0.004346733419159476)
0(0.0, 0.0043404851701037694)
0(0.0, 0.0043393674116988246)
0(0.0, 0.004279867709277907)
0(0.0, 0.004268950395288629)
0(0.0, 0.004243991235397315)
0(0.0, 0.0042437902340568545)
0(0.0, 0.0040923160110323265)
0(0.0, 0.004068924764283444)
0(0.0, 0.004041610218992742)
0(0.0, 0.003996451866393191)
0(0.0, 0.003921895959602906)
0(0.0, 0.003920952021558732)
0(0.0, 0.003897531473919136)
0(0.0, 0.0038588689263081566)
0(0.0, 0.003854168367722899)
0(0.0, 0.0035969743588608605)
0(0.0, 0.0035445201616405297)
0(0.0, 0.003517191463033975)
0(0.0, 0.00351232036006377)
0(0.0, 0.003447003954064165)
0(0.0, 0.003387089253136688)
0(0.0, 0.0033422948472048297)
0(0.0, 0.0033175213343829)
0(0.0, 0.003307650350148128)
0(0.0, 0.0032674401650168994)
0(0.0, 0.003250034140487301)
0(0.0, 0.003243644343538188)
0(0.0, 0.0032375856719880636)
0(0.0, 0.0031299475548353106)
0(0.0, 0.0030550240071998136)
0(0.0, 0.00300815116861497)
0(0.0, 0.002959296727980676)
0(0.0, 0.002928340837798249)
0(0.0, 0.0028860125870472375)
0(0.0, 0.00282314784769222)
0(0.0, 0.002794293321419561)
0(0.0, 0.002744169635135907)
0(0.0, 0.0027281081160025478)
0(0.0, 0.002715015663038778)
0(0.0, 0.0026689501233519985)
0(0.0, 0.0026204031818343188)
0(0.0, 0.00259643639199314)
0(0.0, 0.002539082922736857)
0(0.0, 0.0024901410872558705)
0(0.0, 0.002485508332769948)
0(0.0, 0.0024342234560914555)
0(0.0, 0.00229416051645992)
0(0.0, 0.0022934621258535737)
0(0.0, 0.002164320293935651)
0(0.0, 0.0021400059391646353)
0(0.0, 0.002130196704928644)
0(0.0, 0.0020784223558971693)
0(0.0, 0.002025398156565994)
0(0.0, 0.0019283561626814993)
0(0.0, 0.0019016858078345633)
0(0.0, 0.0018116925817619478)
0(0.0, 0.0017712914697822768)
0(0.0, 0.001710639557943261)
0(0.0, 0.001661802801367962)
0(0.0, 0.0016558379780894361)
0(0.0, 0.0016073807807250873)
0(0.0, 0.0016006797868747258)
0(0.0, 0.001595650783798419)
0(0.0, 0.001586537281895839)
0(0.0, 0.0015153904309150867)
