1(0.517198329584052, 0.5699985882928108)
1(0.4878150724612418, 0.5342104393345307)
1(0.523040839552242, 0.5690358898037767)
1(0.6626002759711701, 0.7029370299581703)
1(0.814494493964752, 0.8532266791012422)
1(0.4531141013847099, 0.4900404612989941)
1(0.8223391670737715, 0.8527665133309612)
1(0.6450280347239435, 0.6698383237298665)
1(0.5275554118189619, 0.5456780195764218)
1(0.19761036350447023, 0.214500382194896)
1(0.17072058921021932, 0.18159837567400214)
1(0.4392995091610446, 0.44668743038098346)
1(0.20203616162558438, 0.205052517605616)
1(0.6178312355217884, 0.6205851255914192)
1(0.20848595075055562, 0.21038707768793655)
1(0.1777848527344586, 0.17930967778812137)
1(0.5352104252097979, 0.5367317659690032)
1(0.20423375868622265, 0.205052517605616)
1(0.4549926507479466, 0.45527752799687465)
0(0.0, inf)
0(0.0, 1.1288693846589477)
0(0.0, 1.0970776970375455)
0(0.0, 0.7945260185700859)
0(0.0, 0.7391261492850171)
0(0.0, 0.7233699371706057)
0(0.0, 0.6446050776580079)
0(0.0, 0.6157011953549895)
0(0.0, 0.6088947664467621)
0(0.0, 0.5869618998969318)
0(0.0, 0.5807276037482756)
0(0.0, 0.5550472000106482)
0(0.0, 0.54475031547341)
0(0.0, 0.5361020049049694)
0(0.0, 0.5308545588540373)
0(0.0, 0.5301997513262335)
0(0.0, 0.5248677029160059)
0(0.0, 0.5197551357701787)
0(0.0, 0.5162586416390692)
0(0.0, 0.48884557447796767)
0(0.0, 0.48598530903207676)
0(0.0, 0.47592596202448495)
0(0.0, 0.47565994243836396)
0(0.0, 0.4600962111785903)
0(0.0, 0.45017170412642865)
0(0.0, 0.44234766390272384)
0(0.0, 0.4420902510525061)
0(0.0, 0.43603849920572807)
0(0.0, 0.4357125036870224)
0(0.0, 0.4337369317349671)
0(0.0, 0.431376872463521)
0(0.0, 0.42770970938607034)
0(0.0, 0.4068592437582144)
0(0.0, 0.40016521169718927)
0(0.0, 0.38991642106341684)
0(0.0, 0.37182227305016086)
0(0.0, 0.3684987716844093)
0(0.0, 0.3497632888036008)
0(0.0, 0.3437726654028877)
0(0.0, 0.33469745943034357)
0(0.0, 0.32325668761161247)
0(0.0, 0.3216748279196084)
0(0.0, 0.3206563044928012)
0(0.0, 0.3199160985636155)
0(0.0, 0.3185923965202419)
0(0.0, 0.3103166116934682)
0(0.0, 0.3051511802943311)
0(0.0, 0.3034015399815613)
0(0.0, 0.29419914070018344)
0(0.0, 0.29416657446955374)
0(0.0, 0.2914976612548464)
0(0.0, 0.2912004987075345)
0(0.0, 0.29077143782942616)
0(0.0, 0.2888593314479224)
0(0.0, 0.28872913671177075)
0(0.0, 0.28152850611375146)
0(0.0, 0.28102148174607583)
0(0.0, 0.27137624061151205)
0(0.0, 0.27134372619003416)
0(0.0, 0.2690355886956259)
0(0.0, 0.2683441222515656)
0(0.0, 0.26826186196199303)
0(0.0, 0.26731929938977816)
0(0.0, 0.2616952470878111)
0(0.0, 0.26110914089197834)
0(0.0, 0.26004063167193514)
0(0.0, 0.2575050095762769)
0(0.0, 0.2566468404097897)
0(0.0, 0.2516293243565809)
0(0.0, 0.2482133508844102)
0(0.0, 0.24357065980778136)
0(0.0, 0.24201621273218019)
0(0.0, 0.23470085174643218)
0(0.0, 0.2345519678827831)
0(0.0, 0.2330528662255443)
0(0.0, 0.2324355939971271)
0(0.0, 0.23171809618249045)
0(0.0, 0.22741553004288576)
0(0.0, 0.22466406618415136)
0(0.0, 0.2220046887958928)
0(0.0, 0.21350163696210053)
0(0.0, 0.20484455306050248)
0(0.0, 0.20401469517263238)
0(0.0, 0.20367404307940168)
0(0.0, 0.203411919415052)
0(0.0, 0.19798760447993957)
0(0.0, 0.1969733379534215)
0(0.0, 0.1951354968487395)
0(0.0, 0.19422822856263872)
0(0.0, 0.19225960386263866)
0(0.0, 0.19060543964152907)
0(0.0, 0.19037645224177654)
0(0.0, 0.18780158989181703)
0(0.0, 0.18735341128177946)
0(0.0, 0.18669883946150007)
0(0.0, 0.1861594640318163)
0(0.0, 0.18186081077380037)
0(0.0, 0.18180583860804514)
0(0.0, 0.17897514259732233)
0(0.0, 0.17882735533357036)
0(0.0, 0.17789958380299506)
0(0.0, 0.17692057801751762)
0(0.0, 0.1746977579494553)
0(0.0, 0.1743484682281776)
0(0.0, 0.17381109179228235)
0(0.0, 0.17198676901857177)
0(0.0, 0.17148776072727576)
0(0.0, 0.1700093692475168)
0(0.0, 0.16937194555196233)
0(0.0, 0.16928005576867872)
0(0.0, 0.16652342249800334)
0(0.0, 0.16525832184092837)
0(0.0, 0.164346196783245)
0(0.0, 0.16433660745656203)
0(0.0, 0.16372265845875456)
0(0.0, 0.16207445062527273)
0(0.0, 0.16192233676401113)
0(0.0, 0.16167932911949523)
0(0.0, 0.16072467275896563)
0(0.0, 0.1604477173735741)
0(0.0, 0.1602838418635123)
0(0.0, 0.1588476111455468)
0(0.0, 0.15590637763393228)
0(0.0, 0.15590379474807423)
0(0.0, 0.15486441700906392)
0(0.0, 0.15439934502768934)
0(0.0, 0.15386727591742913)
0(0.0, 0.15372739819374154)
0(0.0, 0.1504757420789803)
0(0.0, 0.14871924073779766)
0(0.0, 0.14659562631837184)
0(0.0, 0.14523242549412368)
0(0.0, 0.14396124722788448)
0(0.0, 0.13995798239828025)
0(0.0, 0.13341916304874338)
0(0.0, 0.1333012210148238)
0(0.0, 0.12836670925974203)
0(0.0, 0.12681182728006696)
0(0.0, 0.09206729420874032)
0(0.0, 0.09118808044232417)
0(0.0, 0.05609730692424721)
0(0.0, 0.045176455614258204)
0(0.0, 0.025134531049309298)
0(0.0, 0.01677851370025132)
