1(0.17499631655743378, 0.20283029432493546)
1(0.12016428390717107, 0.13986410599378404)
1(0.09897304776124224, 0.11780399203089427)
1(0.10761923217140566, 0.12578465702334005)
1(0.12226599015380064, 0.13851258562066937)
1(0.11256101574263976, 0.12873404403757677)
1(0.12079941749479524, 0.13688918098619254)
1(0.16213097776304292, 0.1772609849626482)
1(0.12418876316387104, 0.13922210471758473)
1(0.12034741247494166, 0.1352735067377168)
1(0.0997762617594211, 0.11447504804074597)
1(0.14578553898315866, 0.16025259886556445)
1(0.10235706364023865, 0.11654150185984871)
1(0.11657936357326713, 0.1303681590451665)
1(0.10143149683823428, 0.11507753963215353)
1(0.1336452958978751, 0.14725554253995102)
1(0.14738373651002468, 0.16096997128211138)
1(0.12477531892776374, 0.13828372056610838)
1(0.10185489779829002, 0.11527293080323149)
1(0.12957190560235463, 0.14290229210126018)
1(0.12563056249666563, 0.1386334519512239)
1(0.1355856241638712, 0.14857951364084424)
1(0.13097345752127032, 0.143759352539592)
1(0.12309281184473633, 0.135665506988173)
1(0.13052676231016333, 0.14287226066735037)
1(0.10128873185542575, 0.11340659578849556)
1(0.17895568686946944, 0.19100235115447203)
1(0.1098717325383479, 0.12187685030022855)
1(0.10301139777960407, 0.11500281667474767)
1(0.12687362619084144, 0.1388204766182834)
1(0.12170401504630747, 0.13349822048378815)
1(0.10386264047091238, 0.1156531119923517)
1(0.09941014538620806, 0.11112715522898019)
1(0.15384838903679088, 0.16552848216380153)
1(0.11747299260925372, 0.12913051715654408)
1(0.11770719677021965, 0.12918501175574684)
1(0.10430351692660236, 0.1157500151074751)
1(0.10205751176793568, 0.11345444447417065)
1(0.10266247479419943, 0.11403406612249446)
1(0.13164835638224762, 0.14282286587597345)
1(0.12483739919790875, 0.1359423263245062)
1(0.11237691298237369, 0.12342282975393311)
1(0.11600486347841572, 0.12699155307272514)
1(0.12705626615465487, 0.13799840692532428)
1(0.1282162779163525, 0.13912295597868257)
1(0.12985975153853008, 0.1407455739512441)
1(0.12729280932184311, 0.13796604079713368)
1(0.1134242608314613, 0.12404654332368822)
1(0.1111341431097646, 0.12172157177130087)
1(0.12172389685592423, 0.13217349478596738)
1(0.10272495099042574, 0.11316053263451085)
1(0.11688734055691942, 0.12731344019933616)
1(0.10432241081873422, 0.11454306166734073)
1(0.12136696282972946, 0.13138669201719222)
1(0.1377282222031691, 0.14772911126876592)
1(0.121772604792703, 0.13168685234771593)
1(0.16130217375069195, 0.17120531991007953)
1(0.14276637768031394, 0.15237463108199642)
1(0.14120638096674282, 0.15081199616896115)
1(0.14831457432801246, 0.15790622686637273)
1(0.11669327676509919, 0.12624951522303815)
1(0.11313623443884456, 0.12267333982215263)
1(0.18547764715832732, 0.19500774865451903)
1(0.11396590522894119, 0.1234838497056834)
1(0.10232994684541763, 0.11180699613628163)
1(0.12099589327838099, 0.13041829884539816)
1(0.12147796945380511, 0.13089367505256136)
1(0.1214773371272986, 0.13081110412450736)
1(0.2341169359682623, 0.2434399197901732)
1(0.23416135042647565, 0.24337163439173545)
1(0.10987387045258863, 0.11900823995390312)
1(0.10677101470582638, 0.11587703295112467)
1(0.12392747110002089, 0.13298189135624805)
1(0.11783783891112813, 0.12676041946315972)
1(0.12710976987094852, 0.13602428033149275)
1(0.11123376593537541, 0.12004881408270165)
1(0.13110715191781044, 0.13985038806205435)
1(0.1199248794550432, 0.12855304925337815)
1(0.10842579787787271, 0.11704875640555615)
1(0.1342614222434235, 0.14283582528675104)
1(0.12540713122673708, 0.1339631255883444)
1(0.1039857575852667, 0.11252518506448606)
1(0.12035820460075004, 0.1288191023632074)
1(0.11812733235756184, 0.12657251964009666)
1(0.1217744835992884, 0.13017691894762964)
1(0.21061374133950245, 0.21901603119903118)
1(0.1245165188315713, 0.13288339041750832)
1(0.12301578157956933, 0.13133780823326524)
1(0.10348608036738956, 0.11166569992179765)
1(0.12513031607527245, 0.1331959494588958)
1(0.12391797505498423, 0.13197198702923454)
1(0.10581744303119194, 0.11383728851032324)
1(0.10833738156631458, 0.11634136694086807)
1(0.11721842272170763, 0.12517707797054342)
1(0.11290816753876987, 0.12086064988814221)
1(0.11562539751083933, 0.12354184446728729)
1(0.11797738399440182, 0.12569648317601526)
1(0.09672066709883696, 0.1044060538226823)
1(0.11628452557001062, 0.1239455328121136)
1(0.13335217196556157, 0.14095299372076103)
1(0.1502451675734914, 0.15779773281704454)
1(0.10671511008846672, 0.11424328726514267)
1(0.1075138990284663, 0.11503251382443552)
1(0.1084562700652409, 0.11592711480965275)
1(0.12336877196182701, 0.13080340365674087)
1(0.10370737524671622, 0.11108305898217255)
1(0.13292147365920462, 0.14011418260557526)
1(0.18399923795974116, 0.19117594030938562)
1(0.1222856150049417, 0.12943185089754702)
1(0.11834551315039862, 0.12546566993159425)
1(0.1263723229061365, 0.13344877538234254)
1(0.13932220352905075, 0.14632244312100473)
1(0.13728121854331848, 0.1442175742258152)
1(0.14279281729645302, 0.14972228992687034)
1(0.12197149575838323, 0.12888991677836265)
1(0.10466311741102104, 0.11154404086148477)
1(0.11015483342165323, 0.1169981582835842)
1(0.10497898955373472, 0.11175467737080844)
1(0.10487215752249245, 0.11158034246231005)
1(0.13653874915605752, 0.14324080577638273)
1(0.11307627642175819, 0.11973473664513214)
1(0.11792275761424859, 0.12455658206522939)
1(0.16183251340371616, 0.1684214417706529)
1(0.11122399146178613, 0.11774808528947303)
1(0.10394785483609094, 0.11042445059263861)
1(0.11714642212538139, 0.12358384045227576)
1(0.12572017089107282, 0.13214108436259892)
1(0.11945342042268858, 0.12578465702334005)
1(0.10392413763427152, 0.1102541431852754)
1(0.12322624699623161, 0.12939892602580344)
1(0.12232353552676754, 0.12847746542946006)
1(0.11246575545357064, 0.11860681926407712)
1(0.13462564860035672, 0.1407531464612251)
1(0.1305228495333881, 0.13664049321292998)
1(0.13410365754348585, 0.1400484599357881)
1(0.1486946197998478, 0.15460624208337564)
1(0.11953711592061445, 0.12544410422241967)
1(0.11483690527069322, 0.12070297803215953)
1(0.11027995815137756, 0.1161414478152786)
1(0.11043629224163674, 0.11627016108938559)
1(0.22162390618140312, 0.22743414285203795)
1(0.14730442401746122, 0.15307765726491243)
1(0.12205058557875974, 0.12780198956036856)
1(0.12816441526065864, 0.13388214872736698)
1(0.11181232715441146, 0.11751334399657554)
1(0.1224377967286312, 0.1281060689630644)
1(0.1322216922151025, 0.13787412484832878)
1(0.17150085520873573, 0.1771328776501355)
1(0.11366074615591659, 0.11924409787763805)
1(0.1313483862466217, 0.1369094075552842)
1(0.12717074623854674, 0.13272828886473717)
1(0.12445682536838935, 0.12993636164094763)
1(0.12069288143938932, 0.12617180076169027)
1(0.13023311359208356, 0.13571020635282052)
1(0.1259915020350421, 0.13137427963275883)
1(0.11575071286242546, 0.1210876302682863)
1(0.10604171352520286, 0.11135046854664848)
1(0.12809266559585486, 0.13339199428062154)
1(0.13054271487817856, 0.13581173432723637)
1(0.12166794642386418, 0.12693242773357183)
1(0.11024820559114827, 0.11550337567152066)
1(0.1197184603353316, 0.12496996389617769)
1(0.1303976585513071, 0.1356320051171062)
1(0.12724979834117758, 0.13240006361876538)
1(0.13054980971831423, 0.1356338693337061)
1(0.13659563489031806, 0.14164720531218322)
1(0.10841123269533033, 0.11345444447417065)
1(0.1641155115938265, 0.16901321277443782)
1(0.17317555285525732, 0.177954176019511)
1(0.14494252820718653, 0.14968342900106088)
1(0.14712788593504128, 0.15184618923069312)
1(0.1641036156477095, 0.16880898856100293)
1(0.1321910984067925, 0.13686800858746268)
1(0.1359871707916675, 0.14066261267493038)
1(0.15937723163219986, 0.1640075929640119)
1(0.11406361626399328, 0.11866301340525913)
1(0.10930400841906186, 0.11389641765508711)
1(0.17488241513299585, 0.17942557496722983)
1(0.10603062335606248, 0.1105050195275179)
1(0.12413960041942598, 0.12861075780758063)
1(0.1384031116839463, 0.14287226066735037)
1(0.12486765828180069, 0.1292929728211408)
1(0.12590404792706006, 0.13032514793894057)
1(0.12490619610249042, 0.12926481623581645)
1(0.14604231714123134, 0.15039369897782023)
1(0.16512374159049795, 0.16947363152629025)
1(0.14850905680666465, 0.15278071301196489)
1(0.11082054713019988, 0.11509157260746719)
1(0.126387149166961, 0.13065104729731383)
1(0.1263185992246847, 0.1305804178839961)
1(0.10837045594444873, 0.11259286371641192)
1(0.11283793436206081, 0.1169981582835842)
1(0.12500089539827045, 0.12912799837112166)
1(0.1173042905395191, 0.12137134588011547)
1(0.1505927050235798, 0.15463326180103787)
1(0.15474355146841678, 0.15872629984044573)
1(0.13384622364840335, 0.1378273688261955)
1(0.10655477004152111, 0.11049806917709971)
1(0.11508819479719865, 0.11900823995390312)
1(0.12346817541968567, 0.1273249439728112)
1(0.12405376734656802, 0.12785447614705323)
1(0.13223859006969022, 0.13594364367820236)
1(0.11897763728155668, 0.12267748399692323)
1(0.193646135071291, 0.19724048094380783)
1(0.11916745827305965, 0.12272110760841581)
1(0.12758048958690235, 0.13112369675736923)
1(0.11713704778444675, 0.12063797586282826)
1(0.11028838572020641, 0.11377115065743125)
1(0.09473847307600737, 0.09818114234080676)
1(0.12522542794895244, 0.1286444454389159)
1(0.10778079983126397, 0.11111998058287535)
1(0.10819841138541679, 0.11141056407193611)
1(0.13538582913886807, 0.13851330284961294)
1(0.12483841799078874, 0.1279509275912409)
1(0.12670281995166324, 0.1297913908907464)
1(0.1323962756300535, 0.13548437869224214)
1(0.10948097765098631, 0.11256373333294223)
1(0.12310443257476705, 0.12617995593636042)
1(0.12671343193951012, 0.12978862511658992)
1(0.1253188524599972, 0.12835063655424622)
1(0.13772236977938268, 0.1407531464612251)
1(0.12462527617302913, 0.12764817450342014)
1(0.12371695188485225, 0.12670376382646245)
1(0.10883618591902594, 0.11180699613628163)
1(0.1291458419693114, 0.13208362229377413)
1(0.12516430125881364, 0.1280975035185566)
1(0.13041147502891562, 0.13322897028393463)
1(0.10435065853468635, 0.107140978917333)
1(0.1351864593478136, 0.13793464970133706)
1(0.12162651297296653, 0.124317019524052)
1(0.12655721734837658, 0.12922607222722596)
1(0.1151938175184385, 0.11785680009828599)
1(0.1589407005065521, 0.1615318892540274)
1(0.11097239155833084, 0.11353397826659022)
1(0.13666965320954422, 0.13916862616309025)
1(0.12337008499621901, 0.12582154367072268)
1(0.12408357900794059, 0.12653037668687958)
1(0.12807776800478815, 0.13046668422066354)
1(0.106499454996921, 0.10886093993647895)
1(0.11686163554223553, 0.1190829950066573)
1(0.1071735894165276, 0.10938715741390334)
1(0.11279468191649769, 0.11500281667474767)
1(0.10983326765008138, 0.11202603441417937)
1(0.11464926149536607, 0.11682201162415919)
1(0.1015948949144516, 0.1037616453207144)
1(0.10336036492816125, 0.105454310533867)
1(0.114995058822768, 0.11698822845748688)
1(0.13881206418601152, 0.1407531464612251)
1(0.11928118497342013, 0.12121195638164838)
1(0.127368470124337, 0.12927717594017576)
1(0.10930285260409048, 0.11119568250682034)
1(0.10636641448967138, 0.10824672693951304)
1(0.13592940982434676, 0.1377873450506165)
1(0.1290363052370846, 0.1308912048188766)
1(0.12168184022469887, 0.1235081034585873)
1(0.11158088470231751, 0.11340659578849556)
1(0.11312146861690817, 0.11494003713194452)
1(0.13751727691013435, 0.13930002989641213)
1(0.12446528660465575, 0.12621296517476127)
1(0.17952189913647415, 0.18122704153882635)
1(0.10059367462947985, 0.10229865483161477)
1(0.11342387004256714, 0.11512612851367585)
1(0.1085705387590632, 0.11026911159833451)
1(0.09790879288169266, 0.09959836898137807)
1(0.1446615592780277, 0.14631870084326368)
1(0.20890085127955393, 0.2105348378235079)
1(0.13893327459352273, 0.140534975924397)
1(0.1107016805506981, 0.11228671399352412)
1(0.1193528378477689, 0.12089920332525379)
1(0.13040456700089162, 0.13195033657850688)
1(0.10250608953611588, 0.10405158664706213)
1(0.11733687323862423, 0.1188792644092281)
1(0.13391865045346318, 0.1354460543228745)
1(0.10656804441560257, 0.10808274036969512)
1(0.11204354528695402, 0.11352925140215556)
1(0.1337867572235398, 0.1352257886492219)
1(0.134521125848943, 0.13594364367820236)
1(0.13860327916336015, 0.14002447177540225)
1(0.11925747986358949, 0.12061423069231221)
1(0.11929831399824467, 0.12061423069231221)
1(0.1180982162278369, 0.11939275035194423)
1(0.10569752287377521, 0.10697759911668485)
1(0.11763813173016799, 0.11890009166814637)
1(0.1261394637510803, 0.12738550908069943)
1(0.1380001747542599, 0.1392461658752155)
1(0.11558172621000581, 0.11679319349532465)
1(0.20888824606154419, 0.21009000880316844)
1(0.10633790909427555, 0.10747035574964017)
1(0.11753555169385026, 0.11860681926407712)
1(0.13325027627093355, 0.134320736947097)
1(0.15313252917249193, 0.15420021351819035)
1(0.20152980934348477, 0.20256382285689434)
1(0.1182206017941339, 0.11924966103616613)
1(0.12849448054483517, 0.12949413517401254)
1(0.14036291484930571, 0.1413612295225531)
1(0.11234446686804431, 0.1132882798051538)
1(0.11660673960517802, 0.11753080093783834)
1(0.13807351034835852, 0.138995032401214)
1(0.13456851828790062, 0.1354460543228745)
1(0.11282920783094506, 0.11368878119302359)
1(0.13814730029041603, 0.138995032401214)
1(0.11695648037165654, 0.11780399203089427)
1(0.11288095059410092, 0.11371629117240448)
1(0.13766288334145926, 0.13847968081099635)
1(0.10677944988146687, 0.10758124235089915)
1(0.10018100343043261, 0.1009796430145815)
1(0.14285017273364337, 0.14362113772783752)
1(0.12760448826027512, 0.12834629287656163)
1(0.13237350140798085, 0.13310868849396953)
1(0.10883966451023364, 0.10956101200885533)
1(0.12096952245747178, 0.12168569728884568)
1(0.12339575486582831, 0.12410693110466366)
1(0.12821495477144462, 0.12887411877956145)
1(0.1408177631521499, 0.1414234579513968)
1(0.12392232575875226, 0.12452077862735335)
1(0.11569352787195555, 0.11627757427623991)
1(0.14244385288707, 0.14299685587798133)
1(0.14009954902210806, 0.14065079977370173)
1(0.11626973075521793, 0.11679319349532465)
1(0.10626689854764237, 0.10678589227568748)
1(0.10464877295075682, 0.10516644785120147)
1(0.1153616796528893, 0.11587703295112467)
1(0.13592733026113626, 0.13642023398097827)
1(0.11591547910718031, 0.11639801097760845)
1(0.13502167443886492, 0.13540737950660509)
1(0.11305096396670755, 0.11341159929592445)
1(0.13097757941851654, 0.13132293307129445)
1(0.13476091253452754, 0.13509489679193373)
1(0.15025166593062575, 0.15057876931485892)
1(0.11307818846187782, 0.11336222836117871)
1(0.12427709004101602, 0.12455658206522939)
1(0.1203932795774913, 0.1205756184401955)
1(0.15981497481745938, 0.15998125774516875)
1(0.16951204638356956, 0.1696679411635441)
1(0.20242172443481551, 0.20253833317597342)
1(0.15425672343800212, 0.15436168968549488)
1(0.10690184114996852, 0.10697759911668485)
1(0.14074709749139266, 0.1408064093415831)
1(0.0997392989219869, 0.09979410333152407)
1(0.10400791111535855, 0.10405158664706213)
1(0.111493966692497, 0.11152486216527661)
1(0.12071375231705632, 0.12073319522801229)
0(0.0, inf)
0(0.0, 0.35226059734552173)
0(0.0, 0.338315920249964)
0(0.0, 0.32593359860836296)
0(0.0, 0.31417871409271614)
0(0.0, 0.2995477384050564)
0(0.0, 0.28606769030103496)
0(0.0, 0.27265092552519493)
0(0.0, 0.2639082818623138)
0(0.0, 0.26084299484931467)
0(0.0, 0.24920330996675177)
0(0.0, 0.23785208322692944)
0(0.0, 0.23579323804728386)
0(0.0, 0.23065804366567494)
0(0.0, 0.22626040957854204)
0(0.0, 0.2087292390252077)
0(0.0, 0.2061551059881632)
0(0.0, 0.2045061232644723)
0(0.0, 0.20384653180711243)
0(0.0, 0.20292873181630863)
0(0.0, 0.20267219818896076)
0(0.0, 0.20162153625755297)
0(0.0, 0.20095291834835996)
0(0.0, 0.1997790802263779)
0(0.0, 0.19560269486935986)
0(0.0, 0.18878172208670546)
0(0.0, 0.18663464606466545)
0(0.0, 0.1825667385502862)
0(0.0, 0.18222115704750003)
0(0.0, 0.18149951929707916)
0(0.0, 0.18102269116484973)
0(0.0, 0.18067761183787887)
0(0.0, 0.1792725436958502)
0(0.0, 0.17827070452796606)
0(0.0, 0.175273199100691)
0(0.0, 0.17499975499217665)
0(0.0, 0.1748227146667899)
0(0.0, 0.1742604392256936)
0(0.0, 0.17384742908673004)
0(0.0, 0.17331959846596567)
0(0.0, 0.17192034325186328)
0(0.0, 0.17007954443906975)
0(0.0, 0.16909285965427562)
0(0.0, 0.16801980055838514)
0(0.0, 0.1678911542067083)
0(0.0, 0.16736668261795457)
0(0.0, 0.16274408519432954)
0(0.0, 0.16272240549598732)
0(0.0, 0.1621328815674182)
0(0.0, 0.16118412575051116)
0(0.0, 0.15953494912284988)
0(0.0, 0.15843086674721657)
0(0.0, 0.15837829280764779)
0(0.0, 0.15801870659515105)
0(0.0, 0.1571138704377064)
0(0.0, 0.15683868586077412)
0(0.0, 0.15619899619445615)
0(0.0, 0.15595346528014833)
0(0.0, 0.1556214431715533)
0(0.0, 0.15537644651523788)
0(0.0, 0.15529758363149296)
0(0.0, 0.1549410120727427)
0(0.0, 0.15485204072784867)
0(0.0, 0.1535644699794279)
0(0.0, 0.1531388232826003)
0(0.0, 0.15264445543076316)
0(0.0, 0.15222395279061507)
0(0.0, 0.1522212598312633)
0(0.0, 0.1511838188494801)
0(0.0, 0.1500205959045124)
0(0.0, 0.14960039478166015)
0(0.0, 0.14927475741182558)
0(0.0, 0.14882577684208023)
0(0.0, 0.14851064080016765)
0(0.0, 0.14839196118152462)
0(0.0, 0.14832137485408492)
0(0.0, 0.14802140766068983)
0(0.0, 0.14680020361535687)
0(0.0, 0.14656532666587943)
0(0.0, 0.14605711091648022)
0(0.0, 0.1455216174436566)
0(0.0, 0.14475877138660842)
0(0.0, 0.144658263852981)
0(0.0, 0.14446003711000102)
0(0.0, 0.14442976139813624)
0(0.0, 0.14285423073630285)
0(0.0, 0.14231021743621608)
0(0.0, 0.14105386996630412)
0(0.0, 0.14094518288147087)
0(0.0, 0.14031959045539383)
0(0.0, 0.14023622686398432)
0(0.0, 0.1397061021165489)
0(0.0, 0.13930168000495277)
0(0.0, 0.13914574070827954)
0(0.0, 0.13891478870668056)
0(0.0, 0.1381853476104938)
0(0.0, 0.1381777022364795)
0(0.0, 0.13794539196887068)
0(0.0, 0.1379005786846499)
0(0.0, 0.13771884382007735)
0(0.0, 0.13563877069460503)
0(0.0, 0.13395176376846415)
0(0.0, 0.1332051622461722)
0(0.0, 0.13266015600802697)
0(0.0, 0.13259032286007355)
0(0.0, 0.1321061777798263)
0(0.0, 0.13118394101499467)
0(0.0, 0.13101796161615847)
0(0.0, 0.1306020821675808)
0(0.0, 0.13041180352445902)
0(0.0, 0.1298169227901123)
0(0.0, 0.12935639176494812)
0(0.0, 0.12910378869760433)
0(0.0, 0.12903925737463826)
0(0.0, 0.12901919840509185)
0(0.0, 0.1285243274464173)
0(0.0, 0.1282848221665763)
0(0.0, 0.1277975909447059)
0(0.0, 0.1272813255273059)
0(0.0, 0.12715995230459118)
0(0.0, 0.12684616392022138)
0(0.0, 0.12673412397193645)
0(0.0, 0.12646353778938804)
0(0.0, 0.12636882291580392)
0(0.0, 0.12621062415803017)
0(0.0, 0.1261081914814543)
0(0.0, 0.12524982133156337)
0(0.0, 0.1252020464305347)
0(0.0, 0.1250139069470416)
0(0.0, 0.12476362992141914)
0(0.0, 0.12476235074264795)
0(0.0, 0.12457292686722286)
0(0.0, 0.1245181259315537)
0(0.0, 0.12427137668669867)
0(0.0, 0.12420766001593977)
0(0.0, 0.1238045186624787)
0(0.0, 0.12375612637074455)
0(0.0, 0.12355277954238417)
0(0.0, 0.12319770378712752)
0(0.0, 0.12305771143839424)
0(0.0, 0.1227916244575309)
0(0.0, 0.1226464346801684)
0(0.0, 0.12248120244008921)
0(0.0, 0.12240653290962955)
0(0.0, 0.12202563114819923)
0(0.0, 0.12201769368110164)
0(0.0, 0.12193959202851004)
0(0.0, 0.12189831799668809)
0(0.0, 0.12182497279088908)
0(0.0, 0.12179676385327746)
0(0.0, 0.12177905508868887)
0(0.0, 0.12161524031247478)
0(0.0, 0.12133567397024529)
0(0.0, 0.121137516325058)
0(0.0, 0.1211345742939002)
0(0.0, 0.12101968834912974)
0(0.0, 0.12071367276104975)
0(0.0, 0.12039824149106976)
0(0.0, 0.11999665019305876)
0(0.0, 0.11992156510641465)
0(0.0, 0.11933167912882887)
0(0.0, 0.11914301755625331)
0(0.0, 0.11911230221793548)
0(0.0, 0.11890512489229295)
0(0.0, 0.11887263075883474)
0(0.0, 0.11887092075869717)
0(0.0, 0.11880399680304386)
0(0.0, 0.11877004439107765)
0(0.0, 0.11873871529403035)
0(0.0, 0.11871486311310174)
0(0.0, 0.11868577649500846)
0(0.0, 0.11855977848284617)
0(0.0, 0.11850039062108751)
0(0.0, 0.11841823093479559)
0(0.0, 0.11831719738368646)
0(0.0, 0.11830243632769802)
0(0.0, 0.11802679306230468)
0(0.0, 0.11802275040134004)
0(0.0, 0.11786847462352816)
0(0.0, 0.11773452186905521)
0(0.0, 0.11752151588122754)
0(0.0, 0.11746731900419416)
0(0.0, 0.11742967497642479)
0(0.0, 0.11738053794473967)
0(0.0, 0.11725314641827891)
0(0.0, 0.1171277151409661)
0(0.0, 0.11710915673966406)
0(0.0, 0.11708572695457989)
0(0.0, 0.11682760505855139)
0(0.0, 0.11677407115423638)
0(0.0, 0.11655204045091147)
0(0.0, 0.11654308919135917)
0(0.0, 0.1161704630227263)
0(0.0, 0.11616015016289011)
0(0.0, 0.11599794319775278)
0(0.0, 0.11596898147920706)
0(0.0, 0.11589000719108371)
0(0.0, 0.11588243878886828)
0(0.0, 0.11587732170703062)
0(0.0, 0.115866314087658)
0(0.0, 0.11578192369469867)
0(0.0, 0.11550040733220975)
0(0.0, 0.11541400204754333)
0(0.0, 0.1153369971520408)
0(0.0, 0.11497401584355646)
0(0.0, 0.11496931816393191)
0(0.0, 0.11466037744891922)
0(0.0, 0.11465242900993897)
0(0.0, 0.11409839330527924)
0(0.0, 0.11404771740840078)
0(0.0, 0.11383100455630218)
0(0.0, 0.11346684399508743)
0(0.0, 0.11329191373725102)
0(0.0, 0.11327711688652062)
0(0.0, 0.11311183759225979)
0(0.0, 0.11294505921797451)
0(0.0, 0.11291264931029862)
0(0.0, 0.11288233863085473)
0(0.0, 0.11281048344294224)
0(0.0, 0.11266697830902492)
0(0.0, 0.11248371676243278)
0(0.0, 0.11243633659819982)
0(0.0, 0.11239251346933245)
0(0.0, 0.11236572893266777)
0(0.0, 0.1123522316267741)
0(0.0, 0.1122281185825762)
0(0.0, 0.11222271096269214)
0(0.0, 0.11216805295481878)
0(0.0, 0.11203172408595675)
0(0.0, 0.11201887386803384)
0(0.0, 0.11186693424348015)
0(0.0, 0.11185270366925903)
0(0.0, 0.11177883368592485)
0(0.0, 0.11164366352096004)
0(0.0, 0.1115773292426895)
0(0.0, 0.1114474087510448)
0(0.0, 0.11142534307388244)
0(0.0, 0.11116893894721401)
0(0.0, 0.11108185384644718)
0(0.0, 0.11103604089419764)
0(0.0, 0.11080621717689147)
0(0.0, 0.11075121468314388)
0(0.0, 0.1107461931588446)
0(0.0, 0.11073824752869944)
0(0.0, 0.11065538282312895)
0(0.0, 0.1105998767413149)
0(0.0, 0.11051308042184409)
0(0.0, 0.11048540174968806)
0(0.0, 0.11042227593733256)
0(0.0, 0.11036152993374103)
0(0.0, 0.11036019269774101)
0(0.0, 0.1103070940678111)
0(0.0, 0.11017754122207304)
0(0.0, 0.11011922375504954)
0(0.0, 0.11001872383870316)
0(0.0, 0.10999230390719286)
0(0.0, 0.10993740256715633)
0(0.0, 0.10980684020938139)
0(0.0, 0.10969863579106495)
0(0.0, 0.10961601019121985)
0(0.0, 0.1093704218116994)
0(0.0, 0.10921849921372274)
0(0.0, 0.10914111544498595)
0(0.0, 0.1090632587359065)
0(0.0, 0.10893697462314324)
0(0.0, 0.10891953220403985)
0(0.0, 0.1088683408991774)
0(0.0, 0.10800260872901694)
0(0.0, 0.10790376448001282)
0(0.0, 0.1078365057039595)
0(0.0, 0.10768499921330799)
0(0.0, 0.1073680799553011)
0(0.0, 0.10735281581029202)
0(0.0, 0.10716229284783228)
0(0.0, 0.10716222156819823)
0(0.0, 0.10703213431931079)
0(0.0, 0.1068871696961373)
0(0.0, 0.1068720034376338)
0(0.0, 0.10674945651703911)
0(0.0, 0.10668767722481255)
0(0.0, 0.1065957650481048)
0(0.0, 0.10657238849871455)
0(0.0, 0.10656045485433426)
0(0.0, 0.10652376256410755)
0(0.0, 0.10639137316564534)
0(0.0, 0.10632840311338053)
0(0.0, 0.10605249890086509)
0(0.0, 0.10593681016081213)
0(0.0, 0.10572479684349877)
0(0.0, 0.10564461146569148)
0(0.0, 0.10561664530064585)
0(0.0, 0.10536832656771702)
0(0.0, 0.10484436324438015)
0(0.0, 0.10484071674098801)
0(0.0, 0.1047636806769131)
0(0.0, 0.10466682577925172)
0(0.0, 0.10463791101814181)
0(0.0, 0.10454751046777278)
0(0.0, 0.10436681268797433)
0(0.0, 0.10401022765293584)
0(0.0, 0.10400335524861028)
0(0.0, 0.10397569820624361)
0(0.0, 0.10396622893687979)
0(0.0, 0.10392686469559316)
0(0.0, 0.10391061373979571)
0(0.0, 0.10390351181171917)
0(0.0, 0.10345526434045418)
0(0.0, 0.10328176070389346)
0(0.0, 0.10315634638306947)
0(0.0, 0.10305928659010619)
0(0.0, 0.10295646956658686)
0(0.0, 0.1028285489888997)
0(0.0, 0.10268014405135664)
0(0.0, 0.10246643290400373)
0(0.0, 0.10224035719081442)
0(0.0, 0.10223335764469385)
0(0.0, 0.1021739611577961)
0(0.0, 0.10199699157509418)
0(0.0, 0.10196516937469809)
0(0.0, 0.10184385671592991)
0(0.0, 0.10176327093638442)
0(0.0, 0.1015222263940643)
0(0.0, 0.10152016109036381)
0(0.0, 0.10136757761354075)
0(0.0, 0.1013410621947415)
0(0.0, 0.10122079115165274)
0(0.0, 0.10109400971832329)
0(0.0, 0.10105000504132894)
0(0.0, 0.10093110844889074)
0(0.0, 0.10092344558401033)
0(0.0, 0.1008490577120272)
0(0.0, 0.10057204984701025)
0(0.0, 0.10048931624537565)
0(0.0, 0.1004117607838217)
0(0.0, 0.10036391363356108)
0(0.0, 0.10021101979452109)
0(0.0, 0.10020247689069857)
0(0.0, 0.10019438196807626)
0(0.0, 0.10013747338599446)
0(0.0, 0.1001250475238344)
0(0.0, 0.09999211275688168)
0(0.0, 0.09986757931547854)
0(0.0, 0.09973199070527958)
0(0.0, 0.09959842546604687)
0(0.0, 0.09956416401714013)
0(0.0, 0.09951506537538005)
0(0.0, 0.09949217708136816)
0(0.0, 0.09944256656250468)
0(0.0, 0.09940578792123453)
0(0.0, 0.0993304230017783)
0(0.0, 0.09911594677974898)
0(0.0, 0.09907697391061751)
0(0.0, 0.09893604324620431)
0(0.0, 0.0988782943249984)
0(0.0, 0.09880537867230649)
0(0.0, 0.09870199110742427)
0(0.0, 0.09862451739667119)
0(0.0, 0.09835555810394488)
0(0.0, 0.09833900940830895)
0(0.0, 0.09821944562354606)
0(0.0, 0.09814331968033471)
0(0.0, 0.09811760153615172)
0(0.0, 0.09809209294920686)
0(0.0, 0.09806639918344698)
0(0.0, 0.09772185964254892)
0(0.0, 0.09752362841347714)
0(0.0, 0.0974169474463269)
0(0.0, 0.09710536002435297)
0(0.0, 0.09697093037975472)
0(0.0, 0.09693821609985001)
0(0.0, 0.0968955825170915)
0(0.0, 0.09686884135087605)
0(0.0, 0.09686343582719657)
0(0.0, 0.09682166498878775)
0(0.0, 0.09680599085454011)
0(0.0, 0.09676396426054608)
0(0.0, 0.09671129595130323)
0(0.0, 0.09665305666582144)
0(0.0, 0.09647336490761539)
0(0.0, 0.096173087727756)
0(0.0, 0.09610222371445967)
0(0.0, 0.09599367615385843)
0(0.0, 0.09592838566025172)
0(0.0, 0.09587334542623929)
0(0.0, 0.09581884433439883)
0(0.0, 0.09576326110871058)
0(0.0, 0.09566143008369778)
0(0.0, 0.09559450994854336)
0(0.0, 0.09527294427099402)
0(0.0, 0.0946157753938431)
0(0.0, 0.0945992898473202)
0(0.0, 0.09452610470918749)
0(0.0, 0.09448270413246534)
0(0.0, 0.09444088933565165)
0(0.0, 0.09427148378002968)
0(0.0, 0.09425391215386639)
0(0.0, 0.09416160802829752)
0(0.0, 0.09411392876952648)
0(0.0, 0.09378853569306528)
0(0.0, 0.09299731167643994)
0(0.0, 0.09297941515770282)
0(0.0, 0.09210139815486285)
0(0.0, 0.09201966756709791)
0(0.0, 0.09135551905886229)
0(0.0, 0.09109784531123653)
0(0.0, 0.09054929288600379)
0(0.0, 0.09040193860045619)
0(0.0, 0.09012085854682171)
0(0.0, 0.08965397330179245)
0(0.0, 0.08948242352650783)
0(0.0, 0.08914331753677505)
0(0.0, 0.08885533940194076)
0(0.0, 0.08819244787009423)
0(0.0, 0.0876628115728014)
0(0.0, 0.08721385488720665)
0(0.0, 0.08716522257489755)
0(0.0, 0.08653326419944335)
0(0.0, 0.08648251993286599)
0(0.0, 0.08635408441089303)
0(0.0, 0.08597499394710531)
0(0.0, 0.08410876766183974)
0(0.0, 0.08349002033400334)
0(0.0, 0.08285294874659982)
0(0.0, 0.08279906186798605)
0(0.0, 0.08263201150219746)
0(0.0, 0.08237612024120551)
0(0.0, 0.07891652949514469)
0(0.0, 0.0788727353105812)
0(0.0, 0.0785216594830746)
0(0.0, 0.07708239494399749)
0(0.0, 0.07426535548142167)
0(0.0, 0.0705178450074843)
