1(40.211653887001326, 40.57179032646159)
1(41.85368824736734, 42.072131545610276)
1(41.707743465991946, 41.87209466331664)
1(41.33703114467982, 41.49771826147707)
1(41.52441921422662, 41.606225739756404)
0(0.0, inf)
0(0.0, 308.0841533327652)
0(0.0, 262.29167034778794)
0(0.0, 226.07103564597568)
0(0.0, 193.37102620418105)
0(0.0, 174.3617628981384)
0(0.0, 152.90347682169136)
0(0.0, 148.35731171167197)
0(0.0, 147.75572296150003)
0(0.0, 141.41540402933137)
0(0.0, 139.94423195914908)
0(0.0, 138.3210184216937)
0(0.0, 135.98663998976718)
0(0.0, 132.91720565676658)
0(0.0, 131.9883877177481)
0(0.0, 125.59957391378138)
0(0.0, 123.94045968488571)
0(0.0, 122.74464451229427)
0(0.0, 121.3682403300852)
0(0.0, 116.73412866935493)
0(0.0, 109.00436744882278)
0(0.0, 107.01063547024657)
0(0.0, 103.530192806488)
0(0.0, 100.10233793408871)
0(0.0, 99.9311716168)
0(0.0, 97.2860733218035)
0(0.0, 94.1436679895803)
0(0.0, 92.43106243520828)
0(0.0, 92.19174212960431)
0(0.0, 90.32793088511497)
0(0.0, 90.07371627437108)
0(0.0, 89.39670613438498)
0(0.0, 88.93744702945976)
0(0.0, 88.6218221030391)
0(0.0, 87.6675009960841)
0(0.0, 87.37871858336605)
0(0.0, 86.94063904379243)
0(0.0, 86.5111673386104)
0(0.0, 84.93051945929696)
0(0.0, 83.50453353649985)
0(0.0, 81.58548743755746)
0(0.0, 81.5569086472057)
0(0.0, 81.21581046321457)
0(0.0, 80.89854935771709)
0(0.0, 79.58573351508153)
0(0.0, 77.6687314126332)
0(0.0, 77.08357273302533)
0(0.0, 76.19661889459475)
0(0.0, 75.89589217129101)
0(0.0, 75.84065264325832)
0(0.0, 75.2264335239277)
0(0.0, 75.02559247350418)
0(0.0, 74.94963432620963)
0(0.0, 74.73560969548453)
0(0.0, 74.7065299091551)
0(0.0, 74.55090793555168)
0(0.0, 74.32450235323739)
0(0.0, 73.69021859419213)
0(0.0, 73.14215710463985)
0(0.0, 72.75230794663881)
0(0.0, 69.43561578604515)
0(0.0, 69.12223325972754)
0(0.0, 67.70114053780215)
0(0.0, 67.11670186814108)
0(0.0, 66.42532368362225)
0(0.0, 65.45880328673599)
0(0.0, 65.37628731072283)
0(0.0, 65.22130810391893)
0(0.0, 64.35364643814482)
0(0.0, 64.25143480287436)
0(0.0, 63.96679313745244)
0(0.0, 63.707744579930285)
0(0.0, 59.952619443644785)
0(0.0, 57.7706270752587)
0(0.0, 57.64859766812469)
0(0.0, 56.1839264769337)
0(0.0, 55.632103634274934)
0(0.0, 55.41924301107669)
0(0.0, 55.196928097294204)
0(0.0, 53.68892504314818)
0(0.0, 53.68757516158727)
0(0.0, 53.234872240738056)
0(0.0, 52.510681218193625)
0(0.0, 52.21373589070712)
0(0.0, 52.13264824517383)
0(0.0, 52.05473146379953)
0(0.0, 51.7366150676715)
0(0.0, 50.297904236696006)
0(0.0, 49.830180106850506)
0(0.0, 49.707711139623)
0(0.0, 49.60576747807962)
0(0.0, 49.27825743019702)
0(0.0, 49.275046535301605)
0(0.0, 49.22118890052977)
0(0.0, 49.00280817931862)
0(0.0, 48.81682246300528)
0(0.0, 48.71871738973209)
0(0.0, 48.620590817610974)
0(0.0, 48.4852219767512)
0(0.0, 48.30984591072942)
0(0.0, 48.20356276491363)
0(0.0, 48.19700142445615)
0(0.0, 47.757770315104565)
0(0.0, 47.71475105008772)
0(0.0, 47.65339367746415)
0(0.0, 47.630427221431425)
0(0.0, 47.52802536593425)
0(0.0, 47.47074009072862)
0(0.0, 47.42391174510706)
0(0.0, 47.38114930344002)
0(0.0, 47.25500949805221)
0(0.0, 47.17397888595996)
0(0.0, 47.17294133557981)
0(0.0, 46.958490350893015)
0(0.0, 46.93130421019005)
0(0.0, 46.830391638481025)
0(0.0, 46.81114736998906)
0(0.0, 46.77756904990116)
0(0.0, 46.77130884370393)
0(0.0, 46.7404687773026)
0(0.0, 46.720119508675616)
0(0.0, 46.55547015231767)
0(0.0, 46.4401097762312)
0(0.0, 46.33100806742801)
0(0.0, 46.171840496426036)
0(0.0, 46.12885321121408)
0(0.0, 46.0343234768059)
0(0.0, 45.90464964469909)
0(0.0, 45.90426621296081)
0(0.0, 45.89725439688044)
0(0.0, 45.87008918735792)
0(0.0, 45.73465872088982)
0(0.0, 45.68717656650761)
0(0.0, 45.44206215496256)
0(0.0, 45.39679859349056)
0(0.0, 45.36040318949388)
0(0.0, 45.3182204402038)
0(0.0, 45.297497157829085)
0(0.0, 45.19869846699987)
0(0.0, 45.169349468430426)
0(0.0, 45.161903331903055)
0(0.0, 45.05743075322839)
0(0.0, 45.01967430306989)
0(0.0, 45.016559928587085)
0(0.0, 44.966537631719476)
0(0.0, 44.95520667444325)
0(0.0, 44.95263816040494)
0(0.0, 44.945949845032835)
0(0.0, 44.903735563796296)
0(0.0, 44.86876196547621)
0(0.0, 44.85684076868548)
0(0.0, 44.84558279623664)
0(0.0, 44.8255602787662)
0(0.0, 44.813897393509194)
0(0.0, 44.75515243803919)
0(0.0, 44.74367238837922)
0(0.0, 44.63213242319114)
0(0.0, 44.62823888278807)
0(0.0, 44.59942610777358)
0(0.0, 44.590175752081905)
0(0.0, 44.548470882055014)
0(0.0, 44.4971057822506)
0(0.0, 44.3883804120957)
0(0.0, 44.38683993923825)
0(0.0, 44.343365029915155)
0(0.0, 44.317192162162776)
0(0.0, 44.28441386904884)
0(0.0, 44.27952316833862)
0(0.0, 44.274127554774736)
0(0.0, 44.2683402761312)
0(0.0, 44.26828739181909)
0(0.0, 44.21285571531286)
0(0.0, 44.20025250747887)
0(0.0, 44.10814980625533)
0(0.0, 44.07722238642188)
0(0.0, 44.03605668088359)
0(0.0, 44.03601481166062)
0(0.0, 43.99110674978724)
0(0.0, 43.9812433400919)
0(0.0, 43.98066656904531)
0(0.0, 43.944252337115294)
0(0.0, 43.937032314743426)
0(0.0, 43.90945103816046)
0(0.0, 43.87324793277291)
0(0.0, 43.823354920174296)
0(0.0, 43.82183744802827)
0(0.0, 43.74276617180962)
0(0.0, 43.64413704272811)
0(0.0, 43.62810549283248)
0(0.0, 43.62032255090471)
0(0.0, 43.57664771342088)
0(0.0, 43.54830877475938)
0(0.0, 43.53720874634274)
0(0.0, 43.52104273191586)
0(0.0, 43.46454689446569)
0(0.0, 43.46430832626403)
0(0.0, 43.33049390037281)
0(0.0, 43.32852243954815)
0(0.0, 43.32529876761011)
0(0.0, 43.319271070199434)
0(0.0, 43.292239988496)
0(0.0, 43.29016234133894)
0(0.0, 43.278877691769445)
0(0.0, 43.2780854406386)
0(0.0, 43.27795836759546)
0(0.0, 43.27092843162105)
0(0.0, 43.266701377151264)
0(0.0, 43.233842267041716)
0(0.0, 43.18479925295068)
0(0.0, 43.173825559827286)
0(0.0, 43.104612141409014)
0(0.0, 43.08271856797689)
0(0.0, 43.06851625820552)
0(0.0, 43.037467410990956)
0(0.0, 43.02357237259321)
0(0.0, 43.000919074401956)
0(0.0, 42.999041123947144)
0(0.0, 42.94136950023597)
0(0.0, 42.91564807656058)
0(0.0, 42.89858429938037)
0(0.0, 42.856942720410565)
0(0.0, 42.80581297991831)
0(0.0, 42.75416845932156)
0(0.0, 42.74927054491929)
0(0.0, 42.71207789051533)
0(0.0, 42.69406027237651)
0(0.0, 42.68605672307556)
0(0.0, 42.68185183602358)
0(0.0, 42.61045811904041)
0(0.0, 42.595790182550225)
0(0.0, 42.593200724878535)
0(0.0, 42.57149976950012)
0(0.0, 42.56378786710652)
0(0.0, 42.534443970213715)
0(0.0, 42.50303556099046)
0(0.0, 42.480511233064675)
0(0.0, 42.47561449573333)
0(0.0, 42.46332331075765)
0(0.0, 42.45984194872887)
0(0.0, 42.438104648099824)
0(0.0, 42.42596947038469)
0(0.0, 42.42318686796408)
0(0.0, 42.36433710371848)
0(0.0, 42.34876978628925)
0(0.0, 42.31082105378886)
0(0.0, 42.29773163641537)
0(0.0, 42.28079572832785)
0(0.0, 42.231900106224074)
0(0.0, 42.22681731236882)
0(0.0, 42.211819509621456)
0(0.0, 42.20853301036114)
0(0.0, 42.192089614773344)
0(0.0, 42.10077409075706)
0(0.0, 42.094017096358705)
0(0.0, 42.00890419709234)
0(0.0, 41.996393528112556)
0(0.0, 41.93473032633907)
0(0.0, 41.93104709466567)
0(0.0, 41.90981004037909)
0(0.0, 41.90836474662984)
0(0.0, 41.89172113081109)
0(0.0, 41.88601428145197)
0(0.0, 41.883961604132004)
0(0.0, 41.88186154887286)
0(0.0, 41.862094422646074)
0(0.0, 41.85927082170012)
0(0.0, 41.857397306571286)
0(0.0, 41.85335953855246)
0(0.0, 41.85076606747429)
0(0.0, 41.80134885121498)
0(0.0, 41.7962580073668)
0(0.0, 41.746259088882766)
0(0.0, 41.73109972845068)
0(0.0, 41.71074533266395)
0(0.0, 41.6929135453316)
0(0.0, 41.68058595186736)
0(0.0, 41.665818400854846)
0(0.0, 41.66292424738767)
0(0.0, 41.64328893427718)
0(0.0, 41.596154441819635)
0(0.0, 41.56764233434609)
0(0.0, 41.55374196139028)
0(0.0, 41.55328098796913)
0(0.0, 41.521245310870164)
0(0.0, 41.49559362538602)
0(0.0, 41.460861530522855)
0(0.0, 41.43009113587274)
0(0.0, 41.39315684402181)
0(0.0, 41.365832212784795)
0(0.0, 41.34951973420238)
0(0.0, 41.34055290467491)
0(0.0, 41.32890389242701)
0(0.0, 41.321501084089896)
0(0.0, 41.31750559968713)
0(0.0, 41.22838748568394)
0(0.0, 41.21563235507448)
0(0.0, 41.18443607658311)
0(0.0, 41.165414981836456)
0(0.0, 41.12964689318677)
0(0.0, 41.075920460090764)
0(0.0, 41.07335197549289)
0(0.0, 41.017468633158074)
0(0.0, 40.99658638793429)
0(0.0, 40.97451648692978)
0(0.0, 40.959572502519634)
0(0.0, 40.95806893957806)
0(0.0, 40.954132875310414)
0(0.0, 40.91438377064963)
0(0.0, 40.90252440326413)
0(0.0, 40.86917970084307)
0(0.0, 40.83891952563987)
0(0.0, 40.820651395173456)
0(0.0, 40.811369973167594)
0(0.0, 40.80465135506614)
0(0.0, 40.80289300938225)
0(0.0, 40.7833079046782)
0(0.0, 40.77671049048048)
0(0.0, 40.76658131113252)
0(0.0, 40.755293285369)
0(0.0, 40.69824296743949)
0(0.0, 40.64689325118958)
0(0.0, 40.6385429222063)
0(0.0, 40.61494679242679)
0(0.0, 40.592903672965335)
0(0.0, 40.58664212434997)
0(0.0, 40.58372486216103)
0(0.0, 40.58221556281985)
0(0.0, 40.55366374660648)
0(0.0, 40.55170085744294)
0(0.0, 40.50256412625424)
0(0.0, 40.47371906184857)
0(0.0, 40.40049506550641)
0(0.0, 40.38601806859706)
0(0.0, 40.36144641520448)
0(0.0, 40.35140724038282)
0(0.0, 40.34283153447658)
0(0.0, 40.33868754114847)
0(0.0, 40.33823507613753)
0(0.0, 40.33058079450251)
0(0.0, 40.32657360568166)
0(0.0, 40.316978665505296)
0(0.0, 40.3112614184964)
0(0.0, 40.261544635726594)
0(0.0, 40.256816677786325)
0(0.0, 40.2527291917411)
0(0.0, 40.24387924590862)
0(0.0, 40.176267515328284)
0(0.0, 40.173921067693655)
0(0.0, 40.14528191090519)
0(0.0, 40.14524118644715)
0(0.0, 40.0992077926139)
0(0.0, 40.098888588563405)
0(0.0, 40.09055592818352)
0(0.0, 40.081775323455304)
0(0.0, 40.063516183704856)
0(0.0, 40.05025730910379)
0(0.0, 40.01635866851787)
0(0.0, 39.99043120133945)
0(0.0, 39.94966152510274)
0(0.0, 39.92575330058864)
0(0.0, 39.82607291534339)
0(0.0, 39.82489650201957)
0(0.0, 39.806040283101865)
0(0.0, 39.79400900213023)
0(0.0, 39.793528733230396)
0(0.0, 39.7768952680848)
0(0.0, 39.751477275740605)
0(0.0, 39.71963813290421)
0(0.0, 39.71014659875572)
0(0.0, 39.668610249265406)
0(0.0, 39.601019466552266)
0(0.0, 39.52543853443873)
0(0.0, 39.51432775176613)
0(0.0, 39.508247291963336)
0(0.0, 39.50713818298601)
0(0.0, 39.463795835341614)
0(0.0, 39.43685504010996)
0(0.0, 39.43541968919757)
0(0.0, 39.40199886003901)
0(0.0, 39.398997910648795)
0(0.0, 39.3521992129704)
0(0.0, 39.349666664049025)
0(0.0, 39.320644263157355)
0(0.0, 39.31136047153754)
0(0.0, 39.29829214516998)
0(0.0, 39.249391528463164)
0(0.0, 39.24008389900378)
0(0.0, 39.23477794414108)
0(0.0, 39.220217948133346)
0(0.0, 39.20572609326184)
0(0.0, 39.17604135772021)
0(0.0, 39.16018629550939)
0(0.0, 39.10806951162146)
0(0.0, 39.09679304481124)
0(0.0, 39.09058160533617)
0(0.0, 39.079372390136804)
0(0.0, 39.07609946228333)
0(0.0, 39.01539754061806)
0(0.0, 38.971569985844)
0(0.0, 38.963153218891954)
0(0.0, 38.894185332091695)
0(0.0, 38.8444904765157)
0(0.0, 38.76126496876679)
0(0.0, 38.72171061226684)
0(0.0, 38.69902604027695)
0(0.0, 38.62059329698011)
0(0.0, 38.473461615553816)
0(0.0, 38.43351909715752)
0(0.0, 38.42075739213877)
0(0.0, 38.386044905128394)
0(0.0, 38.33403943560609)
0(0.0, 38.302412183506036)
0(0.0, 38.233631240403774)
0(0.0, 38.16683951956766)
0(0.0, 38.116931748457475)
0(0.0, 38.064108609028914)
0(0.0, 38.003829168351)
0(0.0, 37.95650950107963)
0(0.0, 37.89961046947902)
0(0.0, 37.87805169593323)
0(0.0, 37.821965959485304)
0(0.0, 37.80261636697645)
0(0.0, 37.682397130012625)
0(0.0, 37.646633033639404)
0(0.0, 37.52346527591016)
0(0.0, 37.46012686290323)
0(0.0, 37.41123177750407)
0(0.0, 37.3322496301355)
0(0.0, 37.234557693817095)
0(0.0, 37.14542213471244)
0(0.0, 37.14027107283529)
0(0.0, 37.00336770009869)
