1(24.9221912002773, 27.153557356658236)
1(54.5266058885548, 55.146830734495005)
1(9.392256333491703, 9.799608053645265)
1(11.969526942069516, 12.37221601533273)
1(28.20528420570464, 28.565561791607124)
1(10.573093329474824, 10.848118622294399)
1(11.857008726604906, 12.108571478198908)
1(11.274822241143928, 11.480857982919312)
1(11.390644647560702, 11.583211970358326)
1(10.752384601609213, 10.9448076110363)
1(8.902138611879195, 9.092105721499959)
1(8.756601664228073, 8.943905321162662)
1(8.926155938894365, 9.11280173980959)
1(10.943762689270867, 11.11135189598847)
1(11.175802323981443, 11.331439951284915)
1(9.19422259621591, 9.34919395113577)
1(11.82254837412, 11.976496812885717)
1(10.199397734540263, 10.35169416858226)
1(11.650423534650656, 11.800648030623298)
1(8.94914626337774, 9.09382409450577)
1(10.535861732019708, 10.67939974832168)
1(10.039674968715213, 10.180635912261351)
1(11.05077916525574, 11.187820523657482)
1(9.99874389103863, 10.127771246053737)
1(10.30674352481819, 10.435588621866023)
1(10.645694619065337, 10.773960117643924)
1(9.699173951405573, 9.823303589716483)
1(11.0508228245714, 11.173215757377003)
1(10.810332059326585, 10.932466347504759)
1(10.613730483068574, 10.729819241086991)
1(9.69968462409146, 9.813727502234098)
1(11.056183498965042, 11.161512695517867)
1(10.755367109572678, 10.859420865831153)
1(10.208297246191558, 10.310902697266862)
1(11.193313744822207, 11.295163154366229)
1(9.129447514967524, 9.223304939539956)
1(9.89935804318406, 9.98321833972134)
1(9.923125993425346, 10.004683486537536)
1(12.144506577069665, 12.22589228128227)
1(10.064726703545512, 10.14508035329076)
1(9.99454764520342, 10.07407572854182)
1(11.031159587059955, 11.105925134036209)
1(10.59770341593046, 10.672040099199936)
1(9.08315499558645, 9.157124856566973)
1(10.019483114259792, 10.092140825155049)
1(30.142693676407763, 30.21498235028199)
1(10.834788177838453, 10.905070932688396)
1(10.067844708345723, 10.135484751706658)
1(9.129710000846904, 9.1953402439746)
1(11.692546252840941, 11.75708894507694)
1(10.469047614938104, 10.532105493099431)
1(10.235753120309301, 10.29585137455129)
1(11.842187373047594, 11.900391249077154)
1(11.539754608128238, 11.59639428232047)
1(10.77437062741123, 10.829517577133247)
1(10.890481037817478, 10.938514958838255)
1(11.300537749629925, 11.347988780473267)
1(10.25536562597924, 10.300954500038653)
1(11.009493210595897, 11.054467276469536)
1(38.66294029883567, 38.7075643054689)
1(11.208164525110101, 11.25221680010226)
1(10.141716937707477, 10.185379448449071)
1(10.671707222651488, 10.715012889451499)
1(10.77729332636292, 10.8195332483527)
1(11.93783051080385, 11.979740157415248)
1(9.055662351901534, 9.091892956380637)
1(8.951232002870894, 8.985755529013717)
1(11.392208076282973, 11.425430264851983)
1(11.14220447810068, 11.173215757377003)
1(9.570346530968747, 9.600686100972826)
1(9.089240478062914, 9.115311146020037)
1(11.77727073766748, 11.80317287199411)
1(11.30710675758681, 11.331439951284915)
1(10.081216626591505, 10.102131062931425)
1(10.63651142284377, 10.656250042394827)
1(11.441957065495892, 11.457128384659939)
1(40.03952751870539, 40.05007598830411)
1(9.17285800288209, 9.182106872570774)
1(10.742659174510464, 10.75150807643539)
1(9.30295140780568, 9.308076031620974)
1(10.898659747650896, 10.903757749622706)
1(10.312439545663935, 10.317228896093601)
1(8.809149638869401, 8.81281703292225)
1(10.710160094382777, 10.713592871371162)
1(12.237303027304115, 12.23932175165495)
1(9.754242130615838, 9.75449755974732)
0(0.0, inf)
0(0.0, 65.96735519463209)
0(0.0, 52.73988921570374)
0(0.0, 47.32376436250164)
0(0.0, 45.3926387104113)
0(0.0, 42.880581358698855)
0(0.0, 42.138445608505435)
0(0.0, 38.52794994914973)
0(0.0, 37.56314829700198)
0(0.0, 37.26220647564353)
0(0.0, 35.90327148727314)
0(0.0, 35.776928948027695)
0(0.0, 35.539602431633355)
0(0.0, 35.4487557448356)
0(0.0, 34.330048883329134)
0(0.0, 31.17232104036542)
0(0.0, 29.095673656791277)
0(0.0, 28.43756035047746)
0(0.0, 28.12376958188037)
0(0.0, 26.138022200316904)
0(0.0, 25.56891039509118)
0(0.0, 25.4550487920107)
0(0.0, 25.099256496385674)
0(0.0, 24.657937849620026)
0(0.0, 24.563412390025597)
0(0.0, 24.534908781504758)
0(0.0, 24.091481466990924)
0(0.0, 21.958824646336314)
0(0.0, 21.253864919434957)
0(0.0, 21.085091563861113)
0(0.0, 20.2181013360869)
0(0.0, 20.214635455791825)
0(0.0, 20.153050166087596)
0(0.0, 20.10303788194592)
0(0.0, 19.791813607569942)
0(0.0, 19.780357694075093)
0(0.0, 19.5178467379202)
0(0.0, 19.031294930655168)
0(0.0, 18.10051717079964)
0(0.0, 17.719875237077332)
0(0.0, 17.29299438829539)
0(0.0, 17.261614228849904)
0(0.0, 17.223045506341037)
0(0.0, 16.95084143714016)
0(0.0, 16.90216360855887)
0(0.0, 15.614863769815651)
0(0.0, 15.321044069435983)
0(0.0, 15.23207826929943)
0(0.0, 14.864894813172407)
0(0.0, 14.728199086821546)
0(0.0, 14.672598441231413)
0(0.0, 14.516590090498024)
0(0.0, 14.411258767580254)
0(0.0, 13.713457927393199)
0(0.0, 13.65230184137102)
0(0.0, 13.546353395507927)
0(0.0, 13.393125313837555)
0(0.0, 13.319100066094585)
0(0.0, 13.211399663683865)
0(0.0, 13.192356380198209)
0(0.0, 12.978441190591111)
0(0.0, 12.930391923658426)
0(0.0, 12.907321678419061)
0(0.0, 12.88682920164557)
0(0.0, 12.801569170840986)
0(0.0, 12.64376247585592)
0(0.0, 12.62074118344108)
0(0.0, 12.49645786985147)
0(0.0, 12.47481946696876)
0(0.0, 12.472723810568247)
0(0.0, 12.464175690804664)
0(0.0, 12.376609614421959)
0(0.0, 12.34994713101186)
0(0.0, 12.31562703022898)
0(0.0, 12.305177334060724)
0(0.0, 12.290901509004009)
0(0.0, 12.285637986269297)
0(0.0, 12.285295883818511)
0(0.0, 12.17784917636178)
0(0.0, 12.160808876796645)
0(0.0, 12.139389418172208)
0(0.0, 12.108376267024783)
0(0.0, 12.107859648506562)
0(0.0, 12.070936584974252)
0(0.0, 12.054949627195212)
0(0.0, 12.03579474075535)
0(0.0, 12.035544349279556)
0(0.0, 12.005611130955426)
0(0.0, 11.996354680417879)
0(0.0, 11.971444625046674)
0(0.0, 11.967860115260768)
0(0.0, 11.940394282543336)
0(0.0, 11.9352232811527)
0(0.0, 11.919963724194979)
0(0.0, 11.917510494002315)
0(0.0, 11.883835081965326)
0(0.0, 11.880387068923085)
0(0.0, 11.85116782024027)
0(0.0, 11.849654728799528)
0(0.0, 11.83882899066813)
0(0.0, 11.835346559735715)
0(0.0, 11.77154592191139)
0(0.0, 11.758227341107649)
0(0.0, 11.757399383226145)
0(0.0, 11.749264491578764)
0(0.0, 11.743627485112285)
0(0.0, 11.720163838504229)
0(0.0, 11.710749391474444)
0(0.0, 11.710484841285492)
0(0.0, 11.702888653605461)
0(0.0, 11.698741676442193)
0(0.0, 11.698201216908542)
0(0.0, 11.69299656735193)
0(0.0, 11.69180234771021)
0(0.0, 11.687657975636611)
0(0.0, 11.682695513062576)
0(0.0, 11.667014577165011)
0(0.0, 11.66649128233326)
0(0.0, 11.656275772477473)
0(0.0, 11.65363213254484)
0(0.0, 11.653215356734165)
0(0.0, 11.651190915349824)
0(0.0, 11.650490707541021)
0(0.0, 11.633172061697614)
0(0.0, 11.619872435263252)
0(0.0, 11.603599511611465)
0(0.0, 11.601203689573051)
0(0.0, 11.594405743722136)
0(0.0, 11.563766134713772)
0(0.0, 11.537896506244156)
0(0.0, 11.529979353335081)
0(0.0, 11.516736118172396)
0(0.0, 11.503021197570074)
0(0.0, 11.496267365382055)
0(0.0, 11.496071035461531)
0(0.0, 11.493472672224128)
0(0.0, 11.47007271538998)
0(0.0, 11.458178612808402)
0(0.0, 11.447113078649807)
0(0.0, 11.431694813409175)
0(0.0, 11.41448395624465)
0(0.0, 11.413363476353718)
0(0.0, 11.411346381462216)
0(0.0, 11.403595796957896)
0(0.0, 11.387539860587552)
0(0.0, 11.356807844076558)
0(0.0, 11.346170800338271)
0(0.0, 11.31939935043102)
0(0.0, 11.31503394307743)
0(0.0, 11.309340848703439)
0(0.0, 11.306511249139398)
0(0.0, 11.301287624600166)
0(0.0, 11.300762769469868)
0(0.0, 11.298679099794558)
0(0.0, 11.247478123945315)
0(0.0, 11.237661092970999)
0(0.0, 11.232672946109288)
0(0.0, 11.228193478602282)
0(0.0, 11.22567302441604)
0(0.0, 11.216296263398222)
0(0.0, 11.213201424370347)
0(0.0, 11.212159936901495)
0(0.0, 11.210228659912358)
0(0.0, 11.19750901937456)
0(0.0, 11.188866560432931)
0(0.0, 11.184755686481306)
0(0.0, 11.182214723929745)
0(0.0, 11.179537668061768)
0(0.0, 11.171850452211645)
0(0.0, 11.166324781784033)
0(0.0, 11.163537784955317)
0(0.0, 11.163415381459213)
0(0.0, 11.157372524645291)
0(0.0, 11.156695874875334)
0(0.0, 11.14770999805037)
0(0.0, 11.132726455487273)
0(0.0, 11.101987272852755)
0(0.0, 11.100548122448139)
0(0.0, 11.096249183445176)
0(0.0, 11.084140366881535)
0(0.0, 11.074128463743207)
0(0.0, 11.066911509492371)
0(0.0, 11.060040191402187)
0(0.0, 11.046775716754578)
0(0.0, 11.044958850862967)
0(0.0, 11.040437188890193)
0(0.0, 11.03352854099025)
0(0.0, 11.023319531188635)
0(0.0, 11.015897305329606)
0(0.0, 11.009686144851244)
0(0.0, 11.008491467210781)
0(0.0, 11.005620748791632)
0(0.0, 11.005219053481472)
0(0.0, 10.99222831774137)
0(0.0, 10.991973966072264)
0(0.0, 10.983446489300315)
0(0.0, 10.975023614093868)
0(0.0, 10.973420335295899)
0(0.0, 10.971560525058422)
0(0.0, 10.968406164219786)
0(0.0, 10.95728702489942)
0(0.0, 10.949828066543061)
0(0.0, 10.91105375540748)
0(0.0, 10.909069500340973)
0(0.0, 10.90415646823565)
0(0.0, 10.902905671186552)
0(0.0, 10.897003019160024)
0(0.0, 10.880747568795401)
0(0.0, 10.86881516349538)
0(0.0, 10.864843912565156)
0(0.0, 10.86108342620055)
0(0.0, 10.856049657710182)
0(0.0, 10.847063320880103)
0(0.0, 10.84145334657248)
0(0.0, 10.816251727368659)
0(0.0, 10.81178695459131)
0(0.0, 10.80928493611475)
0(0.0, 10.802439735083738)
0(0.0, 10.793227051037475)
0(0.0, 10.784527321143385)
0(0.0, 10.777579842037701)
0(0.0, 10.764355781591386)
0(0.0, 10.759839168885701)
0(0.0, 10.757625883213436)
0(0.0, 10.754522485274922)
0(0.0, 10.750678823628164)
0(0.0, 10.745442529716293)
0(0.0, 10.743085271471418)
0(0.0, 10.740361485153292)
0(0.0, 10.731048390709391)
0(0.0, 10.730438813565263)
0(0.0, 10.713128523371495)
0(0.0, 10.706041179099346)
0(0.0, 10.696082306933954)
0(0.0, 10.679723472542191)
0(0.0, 10.64759762398723)
0(0.0, 10.624447220337617)
0(0.0, 10.624201042020495)
0(0.0, 10.613007815543543)
0(0.0, 10.594804488846988)
0(0.0, 10.587670112185961)
0(0.0, 10.587170780032617)
0(0.0, 10.583098569279432)
0(0.0, 10.580374289278444)
0(0.0, 10.57747190824404)
0(0.0, 10.569840685709595)
0(0.0, 10.565600759418071)
0(0.0, 10.5501066681174)
0(0.0, 10.55006337588192)
0(0.0, 10.546727790122977)
0(0.0, 10.545462018079947)
0(0.0, 10.536845287729752)
0(0.0, 10.529473243264848)
0(0.0, 10.521845519899339)
0(0.0, 10.521001287388513)
0(0.0, 10.516782259012855)
0(0.0, 10.508561765319758)
0(0.0, 10.50853493512733)
0(0.0, 10.506287625261884)
0(0.0, 10.504228756178968)
0(0.0, 10.500624076304813)
0(0.0, 10.499944016438263)
0(0.0, 10.494654277704727)
0(0.0, 10.480349351836884)
0(0.0, 10.467075157683839)
0(0.0, 10.466608085516421)
0(0.0, 10.452525888959304)
0(0.0, 10.45088421465877)
0(0.0, 10.444520482803323)
0(0.0, 10.442562178392818)
0(0.0, 10.424163937745801)
0(0.0, 10.418283054683455)
0(0.0, 10.418243982444192)
0(0.0, 10.417443554618725)
0(0.0, 10.417018370091684)
0(0.0, 10.397686831589528)
0(0.0, 10.388187478326874)
0(0.0, 10.371809466412538)
0(0.0, 10.36217004006042)
0(0.0, 10.35120299317537)
0(0.0, 10.350318184036592)
0(0.0, 10.313315849354668)
0(0.0, 10.308996544851114)
0(0.0, 10.2888616418119)
0(0.0, 10.283149734280418)
0(0.0, 10.276221858390992)
0(0.0, 10.26694286578251)
0(0.0, 10.251757785808458)
0(0.0, 10.246605017254161)
0(0.0, 10.235689807580822)
0(0.0, 10.21557308226812)
0(0.0, 10.20752645833434)
0(0.0, 10.189500620598231)
0(0.0, 10.182443494376916)
0(0.0, 10.167668794907831)
0(0.0, 10.150029216541224)
0(0.0, 10.148849235791742)
0(0.0, 10.142433436092166)
0(0.0, 10.140715601305077)
0(0.0, 10.138503667417947)
0(0.0, 10.134234502567603)
0(0.0, 10.118291044776681)
0(0.0, 10.102907445751388)
0(0.0, 10.095984549599837)
0(0.0, 10.083649811796016)
0(0.0, 10.077825728855583)
0(0.0, 10.06817345430062)
0(0.0, 10.05810955879159)
0(0.0, 10.05670010147862)
0(0.0, 10.04922380114131)
0(0.0, 10.016274889099957)
0(0.0, 10.008678938276871)
0(0.0, 10.003488861838935)
0(0.0, 10.003484211363567)
0(0.0, 9.992169423465326)
0(0.0, 9.991537309785386)
0(0.0, 9.986372745540976)
0(0.0, 9.98616256525959)
0(0.0, 9.958096672790106)
0(0.0, 9.947306025464199)
0(0.0, 9.943305358861123)
0(0.0, 9.938497666515167)
0(0.0, 9.933677971438618)
0(0.0, 9.925149364502898)
0(0.0, 9.924952503657458)
0(0.0, 9.89900456685073)
0(0.0, 9.895891063199121)
0(0.0, 9.880865048735638)
0(0.0, 9.875317408304973)
0(0.0, 9.87338193000691)
0(0.0, 9.863129471381546)
0(0.0, 9.861597779752378)
0(0.0, 9.837810782005365)
0(0.0, 9.829282712874443)
0(0.0, 9.827285319758209)
0(0.0, 9.825678150350972)
0(0.0, 9.824574468213106)
0(0.0, 9.78831925587788)
0(0.0, 9.77385727948764)
0(0.0, 9.772618260531765)
0(0.0, 9.763433525121473)
0(0.0, 9.751136843519452)
0(0.0, 9.744421155944128)
0(0.0, 9.717384814037002)
0(0.0, 9.714031006572673)
0(0.0, 9.713565493324042)
0(0.0, 9.698506803890048)
0(0.0, 9.692878484065007)
0(0.0, 9.668274475430632)
0(0.0, 9.657358969310025)
0(0.0, 9.644340438564814)
0(0.0, 9.633762933892795)
0(0.0, 9.632704843705904)
0(0.0, 9.628472305488442)
0(0.0, 9.603288676755703)
0(0.0, 9.584132627321003)
0(0.0, 9.575522656415048)
0(0.0, 9.573501928195926)
0(0.0, 9.567148971145775)
0(0.0, 9.564435143446573)
0(0.0, 9.533570703395307)
0(0.0, 9.508919151695975)
0(0.0, 9.506899854124901)
0(0.0, 9.489290826789336)
0(0.0, 9.486622119377804)
0(0.0, 9.485081516775436)
0(0.0, 9.475257682521514)
0(0.0, 9.459769998016906)
0(0.0, 9.423743663050866)
0(0.0, 9.422362414859444)
0(0.0, 9.399168484883614)
0(0.0, 9.39383477004002)
0(0.0, 9.368075083397207)
0(0.0, 9.354208224143187)
0(0.0, 9.347577090648963)
0(0.0, 9.337121078022756)
0(0.0, 9.320162580899753)
0(0.0, 9.319913742118832)
0(0.0, 9.310979741390083)
0(0.0, 9.290414514038172)
0(0.0, 9.283411324984035)
0(0.0, 9.276993445395915)
0(0.0, 9.275465754863442)
0(0.0, 9.264043058107704)
0(0.0, 9.258112869506242)
0(0.0, 9.243486908035772)
0(0.0, 9.214457993405826)
0(0.0, 9.21117388061744)
0(0.0, 9.166371324686832)
0(0.0, 9.147261004633542)
0(0.0, 9.133652825977677)
0(0.0, 9.133471287449975)
0(0.0, 9.123703174984408)
0(0.0, 9.05818186115832)
0(0.0, 9.055423075378375)
0(0.0, 9.048110820979703)
0(0.0, 8.999282421225278)
0(0.0, 8.987610933707474)
0(0.0, 8.974112928765527)
0(0.0, 8.96742494843223)
0(0.0, 8.951654318297694)
0(0.0, 8.89831203030199)
0(0.0, 8.8861846502269)
0(0.0, 8.883191941161845)
0(0.0, 8.882846365518965)
0(0.0, 8.852313299657775)
0(0.0, 8.851901863602778)
0(0.0, 8.851365447452551)
0(0.0, 8.819270593636867)
0(0.0, 8.796311869025887)
0(0.0, 8.7803719806493)
0(0.0, 8.766528958208912)
0(0.0, 8.76571780086709)
0(0.0, 8.764927440019553)
0(0.0, 8.732978787524422)
0(0.0, 8.724823370759555)
0(0.0, 8.72382524221618)
0(0.0, 8.709238983767985)
0(0.0, 8.707801120847687)
0(0.0, 8.690265729343293)
0(0.0, 8.68268779424597)
0(0.0, 8.651123394069371)
0(0.0, 8.634335564520509)
0(0.0, 8.532072482853053)
0(0.0, 8.527224311825883)
0(0.0, 8.522078599075058)
0(0.0, 8.444908978741683)
0(0.0, 8.419465464083112)
0(0.0, 8.385503688244246)
0(0.0, 8.338175238300497)
0(0.0, 8.251950758394056)
0(0.0, 8.085747816726565)
