1(0.48053464361981774, 0.559354165656209)
1(0.480666280641951, 0.5406550991081965)
1(0.6550102874416207, 0.714855203529724)
1(0.5267036356797737, 0.5818615954897844)
1(0.47186179691410995, 0.5208611684460678)
1(0.6058008583909795, 0.6414169891317979)
1(0.552655967204275, 0.5774828128343462)
1(0.37081625168755317, 0.3935994363210338)
1(0.45951238084699914, 0.47291980666196254)
1(0.39125231495044266, 0.4037554648527342)
1(0.47642604421537244, 0.4888847804260447)
1(0.536977075910535, 0.5478828418989405)
1(0.3666728850670047, 0.3762408265108678)
1(0.37552170900402043, 0.3844047046264357)
1(0.34262538089404043, 0.3498437169732698)
1(0.5291142845565349, 0.5345800718289025)
1(0.3521858345354958, 0.35750886914837143)
1(0.36707291554539606, 0.3715685010359326)
1(0.2973446818916808, 0.3005744008416483)
1(0.4538845212566086, 0.4559883714588416)
1(1.8145469890362986, 1.81577801137587)
1(0.48211901793884077, 0.4831803009418272)
1(1.579721906263287, 1.5807592570966362)
1(0.5568967292185806, 0.5568976724380224)
0(0.0, inf)
0(0.0, 1.8088432792973983)
0(0.0, 1.759923123119657)
0(0.0, 1.5790299439168836)
0(0.0, 1.4999997514212315)
0(0.0, 1.4876509359223993)
0(0.0, 0.6537561181577515)
0(0.0, 0.6478534856421526)
0(0.0, 0.635938308128177)
0(0.0, 0.599335747743926)
0(0.0, 0.5544908941570128)
0(0.0, 0.5492420380887977)
0(0.0, 0.5386815790174329)
0(0.0, 0.5089414474668327)
0(0.0, 0.49997001126696533)
0(0.0, 0.4916531404947914)
0(0.0, 0.4861123937356704)
0(0.0, 0.47551951337225246)
0(0.0, 0.47072279684206747)
0(0.0, 0.4685063414905723)
0(0.0, 0.46823831400966487)
0(0.0, 0.46663357457174587)
0(0.0, 0.45732967041993583)
0(0.0, 0.4536637810228542)
0(0.0, 0.4520070629374523)
0(0.0, 0.44829512325864496)
0(0.0, 0.4476309931082347)
0(0.0, 0.44725149100678335)
0(0.0, 0.4432482632846882)
0(0.0, 0.44002149262517026)
0(0.0, 0.4376989312592165)
0(0.0, 0.4356318878141046)
0(0.0, 0.43387538356919747)
0(0.0, 0.42711820475736206)
0(0.0, 0.4227831210005311)
0(0.0, 0.42108828375541835)
0(0.0, 0.42047228975713336)
0(0.0, 0.4156165703723498)
0(0.0, 0.41459173540968675)
0(0.0, 0.4128423925913244)
0(0.0, 0.4116449441678235)
0(0.0, 0.40979440030380326)
0(0.0, 0.40858686168521197)
0(0.0, 0.4075546002498006)
0(0.0, 0.4065495859149456)
0(0.0, 0.4054926327980314)
0(0.0, 0.4039193109769413)
0(0.0, 0.40136809781611965)
0(0.0, 0.3976418782077272)
0(0.0, 0.39743481827552063)
0(0.0, 0.3958721963390812)
0(0.0, 0.3949397871014544)
0(0.0, 0.39322311875383015)
0(0.0, 0.3928742882524797)
0(0.0, 0.39213927928226294)
0(0.0, 0.39140958628812395)
0(0.0, 0.3891234562301243)
0(0.0, 0.3870351378435677)
0(0.0, 0.38637077168400263)
0(0.0, 0.3849418681796759)
0(0.0, 0.38004523781984423)
0(0.0, 0.3764139847258971)
0(0.0, 0.3749541759028917)
0(0.0, 0.3746985208835492)
0(0.0, 0.3741309474542671)
0(0.0, 0.37303293583564084)
0(0.0, 0.37246605759592705)
0(0.0, 0.37215632324872916)
0(0.0, 0.3708368095690861)
0(0.0, 0.3704654572943249)
0(0.0, 0.36893769381398434)
0(0.0, 0.36645108270205823)
0(0.0, 0.36581694390402214)
0(0.0, 0.36333289118420764)
0(0.0, 0.36332141076583685)
0(0.0, 0.3630286161169893)
0(0.0, 0.3624341759562617)
0(0.0, 0.3615177179103224)
0(0.0, 0.3609229884503423)
0(0.0, 0.36007220060971595)
0(0.0, 0.35911509278951564)
0(0.0, 0.35868183695671285)
0(0.0, 0.3584005778495607)
0(0.0, 0.358095620554016)
0(0.0, 0.3579276810401275)
0(0.0, 0.3578936162474507)
0(0.0, 0.3564740703531758)
0(0.0, 0.3564244386516218)
0(0.0, 0.3545088657252314)
0(0.0, 0.3543031128639265)
0(0.0, 0.35409451053250335)
0(0.0, 0.3508717130635352)
0(0.0, 0.3489197464204053)
0(0.0, 0.34804826259921895)
0(0.0, 0.34764245825058854)
0(0.0, 0.3465035896447594)
0(0.0, 0.34625811049882427)
0(0.0, 0.34614347988754723)
0(0.0, 0.34587251206035785)
0(0.0, 0.344151208370373)
0(0.0, 0.34391762582405294)
0(0.0, 0.3430153692300346)
0(0.0, 0.3426495617219663)
0(0.0, 0.342296704951543)
0(0.0, 0.3420657027451338)
0(0.0, 0.34185094319868137)
0(0.0, 0.34030036383013434)
0(0.0, 0.3400781285498299)
0(0.0, 0.3396729408010161)
0(0.0, 0.33947982291541884)
0(0.0, 0.33873168539792337)
0(0.0, 0.33849759962725867)
0(0.0, 0.33536913591280626)
0(0.0, 0.3342766744535738)
0(0.0, 0.3306296129247637)
0(0.0, 0.32826548753025725)
0(0.0, 0.3280330791944434)
0(0.0, 0.32631774319653345)
0(0.0, 0.3252594372227861)
0(0.0, 0.32470369445280484)
0(0.0, 0.32468264198077973)
0(0.0, 0.3209550541977238)
0(0.0, 0.3192884922894302)
0(0.0, 0.313889724715294)
0(0.0, 0.31279864494297477)
0(0.0, 0.311000194090295)
0(0.0, 0.31035649577997687)
0(0.0, 0.3101055338248053)
0(0.0, 0.3089138285165456)
0(0.0, 0.3071097629697216)
0(0.0, 0.3066930049299393)
0(0.0, 0.30562954621745675)
0(0.0, 0.3010957581724248)
0(0.0, 0.30040086397890303)
0(0.0, 0.3000909462075727)
0(0.0, 0.29919568384811007)
0(0.0, 0.2961704318921207)
0(0.0, 0.2922346977764031)
0(0.0, 0.2893104035313449)
0(0.0, 0.2885871130475787)
0(0.0, 0.28776015416161554)
0(0.0, 0.2853680424363769)
0(0.0, 0.27237815281136524)
0(0.0, 0.24467312922661072)
