1(0.11795459211658865, 0.14569408821002772)
1(0.11019157536552171, 0.13436767973129726)
1(0.10839984465551344, 0.1316835320004991)
1(0.13222763871092058, 0.1549235585669504)
1(0.06539915114470696, 0.08731435863230708)
1(0.08381689302806594, 0.10359423765880948)
1(0.08992126745778528, 0.10962364126093072)
1(0.06656851770402139, 0.08584214024569492)
1(0.07997404541250663, 0.09833366159448176)
1(0.07414094474537081, 0.09154380795982331)
1(0.1365847480231368, 0.1536057537113148)
1(0.0802247782188662, 0.09712145023405172)
1(0.1323303816028415, 0.1483940287536788)
1(0.11510902547594581, 0.13097160242339556)
1(0.15564692523067214, 0.17137217220831846)
1(0.07225219995494969, 0.08780313352016411)
1(0.0780550446214231, 0.09317323672217659)
1(0.07482717481861478, 0.08962069273826423)
1(0.10701394082614846, 0.12171388588494947)
1(0.08847575351630921, 0.10296295597603544)
1(0.1260377695171302, 0.14030318158075983)
1(0.08024062506841823, 0.09436773269663712)
1(0.12064866663101437, 0.1346568002415537)
1(0.06896549281487663, 0.08292934994259382)
1(0.06487083284195305, 0.07850073384903611)
1(0.08480355515839055, 0.09800590004665255)
1(0.13967908553040764, 0.15260306525292566)
1(0.17377825742882158, 0.18568190626864534)
1(0.0712845456450466, 0.08311761228561954)
1(0.11972737278645429, 0.1310987522613598)
1(0.07319791305081302, 0.08437721843462431)
1(0.15421674827789766, 0.16531752507645903)
1(0.06407365463042691, 0.07516420961968062)
1(0.11252871839819045, 0.123278256599056)
1(0.0808226566750544, 0.09146343409326718)
1(0.1007138960874141, 0.11106472379451138)
1(0.1114138220338251, 0.12171388588494947)
1(0.06100209686543079, 0.07004373096879435)
1(0.12040787981833811, 0.12944020803405965)
1(0.08674655810539267, 0.09563909036274076)
1(0.11959089022646985, 0.1282934330217237)
1(0.07752289292244585, 0.08615732140593868)
1(0.09424869128265512, 0.10282765858842036)
1(0.14535197399042288, 0.15384181112671091)
1(0.09547057663178127, 0.10392625456305804)
1(0.1560036035805621, 0.16428066607823377)
1(1.360654088814493, 1.368599597308915)
1(0.12036165128658805, 0.1282441932820213)
1(0.07048116862275944, 0.0783288965499569)
1(0.07363044092412241, 0.08141517518809882)
1(0.0777341834627151, 0.08547212143129923)
1(0.1141886809906345, 0.12181944841128534)
1(0.13164517607021864, 0.13921472766646237)
1(0.09155708482268665, 0.09905898476180464)
1(0.12883083714867571, 0.13627115660188083)
1(0.1001550743344326, 0.10749132922958404)
1(0.07385489093666753, 0.08112382823440534)
1(0.13861049488309218, 0.14580281891233215)
1(0.09965697258608908, 0.10678248600246965)
1(0.11645479000907388, 0.12356589033911791)
1(0.09510610632484495, 0.10209508813741619)
1(0.12249692258053402, 0.12944020803405965)
1(0.07973287014467767, 0.08664060202137458)
1(0.13282438908196037, 0.13969073411409083)
1(0.09023397445909076, 0.09691440142144248)
1(0.08855205409480216, 0.09521629374238116)
1(0.10672521725416317, 0.11332573426854697)
1(0.1213721918129742, 0.1279397062529286)
1(0.12748158479406935, 0.13373682621489258)
1(0.06080918555945902, 0.06690424140983353)
1(0.07417486158888587, 0.08026005789745516)
1(0.056991793784836986, 0.06303448911438048)
1(0.08684651684441091, 0.09275391485179385)
1(0.14639345997145037, 0.1522975643531882)
1(0.11097445935211725, 0.11585078225121603)
1(0.07874387316986853, 0.08353410140114992)
1(0.1453714560933772, 0.1499478375474672)
1(0.09802574143742537, 0.10256769440920199)
1(0.08142302643344046, 0.08594669845751157)
1(0.14220686072517497, 0.14659759293864372)
1(0.0758761697061372, 0.08026005789745516)
1(0.07407382215990643, 0.07837721977657741)
1(0.16642014202552735, 0.17062122639177224)
1(0.08404917618546826, 0.08810151467848437)
1(0.0780860617078859, 0.08200105782969969)
1(0.05462431058183648, 0.058471793586539755)
1(0.11024114394689188, 0.11405854727552023)
1(0.10213824875836963, 0.10593541203826207)
1(0.07752365208166256, 0.08123181303381444)
1(0.06012316422252395, 0.06380974959428176)
1(0.1353708960847454, 0.13905416534924153)
1(0.11119131482740607, 0.11484699680769139)
1(0.11476872352532186, 0.1183784432003615)
1(0.10766120134836965, 0.11126897918548662)
1(0.11635504971520005, 0.11991546365763839)
1(0.07885012712917261, 0.0823486591272855)
1(0.14346174578942816, 0.14682050346207864)
1(0.13574398378108765, 0.13905840070430653)
1(0.07801387909850943, 0.08124732351350361)
1(0.21220823138437628, 0.21527605462677935)
1(0.07990643484199433, 0.08264574808279024)
1(0.06308201082210496, 0.06578895760352665)
1(0.08313429923621796, 0.08582303075367148)
1(0.08254493782265304, 0.08518780884159849)
1(0.08530914695611258, 0.08779256935627022)
1(0.09334689527169526, 0.09578049234720898)
1(0.14214062416665885, 0.14449364348021332)
1(0.08028454083161674, 0.08254476388006138)
1(0.09563652729683925, 0.09789367167134233)
1(0.09254526758551418, 0.09471120517282783)
1(0.10371544881316608, 0.10564764039750618)
1(0.07812424583316002, 0.08004796554741866)
1(0.07102511345716112, 0.07285977292534207)
1(0.12049516038920571, 0.12232943869377977)
1(0.06276261894689561, 0.06454543525260281)
1(0.14379357684279737, 0.14554842287516723)
1(0.08219612631929163, 0.08387198886634262)
1(0.1186694220537563, 0.12034108631274631)
1(0.10642513217752969, 0.10806404608007203)
1(0.1561767394234016, 0.1577391669542798)
1(0.07840718883290954, 0.0799625926825499)
1(0.06924663180491386, 0.07056459935962267)
1(0.12169127516334943, 0.12288133500521525)
1(0.07958673563637897, 0.08072684370263838)
1(0.10455116452056212, 0.10564764039750618)
1(0.0052062835853102785, 0.006259728548163479)
1(0.05524211398407408, 0.05628831706367465)
1(0.07030309929450052, 0.07128456463375887)
1(0.17954505631991569, 0.180482525754893)
1(0.0048476979840388346, 0.0057618597340436395)
1(0.0803177147716958, 0.08123181303381444)
1(0.007788505484836672, 0.008678913174598124)
1(0.0796479176665591, 0.08050951562201603)
1(0.006039697349372708, 0.006889075569737058)
1(0.004333154091729963, 0.005176227436616276)
1(0.0044185547777599865, 0.005208921996647464)
1(0.003422758341026011, 0.004213066392028675)
1(0.0625111003118598, 0.06329642560792281)
1(0.18469084263990254, 0.18545950188622706)
1(0.11709681338658173, 0.11778718047680381)
1(0.004926093766989048, 0.005615029136704752)
1(0.12797410080478577, 0.12864901549445362)
1(0.005925827399820283, 0.006598866491268618)
1(0.0063898575110504785, 0.007048221268630472)
1(0.004027634249201606, 0.004676019018473698)
1(0.010271999727602066, 0.010915208932472664)
1(0.0042936119466417955, 0.004936363810783773)
1(0.006011438059235985, 0.006651615412796796)
1(0.0068980615330351824, 0.007528210888667952)
1(0.004056543569370019, 0.004684239460529094)
1(0.00491903115964587, 0.005546284682828584)
1(0.10235183253285651, 0.10296295597603544)
1(0.09499652351620225, 0.09559999284913223)
1(0.06918912020804402, 0.06979060236006562)
1(0.004056149184433977, 0.004655294701681911)
1(0.006464976573838488, 0.007059065634582917)
1(0.11867798316259848, 0.11926049542883244)
1(0.10191750631111895, 0.10249402788399109)
1(0.004375286958362423, 0.00494613301214919)
1(0.0930018699089118, 0.09356407133659239)
1(0.008382031745064022, 0.008907157478604932)
1(0.006542102400298844, 0.0070664111753330205)
1(0.008093615902117213, 0.008602381222490685)
1(0.003362511538713253, 0.0038683332819893224)
1(0.004145448684674702, 0.004651173997099467)
1(0.0041040276579384916, 0.004593212741953234)
1(0.003190678009807879, 0.0036668027577092532)
1(0.12778199982186766, 0.1282441932820213)
1(0.004469167818316966, 0.004930447206487609)
1(0.004010699817717733, 0.004470943011496864)
1(0.00516662920728006, 0.005615029136704752)
1(0.08875794264797099, 0.08919720514592688)
1(0.08653346171240028, 0.08695214606146351)
1(0.004622275951251087, 0.005040021329870026)
1(0.01144600337699464, 0.011861368485275636)
1(0.004035798506961341, 0.0044341207752017775)
1(0.004338102068783378, 0.004716154092182623)
1(0.004152305483067553, 0.004506340182127477)
1(0.0057182933571866545, 0.006060528500478557)
1(0.00491433242414685, 0.0052563703054281374)
1(0.003257303925761179, 0.0035953452078317794)
1(0.004037804091798991, 0.0043642995057057155)
1(0.005614921674316542, 0.005941294310897072)
1(0.004674002311966907, 0.005000162342281955)
1(0.0063069920481764186, 0.006623733372785323)
1(0.006030139980596649, 0.006337844703898643)
1(0.0915409410071436, 0.09184558275438093)
1(0.006756143136553261, 0.007059065634582917)
1(0.007734193545643198, 0.008031509522606672)
1(0.0031160662640848935, 0.003409402475335388)
1(0.004097576599036645, 0.00438973771245621)
1(0.00456793022622759, 0.004858837377350156)
1(0.005400363292534682, 0.005660435670166164)
1(0.004354237390923221, 0.004603737854329215)
1(0.14292369073850286, 0.1431724034094799)
1(0.0062012094944488005, 0.006444682104896127)
1(0.00469661991609438, 0.004935823882714185)
1(0.004396730063988885, 0.0046201306347135596)
1(0.004667993926385394, 0.004891136103276739)
1(0.0034194451316212904, 0.003631484050445999)
1(0.005030886879983765, 0.005232436423091458)
1(0.0034764276951003703, 0.0036683724819610575)
1(0.004512931760355943, 0.004703156679693787)
1(0.004437831279705207, 0.004627446945317137)
1(0.0027887565859013863, 0.0029741809094260274)
1(0.004394760307689816, 0.0045747912016199654)
1(0.005965341377557665, 0.006141134543049098)
1(0.005202861143944748, 0.005373574168273443)
1(0.00366129988622943, 0.0038311679855341785)
1(0.004582955443511505, 0.004752718193200889)
1(0.006839657522464515, 0.007007527995994467)
1(0.004613543074264315, 0.004780522558758715)
1(0.004236113619300541, 0.0044006024366940455)
1(0.004518689230301742, 0.00467943340842103)
1(0.004699864344729909, 0.004856630575133525)
1(0.011076908729313328, 0.011231886927840717)
1(0.003028264417184956, 0.0031770991282711325)
1(0.004443066573545096, 0.004590848587857743)
1(0.007327750014526568, 0.00747150447329803)
1(0.005458296885267666, 0.005597706920022816)
1(0.0037169358257723717, 0.003856160819520338)
1(0.008143978420687814, 0.00827560987337006)
1(0.006223581464872119, 0.006348984053810347)
1(0.005155685044953007, 0.005279986454951091)
1(0.007355664890215552, 0.00747746496782653)
1(0.0042396469882339805, 0.004360731255090511)
1(0.004922438090203984, 0.0050434461726980295)
1(0.004250776099170017, 0.004370450673734427)
1(0.004172742165018173, 0.004280225344626243)
1(0.005896788186672275, 0.005997895000467768)
1(0.005439385037654509, 0.005532898877077974)
1(0.004497239078391391, 0.0045747912016199654)
1(0.0029820085291911713, 0.0030560364971805587)
1(0.004513600564750253, 0.004586840312243878)
1(0.006818164856116304, 0.006888775083578658)
1(0.004371083908122131, 0.0044341207752017775)
1(0.004834774761721561, 0.004896999259003332)
1(0.0041356053992521735, 0.004197742964321516)
1(0.008698106930911775, 0.008760242174145061)
1(0.00444960674136996, 0.004505874396690035)
1(0.005430152062858573, 0.005483399371374875)
1(0.004541202826794377, 0.004587476471683893)
1(0.003584019983124631, 0.003629183700832761)
1(0.0064185421387745745, 0.0064586078527983926)
1(0.0051840917880083826, 0.005222412234222373)
1(0.005003627786083986, 0.005041697394805644)
1(0.004350139054117519, 0.004387737515349155)
1(0.00589494134620383, 0.005930997790996262)
1(0.006721202542574245, 0.006755167944313523)
1(0.004418657966309136, 0.004446882309552258)
1(0.0048074289676941495, 0.004830465270914797)
1(0.0075197697198602365, 0.007530426162592585)
1(0.004022901718469307, 0.004030130604092741)
0(0.0, inf)
0(0.0, 0.6055427806324569)
0(0.0, 0.3385174261231739)
0(0.0, 0.2553450852401511)
0(0.0, 0.23348101724130466)
0(0.0, 0.23002542568598938)
0(0.0, 0.20993184115646601)
0(0.0, 0.19539672128289487)
0(0.0, 0.19068391492447612)
0(0.0, 0.18836615239641885)
0(0.0, 0.1872721540945106)
0(0.0, 0.18405419383697919)
0(0.0, 0.18374341670524108)
0(0.0, 0.17913247053107217)
0(0.0, 0.1697863685294524)
0(0.0, 0.16899967063982202)
0(0.0, 0.16742146777278988)
0(0.0, 0.16208469866923514)
0(0.0, 0.16182229401330583)
0(0.0, 0.16082879499111202)
0(0.0, 0.1592725488524246)
0(0.0, 0.1591954415070177)
0(0.0, 0.15826988336434789)
0(0.0, 0.15554222454842748)
0(0.0, 0.15523366517827986)
0(0.0, 0.14781806185398938)
0(0.0, 0.145236040561331)
0(0.0, 0.14298771691905088)
0(0.0, 0.14234060999335074)
0(0.0, 0.14037014771146217)
0(0.0, 0.1389471238990877)
0(0.0, 0.1387598519398181)
0(0.0, 0.13815844836458746)
0(0.0, 0.1378364174786295)
0(0.0, 0.1347470475406355)
0(0.0, 0.1333082837773445)
0(0.0, 0.1332612841591726)
0(0.0, 0.1327628471198835)
0(0.0, 0.13089536626161902)
0(0.0, 0.1302424768379732)
0(0.0, 0.12586149445597838)
0(0.0, 0.1227550724944455)
0(0.0, 0.12268637137423832)
0(0.0, 0.12232716201318716)
0(0.0, 0.12177571153136602)
0(0.0, 0.12131064881852427)
0(0.0, 0.12071911353252907)
0(0.0, 0.12048871911709491)
0(0.0, 0.11741041946069819)
0(0.0, 0.11722784852440704)
0(0.0, 0.11696006598660025)
0(0.0, 0.11644136911913372)
0(0.0, 0.11564245054743116)
0(0.0, 0.11527297637147393)
0(0.0, 0.11493255456542051)
0(0.0, 0.11311334152400032)
0(0.0, 0.11225982188342654)
0(0.0, 0.11216912486380493)
0(0.0, 0.11196045997935322)
0(0.0, 0.11177065387916063)
0(0.0, 0.11165953181785271)
0(0.0, 0.11094817624771391)
0(0.0, 0.11082246761962855)
0(0.0, 0.11052229346170106)
0(0.0, 0.10940481503944866)
0(0.0, 0.10917191170690588)
0(0.0, 0.10847140745299244)
0(0.0, 0.10804047338538725)
0(0.0, 0.10773751370774498)
0(0.0, 0.10771859603853318)
0(0.0, 0.10661514815664574)
0(0.0, 0.10659409131737252)
0(0.0, 0.10628776847388077)
0(0.0, 0.10623561819517702)
0(0.0, 0.10568348637713099)
0(0.0, 0.10559015663516613)
0(0.0, 0.10555782524412372)
0(0.0, 0.10555722475844675)
0(0.0, 0.10485722483512228)
0(0.0, 0.10264178766741783)
0(0.0, 0.10245026679983327)
0(0.0, 0.10185242622868707)
0(0.0, 0.10149604377031995)
0(0.0, 0.10136647659323528)
0(0.0, 0.1013358663259637)
0(0.0, 0.1004818402852975)
0(0.0, 0.09961662072736788)
0(0.0, 0.09942247969316487)
0(0.0, 0.09920257032808577)
0(0.0, 0.09847802994048693)
0(0.0, 0.09834116209081312)
0(0.0, 0.0977794585960502)
0(0.0, 0.09766214021459818)
0(0.0, 0.09695664412509164)
0(0.0, 0.09685070625378933)
0(0.0, 0.09682033984169047)
0(0.0, 0.09601382363049027)
0(0.0, 0.09598988225407357)
0(0.0, 0.0956530609231191)
0(0.0, 0.09539402503156758)
0(0.0, 0.09522176757622436)
0(0.0, 0.09512110791577999)
0(0.0, 0.09427542414913181)
0(0.0, 0.09416550635437249)
0(0.0, 0.09368419556314156)
0(0.0, 0.09366273616941367)
0(0.0, 0.09319293090056224)
0(0.0, 0.09263359284070771)
0(0.0, 0.09238182164457476)
0(0.0, 0.09075616882982773)
0(0.0, 0.08957749486116173)
0(0.0, 0.08887259241818002)
0(0.0, 0.0880409242145832)
0(0.0, 0.08721840325182717)
0(0.0, 0.08640038012095297)
0(0.0, 0.08564979836797659)
0(0.0, 0.08548696943886935)
0(0.0, 0.08314249932491236)
0(0.0, 0.08136781787054048)
0(0.0, 0.08028259722976916)
0(0.0, 0.07973146105364126)
0(0.0, 0.07960106613348084)
0(0.0, 0.0791281601881696)
0(0.0, 0.07909654505168451)
0(0.0, 0.07894344186793778)
0(0.0, 0.07889796838532437)
0(0.0, 0.07873564860903448)
0(0.0, 0.07829451631698814)
0(0.0, 0.07779173395683703)
0(0.0, 0.07764741856600121)
0(0.0, 0.07623085904418558)
0(0.0, 0.0761138607205788)
0(0.0, 0.07590029858207337)
0(0.0, 0.07581028693298064)
0(0.0, 0.07552682527199628)
0(0.0, 0.07371400541188122)
0(0.0, 0.07331164785615663)
0(0.0, 0.0732891466425849)
0(0.0, 0.0731683082392508)
0(0.0, 0.0730371219854361)
0(0.0, 0.07303096708943868)
0(0.0, 0.07298626629011129)
0(0.0, 0.07281551944939813)
0(0.0, 0.07264966907169434)
0(0.0, 0.0722608192187486)
0(0.0, 0.0711275283832965)
0(0.0, 0.07089963840445135)
0(0.0, 0.070673189696836)
0(0.0, 0.07000213405803313)
0(0.0, 0.0696525644259196)
0(0.0, 0.06951508014486929)
0(0.0, 0.06911684884967928)
0(0.0, 0.06887648265953783)
0(0.0, 0.0686434045445351)
0(0.0, 0.06822574465637421)
0(0.0, 0.06780200680800541)
0(0.0, 0.06778470529496772)
0(0.0, 0.06756239794069785)
0(0.0, 0.06744811713890742)
0(0.0, 0.06725692878108602)
0(0.0, 0.06702014246901178)
0(0.0, 0.06639070114959067)
0(0.0, 0.06637898395802866)
0(0.0, 0.06603968184281295)
0(0.0, 0.06581262934710197)
0(0.0, 0.06579634516612765)
0(0.0, 0.06550740938420141)
0(0.0, 0.06535213224627201)
0(0.0, 0.06509801665674675)
0(0.0, 0.06476820698153207)
0(0.0, 0.06464870871151462)
0(0.0, 0.06457184361434154)
0(0.0, 0.0644622708843231)
0(0.0, 0.06438728451323616)
0(0.0, 0.06421578082329482)
0(0.0, 0.06345277177208819)
0(0.0, 0.06325444938596558)
0(0.0, 0.06295557898264836)
0(0.0, 0.0628236687289151)
0(0.0, 0.0627169282115757)
0(0.0, 0.06261587180610684)
0(0.0, 0.062488767331598694)
0(0.0, 0.062172725101584225)
0(0.0, 0.06213183748473716)
0(0.0, 0.06187387060428351)
0(0.0, 0.061680904331358866)
0(0.0, 0.06134398398724927)
0(0.0, 0.06129799605122799)
0(0.0, 0.061143863444526936)
0(0.0, 0.06050445439179175)
0(0.0, 0.06037050816341161)
0(0.0, 0.06012800533324969)
0(0.0, 0.05982326808020555)
0(0.0, 0.05976358047536434)
0(0.0, 0.058974828818418756)
0(0.0, 0.05887273061792386)
0(0.0, 0.056400124286582365)
0(0.0, 0.05624991357126852)
0(0.0, 0.05553742916483162)
0(0.0, 0.05536090534927662)
0(0.0, 0.05495611744055873)
0(0.0, 0.05407700214808664)
0(0.0, 0.05406917676596379)
0(0.0, 0.053830579735833384)
0(0.0, 0.053590278966868854)
0(0.0, 0.052909098064136906)
0(0.0, 0.05287714595216886)
0(0.0, 0.05277975793291445)
0(0.0, 0.052534220691631384)
0(0.0, 0.05226253186016094)
0(0.0, 0.05161832566018654)
0(0.0, 0.05147527807818786)
0(0.0, 0.051031907298039414)
0(0.0, 0.050473149583789456)
0(0.0, 0.05018271201406177)
0(0.0, 0.04964974504500674)
0(0.0, 0.049039857323114444)
0(0.0, 0.047236153994341556)
0(0.0, 0.046876403797962096)
0(0.0, 0.04636948593358847)
0(0.0, 0.0457774091616403)
0(0.0, 0.0432526484627076)
0(0.0, 0.04081725397009439)
0(0.0, 0.039470239468691215)
0(0.0, 0.03436900433767043)
0(0.0, 0.030607305868075252)
0(0.0, 0.015568435929441016)
0(0.0, 0.014171575265174208)
0(0.0, 0.011672315002554612)
0(0.0, 0.01100669772172791)
0(0.0, 0.01096707073505132)
0(0.0, 0.01069909761457899)
0(0.0, 0.010567032179589764)
0(0.0, 0.010381796513533437)
0(0.0, 0.010381654721483446)
0(0.0, 0.009975072170879229)
0(0.0, 0.009710107600840012)
0(0.0, 0.009285995692231541)
0(0.0, 0.009204990061301488)
0(0.0, 0.008993193188769122)
0(0.0, 0.008723932687033531)
0(0.0, 0.008684235344604607)
0(0.0, 0.008384802652481316)
0(0.0, 0.008323860426974528)
0(0.0, 0.008271800771541549)
0(0.0, 0.008023501136331879)
0(0.0, 0.007918500094072578)
0(0.0, 0.007766546564013321)
0(0.0, 0.007722291571938711)
0(0.0, 0.007541577899520591)
0(0.0, 0.007362142601077926)
0(0.0, 0.007354405898313043)
0(0.0, 0.007309291416284336)
0(0.0, 0.0072380585413545084)
0(0.0, 0.007199625520862729)
0(0.0, 0.007165807055726003)
0(0.0, 0.007164296740726828)
0(0.0, 0.0069385292947534705)
0(0.0, 0.006858526898707584)
0(0.0, 0.006855482668686963)
0(0.0, 0.006837738792536352)
0(0.0, 0.006778859211707289)
0(0.0, 0.006760461764801162)
0(0.0, 0.006743687662582265)
0(0.0, 0.006572618337267411)
0(0.0, 0.0065594473767891515)
0(0.0, 0.00654641294997893)
0(0.0, 0.006524570068819346)
0(0.0, 0.006463235925719069)
0(0.0, 0.006351318511995219)
0(0.0, 0.006346332263064136)
0(0.0, 0.006315636980266048)
0(0.0, 0.006293460915406834)
0(0.0, 0.006189745171597538)
0(0.0, 0.006183702353928289)
0(0.0, 0.006054999327528954)
0(0.0, 0.00604411486076184)
0(0.0, 0.00604401720947878)
0(0.0, 0.005969358594704266)
0(0.0, 0.005961650085001158)
0(0.0, 0.0059431336796633705)
0(0.0, 0.005922084838358321)
0(0.0, 0.005886660842906899)
0(0.0, 0.0058705811843869915)
0(0.0, 0.005864274281983106)
0(0.0, 0.005851251572620453)
0(0.0, 0.005821759526440928)
0(0.0, 0.005818244989815313)
0(0.0, 0.005816152753855164)
0(0.0, 0.00579999527857078)
0(0.0, 0.005791549845634236)
0(0.0, 0.005721672473802508)
0(0.0, 0.005648681614982887)
0(0.0, 0.005617177224320646)
0(0.0, 0.005594120176481088)
0(0.0, 0.005553041306105899)
0(0.0, 0.005545085422522744)
0(0.0, 0.005530178682012221)
0(0.0, 0.005521073895446538)
0(0.0, 0.005434167932893197)
0(0.0, 0.005434143295412697)
0(0.0, 0.005318486954293489)
0(0.0, 0.005272485270618521)
0(0.0, 0.005234055847888386)
0(0.0, 0.005232612544628257)
0(0.0, 0.005147979015515336)
0(0.0, 0.0051439140024008845)
0(0.0, 0.005132324508535069)
0(0.0, 0.005127577659166382)
0(0.0, 0.005119492206653975)
0(0.0, 0.005067434199299892)
0(0.0, 0.004982476353064591)
0(0.0, 0.00496806892254209)
0(0.0, 0.004946346619180475)
0(0.0, 0.004933153323058992)
0(0.0, 0.004896065326914334)
0(0.0, 0.004870258937639371)
0(0.0, 0.0047751793168926415)
0(0.0, 0.004695759433257285)
0(0.0, 0.004695239953131258)
0(0.0, 0.004692986654850295)
0(0.0, 0.004689482507907905)
0(0.0, 0.004672256639233763)
0(0.0, 0.004655623123237751)
0(0.0, 0.004540155446705163)
0(0.0, 0.004533406038469301)
0(0.0, 0.004458056516586151)
0(0.0, 0.0044466363457051905)
0(0.0, 0.004446602504820096)
0(0.0, 0.004405070153362778)
0(0.0, 0.004393220366247452)
0(0.0, 0.004384869628818455)
0(0.0, 0.004382770421650917)
0(0.0, 0.004351153213141945)
0(0.0, 0.004320519780739107)
0(0.0, 0.004301194378924511)
0(0.0, 0.004282083702537687)
0(0.0, 0.004244204242131233)
0(0.0, 0.004237599031294392)
0(0.0, 0.004235442019312252)
0(0.0, 0.004210794411358965)
0(0.0, 0.004191981307741122)
0(0.0, 0.004175686649648402)
0(0.0, 0.004148767795409514)
0(0.0, 0.0041360006218200684)
0(0.0, 0.004084094006603589)
0(0.0, 0.004066319054226608)
0(0.0, 0.004062257379404244)
0(0.0, 0.0040501373326631285)
0(0.0, 0.00403207928960303)
0(0.0, 0.0040044023328061895)
0(0.0, 0.004000149272805564)
0(0.0, 0.003986301395784708)
0(0.0, 0.003970799311317608)
0(0.0, 0.003964609566053379)
0(0.0, 0.0039460592539276584)
0(0.0, 0.003931429031575839)
0(0.0, 0.003891281511243627)
0(0.0, 0.003803338998346839)
0(0.0, 0.0037859103116962833)
0(0.0, 0.003784934343983415)
0(0.0, 0.0037740863558306526)
0(0.0, 0.0037710180070811283)
0(0.0, 0.0037639193243426128)
0(0.0, 0.003756316061173659)
0(0.0, 0.0037550757722745187)
0(0.0, 0.0037506581069883804)
0(0.0, 0.0037415626952528314)
0(0.0, 0.0037378666433666163)
0(0.0, 0.003736318027937835)
0(0.0, 0.003732432237972483)
0(0.0, 0.0037302897850501893)
0(0.0, 0.003698228608086329)
0(0.0, 0.0036606168301560604)
0(0.0, 0.0036430195545923416)
0(0.0, 0.003638993302900073)
0(0.0, 0.0036034523266764706)
0(0.0, 0.0035800408299024866)
0(0.0, 0.003573722727280182)
0(0.0, 0.003554662447265655)
0(0.0, 0.003532201664536716)
0(0.0, 0.0035020813752084656)
0(0.0, 0.0034109200835290565)
0(0.0, 0.003407498368960704)
0(0.0, 0.0034047489274144915)
0(0.0, 0.003401125592376597)
0(0.0, 0.00338538964658619)
0(0.0, 0.0033766785610162)
0(0.0, 0.003351099511645139)
0(0.0, 0.0033465524283536885)
0(0.0, 0.003333474283168325)
0(0.0, 0.0033129860020773005)
0(0.0, 0.003287395271817095)
0(0.0, 0.0032761690770181096)
0(0.0, 0.003262893279314172)
0(0.0, 0.0032317090699890416)
0(0.0, 0.0031881807951198438)
0(0.0, 0.0031771726062816974)
0(0.0, 0.0031506219987227357)
0(0.0, 0.0031247942585103106)
0(0.0, 0.0031131419381557057)
0(0.0, 0.0030846197656710928)
0(0.0, 0.003049285251363276)
0(0.0, 0.0030315879651326982)
0(0.0, 0.0030004731986862376)
0(0.0, 0.002942136680717966)
0(0.0, 0.002935831139183054)
0(0.0, 0.0028914152382792935)
0(0.0, 0.0028760366737744514)
0(0.0, 0.0028623101776759086)
0(0.0, 0.0028619177801944007)
0(0.0, 0.002780656438556406)
0(0.0, 0.002774989189289312)
0(0.0, 0.0027728985861121824)
0(0.0, 0.0027551635831085663)
0(0.0, 0.002755057214581802)
0(0.0, 0.0027216759217699726)
0(0.0, 0.002711608532381393)
0(0.0, 0.002696108005059039)
0(0.0, 0.0026934488917974564)
0(0.0, 0.0026926207547730563)
0(0.0, 0.002652726117151394)
0(0.0, 0.00263946948164151)
0(0.0, 0.002547244504815138)
0(0.0, 0.002439170582882011)
0(0.0, 0.0024125390047462503)
0(0.0, 0.0022864131959429157)
0(0.0, 0.0021857515546538364)
0(0.0, 0.0015524537073831057)
0(0.0, 0.001348671551249181)
0(0.0, 0.0012950585306064077)
0(0.0, 0.0012509452536060284)
