1(0.1233157378559564, 0.17627067801900387)
1(0.11112798505281096, 0.1400367186294993)
1(0.14510731729963422, 0.17310198195041837)
1(0.07747126432803941, 0.09979758725552434)
1(0.10915856258252632, 0.13047918959910576)
1(0.10057315814221812, 0.12135788646060852)
1(0.11334239764565146, 0.1335041789426804)
1(0.0968397769638174, 0.11661805399252922)
1(0.10277786184630855, 0.12130789013791687)
1(0.10229684119757387, 0.12057789212128844)
1(0.1312384273739272, 0.1494274052727238)
1(0.07867759717108547, 0.0962364765895748)
1(0.08201395254784793, 0.09915585571760999)
1(0.09380445801622539, 0.11076053551303988)
1(0.07746169899524824, 0.09412247071003954)
1(0.10676255731978357, 0.12322516602398403)
1(0.08083081465334563, 0.09683926106817808)
1(0.181865364062603, 0.19782393348158078)
1(0.08262052128840125, 0.09839432083665889)
1(0.08132014129531173, 0.09664800147886377)
1(0.10332616320807664, 0.11842757388585912)
1(0.08748393553363021, 0.1024158778458234)
1(0.11752848422239193, 0.13197180673167808)
1(0.07967727826461424, 0.09389389435146145)
1(0.1312848394103212, 0.1454734887217355)
1(0.08694665821358383, 0.10100910173800226)
1(0.09088946115242325, 0.10449973845047533)
1(0.07948695437919173, 0.09296328059961267)
1(0.08755046472277495, 0.10078457490034254)
1(0.07805776849846491, 0.09103554902091704)
1(0.09717144173066883, 0.11000062864163263)
1(0.08809791948900647, 0.10078457490034254)
1(0.11618149883997508, 0.1287104886027428)
1(0.08963150310585355, 0.1021010790424105)
1(0.14474656284676068, 0.1568477835800305)
1(0.10717110093752524, 0.1191048179399532)
1(0.07973491321237614, 0.09159594983213115)
1(0.13061641501213772, 0.1420298122705077)
1(0.0904400245020347, 0.10182866299068205)
1(0.10561322745142265, 0.11690799114008099)
1(0.13330355101273672, 0.14458966590581512)
1(0.0885058806743041, 0.099693423429699)
1(0.11383579181470294, 0.12478239968271843)
1(0.0790999076661113, 0.09001398771547031)
1(0.13485110505406417, 0.14541528710698437)
1(0.08665381247687731, 0.09720525111839562)
1(0.08697946535773182, 0.09745656487558374)
1(0.1337377868949544, 0.14386008934871608)
1(0.07520313122973676, 0.08520070538206936)
1(0.07915124004413487, 0.08911596004375544)
1(0.11743203290168869, 0.1272969954293559)
1(0.07990552078427549, 0.08966946468271586)
1(0.10384691017320791, 0.11352437884443389)
1(0.09789680675579193, 0.10735519607787125)
1(0.20168552488934743, 0.21110919170177866)
1(0.09637700844326946, 0.10565411418946902)
1(0.08161799076495457, 0.09087259356693156)
1(0.08257871556086349, 0.09181350005146194)
1(0.12338096764861284, 0.13236504943274296)
1(0.09564713400644531, 0.10449973845047533)
1(0.08858129571557516, 0.09740625025322525)
1(0.1159824837447051, 0.12449165458976508)
1(0.10189992125413616, 0.11020084573116107)
1(0.11641103722611057, 0.12461822258454569)
1(0.10885195665918856, 0.11702754705215568)
1(0.1138721037415934, 0.12202300263408361)
1(0.10255542643688775, 0.11067909915440999)
1(0.08258706235500135, 0.09060863544765352)
1(0.09250286507462624, 0.10044551286870229)
1(0.1322134018541471, 0.14005025180207087)
1(0.079827596697716, 0.0874858651085505)
1(0.09393090188991093, 0.10146953533696523)
1(0.0805000956663886, 0.08803534293056015)
1(0.08066594014851913, 0.088116404499054)
1(0.18911620501795023, 0.19637067975862343)
1(0.08462994647263322, 0.09159594983213115)
1(0.09253819264923868, 0.09942730006815481)
1(0.11577737554658218, 0.12261314981240057)
1(0.08778238939468197, 0.09461478617186314)
1(0.06891767747979405, 0.07572945685164467)
1(0.13560772938732524, 0.14238902021213473)
1(0.10372457489659348, 0.11047560854629723)
1(0.12553281681151884, 0.13220829884709084)
1(0.08798332325782166, 0.09461478617186314)
1(0.0834522793259661, 0.08996070170235693)
1(0.09708078644972962, 0.10357547054096783)
1(0.09366805092974362, 0.10010297035961102)
1(0.07925403165885847, 0.0856811699656177)
1(0.08257025099271242, 0.08891771306081242)
1(0.09323557203899413, 0.09958017726546287)
1(0.09596414247513396, 0.10222377017633089)
1(0.09693350021762492, 0.10298161135913142)
1(0.0933668048973838, 0.09932412026511839)
1(0.08180239865759109, 0.08762432755855121)
1(0.1345743195460889, 0.14038627443727736)
1(0.08175112334266688, 0.08736919199308324)
1(0.09627063904558786, 0.10179916210841733)
1(0.08921770981776656, 0.09458595061215602)
1(0.18632810076310702, 0.19152330715725496)
1(0.09022721425437852, 0.09525637739750592)
1(0.11819469118451831, 0.1232211422828734)
1(0.08415366644519173, 0.08904717450497912)
1(0.040356348239001694, 0.045245380340680486)
1(0.09735073010838269, 0.10219707498952402)
1(0.09592256443322478, 0.10069831704951693)
1(0.08270326921784399, 0.08743329148959755)
1(0.08173877051009493, 0.08638360359527153)
1(0.08883991102736266, 0.0933778439207098)
1(0.0911428023450932, 0.09558363800176517)
1(0.13825710232669086, 0.1424420441526404)
1(0.09738840603740517, 0.10154810945238191)
1(0.09143672375768541, 0.09558363800176517)
1(0.07808494986545023, 0.08219259092184716)
1(0.0885832813721581, 0.09268532025562648)
1(0.1139271847008696, 0.1179597267227328)
1(0.09409806251396757, 0.09812756138827183)
1(0.09092407940733782, 0.0949412320390629)
1(0.09935529947651589, 0.10299010687305743)
1(0.08542894071790574, 0.08904717450497912)
1(0.09493893457178726, 0.09853852859643153)
1(0.10216682703624869, 0.10568739836442742)
1(0.08621577050479223, 0.08966946468271586)
1(0.11974862145397946, 0.12316007438656396)
1(0.14143196418793536, 0.1448279853519192)
1(0.07254164409946762, 0.07572945685164467)
1(0.09303993570106028, 0.09617910510734973)
1(0.09043906772994215, 0.09356005392015243)
1(0.08383967045159024, 0.08692827856631613)
1(0.09302561284912858, 0.09606744648141796)
1(0.11048478283125707, 0.11343790350734195)
1(0.10274964238058282, 0.10565411418946902)
1(0.0969847970599641, 0.09986738311608223)
1(0.08544792399060075, 0.08831092615947278)
1(0.10832887542802272, 0.11104615646529603)
1(0.09022134105833468, 0.09291861449952621)
1(0.12266031037739389, 0.1249577141715088)
1(0.09043583810996603, 0.09272071867332476)
1(0.1452251418983619, 0.14750635256567823)
1(0.11855507843401691, 0.12082968362711077)
1(0.14523264111617296, 0.14750635256567823)
1(0.11038948623364497, 0.11263938802234164)
1(0.07705804832523067, 0.07928853116093082)
1(0.1002022828989595, 0.1024158778458234)
1(0.08286885844421932, 0.0850552178249494)
1(0.09992231566020704, 0.10210361379053934)
1(0.08573335900690404, 0.08762243266426928)
1(0.088274619622431, 0.09001100216417668)
1(0.09141243792532094, 0.0931247766290414)
1(0.09134155365585594, 0.09296569110214814)
1(0.007595484742618397, 0.009150352568056741)
1(0.0098577708925075, 0.011405882238619491)
1(0.004297683030234478, 0.0058072574583665215)
1(0.09591659392307839, 0.09740625025322525)
1(0.0847710875800195, 0.08624631513670777)
1(0.007151069937307186, 0.008444696280581199)
1(0.0038360535935276774, 0.005124072038102945)
1(0.10023868958309201, 0.10146953533696523)
1(0.0051279234320922296, 0.00635377056075026)
1(0.07753248253713996, 0.0787279102342664)
1(0.005494320650322293, 0.006651933377393893)
1(0.06324714266146736, 0.06438303451833582)
1(0.11572091037456578, 0.11683220156694463)
1(0.10351518338563781, 0.10458244967186359)
1(0.004340513996309414, 0.0053688164456058285)
1(0.004908328224150993, 0.005871299356780546)
1(0.0131114304804123, 0.014063486209271892)
1(0.09090518323629182, 0.09185150555247412)
1(0.008384717061129532, 0.00932693515797034)
1(0.005127515216200584, 0.006056852182674155)
1(0.004785632611368662, 0.0056975989365692925)
1(0.007500759789195288, 0.008406850477749694)
1(0.08549108662142568, 0.08638360359527153)
1(0.0048110783790039635, 0.005681261362520673)
1(0.08940954101839516, 0.09025134686120395)
1(0.12156975806770132, 0.12240340750742718)
1(0.005112295516477072, 0.005945747221807518)
1(0.0842250919760903, 0.0850552178249494)
1(0.005833347912806208, 0.006661487624098572)
1(0.005771033491407729, 0.006587604459852847)
1(0.007152916737477755, 0.007967912996840076)
1(0.004195321604838487, 0.005009218183504971)
1(0.09158062810333478, 0.09237934232213496)
1(0.003933217849883097, 0.004726078185598115)
1(0.11191349529635819, 0.11269092277682846)
1(0.0073046807685092086, 0.008070423119169279)
1(0.08152522609119184, 0.08227603177956622)
1(0.0048350407766365455, 0.005580262352221199)
1(0.005768929095769204, 0.006498134205064621)
1(0.004388357017867439, 0.005111234110432128)
1(0.08284983039559468, 0.083548497363237)
1(0.004343916876882403, 0.0050423422906471504)
1(0.08550948974311656, 0.08617972223818027)
1(0.1125449711802694, 0.11320854968257643)
1(0.003987982065508766, 0.004648596599829857)
1(0.0050774450889186085, 0.005724236665744842)
1(0.0065286543450713275, 0.0071746709345444915)
1(0.005587416536694478, 0.006222611342623141)
1(0.004789912592999324, 0.005403190096443633)
1(0.0047158233375107494, 0.0053125841002349405)
1(0.00585473693704186, 0.006445861856722579)
1(0.004977927413831851, 0.0055648847114814215)
1(0.15725332907847034, 0.15783994015174085)
1(0.00595750503333381, 0.006538391872538352)
1(0.004486063656614969, 0.0050601599452880786)
1(0.004481301025622608, 0.005054655255497975)
1(0.0051553566711436405, 0.005724236665744842)
1(0.005675932934595895, 0.006232938314828851)
1(0.09350542069021228, 0.09405623038408206)
1(0.10417915356894014, 0.10471548840463774)
1(0.007529660032987939, 0.00806082024009025)
1(0.005347517839127902, 0.005871299356780546)
1(0.007184623949212154, 0.007703788652375199)
1(0.007037035037377182, 0.007549573312532365)
1(0.006103504953963612, 0.006615693250121457)
1(0.008909523116730544, 0.009421580015465003)
1(0.005510691892203656, 0.005999941321640612)
1(0.005357594902266394, 0.005845894128048479)
1(0.005546702243607204, 0.006028092347139857)
1(0.007466975262631292, 0.007928095793623746)
1(0.007327050342673336, 0.007779397471167737)
1(0.004056392645708784, 0.004503459922384545)
1(0.007429312352199902, 0.007873068071298839)
1(0.008156747093672423, 0.008598273456006056)
1(0.004448290521720355, 0.004884133232787802)
1(0.09204163441142765, 0.09247448104413103)
1(0.005954561441457007, 0.0063802595836578435)
1(0.006245791353433172, 0.006667402958033031)
1(0.09957332861935697, 0.09997538063044664)
1(0.004503176379243912, 0.0049010012726197205)
1(0.004033466875463576, 0.004428966954127089)
1(0.004908832773298455, 0.005301802611898165)
1(0.005008451029171246, 0.005399289706531807)
1(0.006106617301481099, 0.006495069928355801)
1(0.004141042187204125, 0.004510872793013987)
1(0.00871487198887233, 0.009081747204804369)
1(0.005380453495362203, 0.0057435479741402284)
1(0.007994894885025694, 0.008352303245969694)
1(0.004493134194316739, 0.004850429829014291)
1(0.005063713148436233, 0.00541881102329933)
1(0.09683812655641566, 0.09718990810878159)
1(0.012409122677903617, 0.012752730731905193)
1(0.0055831297906731026, 0.005923821229951498)
1(0.0052310015883889616, 0.00556738487810815)
1(0.0842644997378239, 0.08460037342962101)
1(0.005395738621368662, 0.005730020606859898)
1(0.11110847554465197, 0.11144028812609397)
1(0.10287531581229503, 0.10319533908871292)
1(0.004771096952638554, 0.0050891559694272726)
1(0.004738331255849326, 0.005054655255497975)
1(0.004299860458512494, 0.0046157594531371915)
1(0.008075859660221174, 0.008391671162107484)
1(0.11159653316266349, 0.11191092826869686)
1(0.006961562666932153, 0.007269693431239621)
1(0.003855426417834096, 0.0041515100811599925)
1(0.005481409036898421, 0.005777226573600913)
1(0.10029893862447548, 0.10059252511955774)
1(0.004879194849828905, 0.0051725409928291555)
1(0.0054293825023574716, 0.005721118950127835)
1(0.01676609556863362, 0.017055155681614975)
1(0.005749139116871138, 0.00603641565716484)
1(0.004802534615517828, 0.0050891559694272726)
1(0.00534876426194153, 0.005620491559089391)
1(0.10183320399888052, 0.1021010790424105)
1(0.004560701711892601, 0.004812850286068149)
1(0.004070998853082042, 0.004319640485581533)
1(0.007196441962750155, 0.00743166697508113)
1(0.004489495227126716, 0.004723028468237911)
1(0.0044838296917155684, 0.0047163953929013624)
1(0.004901162678900839, 0.00513189127049396)
1(0.006405079943315961, 0.006632763160557498)
1(0.005295068246282675, 0.00550368507130683)
1(0.010281916593298357, 0.010486334611650605)
1(0.008146530714912337, 0.008348078491661637)
1(0.005549332097239512, 0.005747443652723394)
1(0.004609410958528848, 0.004798713239869468)
1(0.0056951954263269045, 0.0058817923600515964)
1(0.004924734941454512, 0.005110742173200067)
1(0.004281311126330789, 0.004464443165580367)
1(0.004507331504293166, 0.00468989340399717)
1(0.004911208391145894, 0.0050891559694272726)
1(0.005226198704300744, 0.005402438680507715)
1(0.00888754645986134, 0.009053694077220675)
1(0.004883761498373884, 0.005046870186113717)
1(0.08281535065719758, 0.08297400513522213)
1(0.011376006350244605, 0.011530488970287966)
1(0.005259881538452693, 0.005413356336925745)
1(0.006755936279241426, 0.006905272063441825)
1(0.011291160662616928, 0.011438347102765145)
1(0.008263482109637676, 0.008405997445759206)
1(0.08896633448855362, 0.08910675381553124)
1(0.010350975086500291, 0.01049014908425061)
1(0.0039281783336631015, 0.004066495791779423)
1(0.005961759740303774, 0.006093189374215324)
1(0.09172948499170852, 0.0918582404262176)
1(0.00460082865847955, 0.004719547549338565)
1(0.006797852812708283, 0.006910539477845701)
1(0.009602526773236364, 0.00971491047428108)
1(0.0075919213998577595, 0.007703466618665389)
1(0.004353361720008109, 0.004464443165580367)
1(0.004234705413302842, 0.004341053254728777)
1(0.0043073308012880895, 0.004407692325127499)
1(0.008654074541386114, 0.008748092580324718)
1(0.005964941908870092, 0.006053504824487632)
1(0.008184378856161634, 0.00827218703002186)
1(0.00469742753121194, 0.004785114898017251)
1(0.007587633728092569, 0.007673293856919172)
1(0.004819663417916953, 0.004904120976110704)
1(0.005851938628490094, 0.0059355376197013365)
1(0.004081554783057162, 0.004158322317144303)
1(0.0051809932348650944, 0.005254249421597024)
1(0.005844784052744911, 0.005915105880844873)
1(0.006628971501307146, 0.0066943488984587685)
1(0.006471502452425892, 0.006533442869349093)
1(0.007902843288977057, 0.007957925091928386)
1(0.0057067616685039235, 0.005759623909215583)
1(0.005883541057922215, 0.005935180080551605)
1(0.004844391768206169, 0.004892507420208525)
1(0.005522219503845238, 0.005568094338493035)
1(0.005095575727687818, 0.005136076213545837)
1(0.006119946031544976, 0.006158835065978252)
1(0.006107433698515297, 0.006143299848349826)
1(0.004058818724861912, 0.0040943205458350285)
1(0.005054505762113082, 0.0050891559694272726)
1(0.005186083504491679, 0.005214549242401945)
1(0.009672444614814646, 0.00969265368349248)
1(0.005807420308436395, 0.005826766503532421)
1(0.005900761677991806, 0.005917795836719808)
1(0.004244861759428953, 0.004261746631024965)
1(0.07176757615298845, 0.07178374252556374)
1(0.09852833708867015, 0.09853852859643153)
1(0.012052164066359783, 0.012061360017895817)
1(0.005842580975149669, 0.005845894128048479)
1(0.008840018285528384, 0.008841428441602295)
0(0.0, inf)
0(0.0, 0.8617550906426698)
0(0.0, 0.6093769356832712)
0(0.0, 0.5016884518401555)
0(0.0, 0.24576105553398309)
0(0.0, 0.1995946818823564)
0(0.0, 0.19748177458540717)
0(0.0, 0.18689074628350766)
0(0.0, 0.1863664922178544)
0(0.0, 0.18279254344851503)
0(0.0, 0.17316166795822385)
0(0.0, 0.16891008455100842)
0(0.0, 0.16615863742602965)
0(0.0, 0.16553987647753443)
0(0.0, 0.16102765228370108)
0(0.0, 0.15299494430609661)
0(0.0, 0.1471946806102693)
0(0.0, 0.14404865352775997)
0(0.0, 0.14351924723459208)
0(0.0, 0.13754712610849362)
0(0.0, 0.13601502326965742)
0(0.0, 0.13285052756243054)
0(0.0, 0.13174216886198042)
0(0.0, 0.13066160869241994)
0(0.0, 0.13013557137811904)
0(0.0, 0.12886741925352585)
0(0.0, 0.12781346542780747)
0(0.0, 0.12629867736316902)
0(0.0, 0.1259806481268816)
0(0.0, 0.1259125701458379)
0(0.0, 0.12388775650035122)
0(0.0, 0.12329918463299783)
0(0.0, 0.12302415198127592)
0(0.0, 0.12280062416112358)
0(0.0, 0.1216152490208654)
0(0.0, 0.12066729111771335)
0(0.0, 0.11996483353814769)
0(0.0, 0.11892645006997693)
0(0.0, 0.11870593654975448)
0(0.0, 0.11691866039453569)
0(0.0, 0.11620971568107741)
0(0.0, 0.11405131731648233)
0(0.0, 0.11386718127299433)
0(0.0, 0.11362050664157575)
0(0.0, 0.11337625976652044)
0(0.0, 0.11323715444348037)
0(0.0, 0.11243101852830384)
0(0.0, 0.11190596758646976)
0(0.0, 0.11183004144718156)
0(0.0, 0.11127635725791696)
0(0.0, 0.11061436160663629)
0(0.0, 0.10952806324603481)
0(0.0, 0.10880230254999812)
0(0.0, 0.10806176210532636)
0(0.0, 0.10801409203201062)
0(0.0, 0.10657787007068775)
0(0.0, 0.10646268195353314)
0(0.0, 0.10563474993290867)
0(0.0, 0.10558851257112556)
0(0.0, 0.10547765612967419)
0(0.0, 0.10506018017668728)
0(0.0, 0.10502742607570759)
0(0.0, 0.1047752563622526)
0(0.0, 0.10466389625081618)
0(0.0, 0.10453191227332237)
0(0.0, 0.10370349965877801)
0(0.0, 0.1030121778835208)
0(0.0, 0.1027268584131581)
0(0.0, 0.10237417941559146)
0(0.0, 0.10227064122271645)
0(0.0, 0.10144611002377313)
0(0.0, 0.10089776318680199)
0(0.0, 0.10071702131109828)
0(0.0, 0.10028407985420085)
0(0.0, 0.09831145360107263)
0(0.0, 0.09825000000723172)
0(0.0, 0.09819683235405618)
0(0.0, 0.09761292618646333)
0(0.0, 0.09757287413561155)
0(0.0, 0.09718113580381849)
0(0.0, 0.09716391658264012)
0(0.0, 0.09642094456901773)
0(0.0, 0.09621695729973767)
0(0.0, 0.09555334651129599)
0(0.0, 0.0952572603008276)
0(0.0, 0.09524474932189186)
0(0.0, 0.09493472727295127)
0(0.0, 0.09490794648985057)
0(0.0, 0.09435128928701098)
0(0.0, 0.09430141356412125)
0(0.0, 0.09419850184983258)
0(0.0, 0.094006333604847)
0(0.0, 0.09330236000477554)
0(0.0, 0.09322265933628626)
0(0.0, 0.0925203832192345)
0(0.0, 0.09215123440696837)
0(0.0, 0.09198183060078735)
0(0.0, 0.09193183630542368)
0(0.0, 0.09174420534109062)
0(0.0, 0.0916220629705844)
0(0.0, 0.09113946289629948)
0(0.0, 0.09081230427299025)
0(0.0, 0.09069105357415908)
0(0.0, 0.08990110729303169)
0(0.0, 0.08979204358710724)
0(0.0, 0.08960145559666155)
0(0.0, 0.08941241277104306)
0(0.0, 0.08917259865807625)
0(0.0, 0.08911726727652824)
0(0.0, 0.0891008855806692)
0(0.0, 0.0888327914310848)
0(0.0, 0.0887415101779927)
0(0.0, 0.08869977119967132)
0(0.0, 0.0874095759535054)
0(0.0, 0.08642069456199564)
0(0.0, 0.08469177966986774)
0(0.0, 0.08452039311219517)
0(0.0, 0.08426025172698759)
0(0.0, 0.08415591678091916)
0(0.0, 0.08366844851357635)
0(0.0, 0.0832886346447651)
0(0.0, 0.08299591749449142)
0(0.0, 0.08277980582937172)
0(0.0, 0.08275861557268338)
0(0.0, 0.0823908799949411)
0(0.0, 0.08224165477681022)
0(0.0, 0.08169142523145423)
0(0.0, 0.08156374962756485)
0(0.0, 0.0815625407163747)
0(0.0, 0.08143498460716381)
0(0.0, 0.08128100282323714)
0(0.0, 0.08094330122226345)
0(0.0, 0.08041038328478967)
0(0.0, 0.08028460073073385)
0(0.0, 0.08021558102566917)
0(0.0, 0.07998193669009745)
0(0.0, 0.07980876308979912)
0(0.0, 0.079189712547865)
0(0.0, 0.07827783592796722)
0(0.0, 0.07824386316723408)
0(0.0, 0.07789695454209089)
0(0.0, 0.07783893089716187)
0(0.0, 0.07769878239712014)
0(0.0, 0.07739433084191027)
0(0.0, 0.07700231924785761)
0(0.0, 0.0768322269067725)
0(0.0, 0.07680700262233742)
0(0.0, 0.07670320107894779)
0(0.0, 0.07663188407833754)
0(0.0, 0.07648100811508363)
0(0.0, 0.07621945882906156)
0(0.0, 0.07610212981007503)
0(0.0, 0.07596416296751674)
0(0.0, 0.07571243636186609)
0(0.0, 0.07560750062232202)
0(0.0, 0.07552839429876324)
0(0.0, 0.07543366785472605)
0(0.0, 0.0752278981136878)
0(0.0, 0.07494212805921308)
0(0.0, 0.07490076901457776)
0(0.0, 0.07455753263841947)
0(0.0, 0.07411391454450289)
0(0.0, 0.07401368138475728)
0(0.0, 0.07376369812312711)
0(0.0, 0.07373673898859667)
0(0.0, 0.07353499602696312)
0(0.0, 0.07323759472282299)
0(0.0, 0.07318053362539756)
0(0.0, 0.07299649501578931)
0(0.0, 0.07282326195493771)
0(0.0, 0.07267847173323083)
0(0.0, 0.07262597250197367)
0(0.0, 0.07247576869405048)
0(0.0, 0.07232213000504595)
0(0.0, 0.0722429597158023)
0(0.0, 0.07199970343283668)
0(0.0, 0.0716300517929197)
0(0.0, 0.07127240431415216)
0(0.0, 0.07033476592356402)
0(0.0, 0.0702650568514126)
0(0.0, 0.06967365413922133)
0(0.0, 0.06921196393861095)
0(0.0, 0.06854669671402236)
0(0.0, 0.06848124806545908)
0(0.0, 0.06831888970718636)
0(0.0, 0.06796665263782475)
0(0.0, 0.06747274320069385)
0(0.0, 0.06723420940925684)
0(0.0, 0.0671430740313178)
0(0.0, 0.06559751898624278)
0(0.0, 0.0654926560213347)
0(0.0, 0.06531765933259004)
0(0.0, 0.0652041919687103)
0(0.0, 0.06507122393234921)
0(0.0, 0.06449683594466904)
0(0.0, 0.06405920385048292)
0(0.0, 0.06372560082806167)
0(0.0, 0.06307426575200137)
0(0.0, 0.06270741150658743)
0(0.0, 0.06241537240451367)
0(0.0, 0.06206124062222107)
0(0.0, 0.06163854360350629)
0(0.0, 0.06156779488667097)
0(0.0, 0.05955053487952566)
0(0.0, 0.05941240492730182)
0(0.0, 0.05804777904876335)
0(0.0, 0.05722123025668535)
0(0.0, 0.05714730799508272)
0(0.0, 0.05673583447975883)
0(0.0, 0.056136039664745785)
0(0.0, 0.05488633958398337)
0(0.0, 0.05456457637232104)
0(0.0, 0.05353643010960629)
0(0.0, 0.05268776152729315)
0(0.0, 0.05227236924225409)
0(0.0, 0.05203036115367066)
0(0.0, 0.050579263210267955)
0(0.0, 0.04793223344419184)
0(0.0, 0.04504329846253974)
0(0.0, 0.0371605346501489)
0(0.0, 0.032924320646576466)
0(0.0, 0.03289776701195135)
0(0.0, 0.030969181373830756)
0(0.0, 0.022394637490019353)
0(0.0, 0.020409815701073142)
0(0.0, 0.020093522335730585)
0(0.0, 0.018390407188579205)
0(0.0, 0.017403409204019837)
0(0.0, 0.01657019149712835)
0(0.0, 0.01361515205733732)
0(0.0, 0.012852244608013264)
0(0.0, 0.012249067512175027)
0(0.0, 0.011988713451187238)
0(0.0, 0.011780519885414065)
0(0.0, 0.011432423797072877)
0(0.0, 0.011071521715498078)
0(0.0, 0.010688138570793093)
0(0.0, 0.010153690168298146)
0(0.0, 0.00997600089840811)
0(0.0, 0.009908190205639711)
0(0.0, 0.009806019922528941)
0(0.0, 0.009792286894373392)
0(0.0, 0.00970361633605099)
0(0.0, 0.009661398574753788)
0(0.0, 0.00951269579068803)
0(0.0, 0.009481197212946824)
0(0.0, 0.009379619111150261)
0(0.0, 0.009241464532877441)
0(0.0, 0.009135937040678832)
0(0.0, 0.00906218312965068)
0(0.0, 0.008968225562440257)
0(0.0, 0.0087972182450754)
0(0.0, 0.008669670443299471)
0(0.0, 0.008579843155746336)
0(0.0, 0.008284860130268634)
0(0.0, 0.008128087735008727)
0(0.0, 0.008115075265624272)
0(0.0, 0.008087908008718725)
0(0.0, 0.0078235546864166)
0(0.0, 0.0074087155161862706)
0(0.0, 0.007407299112469734)
0(0.0, 0.007361378000901975)
0(0.0, 0.007311870051835312)
0(0.0, 0.007236906013412314)
0(0.0, 0.007231375243955007)
0(0.0, 0.007147597147231566)
0(0.0, 0.007138333884193826)
0(0.0, 0.00710927784752402)
0(0.0, 0.007073969064434471)
0(0.0, 0.007025552854147077)
0(0.0, 0.006866729803956084)
0(0.0, 0.006783850548474524)
0(0.0, 0.006728407982435014)
0(0.0, 0.006687521036810806)
0(0.0, 0.006680294979196866)
0(0.0, 0.006667061449391776)
0(0.0, 0.0066546968530946105)
0(0.0, 0.006599237923279766)
0(0.0, 0.006548364450413069)
0(0.0, 0.0065482975637781715)
0(0.0, 0.006541493878347349)
0(0.0, 0.006539358554247476)
0(0.0, 0.006398546720460474)
0(0.0, 0.006396888971471393)
0(0.0, 0.006396627452914916)
0(0.0, 0.006294793969561452)
0(0.0, 0.006291900308138643)
0(0.0, 0.0062529013000858225)
0(0.0, 0.006228149576428699)
0(0.0, 0.006225278503007026)
0(0.0, 0.006136756880367522)
0(0.0, 0.006093479426472315)
0(0.0, 0.006061452362134068)
0(0.0, 0.005970517619556692)
0(0.0, 0.005944335845615267)
0(0.0, 0.005928274655221721)
0(0.0, 0.005895324525742818)
0(0.0, 0.005856489308978086)
0(0.0, 0.0057756116133016455)
0(0.0, 0.005768892858934338)
0(0.0, 0.005741333925393)
0(0.0, 0.005725582153382036)
0(0.0, 0.005699867690064364)
0(0.0, 0.005695549745445172)
0(0.0, 0.005663138020414182)
0(0.0, 0.00562717185362227)
0(0.0, 0.005605478389279939)
0(0.0, 0.005585457820483253)
0(0.0, 0.005559123457157367)
0(0.0, 0.005491825640470793)
0(0.0, 0.00549127467354682)
0(0.0, 0.00543285577044994)
0(0.0, 0.005415341946533037)
0(0.0, 0.005412647636760526)
0(0.0, 0.005384740476560124)
0(0.0, 0.00535333829587592)
0(0.0, 0.005331724289494688)
0(0.0, 0.005328537010353962)
0(0.0, 0.005290277561536438)
0(0.0, 0.005289629349092939)
0(0.0, 0.005286753773654063)
0(0.0, 0.005278228399555274)
0(0.0, 0.005226735225591028)
0(0.0, 0.005211199233620123)
0(0.0, 0.005193771315840312)
0(0.0, 0.005145273435144482)
0(0.0, 0.0051403955262633305)
0(0.0, 0.005085385156187949)
0(0.0, 0.00507398765236311)
0(0.0, 0.005054131730390488)
0(0.0, 0.005017837584068374)
0(0.0, 0.005005737620898176)
0(0.0, 0.0049802567672971865)
0(0.0, 0.004964306532835638)
0(0.0, 0.004877622129957682)
0(0.0, 0.004843452116487512)
0(0.0, 0.004828155172810988)
0(0.0, 0.004812212125869242)
0(0.0, 0.004786605143661915)
0(0.0, 0.004773191993636683)
0(0.0, 0.004730158978644594)
0(0.0, 0.004679302358878812)
0(0.0, 0.004672187035751785)
0(0.0, 0.004662610437266457)
0(0.0, 0.00463457997681016)
0(0.0, 0.004634163755442677)
0(0.0, 0.0046278641932990805)
0(0.0, 0.004625559156923975)
0(0.0, 0.004599189647677027)
0(0.0, 0.004598617995016485)
0(0.0, 0.0045925662065651185)
0(0.0, 0.004589374350705722)
0(0.0, 0.004555766404210515)
0(0.0, 0.004520438195768084)
0(0.0, 0.0044807502050957515)
0(0.0, 0.004476546206411691)
0(0.0, 0.004466367671304705)
0(0.0, 0.004462066469779091)
0(0.0, 0.004460273507071899)
0(0.0, 0.0044592181681928356)
0(0.0, 0.0044553909499944755)
0(0.0, 0.004404448706798236)
0(0.0, 0.004401838455554641)
0(0.0, 0.004399377951844197)
0(0.0, 0.004396099390641228)
0(0.0, 0.004381015162217783)
0(0.0, 0.004333095088952965)
0(0.0, 0.004314341509510489)
0(0.0, 0.0042963842217662584)
0(0.0, 0.004284364176351474)
0(0.0, 0.004271833330282138)
0(0.0, 0.004269602485735047)
0(0.0, 0.004243502485291484)
0(0.0, 0.004229262845876103)
0(0.0, 0.0042284620527502925)
0(0.0, 0.0042238407479828766)
0(0.0, 0.004187976635823376)
0(0.0, 0.0041663613512508135)
0(0.0, 0.004157535003588508)
0(0.0, 0.004150000762886297)
0(0.0, 0.004149590994886876)
0(0.0, 0.0041131632494951775)
0(0.0, 0.00407985638914532)
0(0.0, 0.004077077992263756)
0(0.0, 0.004072033120499086)
0(0.0, 0.00403232638173201)
0(0.0, 0.0040304336908165705)
0(0.0, 0.004019238929865554)
0(0.0, 0.004007996175027673)
0(0.0, 0.003982153531685517)
0(0.0, 0.003982071629813899)
0(0.0, 0.00391451519110686)
0(0.0, 0.0038673612916587663)
0(0.0, 0.0038565402798017567)
0(0.0, 0.003855588445725977)
0(0.0, 0.0038438449561551957)
0(0.0, 0.0038330949207532328)
0(0.0, 0.0038293784272982467)
0(0.0, 0.003827824713135697)
0(0.0, 0.0038148936271015232)
0(0.0, 0.003806990506202701)
0(0.0, 0.0037746642800022823)
0(0.0, 0.003763446299554163)
0(0.0, 0.003727454433544275)
0(0.0, 0.003575498588445747)
0(0.0, 0.003535446042749135)
0(0.0, 0.0035244343233072906)
0(0.0, 0.0035028779272362476)
0(0.0, 0.0034995025625139675)
0(0.0, 0.0034848612338169715)
0(0.0, 0.003460486327418022)
0(0.0, 0.0034406989012665257)
0(0.0, 0.003435422993414372)
0(0.0, 0.003430735980029631)
0(0.0, 0.003411723537995126)
0(0.0, 0.003390035521849022)
0(0.0, 0.0033897241619249563)
0(0.0, 0.003384590918279362)
0(0.0, 0.0033420050790342604)
0(0.0, 0.0033110873762671744)
0(0.0, 0.0032768430460751174)
0(0.0, 0.0032458186520429866)
0(0.0, 0.0031912496683683678)
0(0.0, 0.003105063297860422)
0(0.0, 0.003055426619435364)
0(0.0, 0.002978320720988137)
0(0.0, 0.00267439065173547)
0(0.0, 0.0026589659669665755)
0(0.0, 0.002652643865747928)
0(0.0, 0.002626754789554986)
0(0.0, 0.0025635732662440125)
0(0.0, 0.0008255442615980879)
