1(1.26031022107071, 1.3690635018051402)
1(0.07742637674987607, 0.09948907406545615)
1(0.12143165013462653, 0.1406103189062703)
1(0.051685385332283396, 0.07046572422919062)
1(0.04521038480538864, 0.06351768665113466)
1(0.08307172175553368, 0.10107960525781412)
1(0.07240715820600485, 0.09021903700998601)
1(0.08796230687621809, 0.10420525924486912)
1(0.0562551755431544, 0.07199185301358624)
1(0.10549668953848035, 0.12117474897592972)
1(0.04529126174745568, 0.059988118448315086)
1(0.08669371979037699, 0.10133583804108504)
1(0.039231323043411925, 0.05351637766534334)
1(0.10057508788176073, 0.1146943628511522)
1(0.09890791804524035, 0.11302675314231414)
1(0.045809179178531556, 0.059725268672330856)
1(0.06269926423984828, 0.0758746200986472)
1(0.04508753987925651, 0.05798549486287208)
1(0.13464650163259562, 0.14733166721360114)
1(0.040491329184210834, 0.05313641991710227)
1(0.0415669647389566, 0.0535696544869646)
1(0.05557060966508898, 0.0675382983983216)
1(0.10503947139453695, 0.11657711201518017)
1(0.09300150607804525, 0.10420525924486912)
1(0.08475934560597898, 0.09529614280911902)
1(0.03797610648355754, 0.0484549920313998)
1(0.045533117795624634, 0.055859062868043985)
1(0.05840320451202152, 0.06849507909191732)
1(0.04693266418173825, 0.05696136226168158)
1(0.09129391154039768, 0.10102346175847232)
1(0.05252736819396542, 0.06141923219807399)
1(0.0883811999215649, 0.09711537470085996)
1(0.05013374247418145, 0.058798509544089606)
1(0.0974298035606238, 0.10588874514552171)
1(0.03885305146672291, 0.047182369578715244)
1(0.06959493243464554, 0.07784926328398822)
1(0.04522839299766934, 0.05335718584042137)
1(0.05143054232739097, 0.059432058137680266)
1(0.0687360240404451, 0.07608009492565271)
1(0.035031298338558114, 0.042315906281742754)
1(0.06661787296774002, 0.07385641761286965)
1(0.051753813011510386, 0.058925317116524156)
1(0.06972818975206918, 0.07686970339012922)
1(0.06841814753743158, 0.07532524600538981)
1(0.05105795080919351, 0.057636807382335675)
1(0.08459467016551014, 0.0910524616978069)
1(0.05688477125897162, 0.06322247918564072)
1(0.043718127103115734, 0.049720657770154)
1(0.05198524890106082, 0.05798446091139964)
1(0.05708020277115011, 0.06284938795636774)
1(0.04354870366166241, 0.04928862406002199)
1(0.060392017552789334, 0.06599460297930992)
1(0.04890721941877474, 0.05440953329153431)
1(0.043506918276421835, 0.04877471455591076)
1(0.08434812830142879, 0.08961417046514353)
1(0.047834641740757355, 0.05303152174832615)
1(0.05100245161910699, 0.056015711626117404)
1(0.06140743887302769, 0.0663974465288163)
1(0.04970810952878435, 0.05461055418198968)
1(0.06049387398810924, 0.06537142048869571)
1(0.06752387909060986, 0.07225975054903844)
1(0.04559320622686713, 0.05023172153291189)
1(0.05123802259032628, 0.05585753987463138)
1(0.049910782887049976, 0.05429037028787731)
1(0.04697804001822903, 0.05126766782847669)
1(0.05787760528409458, 0.06210671685120306)
1(0.05031556110544888, 0.05453097420831854)
1(0.05770017586481646, 0.061887813480696496)
1(0.04353525567024663, 0.04770423559117254)
1(0.08780281323752515, 0.09192548854087423)
1(0.05635230548265924, 0.06046963316220144)
1(0.04817031679064332, 0.05228577661307754)
1(0.10857866532345628, 0.11259316240960127)
1(0.0653739450680173, 0.0693377022177093)
1(0.06880880302219039, 0.07267809628289923)
1(0.04050501334208889, 0.04435722186019464)
1(0.08734851755750439, 0.0910922538113651)
1(0.07834226885819107, 0.08205650954931898)
1(0.10086124954481901, 0.10452853294835873)
1(0.04862349303937752, 0.052062658027553166)
1(0.042929366100226685, 0.04630051840085281)
1(0.0517985595331405, 0.055027608719333654)
1(0.0534423217624751, 0.056429117772985316)
1(0.13942393471081338, 0.142356407302057)
1(0.060957408408392366, 0.06387399685561179)
1(0.05582918229725464, 0.058696450229428376)
1(0.0853860435233027, 0.0882286959518751)
1(0.06299288406733339, 0.06581833123080638)
1(0.057644804967874275, 0.06046963316220144)
1(0.0639369285486655, 0.0667527110731927)
1(0.06079698121877086, 0.06355559248337184)
1(0.054617628678015895, 0.05734563409321425)
1(0.061563353017097366, 0.06417142556458255)
1(0.06291272148429461, 0.06551070986282426)
1(0.05378094319846627, 0.05637641400369986)
1(0.04198748601057978, 0.04456928683131611)
1(0.047833264315485846, 0.05041076158089142)
1(0.0550510877167526, 0.05759120505283433)
1(0.0658056495979562, 0.06828221063442808)
1(0.060033254715750384, 0.062462424722681154)
1(0.04865986467586725, 0.051045317321982586)
1(0.05094483912828207, 0.053252841248974114)
1(0.04062029667497313, 0.042902679422446854)
1(0.050005550839455015, 0.0522603369457173)
1(0.054599304621803846, 0.05681503003083321)
1(0.04339507311556279, 0.04550051026318258)
1(0.08300439017966676, 0.0850773878000094)
1(0.04922022755715938, 0.05126142209891282)
1(0.04862664640646697, 0.05064800575542616)
1(0.06087193324257112, 0.06288425640400142)
1(0.06345956166962152, 0.0653769744209085)
1(0.05587004946311558, 0.057646995774314314)
1(0.06237596455447869, 0.06408875868909136)
1(0.059434325434058466, 0.061086557019602195)
1(0.04450844123980047, 0.046145881284822665)
1(0.048472828938071366, 0.04996915208594588)
1(0.0053336877530917315, 0.006825826742249519)
1(0.06805499697398265, 0.06952517167820649)
1(0.05053475987980549, 0.051973376518316905)
1(0.05554677129928398, 0.05696136226168158)
1(0.07949612808023587, 0.08089868613633389)
1(0.005802644854279837, 0.007140607351797779)
1(0.008730259463212708, 0.01004226617490478)
1(0.044832579198698874, 0.0461415113373802)
1(0.0488522232294607, 0.05013587517493656)
1(0.03712571888657257, 0.03840538363226198)
1(0.0032787772038561647, 0.004552642204670998)
1(0.007785849020233604, 0.009059612490135094)
1(0.052355290554103484, 0.053610168966450544)
1(0.07343902418209525, 0.07467218169628709)
1(0.05995354441488554, 0.06117636601974474)
1(0.05075191938675638, 0.051973376518316905)
1(0.07102577975364777, 0.07220009998877908)
1(0.05067310252137003, 0.05182068440797227)
1(0.005764415887456242, 0.006905686666069055)
1(0.03717852538482225, 0.03825806119397357)
1(0.04509336009336462, 0.0461415113373802)
1(0.003786298702232349, 0.00479283373829853)
1(0.0907521889460221, 0.09175777151181252)
1(0.009445861843533354, 0.010436791421413294)
1(0.06892022866742031, 0.06990259665538745)
1(0.007632593262772214, 0.00861424891575413)
1(0.052866914695666734, 0.05384070091143833)
1(0.08747256935503145, 0.08836942616208299)
1(0.03851646043973278, 0.039392482313098665)
1(0.11816099984238548, 0.11899208727831379)
1(0.003162014979530725, 0.003979105601848998)
1(0.04602666241909803, 0.046801014282990216)
1(0.004184748794663573, 0.004937136985163071)
1(0.006522260868903729, 0.007254485901407537)
1(0.058855910681473556, 0.05957522909352464)
1(0.005703401556221954, 0.006407550642151594)
1(0.06760306881383493, 0.06830381813667852)
1(0.05274033186969862, 0.05341931071117467)
1(0.003515756677605286, 0.004193163106627207)
1(0.06255794372424461, 0.06322247918564072)
1(0.05384895904877396, 0.05449353285742575)
1(0.09480865462973265, 0.09545247687235903)
1(0.00367633063401851, 0.004319995444178049)
1(0.0036103430572335116, 0.00423118191598193)
1(0.004835295165143139, 0.005448694025991574)
1(0.004753677707023618, 0.00535400593758939)
1(0.058788551873185546, 0.05938872792547423)
1(0.0029288814441662536, 0.0035218930651856883)
1(0.0037073007511280176, 0.0042912269382301416)
1(0.08898574132356374, 0.0895680977917882)
1(0.13384734123958741, 0.13442635936568825)
1(0.004325002437329695, 0.004897871509717655)
1(0.0031619863113147018, 0.0037232677489210664)
1(0.0030427227628867515, 0.0035827836309324512)
1(0.004075311937647208, 0.004600671455485483)
1(0.007494030248194394, 0.008018639770466351)
1(0.003741301470567504, 0.004260843566968875)
1(0.05332860706161768, 0.05384070091143833)
1(0.0045555004813845335, 0.005058032924913025)
1(0.005126559132304087, 0.005620682163093638)
1(0.0053216209673189185, 0.0058116663686920145)
1(0.04799283778516261, 0.04848278947298568)
1(0.006088551824780519, 0.006566633245733811)
1(0.07015004765167976, 0.07062389020904125)
1(0.002299505257291501, 0.002770264864840555)
1(0.0038201684965190053, 0.004277292268367705)
1(0.003338251111559498, 0.0037943653931002963)
1(0.009332095583950317, 0.0097785028039864)
1(0.004443108255876016, 0.004885593235404717)
1(0.004749451126377258, 0.00518972560315023)
1(0.004235528935448873, 0.00466999069779539)
1(0.0038057927812378267, 0.004236379784942734)
1(0.004106580745166899, 0.004536571196404049)
1(0.005186842229745192, 0.005608778926904701)
1(0.04836086149182861, 0.04877471455591076)
1(0.0043976224229436145, 0.004802006476072651)
1(0.0029800661524022054, 0.0033771285407595553)
1(0.006368484476125924, 0.006749849687065601)
1(0.003949314958862971, 0.004323568611301232)
1(0.0035617699974817008, 0.003929994582048013)
1(0.004447759659125583, 0.004812625505304813)
1(0.003217192882260078, 0.003577260782134273)
1(0.0038186727404717624, 0.004171001527015328)
1(0.05046279536381204, 0.050800241487743536)
1(0.003430834819588946, 0.0037610733179391787)
1(0.003878526933425719, 0.004207984430500411)
1(0.0038460649059428587, 0.0041662930957546696)
1(0.003473373792346801, 0.003783667607585195)
1(0.0036959599378126873, 0.004003345821918525)
1(0.002558378725966537, 0.002857797480965818)
1(0.004467424782637397, 0.004758267231511404)
1(0.0045358094858716225, 0.004821712060696148)
1(0.0042597018117737084, 0.0045417296555199105)
1(0.06821648955084947, 0.06849507909191732)
1(0.002561939098729371, 0.0028334437087056408)
1(0.004335527824085972, 0.004600671455485483)
1(0.004137610149121285, 0.004401070434007948)
1(0.007963567568217145, 0.00822690775274737)
1(0.007197370538074455, 0.007459729791224445)
1(0.0060524474209903145, 0.00630780248098739)
1(0.0029380423448982507, 0.0031762421861730727)
1(0.0037148791316686802, 0.0039383956532542674)
1(0.005397454267776491, 0.005614238057787269)
1(0.004627863653151487, 0.004828631883967538)
1(0.0027042262503716996, 0.002898200640394921)
1(0.09433263638697276, 0.09452489328460889)
1(0.005891284144149078, 0.006081699947320773)
1(0.006921687027597434, 0.007108226338847112)
1(0.003193255431181874, 0.003374490055611745)
1(0.0033363472620669965, 0.003513261836153636)
1(0.0030112506221217084, 0.0031762421861730727)
1(0.07035193182835608, 0.07049794909960849)
1(0.0034512517343339155, 0.0035827836309324512)
1(0.0448942404618391, 0.045014478625018395)
1(0.0037474295089995335, 0.0038635976415766216)
1(0.004121099719839538, 0.004234736449535981)
1(0.004495784591244112, 0.004607540487472139)
1(0.0026573816735645517, 0.0027672124452544633)
1(0.005104493113782027, 0.005213097857934446)
1(0.003822253106723572, 0.003929994582048013)
1(0.003267326839395457, 0.0033726280004348075)
1(0.0035394093925353864, 0.0036399255422283616)
1(0.004573658750458343, 0.004672926945649358)
1(0.004537554878358718, 0.004631250783482588)
1(0.0036195687751999772, 0.003710526954258442)
1(0.002676150373724928, 0.0027573757067650417)
1(0.005093621650945401, 0.005170324067348631)
1(0.0038197360101546174, 0.003890390224060347)
1(0.00377738794198057, 0.0038450449737182923)
1(0.0039263699333972335, 0.003993882766209711)
1(0.051373732983971965, 0.05143730059674534)
1(0.008256991787355394, 0.008317476833400228)
1(0.005210277636913285, 0.0052700327987420525)
1(0.0036810282499601943, 0.003734607261454026)
1(0.0034128969966688016, 0.00343574734902119)
1(0.004703411416775993, 0.004725768161595867)
1(0.006500332268227993, 0.006518616966641133)
1(0.0053010215348701095, 0.005318356321865614)
1(0.005312874576981708, 0.005330207332885584)
1(0.0028062700325006684, 0.00281966078772955)
1(0.003611380961417221, 0.0036227900961924853)
1(0.002576865100173187, 0.0025852546668089227)
1(0.0043417624562597235, 0.004347675697663589)
1(0.0029610152218184638, 0.0029644841852244364)
0(0.0, inf)
0(0.0, 1.1882391106091683)
0(0.0, 0.3387847029290403)
0(0.0, 0.2501131146094945)
0(0.0, 0.1562302894225075)
0(0.0, 0.14901265250586115)
0(0.0, 0.14672810605300168)
0(0.0, 0.14358712073641056)
0(0.0, 0.11594219954250107)
0(0.0, 0.11480634493831876)
0(0.0, 0.11452326166653115)
0(0.0, 0.11098494619452981)
0(0.0, 0.10997836643959769)
0(0.0, 0.10756442335112493)
0(0.0, 0.10504573272256168)
0(0.0, 0.10271111893545415)
0(0.0, 0.10059987276921933)
0(0.0, 0.09796674188778087)
0(0.0, 0.09684938726910053)
0(0.0, 0.09457337913029895)
0(0.0, 0.09381410750010799)
0(0.0, 0.09251495089820128)
0(0.0, 0.09237883216083187)
0(0.0, 0.09218130020832227)
0(0.0, 0.09123768656084275)
0(0.0, 0.09100062049299995)
0(0.0, 0.08973264690259264)
0(0.0, 0.08903897153787199)
0(0.0, 0.08894390672202979)
0(0.0, 0.08814810586363975)
0(0.0, 0.08705357934014635)
0(0.0, 0.08603075995147325)
0(0.0, 0.08530153452191358)
0(0.0, 0.08458460689027214)
0(0.0, 0.0829246646351336)
0(0.0, 0.08223443814080578)
0(0.0, 0.08195054520727718)
0(0.0, 0.08040923612560091)
0(0.0, 0.07906547005527143)
0(0.0, 0.0789064581026202)
0(0.0, 0.07886265679301252)
0(0.0, 0.07816425177207698)
0(0.0, 0.07706160395882256)
0(0.0, 0.0762205302465423)
0(0.0, 0.07621147886690749)
0(0.0, 0.07580766970804476)
0(0.0, 0.07451573387533705)
0(0.0, 0.07220250114247029)
0(0.0, 0.0716802524113328)
0(0.0, 0.07129219065830161)
0(0.0, 0.07113812878103809)
0(0.0, 0.06991435437880245)
0(0.0, 0.06989308167818964)
0(0.0, 0.0681793189535298)
0(0.0, 0.06799400275955214)
0(0.0, 0.06738666150149608)
0(0.0, 0.06621160084108113)
0(0.0, 0.0660326912789172)
0(0.0, 0.06602752595807182)
0(0.0, 0.0654395801534301)
0(0.0, 0.06522693962186876)
0(0.0, 0.06510920473533766)
0(0.0, 0.06466650184582146)
0(0.0, 0.06387550905794226)
0(0.0, 0.06366596117838663)
0(0.0, 0.06313932718789339)
0(0.0, 0.06237656063055208)
0(0.0, 0.06223535526992763)
0(0.0, 0.06119856969662296)
0(0.0, 0.061174569407017154)
0(0.0, 0.06113375581077163)
0(0.0, 0.060925334365704686)
0(0.0, 0.060555751238546285)
0(0.0, 0.060028625518298906)
0(0.0, 0.05997663454182944)
0(0.0, 0.059033529091237935)
0(0.0, 0.05824255755533636)
0(0.0, 0.0575452426873978)
0(0.0, 0.057091175486475576)
0(0.0, 0.05662472065983781)
0(0.0, 0.05649654189744813)
0(0.0, 0.05623590983464388)
0(0.0, 0.05617431911909354)
0(0.0, 0.05568916124076162)
0(0.0, 0.055573954967726547)
0(0.0, 0.055445536921305716)
0(0.0, 0.05540686524923044)
0(0.0, 0.055350651238360804)
0(0.0, 0.054852272882033315)
0(0.0, 0.054833795936265806)
0(0.0, 0.053874279294415905)
0(0.0, 0.05372789845719861)
0(0.0, 0.053583645196832896)
0(0.0, 0.05350952616078919)
0(0.0, 0.05341443275997193)
0(0.0, 0.05311002357642425)
0(0.0, 0.05194916856016496)
0(0.0, 0.05176797986708659)
0(0.0, 0.05157083917003147)
0(0.0, 0.05136862935014075)
0(0.0, 0.05122924292174047)
0(0.0, 0.05098012394578744)
0(0.0, 0.050967958418688175)
0(0.0, 0.05096486074374862)
0(0.0, 0.05082848317168165)
0(0.0, 0.050672760249148574)
0(0.0, 0.0500411917255047)
0(0.0, 0.04974613167352959)
0(0.0, 0.04956219424395847)
0(0.0, 0.04946341285657252)
0(0.0, 0.04945139626704276)
0(0.0, 0.04936298956915375)
0(0.0, 0.049326536125329334)
0(0.0, 0.04924487366975283)
0(0.0, 0.04894452498790103)
0(0.0, 0.048865293213601446)
0(0.0, 0.04874193418724038)
0(0.0, 0.04840572574695601)
0(0.0, 0.04811957520754695)
0(0.0, 0.04792742694609864)
0(0.0, 0.047545532267959434)
0(0.0, 0.0471725369587882)
0(0.0, 0.04708571547787466)
0(0.0, 0.046674557637286895)
0(0.0, 0.046665017068256875)
0(0.0, 0.046506281479303024)
0(0.0, 0.04624062268726614)
0(0.0, 0.04580455733655098)
0(0.0, 0.04556348173797897)
0(0.0, 0.04550726278520667)
0(0.0, 0.04528863864357213)
0(0.0, 0.04518336857476046)
0(0.0, 0.0449157383922264)
0(0.0, 0.044683788219696985)
0(0.0, 0.044555042302969805)
0(0.0, 0.04421155398855925)
0(0.0, 0.04387222366428645)
0(0.0, 0.04364174813840316)
0(0.0, 0.04348863446249107)
0(0.0, 0.04344247654206179)
0(0.0, 0.04330568081101738)
0(0.0, 0.043290670622429195)
0(0.0, 0.043163476916617705)
0(0.0, 0.042932312888110946)
0(0.0, 0.042820257007866847)
0(0.0, 0.042624121280208094)
0(0.0, 0.042529984149226596)
0(0.0, 0.042296478669770154)
0(0.0, 0.0419175836476916)
0(0.0, 0.041838045304448346)
0(0.0, 0.04171547972240697)
0(0.0, 0.0413972760108241)
0(0.0, 0.04080449407541464)
0(0.0, 0.040668355190517036)
0(0.0, 0.04056548970701457)
0(0.0, 0.0402165449739893)
0(0.0, 0.040200388433694445)
0(0.0, 0.040077342294867035)
0(0.0, 0.040070665961432494)
0(0.0, 0.040050540325449635)
0(0.0, 0.04001549690206396)
0(0.0, 0.03998308625908742)
0(0.0, 0.039941534661588785)
0(0.0, 0.03968432013989731)
0(0.0, 0.03968283097695513)
0(0.0, 0.03965935279449928)
0(0.0, 0.03946732565277289)
0(0.0, 0.03886888818140377)
0(0.0, 0.038705366503454686)
0(0.0, 0.03862550143410948)
0(0.0, 0.038619596423824176)
0(0.0, 0.038567568142410136)
0(0.0, 0.038064723373738674)
0(0.0, 0.03805237463242772)
0(0.0, 0.03798736471957309)
0(0.0, 0.0379636701497269)
0(0.0, 0.03786587338153269)
0(0.0, 0.037802813020216264)
0(0.0, 0.037758897619715626)
0(0.0, 0.03756239447690091)
0(0.0, 0.037343330975482925)
0(0.0, 0.037290940544909446)
0(0.0, 0.03727468673571521)
0(0.0, 0.036984967971228855)
0(0.0, 0.03677920908836141)
0(0.0, 0.036729177669680646)
0(0.0, 0.03663590362444302)
0(0.0, 0.03637286468367262)
0(0.0, 0.036208973035887326)
0(0.0, 0.03595455121997404)
0(0.0, 0.03586543302073386)
0(0.0, 0.03565906833960042)
0(0.0, 0.03565727317246925)
0(0.0, 0.03560714898509565)
0(0.0, 0.03479798484365393)
0(0.0, 0.0345052923297644)
0(0.0, 0.03441345404677698)
0(0.0, 0.03434725247570014)
0(0.0, 0.034034806939425066)
0(0.0, 0.03382375491462375)
0(0.0, 0.03367915635647545)
0(0.0, 0.03366302515934472)
0(0.0, 0.033497173221356036)
0(0.0, 0.03345258838350207)
0(0.0, 0.033127022009624474)
0(0.0, 0.032298193339285075)
0(0.0, 0.03224187746966101)
0(0.0, 0.031585249193820886)
0(0.0, 0.031440676299278825)
0(0.0, 0.03126804414973705)
0(0.0, 0.031179814054688282)
0(0.0, 0.030978602426883328)
0(0.0, 0.030917348731222205)
0(0.0, 0.030407864352641867)
0(0.0, 0.029651232613937983)
0(0.0, 0.02923700153031883)
0(0.0, 0.028237167186658474)
0(0.0, 0.026717668884574608)
0(0.0, 0.026447445835950267)
0(0.0, 0.025568016710933228)
0(0.0, 0.025330097007622565)
0(0.0, 0.024566506128417265)
0(0.0, 0.02062224432734061)
0(0.0, 0.010767459651936373)
0(0.0, 0.009494292479978461)
0(0.0, 0.009390146217937434)
0(0.0, 0.009266990508052686)
0(0.0, 0.009261411242635909)
0(0.0, 0.008026805334918952)
0(0.0, 0.007676439448482619)
0(0.0, 0.007674472981615721)
0(0.0, 0.007335633329545899)
0(0.0, 0.007308259097838166)
0(0.0, 0.006687070050885646)
0(0.0, 0.006555887802231042)
0(0.0, 0.006519593793200551)
0(0.0, 0.006346763596392413)
0(0.0, 0.006187300915515115)
0(0.0, 0.006179728446048749)
0(0.0, 0.006044580966280133)
0(0.0, 0.005973322829994854)
0(0.0, 0.005845965774079698)
0(0.0, 0.005761396653402806)
0(0.0, 0.005745436322539543)
0(0.0, 0.005715477474993569)
0(0.0, 0.0056701214037711)
0(0.0, 0.005562325679399405)
0(0.0, 0.005512971817161594)
0(0.0, 0.005494032905714263)
0(0.0, 0.005455191116569669)
0(0.0, 0.005423976595278268)
0(0.0, 0.005362480613053444)
0(0.0, 0.005158744650655467)
0(0.0, 0.005144254605630505)
0(0.0, 0.005080061492153787)
0(0.0, 0.005071440009555173)
0(0.0, 0.005055456609265652)
0(0.0, 0.005034387312038757)
0(0.0, 0.00499079817088155)
0(0.0, 0.004979839718232459)
0(0.0, 0.004971951941866393)
0(0.0, 0.004783235602176195)
0(0.0, 0.004723829687206416)
0(0.0, 0.00465523664869405)
0(0.0, 0.004602940312656845)
0(0.0, 0.004499826885969727)
0(0.0, 0.004463667368547641)
0(0.0, 0.004459408296549339)
0(0.0, 0.004399030511734847)
0(0.0, 0.004335181884334682)
0(0.0, 0.004304786735249033)
0(0.0, 0.0042991461016517185)
0(0.0, 0.004289039956862806)
0(0.0, 0.004285147205808859)
0(0.0, 0.004267925860867883)
0(0.0, 0.004257898537410543)
0(0.0, 0.004243859788093385)
0(0.0, 0.004227405909271176)
0(0.0, 0.0042211833857165315)
0(0.0, 0.004195112109943389)
0(0.0, 0.0041671166019572325)
0(0.0, 0.004138175977776104)
0(0.0, 0.004132676199972263)
0(0.0, 0.004116111216202478)
0(0.0, 0.004112767159677566)
0(0.0, 0.004076362248945031)
0(0.0, 0.004044914857548654)
0(0.0, 0.003931641688642462)
0(0.0, 0.003924042914734249)
0(0.0, 0.0039232601179073345)
0(0.0, 0.0038898112939946827)
0(0.0, 0.0038320476124165115)
0(0.0, 0.003790153392529194)
0(0.0, 0.00377418378709804)
0(0.0, 0.00369955186200166)
0(0.0, 0.003669760454407478)
0(0.0, 0.0036660152806753388)
0(0.0, 0.0036625740164261122)
0(0.0, 0.0036456275661541637)
0(0.0, 0.003636714808016861)
0(0.0, 0.0036335005879921667)
0(0.0, 0.003597498881680705)
0(0.0, 0.003560901485081258)
0(0.0, 0.0035589970643788993)
0(0.0, 0.003554309834966296)
0(0.0, 0.003553076858025306)
0(0.0, 0.0035395060528148337)
0(0.0, 0.0035373745076557883)
0(0.0, 0.0035262802238147373)
0(0.0, 0.0035185153003730596)
0(0.0, 0.0035122095034995082)
0(0.0, 0.0034918770137581934)
0(0.0, 0.003489194142487717)
0(0.0, 0.0034862542519119577)
0(0.0, 0.003464056868356269)
0(0.0, 0.003461156730220516)
0(0.0, 0.003452913264485935)
0(0.0, 0.0034457317557696765)
0(0.0, 0.003439042651359081)
0(0.0, 0.0034367498676454167)
0(0.0, 0.0034281272310114907)
0(0.0, 0.003407953803586161)
0(0.0, 0.003403442006314261)
0(0.0, 0.0033932065522866983)
0(0.0, 0.0033885457414137843)
0(0.0, 0.003387721895568019)
0(0.0, 0.0033704055896837115)
0(0.0, 0.003368355631923059)
0(0.0, 0.003363268877158987)
0(0.0, 0.0033534320228510994)
0(0.0, 0.0033387200274510587)
0(0.0, 0.0033256260963060447)
0(0.0, 0.003321802684888353)
0(0.0, 0.0033047587673882273)
0(0.0, 0.003303608947384462)
0(0.0, 0.0032842988370866966)
0(0.0, 0.00328111280529364)
0(0.0, 0.003271788755131011)
0(0.0, 0.0032586574658833856)
0(0.0, 0.003235663037306935)
0(0.0, 0.0032105196057115037)
0(0.0, 0.00320300775414617)
0(0.0, 0.003183116624842164)
0(0.0, 0.003179718624446548)
0(0.0, 0.0031743662298775455)
0(0.0, 0.00316224584433622)
0(0.0, 0.0031575131769520093)
0(0.0, 0.0031544742759279654)
0(0.0, 0.0031520060270635586)
0(0.0, 0.0030981727059896658)
0(0.0, 0.0030605709592537167)
0(0.0, 0.0030570609933481263)
0(0.0, 0.003048107528152655)
0(0.0, 0.0030312782582706532)
0(0.0, 0.0030131969779643164)
0(0.0, 0.0030101304701460885)
0(0.0, 0.0030061788518873644)
0(0.0, 0.0029928526873125305)
0(0.0, 0.0029874383160024554)
0(0.0, 0.002972572195593659)
0(0.0, 0.0029694901059551526)
0(0.0, 0.0029582710411429902)
0(0.0, 0.0029570341619415963)
0(0.0, 0.0029451463156933144)
0(0.0, 0.0029376334765012224)
0(0.0, 0.002905308038613108)
0(0.0, 0.002904458169784796)
0(0.0, 0.002901104321024417)
0(0.0, 0.0028759939028052406)
0(0.0, 0.002869253318088849)
0(0.0, 0.002843104439130162)
0(0.0, 0.002805683672837622)
0(0.0, 0.0027685394612129155)
0(0.0, 0.0027473428813805656)
0(0.0, 0.002721712584650149)
0(0.0, 0.0027175855616992095)
0(0.0, 0.0026944741571223174)
0(0.0, 0.002676547325872858)
0(0.0, 0.0026566093578815897)
0(0.0, 0.0026563377242833086)
0(0.0, 0.002644858507700909)
0(0.0, 0.0026117766644013773)
0(0.0, 0.0026109004174719175)
0(0.0, 0.002592573771115547)
0(0.0, 0.00259235770882682)
0(0.0, 0.002577325574506628)
0(0.0, 0.0025712746385089247)
0(0.0, 0.0025688400624234164)
0(0.0, 0.002558619166777465)
0(0.0, 0.0025555855216679024)
0(0.0, 0.00255312840271249)
0(0.0, 0.002532789248893441)
0(0.0, 0.002522109237397152)
0(0.0, 0.0025156405365944767)
0(0.0, 0.002508462982449)
0(0.0, 0.0024743556792092836)
0(0.0, 0.0024646039237750106)
0(0.0, 0.0024558691436800117)
0(0.0, 0.002453883995343409)
0(0.0, 0.0024424879217705975)
0(0.0, 0.002430483398416561)
0(0.0, 0.002429799475317518)
0(0.0, 0.0024269305934874197)
0(0.0, 0.0024056794685397564)
0(0.0, 0.002336907472509031)
0(0.0, 0.00233486849261455)
0(0.0, 0.0023297297964479657)
0(0.0, 0.0023033532611529406)
0(0.0, 0.0022971313792427006)
0(0.0, 0.0022794710877503954)
0(0.0, 0.002260321335459059)
0(0.0, 0.0022356786330499645)
0(0.0, 0.0022150094201648374)
0(0.0, 0.0022059633148693303)
0(0.0, 0.0022041302144715225)
0(0.0, 0.00220372755153031)
0(0.0, 0.002198087206742416)
0(0.0, 0.002160031656256778)
0(0.0, 0.002140617051019311)
0(0.0, 0.0021178930022982545)
0(0.0, 0.0021089379945222753)
0(0.0, 0.002056900147887619)
0(0.0, 0.0020314778768112385)
0(0.0, 0.0020281731341962317)
0(0.0, 0.0019553705236823316)
0(0.0, 0.001952730179880069)
0(0.0, 0.0019476150977052464)
0(0.0, 0.0019202386753467415)
0(0.0, 0.0018536657325314287)
0(0.0, 0.001843995046812763)
0(0.0, 0.0016463845383666298)
0(0.0, 0.001352924270762057)
