1(0.36124943212025107, 0.6680867521226179)
1(0.4032141047080825, 0.5643845130747139)
1(0.46833995693106223, 0.6172046470440611)
1(0.32225148124450964, 0.4680151001325421)
1(0.4107056189000745, 0.5494349209977)
1(0.42304261021987555, 0.5450910602231457)
1(0.5326608601227414, 0.6524488375740032)
1(0.4505579715855269, 0.5690373551847422)
1(0.3390328597221621, 0.4574890868171989)
1(0.49148296886412846, 0.6099337554768564)
1(0.5609349370016523, 0.6775021464606304)
1(0.4154665969008131, 0.5308771971242492)
1(0.5571327631264892, 0.6704294306258441)
1(0.3961687749242724, 0.5073569854657327)
1(0.4622329882721171, 0.5729297312577704)
1(0.37978676153085433, 0.487945997613045)
1(0.4840804856720302, 0.5907749737993567)
1(0.4868917215819383, 0.5901366853571037)
1(0.5294791104195791, 0.6326831810669178)
1(0.567889022278107, 0.6661329415804023)
1(0.39391597293868585, 0.4915600276343529)
1(0.5736015936856649, 0.6690446855346781)
1(0.45601252611442966, 0.5506633065611237)
1(0.5419461882404488, 0.6351886714868626)
1(0.5336130834710153, 0.626104125738957)
1(0.34328215849653365, 0.43423032918972226)
1(0.5976317515102003, 0.6878324428903617)
1(0.6756450727937247, 0.7649977623109774)
1(0.39154987725740464, 0.4802836496343156)
1(0.4318224836033916, 0.5190732661958356)
1(0.37912797135226484, 0.4652562000309983)
1(0.6167816496228523, 0.7028827530542445)
1(0.4453553256776156, 0.5303750905252116)
1(0.42732360129252556, 0.5110785969451164)
1(0.41965823000072244, 0.5033121324681005)
1(0.4379843362284551, 0.520652911502733)
1(0.40293146864159257, 0.4844174226372311)
1(0.45955948400154567, 0.5404786289345554)
1(0.503347872140502, 0.5829722847783544)
1(0.5148247751123433, 0.5943904718768263)
1(0.4049006959486625, 0.4844380591029269)
1(0.3917959771981193, 0.4692050557405313)
1(0.41800835346806964, 0.4946090873047032)
1(0.37392397857714166, 0.44996339662332574)
1(0.38902279989149446, 0.464580939503482)
1(0.4266983669905654, 0.5013369187010012)
1(0.38417261459452445, 0.45822679247099096)
1(0.3318292910664532, 0.40375092229483445)
1(0.4391705644676589, 0.5106701784913363)
1(0.40923678796018537, 0.4805233167879046)
1(0.48769295007590263, 0.5581916338133025)
1(0.4748484523484645, 0.5452106928184814)
1(0.4723382660153115, 0.5425216990203713)
1(0.4409675512576956, 0.5099246855226953)
1(0.4155104703250383, 0.4839853997051785)
1(0.4293211059327888, 0.49748968890213774)
1(0.39907814183897405, 0.46723839041141313)
1(0.5983211047077677, 0.6662154067356655)
1(0.3474350298307277, 0.41485295606861416)
1(0.6375811868197683, 0.7033938148542882)
1(0.45070656541889986, 0.514711864682973)
1(0.4472762568919678, 0.5078511948865094)
1(0.4412860529887084, 0.5015156819332319)
1(0.5099539144061103, 0.5700271776561971)
1(0.42980198519013246, 0.48860957162175833)
1(0.5275067668401963, 0.5862646764171913)
1(0.44392162936844637, 0.5016663633168958)
1(0.43072811476189454, 0.4879702404253946)
1(0.466073679540279, 0.5229243800389468)
1(0.40881383418689254, 0.4653555680292454)
1(0.4151052258386121, 0.4709721546501284)
1(0.41894812968786255, 0.47459344896580014)
1(0.43810795395054414, 0.49366821195795596)
1(0.40610088881590123, 0.46156327147895604)
1(0.4103687781403309, 0.46571816688356615)
1(0.42587216265507677, 0.4810360190726275)
1(0.42778427455196455, 0.48283413456451174)
1(0.4882074876491598, 0.5421296058790602)
1(0.3810841923540048, 0.43441399307856265)
1(0.4102751517319968, 0.46333487978592003)
1(0.44731961911139884, 0.4998349516625725)
1(0.42581645001370294, 0.4779309123989608)
1(0.43707786097163603, 0.48908845731584016)
1(0.34897861752002424, 0.39967640079282674)
1(0.3708420812600902, 0.42143457227308656)
1(0.5599761256332598, 0.610447226931367)
1(0.44110883850436633, 0.49152884600408075)
1(0.5593919999726632, 0.6092613997203603)
1(0.4465157515172352, 0.4962437509520906)
1(0.5033981845849851, 0.5524570155699868)
1(0.4318669644873714, 0.4803114082582802)
1(0.4105991411560812, 0.4587513116670048)
1(0.19857545676045918, 0.24661711975401213)
1(0.4193242510681202, 0.4663807517453039)
1(0.5175935330557107, 0.5643845130747139)
1(0.3581638214286951, 0.40460488902836456)
1(0.607786389367462, 0.6540365898405798)
1(0.5487593090382645, 0.5946175698529732)
1(0.42996576361565364, 0.47555362702927295)
1(0.3463021239519297, 0.3915504891667382)
1(0.28388912758033125, 0.3289165809014257)
1(0.4561776989127465, 0.5006845575624672)
1(0.2787359533796522, 0.3222585814788773)
1(0.5271510490452415, 0.5705756597512097)
1(0.4674870282121143, 0.510634347776814)
1(0.4646904412630569, 0.5077381934480995)
1(0.5396174457535413, 0.5826286141844518)
1(0.4553331172928593, 0.49805684923327387)
1(0.4754319250213861, 0.5174022987894131)
1(0.4267314454851546, 0.4680730239590033)
1(0.5185195922898449, 0.5597857037911678)
1(0.5719529458239389, 0.6129846557792651)
1(0.3939936412061603, 0.4349088671470679)
1(0.2677928995141273, 0.30863586576660307)
1(0.4421014604551535, 0.4827352764612751)
1(0.5820476201509899, 0.622667227396795)
1(0.4650777569206891, 0.5051003830190084)
1(0.5626731194562473, 0.6024749325687566)
1(0.28894061417836003, 0.32856775094677537)
1(0.6887108865560538, 0.7280431776497953)
1(0.3972143161540115, 0.4358092885177812)
1(0.38180182807272234, 0.42037581345494734)
1(0.27477162915771036, 0.31323795790093634)
1(0.3620375129330965, 0.39967640079282674)
1(0.6455263785301042, 0.6830953234051331)
1(0.6655167652292442, 0.7027628295073547)
1(0.36842537360425065, 0.40516467527364)
1(0.4315061856838456, 0.4680151001325421)
1(0.441695635669488, 0.4775482931041606)
1(0.37408303425934797, 0.4096507809214993)
1(0.658055587083323, 0.693461186487055)
1(0.5710120007253494, 0.6063719593112782)
1(0.5894826478898865, 0.6239930683240451)
1(0.3796183436443532, 0.41383314981477004)
1(0.5162745643689748, 0.5504799094864583)
1(0.5370678973472294, 0.5709904407211386)
1(0.5766303290797954, 0.610434918761306)
1(0.33978355318661047, 0.3733259499536534)
1(0.2924538924438065, 0.32595789415795373)
1(0.5638362724126382, 0.5973008203239205)
1(0.4853486546980663, 0.5186705720926816)
1(0.47360346337909465, 0.5068569506783709)
1(0.32630239933102456, 0.3594628122576322)
1(0.47337049042789303, 0.5062013259551031)
1(0.5176629471432914, 0.5504912286949835)
1(0.44691719509685646, 0.47955851577847364)
1(0.19548155070281903, 0.2272927435774208)
1(0.36787659588477406, 0.3988638912105483)
1(0.6611360836367894, 0.692033705469399)
1(0.3731710847740092, 0.40394034526013334)
1(0.3815659114135226, 0.4122020706627617)
1(0.2139798318889703, 0.2443005922147108)
1(0.4677114446349627, 0.49794502208111957)
1(0.24468952056122129, 0.2746783367525356)
1(0.34594132159185564, 0.3758543504996861)
1(0.307877387878717, 0.33770384147962895)
1(0.5519346538061829, 0.5816302086591895)
1(0.2755713821541246, 0.3052294458238666)
1(0.5135920383176052, 0.5431214570326276)
1(0.5228696722538645, 0.5523626261557155)
1(0.5004904254120062, 0.5299595211753194)
1(0.47177913375490055, 0.501189285337845)
1(0.44320062835632046, 0.4720886009012615)
1(0.5115229520985367, 0.5401419799115365)
1(0.3605516390216992, 0.38915989864981915)
1(0.5283846156441911, 0.556884380109154)
1(0.4186431590489177, 0.44685872427525175)
1(0.4117312270443596, 0.43989625454067427)
1(0.48962925678163516, 0.5176112424914668)
1(0.4330881018316939, 0.4610451472587428)
1(0.5755983796638802, 0.6034695404062753)
1(0.6272673151818504, 0.6549270725144396)
1(0.6121870949902728, 0.6397454221016443)
1(0.17730352096191082, 0.2047814745475982)
1(0.5761242134331127, 0.603448841854464)
1(0.3742256040287365, 0.4014322645637871)
1(0.33703837007285475, 0.3640390268888992)
1(0.35587075268931223, 0.382556010381483)
1(0.2292417042956968, 0.25588858365354217)
1(0.22213052716085113, 0.2487246712476009)
1(0.6108304210792925, 0.6371097897687376)
1(0.5167982242424596, 0.5430770860763772)
1(0.3881157225844706, 0.4143542073124632)
1(0.44578367721056533, 0.4719435596773631)
1(0.7103722650151911, 0.735950496894632)
1(0.4285101597888472, 0.45392734646753663)
1(0.5379927125276892, 0.5634098699990633)
1(0.656669995994342, 0.6820531301498459)
1(0.42851922759117933, 0.4538191682103305)
1(0.30734231040954096, 0.3325418986821762)
1(0.4537446697672123, 0.4788693071850748)
1(0.27690989698976054, 0.30203135351131816)
1(0.6382638962673636, 0.6633594085478929)
1(0.2933701843255586, 0.3182614151705788)
1(0.4876430609780561, 0.5125326175429632)
1(0.45594435221817864, 0.4805233167879046)
1(0.575781927025194, 0.6000288757510577)
1(0.3184562147690886, 0.34268393369325745)
1(0.2976459758321415, 0.3212493392804918)
1(0.2955777615585805, 0.3191701774879251)
1(0.20980997530693946, 0.23293520846758242)
1(0.44992887203053555, 0.4729947918259484)
1(0.3436712123549306, 0.3660226756009197)
1(0.44804624353319267, 0.4702331378941368)
1(0.55443788963215, 0.5765069596358001)
1(0.41058857904783563, 0.43259380837768)
1(0.3050257790230112, 0.32695702587552555)
1(0.5080468004778895, 0.5293881560462617)
1(0.3125966633791537, 0.333429126631685)
1(0.2766120555998587, 0.29742672380957125)
1(0.5825174212235158, 0.6031101721146814)
1(0.2475214491896145, 0.2680912773134956)
1(0.59584910032534, 0.6158043401057356)
1(0.45388505098411414, 0.4737255997450801)
1(0.45141143119206684, 0.4710513233156901)
1(0.3912644095134754, 0.41080674263268735)
1(0.3622202232455779, 0.3816163520340333)
1(0.3607810546302832, 0.3801584443100372)
1(0.5215370403682986, 0.5407353242128106)
1(0.4474139230544941, 0.4665334916134628)
1(0.6630039135602485, 0.6821104008091414)
1(0.3169905321931503, 0.3360245205807769)
1(0.5283964681190549, 0.54736898301886)
1(0.5344871485880582, 0.5532055346022537)
1(0.5002070867273476, 0.5188780183054063)
1(0.49861201336681715, 0.5169448755956374)
1(0.528398758802449, 0.5466787073190477)
1(0.44004600024543317, 0.45822679247099096)
1(0.31202760933466367, 0.32984016411673)
1(0.43033612586491654, 0.44802250858860737)
1(0.22143903054215763, 0.23892602457346113)
1(0.2636980634343189, 0.28107619025052966)
1(0.6034541960261756, 0.6207448868648752)
1(0.43779097759827035, 0.45484820975884144)
1(0.24264419104385948, 0.25969755662677296)
1(0.39630695169629415, 0.41309349150394636)
1(0.49735547903013133, 0.5140556070263915)
1(0.44966039931065527, 0.465940221541982)
1(0.5337645021437395, 0.5498494074191571)
1(0.4702691424228259, 0.4853949558232038)
1(0.45275955511914734, 0.4678051185026968)
1(0.4216659318134862, 0.43664229667965593)
1(0.2307620552301035, 0.24502787883164923)
1(0.5655023314778889, 0.5795830538562812)
1(0.28694846799928264, 0.30102848301576957)
1(0.6323677069602617, 0.646201033273649)
1(0.44527546344314195, 0.4589181451755394)
1(0.49260282795311416, 0.5062013259551031)
1(0.3268824767540188, 0.3404112041055567)
1(0.35133871074245937, 0.3645128874551328)
1(0.3104862769846437, 0.3235062451812529)
1(0.31615901416802694, 0.3290666200562897)
1(0.2955128780518148, 0.30840748810186347)
1(0.6789488327717836, 0.6918154097085163)
1(0.22058063840263042, 0.2332813812463791)
1(0.37365966013246255, 0.3861858503739527)
1(0.510156821021222, 0.5226408358800833)
1(0.42729040457377043, 0.43962304821695064)
1(0.44525253814306487, 0.4572981125742127)
1(0.33818156444292036, 0.35022560934741687)
1(0.2865985272980658, 0.29858093487552106)
1(0.485799709719376, 0.4977188549351287)
1(0.31804772235761036, 0.32984016411673)
1(0.4769122817415339, 0.48839524201354656)
1(0.4782166352841998, 0.4895280163062933)
1(0.41495319577690004, 0.42625542373353664)
1(0.29752410899216963, 0.30872880548157666)
1(0.49755650664819306, 0.5086085515453813)
1(0.36634693210599867, 0.37716131133156716)
1(0.33048847548848914, 0.34105363338420747)
1(0.4046823015795822, 0.4150080354567802)
1(0.5820097240958287, 0.5921908656937471)
1(0.6290980130920003, 0.6391106537274582)
1(0.4856550729768798, 0.49545944039887)
1(0.5805073863854164, 0.5902684072049497)
1(0.32038056740236054, 0.3300555395635897)
1(0.5012348706056218, 0.5107567599711658)
1(0.2324715336004337, 0.2418855986379138)
1(0.3967027952903954, 0.40587600913542243)
1(0.3131211052612648, 0.3222144372097916)
1(0.34698690441943036, 0.3560234687919046)
1(0.5381700344530655, 0.5470633684076143)
1(0.25468730555359487, 0.26355371312406084)
1(0.2513742446964572, 0.2602296622664807)
1(0.19658570279733378, 0.20530902838957787)
1(0.4486236918226534, 0.4572981125742127)
1(0.48502679354696954, 0.49366821195795596)
1(0.4220212570014573, 0.4300545878129761)
1(0.43191962338906686, 0.43989625454067427)
1(0.48140703683712704, 0.489208051540164)
1(0.266944217671943, 0.27474380272076004)
1(0.522048746795233, 0.5297414189456033)
1(0.49118121299376516, 0.49867053949068174)
1(0.4256041219981488, 0.4330554349593716)
1(0.29937988891748935, 0.30678882263309926)
1(0.5098909195177912, 0.5172030547046891)
1(0.6525702903993629, 0.6594934108820952)
1(0.3163302764433453, 0.32300316037749743)
1(0.49250582284381916, 0.4990805372485524)
1(0.4357668498898154, 0.44212998180474294)
1(0.5526417375128938, 0.5589470378601663)
1(0.2518760256284891, 0.2575667734756517)
1(0.30991473988631557, 0.31546794845009396)
1(0.43281343553064355, 0.43836486485025317)
1(0.42223437579926393, 0.4275835897206751)
1(0.5421141221976092, 0.5474000449460403)
1(0.4067176648884313, 0.4119689870491958)
1(0.4834525227079012, 0.48854556043782915)
1(0.3416653187433708, 0.3467302058045473)
1(0.38629187301775525, 0.3912766347162757)
1(0.2576067391746014, 0.26258516522341924)
1(0.4089081795853129, 0.41379843703617514)
1(0.40835411939710686, 0.413114420163474)
1(0.5821793733805465, 0.5866987197167057)
1(0.24065187846254188, 0.24502787883164923)
1(0.3894849896990843, 0.39370943498083355)
1(0.47090670743311003, 0.4747743239493871)
1(0.4871401384205707, 0.4909848277547324)
1(0.3633599526343615, 0.3671894001897633)
1(0.2367439686186007, 0.24046180682436813)
1(0.32372907368182247, 0.327374736543093)
1(0.24960185121239975, 0.2529102793334187)
1(0.4810910963092466, 0.4843946852154767)
1(0.4574525198588998, 0.4605194065553532)
1(0.2087460242957513, 0.21178049067585691)
1(0.5616373542642692, 0.5646327254370082)
1(0.5645071606759626, 0.5670595542001063)
1(0.4255148501057767, 0.42796932185773395)
1(0.42546808882535236, 0.427805322690896)
1(0.7131275166278791, 0.7154618363785057)
1(0.39063396253600935, 0.3928273806342226)
1(0.3400983598839663, 0.3419584335763992)
1(0.5359005218790689, 0.5370872877016777)
1(0.5419885655021108, 0.5431700917075504)
1(0.7079084522123043, 0.7087350250445924)
1(0.4737760990450781, 0.47443751713657)
1(0.384460707293273, 0.3851137256317776)
1(0.5557959838481289, 0.5561701126049436)
1(0.5356846043105028, 0.5359043066477062)
1(0.29817866191871045, 0.2982652851995845)
0(0.0, inf)
0(0.0, 0.5656585239697263)
0(0.0, 0.5475378534726526)
0(0.0, 0.537441881712639)
0(0.0, 0.5304960035137922)
0(0.0, 0.5273175315566956)
0(0.0, 0.5152144945309894)
0(0.0, 0.504473930807122)
0(0.0, 0.4994700719990486)
0(0.0, 0.49462194833211504)
0(0.0, 0.4929559079662553)
0(0.0, 0.4856199255135014)
0(0.0, 0.48161593805801006)
0(0.0, 0.48074058011427345)
0(0.0, 0.4785544775854558)
0(0.0, 0.4761065316577777)
0(0.0, 0.47310600380535484)
0(0.0, 0.4699661483436449)
0(0.0, 0.46888957059773884)
0(0.0, 0.46370665289976776)
0(0.0, 0.46100392744373897)
0(0.0, 0.45783358453461)
0(0.0, 0.4554376280921968)
0(0.0, 0.4552497320382062)
0(0.0, 0.45444832225134923)
0(0.0, 0.4534966319252772)
0(0.0, 0.4496771284385682)
0(0.0, 0.44907613266334256)
0(0.0, 0.4472471847861823)
0(0.0, 0.44704945618933867)
0(0.0, 0.4468108215772415)
0(0.0, 0.4450603280971851)
0(0.0, 0.44302938731838626)
0(0.0, 0.4416041038257704)
0(0.0, 0.43879057811801536)
0(0.0, 0.4381522667064506)
0(0.0, 0.4361874350606044)
0(0.0, 0.436068523172669)
0(0.0, 0.43208763535397765)
0(0.0, 0.4299830060388471)
0(0.0, 0.42997640780748314)
0(0.0, 0.42951807206747494)
0(0.0, 0.42748033332252844)
0(0.0, 0.42391147750974156)
0(0.0, 0.42313763174225205)
0(0.0, 0.4184310671229079)
0(0.0, 0.4173896419859445)
0(0.0, 0.4143994556314804)
0(0.0, 0.41405640856488646)
0(0.0, 0.4131505309122163)
0(0.0, 0.4116454863383835)
0(0.0, 0.41108951385422865)
0(0.0, 0.4107629540701375)
0(0.0, 0.4105620373603235)
0(0.0, 0.4084325977933826)
0(0.0, 0.40574358381325815)
0(0.0, 0.40490567277188483)
0(0.0, 0.40324963768314326)
0(0.0, 0.4030009649658832)
0(0.0, 0.40061623712773065)
0(0.0, 0.40041731063622477)
0(0.0, 0.39855224995295047)
0(0.0, 0.39791392226718647)
0(0.0, 0.3977008685930541)
0(0.0, 0.3972340452259223)
0(0.0, 0.39701674630683137)
0(0.0, 0.3962856864038673)
0(0.0, 0.39569598576157516)
0(0.0, 0.39508354239549615)
0(0.0, 0.3946743225755428)
0(0.0, 0.3946213835813305)
0(0.0, 0.3931550727551226)
0(0.0, 0.3930457112667103)
0(0.0, 0.39075729881178367)
0(0.0, 0.39072984984245873)
0(0.0, 0.3906420360008468)
0(0.0, 0.39012719906490856)
0(0.0, 0.38904608124218043)
0(0.0, 0.3889496589709954)
0(0.0, 0.3879431042280893)
0(0.0, 0.3878181431084673)
0(0.0, 0.38597261954285444)
0(0.0, 0.3850512884939262)
0(0.0, 0.3837684244193402)
0(0.0, 0.3837293349246922)
0(0.0, 0.38355149564356816)
0(0.0, 0.3827975570020782)
0(0.0, 0.3824158485698498)
0(0.0, 0.3820413996883657)
0(0.0, 0.38184518872775064)
0(0.0, 0.3812217841025708)
0(0.0, 0.38095281583680685)
0(0.0, 0.37835228092334083)
0(0.0, 0.37800915316671424)
0(0.0, 0.37739766157935206)
0(0.0, 0.3772542918786449)
0(0.0, 0.37571539450137037)
0(0.0, 0.37450083767296083)
0(0.0, 0.37430715368455225)
0(0.0, 0.37092711831112)
0(0.0, 0.3704586319796751)
0(0.0, 0.37034239273451064)
0(0.0, 0.36877397253716726)
0(0.0, 0.3684535295424076)
0(0.0, 0.3679076687090421)
0(0.0, 0.36621341739602165)
0(0.0, 0.36545584711682844)
0(0.0, 0.361471598512481)
0(0.0, 0.3593583760413156)
0(0.0, 0.35767277838956)
0(0.0, 0.35564782410363627)
0(0.0, 0.35476440505889384)
0(0.0, 0.35462524889528313)
0(0.0, 0.35416733255922206)
0(0.0, 0.35371525424440475)
0(0.0, 0.3531738463508911)
0(0.0, 0.3529936749165645)
0(0.0, 0.3528636173126679)
0(0.0, 0.3526932334669155)
0(0.0, 0.35052761753758455)
0(0.0, 0.3502675399405928)
0(0.0, 0.35007483372766224)
0(0.0, 0.3500416007844731)
0(0.0, 0.34903087144353595)
0(0.0, 0.3489461662761667)
0(0.0, 0.3487747148903956)
0(0.0, 0.345961262736853)
0(0.0, 0.34588406374730185)
0(0.0, 0.3450013814011307)
0(0.0, 0.3414975159988396)
0(0.0, 0.34088609972206163)
0(0.0, 0.34084427671569284)
0(0.0, 0.3402100389071434)
0(0.0, 0.3396303965143652)
0(0.0, 0.3393036109080382)
0(0.0, 0.3390162068793434)
0(0.0, 0.338933043835995)
0(0.0, 0.3357835916412095)
0(0.0, 0.33252894877658123)
0(0.0, 0.3322854568550325)
0(0.0, 0.3308379384117598)
0(0.0, 0.3290820465864931)
0(0.0, 0.3285477988326755)
0(0.0, 0.32741654783105534)
0(0.0, 0.3261890768923792)
0(0.0, 0.3254624073161295)
0(0.0, 0.3250551809658747)
0(0.0, 0.32427285911436554)
0(0.0, 0.32383384094338685)
0(0.0, 0.32317631820869486)
0(0.0, 0.32237642290850643)
0(0.0, 0.3219799150284651)
0(0.0, 0.3219507114518221)
0(0.0, 0.3212612647722637)
0(0.0, 0.32113869731606737)
0(0.0, 0.31985441080125987)
0(0.0, 0.31975105866453135)
0(0.0, 0.31802480139288347)
0(0.0, 0.3172120706517474)
0(0.0, 0.31679709093582575)
0(0.0, 0.31667797436413714)
0(0.0, 0.3163232128282879)
0(0.0, 0.31463847968288794)
0(0.0, 0.3146028302733421)
0(0.0, 0.31437390540978016)
0(0.0, 0.3141444177399313)
0(0.0, 0.31411527090816804)
0(0.0, 0.31376741570587263)
0(0.0, 0.3134807590749039)
0(0.0, 0.3126613985664922)
0(0.0, 0.31255669720334467)
0(0.0, 0.3124293075877771)
0(0.0, 0.308913827106142)
0(0.0, 0.3086524548258822)
0(0.0, 0.3057617204447435)
0(0.0, 0.3054039118440469)
0(0.0, 0.30539971460175264)
0(0.0, 0.3043107986547684)
0(0.0, 0.3037123656765538)
0(0.0, 0.3035008781930586)
0(0.0, 0.3034805370468239)
0(0.0, 0.30277022955169275)
0(0.0, 0.3019795452761673)
0(0.0, 0.3010460711120958)
0(0.0, 0.29870524468502957)
0(0.0, 0.29837325635121525)
0(0.0, 0.2978576598538216)
0(0.0, 0.2975892785850738)
0(0.0, 0.2972317622218774)
0(0.0, 0.29645025211613596)
0(0.0, 0.29580022426323993)
0(0.0, 0.29574024881483973)
0(0.0, 0.2942678521441684)
0(0.0, 0.29307610928763794)
0(0.0, 0.2927145367113029)
0(0.0, 0.29248224147501667)
0(0.0, 0.2906449764474166)
0(0.0, 0.2906362331377981)
0(0.0, 0.29039381227261796)
0(0.0, 0.2903926500953514)
0(0.0, 0.2895171372182207)
0(0.0, 0.28703547972182963)
0(0.0, 0.28550159431345823)
0(0.0, 0.2854887458754345)
0(0.0, 0.2853800545726195)
0(0.0, 0.2844530303462799)
0(0.0, 0.2837781213338588)
0(0.0, 0.2827330390274163)
0(0.0, 0.2824855129390391)
0(0.0, 0.28180271020647685)
0(0.0, 0.28164675858741606)
0(0.0, 0.2813159073980539)
0(0.0, 0.2807228165806185)
0(0.0, 0.28020785728546627)
0(0.0, 0.27979717822350025)
0(0.0, 0.2789850276981879)
0(0.0, 0.2787887236342138)
0(0.0, 0.27842000639746567)
0(0.0, 0.27790173118673955)
0(0.0, 0.276467793817436)
0(0.0, 0.27634598059268434)
0(0.0, 0.27599445756655194)
0(0.0, 0.2758799398780519)
0(0.0, 0.27551551264974306)
0(0.0, 0.27470442199281686)
0(0.0, 0.27447346793644556)
0(0.0, 0.27241829285008745)
0(0.0, 0.27161775257307563)
0(0.0, 0.27159231025769637)
0(0.0, 0.27017815829668124)
0(0.0, 0.26916560714939475)
0(0.0, 0.2682454067275263)
0(0.0, 0.2681807517658633)
0(0.0, 0.26817339219078296)
0(0.0, 0.2676373744166253)
0(0.0, 0.2676121319269773)
0(0.0, 0.2674861635100687)
0(0.0, 0.26663014342754965)
0(0.0, 0.2664390829249982)
0(0.0, 0.26627933661519354)
0(0.0, 0.2662012010044946)
0(0.0, 0.26570550327986187)
0(0.0, 0.26421013848367225)
0(0.0, 0.26401908342272873)
0(0.0, 0.2622380600962454)
0(0.0, 0.26184423266275103)
0(0.0, 0.2614681790994471)
0(0.0, 0.2608659318673573)
0(0.0, 0.25852546630684736)
0(0.0, 0.258050529302735)
0(0.0, 0.258040337484696)
0(0.0, 0.25793550374257135)
0(0.0, 0.2576779395360924)
0(0.0, 0.25555089208037673)
0(0.0, 0.25538614315716024)
0(0.0, 0.2550889740286393)
0(0.0, 0.254599420019447)
0(0.0, 0.2543006411986274)
0(0.0, 0.25382741239271844)
0(0.0, 0.2510413786299881)
0(0.0, 0.25096842656437435)
0(0.0, 0.24953256478538477)
0(0.0, 0.24852163225246127)
0(0.0, 0.2477349737552197)
0(0.0, 0.24509157674055126)
0(0.0, 0.2448748209606092)
0(0.0, 0.24406661155505038)
0(0.0, 0.24337016028401526)
0(0.0, 0.2423759649632904)
0(0.0, 0.24177355882008655)
0(0.0, 0.2413205099266944)
0(0.0, 0.24122034435812156)
0(0.0, 0.2407149258141762)
0(0.0, 0.23972198660673205)
0(0.0, 0.23864328329571582)
0(0.0, 0.23846962553636375)
0(0.0, 0.23555372303993216)
0(0.0, 0.23521966531416116)
0(0.0, 0.23477349471388198)
0(0.0, 0.23444777569031916)
0(0.0, 0.2342481525339455)
0(0.0, 0.2322202608401187)
0(0.0, 0.23207598338433066)
0(0.0, 0.2315566057460866)
0(0.0, 0.23072106279409288)
0(0.0, 0.2300930130844987)
0(0.0, 0.22985348798441696)
0(0.0, 0.22865326018902565)
0(0.0, 0.22634590298421908)
0(0.0, 0.22629077998722236)
0(0.0, 0.22509274758252973)
0(0.0, 0.2247092813653273)
0(0.0, 0.2244992169622435)
0(0.0, 0.22424661745728225)
0(0.0, 0.2217580951197693)
0(0.0, 0.22117020076520066)
0(0.0, 0.22018841747013795)
0(0.0, 0.21968880368101795)
0(0.0, 0.2191406576722954)
0(0.0, 0.21582810255078078)
0(0.0, 0.21477547558321075)
0(0.0, 0.21407040105464836)
0(0.0, 0.21385294199600857)
0(0.0, 0.21337976040637485)
0(0.0, 0.21295091966812607)
0(0.0, 0.21275202799602988)
0(0.0, 0.21245843262589847)
0(0.0, 0.21245572265145052)
0(0.0, 0.21109932707368517)
0(0.0, 0.2108397477959011)
0(0.0, 0.2107475468337503)
0(0.0, 0.21034722252857607)
0(0.0, 0.21012362524678652)
0(0.0, 0.2090725702429106)
0(0.0, 0.20828512001862332)
0(0.0, 0.20816899821500845)
0(0.0, 0.20655848082414552)
0(0.0, 0.2064759095674722)
0(0.0, 0.20617112553364758)
0(0.0, 0.20566118813935208)
0(0.0, 0.20383709955247575)
0(0.0, 0.2005700603677778)
0(0.0, 0.20052743220476565)
0(0.0, 0.19908492617434137)
0(0.0, 0.19799879327625158)
0(0.0, 0.19795921464942723)
0(0.0, 0.1971355511329913)
0(0.0, 0.19545368796205687)
0(0.0, 0.19401847102385772)
0(0.0, 0.19370764180791267)
0(0.0, 0.1928722169583249)
0(0.0, 0.192762411991504)
0(0.0, 0.19172126845928406)
0(0.0, 0.18885231218068088)
0(0.0, 0.18874189865359103)
0(0.0, 0.1886815775562266)
0(0.0, 0.18855801311856024)
0(0.0, 0.18773285852320987)
0(0.0, 0.18513788671052156)
0(0.0, 0.18441210068754954)
0(0.0, 0.18189156647489368)
0(0.0, 0.1817412599116992)
0(0.0, 0.1811319406923868)
0(0.0, 0.1757113879361084)
0(0.0, 0.17297616197516408)
0(0.0, 0.17247388402033514)
0(0.0, 0.17203587076633808)
0(0.0, 0.171536849361549)
0(0.0, 0.17124560106386477)
0(0.0, 0.17074421326405953)
0(0.0, 0.17037178139600473)
0(0.0, 0.16926031609240932)
0(0.0, 0.16804283810934606)
0(0.0, 0.16585060199549717)
0(0.0, 0.16535154930087903)
0(0.0, 0.16353259101902573)
0(0.0, 0.16329998410732183)
0(0.0, 0.15934216590121875)
0(0.0, 0.1586184035280762)
0(0.0, 0.15842622187419875)
0(0.0, 0.15800496529201702)
0(0.0, 0.15326746787036538)
0(0.0, 0.14955602244220134)
0(0.0, 0.14544745333890619)
0(0.0, 0.14388097898113728)
0(0.0, 0.14317507379132766)
0(0.0, 0.12447797496821689)
0(0.0, 0.11555410667051802)
0(0.0, 0.08188576791913482)
0(0.0, 0.02470934425906479)
