1(0.4436235203183445, 0.7218374887497946)
1(0.39571084109205246, 0.5297839803099722)
1(0.3967237849575377, 0.5297839803099722)
1(0.36698886969671884, 0.49851644188551136)
1(0.38382577981571186, 0.5089234711677625)
1(0.3701787797538507, 0.48488204273682045)
1(0.38899775558744787, 0.5017325986149509)
1(0.3668241971172669, 0.47820316390752116)
1(0.39184154421866635, 0.4930736262806914)
1(0.4013712729926878, 0.5010350085705324)
1(0.3158065516047628, 0.40877091558299505)
1(0.6159332685672063, 0.7084403132502657)
1(0.3927138572337663, 0.48365244598931956)
1(0.3674396454168689, 0.4583756135916486)
1(0.3773483958079188, 0.46429952276425845)
1(0.3946608216040933, 0.4737162070524126)
1(0.3700748473526163, 0.44756251021026916)
1(0.45339214495924285, 0.530283072900709)
1(0.3695563292688683, 0.4440899282530276)
1(0.4000134696149218, 0.47296074857063)
1(0.30759340568690774, 0.3790186135669734)
1(0.4988339845988814, 0.5685585963813151)
1(0.36313492061167685, 0.4325435562969713)
1(0.28556036921024186, 0.3539591842934383)
1(0.3757693812519891, 0.44344038194230917)
1(0.47073120882856745, 0.5380858699077493)
1(0.47441344890133896, 0.5405862210065079)
1(0.30792498923497735, 0.373166552541239)
1(0.34587246546866723, 0.4100137403104658)
1(0.4207198032562034, 0.4847494958011157)
1(0.37664787670676925, 0.4384738690067713)
1(0.46037299792409014, 0.5213357920692959)
1(0.2850427583831435, 0.3456596324516801)
1(0.2482929255214279, 0.30849959731002286)
1(0.3734999771059072, 0.43310778803044814)
1(0.38343857247023827, 0.442047422108902)
1(0.2405704627014018, 0.29879506563837754)
1(0.3536231416033425, 0.41154467362171043)
1(0.35701652963427266, 0.4136566139350829)
1(0.4537148942895336, 0.508692443083537)
1(0.36214117030382453, 0.41708251488259573)
1(0.28425490469621983, 0.3385507192279943)
1(0.5088965950648011, 0.5626801481179606)
1(0.5305376667974206, 0.5824537983466409)
1(0.30722937174601206, 0.35889847712689493)
1(0.2291528896954479, 0.27873979798420856)
1(0.45167067378200554, 0.5012374142485211)
1(0.20465499237291052, 0.2537796529830356)
1(0.32744304345092257, 0.3759805278526306)
1(0.2938004229549902, 0.34188049779320817)
1(0.3706982706034847, 0.418377303827397)
1(0.3242289771069089, 0.3701480468574493)
1(0.3701983129047436, 0.4152338488655569)
1(0.26741054824231003, 0.31063957636150297)
1(0.45910859153155914, 0.5017320332441775)
1(0.4039117677405457, 0.44612179973531496)
1(0.2984178676115117, 0.339909722466905)
1(0.2994914979075163, 0.3405105371831554)
1(0.6048407112950429, 0.645726226235198)
1(0.3117662837871691, 0.3518521969116716)
1(0.42853260981342867, 0.4678880811984705)
1(0.45068267347595525, 0.48955415901200583)
1(0.49688078305874617, 0.5356741432661658)
1(0.39167514306393847, 0.429962971308265)
1(0.21952020535046834, 0.257317725036982)
1(0.4103811921497278, 0.44812413616954827)
1(0.36713443845934624, 0.4045761896316773)
1(0.40811003968718673, 0.4450777519242548)
1(0.38218515932658204, 0.4190123276203338)
1(0.17612031111805992, 0.21286455938249293)
1(0.29203815655197085, 0.3286795502986958)
1(0.21882608968527384, 0.25525778453254133)
1(0.20246244745239805, 0.23873094271398365)
1(0.4202062081029092, 0.45600123744345455)
1(0.5368549553693107, 0.5725557685775116)
1(0.2758890963523941, 0.3111668758744871)
1(0.4315856513820646, 0.4668349049727635)
1(0.4599065801047658, 0.4951185760659439)
1(0.39058633766236583, 0.4257821008049273)
1(0.48284470555530046, 0.5178010472851617)
1(0.2559628085925997, 0.29059567441650547)
1(0.39407903339296213, 0.42816863806773053)
1(0.4054961416920534, 0.4394001033597642)
1(0.2519871690915456, 0.2841478061315271)
1(0.38704507580217606, 0.4186294653870726)
1(0.2689386191164531, 0.2993687269238836)
1(0.3688111449158188, 0.3991977509687462)
1(0.22073991494778678, 0.25088147188089327)
1(0.47623372444205625, 0.5063658579821406)
1(0.22560303769516465, 0.25569833837193057)
1(0.265722165293086, 0.29572634523582697)
1(0.30152935558280514, 0.33148558117815696)
1(0.34376396888214755, 0.3736316491981144)
1(0.2893418478832449, 0.31919844644323625)
1(0.5190104139553722, 0.5484203979640307)
1(0.39602895455157716, 0.4252269917036151)
1(0.3140967978026956, 0.3431880010353029)
1(0.3742688369621813, 0.403194548466263)
1(0.20223429451610186, 0.2305597167997694)
1(0.22907417958102028, 0.25660683183341093)
1(0.4448653404259717, 0.47235822063578015)
1(0.4011298036629922, 0.4282488896481057)
1(0.24366800013048284, 0.27077869379544994)
1(0.41277779133572134, 0.4395975017649968)
1(0.29909223024059817, 0.32580732155768066)
1(0.36709348078406934, 0.3937600949150055)
1(0.39287675314746007, 0.4190123276203338)
1(0.273638381229961, 0.2997145729893341)
1(0.5552870696853751, 0.5807221162256213)
1(0.22984703754711644, 0.25508647067280166)
1(0.3878595707553112, 0.4124912192254051)
1(0.3561752695375837, 0.38077277620961913)
1(0.2939800778969074, 0.31842686673690523)
1(0.25108207465059407, 0.27525949866763877)
1(0.265290222084128, 0.28917742827249526)
1(0.17391288022365936, 0.19773852012347792)
1(0.4103472773968627, 0.43410200751855754)
1(0.4513051691182165, 0.4750584618355179)
1(0.21346075117478358, 0.23706269491417464)
1(0.27123328331889174, 0.2942732963293473)
1(0.33001600386356233, 0.3528079899902852)
1(0.43420495081924637, 0.45682319569396235)
1(0.2717733474416215, 0.2939793940288489)
1(0.3309638308834222, 0.3530179093103758)
1(0.3285393423758449, 0.3502706446463848)
1(0.203298127095368, 0.22486173548159272)
1(0.2520493122512366, 0.27353951064070925)
1(0.44949091420892684, 0.47092931998345566)
1(0.2764017604186594, 0.29763790666767687)
1(0.46263729617548366, 0.48382892500306207)
1(0.20102764314119426, 0.22211806455745842)
1(0.36958368608258696, 0.39048009514777093)
1(0.23362273779360188, 0.2539875972997211)
1(0.3071286444791135, 0.32739597020826405)
1(0.22331858794457926, 0.24287690928037098)
1(0.21192651300535692, 0.2312932183922124)
1(0.2369543122010055, 0.255632626767761)
1(0.22477630054115383, 0.24328639164681398)
1(0.27934751846114236, 0.2978402348341397)
1(0.39617030856293634, 0.41425674195032547)
1(0.25927510284232314, 0.2771309952343387)
1(0.25229184616217326, 0.27011923109598324)
1(0.19763195238650333, 0.21507634942983955)
1(0.31397178447388097, 0.3313002394355582)
1(0.20201028506482344, 0.2192018515093228)
1(0.27825145455960565, 0.2952976354170511)
1(0.28081155595324014, 0.2978402348341397)
1(0.3363795086735031, 0.35321616659342125)
1(0.208144545990527, 0.22486173548159272)
1(0.24162206039245482, 0.2581016786975805)
1(0.38913383893946885, 0.40530850062315793)
1(0.25762973933800826, 0.2736895638860023)
1(0.21117948947018383, 0.22715670848715064)
1(0.4118583677177764, 0.4277977833885127)
1(0.35974130467967735, 0.3754638032125376)
1(0.20146558636200207, 0.2170906546119079)
1(0.39193228076716247, 0.40749906988295415)
1(0.3816592000278982, 0.39719502351754943)
1(0.2513875652241435, 0.2668097945337705)
1(0.37405676963766854, 0.38928056316310067)
1(0.4209246978528094, 0.435993455501393)
1(0.11232552136575069, 0.12738377823806202)
1(0.4562174434075905, 0.4711114521350054)
1(0.2602788538509181, 0.2751037970169633)
1(0.3743415997277977, 0.3890943531162018)
1(0.19309773381996898, 0.20776034567606794)
1(0.1849255550970439, 0.19882348168512876)
1(0.4828728590199972, 0.4964799043369109)
1(0.41737575815833416, 0.43093447094151704)
1(0.17172908847852575, 0.18512071034941613)
1(0.16820568173301298, 0.18129801234554033)
1(0.2297507433436038, 0.24279597828799293)
1(0.24693267054153611, 0.2599473882110507)
1(0.4140837875660537, 0.42679588101449517)
1(0.31549862915306404, 0.3278280714458853)
1(0.18820675698161737, 0.20050530669422784)
1(0.24766107827666117, 0.2599473882110507)
1(0.3653032343156263, 0.3775722009381708)
1(0.3283323016050118, 0.34058336819952917)
1(0.3270770353571676, 0.3392721700299852)
1(0.21816139484123553, 0.23027072495399403)
1(0.26071252500273645, 0.2726533127921561)
1(0.22086501504240752, 0.23273724709051802)
1(0.33255067418506745, 0.3443876548111867)
1(0.27067159207401204, 0.2816929527183256)
1(0.4395110933382932, 0.4503565812912538)
1(0.11609759410473153, 0.1268318824739847)
1(0.17249026757298158, 0.18308960222984683)
1(0.5625234227604184, 0.572832192717077)
1(0.34708673635889054, 0.3573394351115837)
1(0.11631919814197755, 0.12636003700782594)
1(0.265254563626212, 0.27525949866763877)
1(0.18456532935212766, 0.19431649705369503)
1(0.25135599797746, 0.2610576327095566)
1(0.22381321948711963, 0.23345619042750454)
1(0.203825142611594, 0.21318898308463252)
1(0.34843456006517637, 0.35772815985113604)
1(0.3300149270768141, 0.3389480788694189)
1(0.26073969799857577, 0.26956836734134393)
1(0.2439932891515484, 0.2527838825458526)
1(0.27972816204384543, 0.2884331421372155)
1(0.3827218417431679, 0.39130844615001936)
1(0.22049084093378424, 0.22906795871064112)
1(0.25260803003345567, 0.2610576327095566)
1(0.23448134146400013, 0.24279597828799293)
1(0.17964811687877036, 0.18787393779037198)
1(0.32385410280765903, 0.33204497858136917)
1(0.2833769708720113, 0.2912684962902238)
1(0.39446732285507746, 0.402358788342178)
1(0.20877129828583518, 0.21660462409213355)
1(0.6298386651030907, 0.6373440405656001)
1(0.4345590496314823, 0.4420495551785808)
1(0.40088740192827876, 0.4083053944856202)
1(0.24600288496816913, 0.25325326124011405)
1(0.2692762858540534, 0.27643567449360507)
1(0.09728058918901283, 0.10443949619429715)
1(0.4561646935503598, 0.46315866358448843)
1(0.3043160468489119, 0.31118712374507207)
1(0.4916070743969849, 0.49833068469274755)
1(0.29419139301895936, 0.3007132039522987)
1(0.27136796002713803, 0.27787115295151843)
1(0.294115555292468, 0.30046540004705946)
1(0.33356170843439903, 0.339909722466905)
1(0.216692589734927, 0.2227086997719372)
1(0.18852346671923093, 0.1944822463804723)
1(0.4491353968892047, 0.4548535940602366)
1(0.364524312438553, 0.37004671023980384)
1(0.26512735080512684, 0.27045796978042114)
1(0.21091065033943146, 0.21610927417384274)
1(0.31536745115429377, 0.3204479093562901)
1(0.44969402218692955, 0.45460278744668525)
1(0.4386267253996847, 0.44342707943488213)
1(0.2124332709949348, 0.2170906546119079)
1(0.40552450864986667, 0.4099301762521421)
1(0.37048878515525474, 0.3748170360457135)
1(0.24664728123126312, 0.25083548926663735)
1(0.45198906665831406, 0.45600123744345455)
1(0.2545663637621174, 0.2583461058775852)
1(0.4109882459709234, 0.4147470668002369)
1(0.17855326640110525, 0.18210459589038608)
1(0.5295867759265872, 0.5328414896511338)
1(0.23099568678141835, 0.23412807745190534)
1(0.4626271573835272, 0.46572981863037655)
1(0.29622027266908213, 0.29924983119243587)
1(0.2382037892401362, 0.24121558889220496)
1(0.22886871342286408, 0.23171624731127605)
1(0.717096283974849, 0.7195385487779014)
1(0.43823855256248057, 0.44024433548570563)
1(0.4279702216032637, 0.42997530222170655)
1(0.30308027265378334, 0.30507660113652924)
1(0.21142415412578397, 0.2132810690128384)
1(0.49638036942630115, 0.4981517808160204)
1(0.3280207701267205, 0.3296990713578206)
1(0.25142762239408833, 0.25304565619967323)
1(0.27637696113348265, 0.27773471440558883)
1(0.1521620382926655, 0.1532620098324522)
1(0.29451701898226756, 0.2955220789524654)
1(0.27383953946559525, 0.2748301874166985)
1(0.18867483076062586, 0.18947942324662514)
1(0.18917415587029118, 0.18989556596728707)
1(0.3808315009696168, 0.38147934636991443)
1(0.32134924325726233, 0.32197360966444455)
1(0.40278660545595324, 0.4032344514307866)
1(0.11225977968948686, 0.11241115828076986)
1(0.3612012841509896, 0.36134663200026274)
1(0.41317198120153353, 0.41319207265469593)
0(0.0, inf)
0(0.0, 0.45495095954345177)
0(0.0, 0.44086384026222325)
0(0.0, 0.4353494280523509)
0(0.0, 0.43454969051769354)
0(0.0, 0.4220757426577858)
0(0.0, 0.4072695905682212)
0(0.0, 0.40647023669284443)
0(0.0, 0.39792569438324876)
0(0.0, 0.39400900776732684)
0(0.0, 0.3906424451132555)
0(0.0, 0.38975244857386404)
0(0.0, 0.3864849560365071)
0(0.0, 0.3849009698372623)
0(0.0, 0.38357759101426236)
0(0.0, 0.38057695060451)
0(0.0, 0.37683707719995774)
0(0.0, 0.3764286555010459)
0(0.0, 0.37462228395721564)
0(0.0, 0.3728393051674118)
0(0.0, 0.3664135477356424)
0(0.0, 0.36610598347617773)
0(0.0, 0.3660385560426975)
0(0.0, 0.364578895667209)
0(0.0, 0.3643598597156106)
0(0.0, 0.36319903521550456)
0(0.0, 0.3608642363328042)
0(0.0, 0.36005727550974254)
0(0.0, 0.35818616573296547)
0(0.0, 0.3579401409818914)
0(0.0, 0.35769963818412076)
0(0.0, 0.35679013065420173)
0(0.0, 0.3566233454787653)
0(0.0, 0.35645551338107617)
0(0.0, 0.3562383805613303)
0(0.0, 0.3545547876810813)
0(0.0, 0.35420634766971415)
0(0.0, 0.3534023780883969)
0(0.0, 0.352837132399634)
0(0.0, 0.3526795580575418)
0(0.0, 0.3511151257599139)
0(0.0, 0.35046672954761493)
0(0.0, 0.34826164250908065)
0(0.0, 0.3472571079913388)
0(0.0, 0.34723905147710343)
0(0.0, 0.34654872176862794)
0(0.0, 0.34594302912062935)
0(0.0, 0.3458247667143788)
0(0.0, 0.34425144780745653)
0(0.0, 0.34410760932175566)
0(0.0, 0.3432416656483326)
0(0.0, 0.34044653323022134)
0(0.0, 0.33965489655406256)
0(0.0, 0.33795499472635515)
0(0.0, 0.3350503824905715)
0(0.0, 0.3348703709252505)
0(0.0, 0.3337846424806483)
0(0.0, 0.3330398048313815)
0(0.0, 0.3327183494157039)
0(0.0, 0.3323320231286061)
0(0.0, 0.32964354591716993)
0(0.0, 0.32957910258937173)
0(0.0, 0.3292138993948348)
0(0.0, 0.3291375306846427)
0(0.0, 0.325950429966103)
0(0.0, 0.3227285746962478)
0(0.0, 0.3214836976889932)
0(0.0, 0.32095645232306136)
0(0.0, 0.3204985973417508)
0(0.0, 0.32010476391050335)
0(0.0, 0.31995566454186475)
0(0.0, 0.3171414353395907)
0(0.0, 0.31667813270442713)
0(0.0, 0.3152510320048707)
0(0.0, 0.3119481801383427)
0(0.0, 0.31194269430113253)
0(0.0, 0.310892754765137)
0(0.0, 0.30802759524246426)
0(0.0, 0.3075116066808935)
0(0.0, 0.3069067796876419)
0(0.0, 0.3051240311664416)
0(0.0, 0.30488446144371173)
0(0.0, 0.30312304516144295)
0(0.0, 0.30163277764533436)
0(0.0, 0.3009941116246835)
0(0.0, 0.300495172875915)
0(0.0, 0.3003423185897478)
0(0.0, 0.2999543031369971)
0(0.0, 0.2988607532287485)
0(0.0, 0.297871809547846)
0(0.0, 0.2963385565941793)
0(0.0, 0.29628381117478075)
0(0.0, 0.29158099986308905)
0(0.0, 0.28733173189486905)
0(0.0, 0.28685938062316274)
0(0.0, 0.2858319492929158)
0(0.0, 0.28555530216899994)
0(0.0, 0.285382222163831)
0(0.0, 0.2848347946355789)
0(0.0, 0.283980602452489)
0(0.0, 0.2836321452070262)
0(0.0, 0.283100251029346)
0(0.0, 0.2806754569027444)
0(0.0, 0.28023527936923853)
0(0.0, 0.2800172428336358)
0(0.0, 0.279811781954436)
0(0.0, 0.2794424080589103)
0(0.0, 0.2785072917152831)
0(0.0, 0.2769568840906482)
0(0.0, 0.2769432967974248)
0(0.0, 0.2768026230778978)
0(0.0, 0.27581777820876396)
0(0.0, 0.27380862639931514)
0(0.0, 0.273608390342725)
0(0.0, 0.2727120915919632)
0(0.0, 0.2724703784373159)
0(0.0, 0.27214486149741446)
0(0.0, 0.2720858432771389)
0(0.0, 0.2716855707495932)
0(0.0, 0.27066725165269123)
0(0.0, 0.2705739635090837)
0(0.0, 0.27049217234114986)
0(0.0, 0.2695490741494623)
0(0.0, 0.26939152508066355)
0(0.0, 0.26842920864672126)
0(0.0, 0.2680055664735591)
0(0.0, 0.2679793646308163)
0(0.0, 0.266932757068728)
0(0.0, 0.2666494338748684)
0(0.0, 0.2656990259005947)
0(0.0, 0.26564332751986897)
0(0.0, 0.2653333789801313)
0(0.0, 0.26392537950414785)
0(0.0, 0.2636331039964015)
0(0.0, 0.26134476881222746)
0(0.0, 0.2611308917650823)
0(0.0, 0.26043384517249235)
0(0.0, 0.25978175540425075)
0(0.0, 0.25893809319716865)
0(0.0, 0.25889822444153643)
0(0.0, 0.2587076618728569)
0(0.0, 0.25862996499961677)
0(0.0, 0.25839414634513036)
0(0.0, 0.257595038641915)
0(0.0, 0.25715939248756814)
0(0.0, 0.2568996023190365)
0(0.0, 0.2566834032244316)
0(0.0, 0.2563568972691088)
0(0.0, 0.2561203844197453)
0(0.0, 0.25586637992923533)
0(0.0, 0.2548920108344721)
0(0.0, 0.2519193057225211)
0(0.0, 0.2513828141677229)
0(0.0, 0.25081939433496814)
0(0.0, 0.2507177582907191)
0(0.0, 0.24912453166013682)
0(0.0, 0.24911603833307105)
0(0.0, 0.2487940679800359)
0(0.0, 0.24774791318673772)
0(0.0, 0.24724787394291792)
0(0.0, 0.24578060446977568)
0(0.0, 0.2452458027628549)
0(0.0, 0.24455420126335314)
0(0.0, 0.24402505116737527)
0(0.0, 0.24384622911470788)
0(0.0, 0.24349833659763465)
0(0.0, 0.24264735933474602)
0(0.0, 0.24238746340824113)
0(0.0, 0.24192148882690379)
0(0.0, 0.2386178902990751)
0(0.0, 0.2373963539021653)
0(0.0, 0.23712108421999967)
0(0.0, 0.23616144667125405)
0(0.0, 0.23498072812303994)
0(0.0, 0.2336020945331183)
0(0.0, 0.23266753495388504)
0(0.0, 0.2314547652079062)
0(0.0, 0.22849787936344002)
0(0.0, 0.22844127800485103)
0(0.0, 0.22566551567534443)
0(0.0, 0.22408705702588283)
0(0.0, 0.22353732385904668)
0(0.0, 0.22338689240280063)
0(0.0, 0.22201652565819419)
0(0.0, 0.22144178255632263)
0(0.0, 0.21848627005900045)
0(0.0, 0.21729838813441416)
0(0.0, 0.21602596393034013)
0(0.0, 0.21259150402840465)
0(0.0, 0.2121510536247917)
0(0.0, 0.21142396316179113)
0(0.0, 0.21129361264579027)
0(0.0, 0.20989090620704387)
0(0.0, 0.20902342522678985)
0(0.0, 0.20854844082337243)
0(0.0, 0.20829811515816987)
0(0.0, 0.2081676640137019)
0(0.0, 0.20812928764375616)
0(0.0, 0.20697607530725315)
0(0.0, 0.20682002688277956)
0(0.0, 0.20596182952907305)
0(0.0, 0.20533553671339222)
0(0.0, 0.20497652450807957)
0(0.0, 0.2038204098768045)
0(0.0, 0.2036739145125811)
0(0.0, 0.20247174881962593)
0(0.0, 0.2008988956306237)
0(0.0, 0.1997517867639521)
0(0.0, 0.19969989464935434)
0(0.0, 0.19797144392555188)
0(0.0, 0.1978678488280703)
0(0.0, 0.19784220607963876)
0(0.0, 0.1972714253602803)
0(0.0, 0.19722527083776764)
0(0.0, 0.19700787575952028)
0(0.0, 0.19608292980813102)
0(0.0, 0.19602817686087204)
0(0.0, 0.19391627393707755)
0(0.0, 0.191938049614917)
0(0.0, 0.1916187185425664)
0(0.0, 0.1912807474789998)
0(0.0, 0.19075350932272594)
0(0.0, 0.19068231654758405)
0(0.0, 0.18949895285395002)
0(0.0, 0.18871692927482564)
0(0.0, 0.1886549212422547)
0(0.0, 0.1859989115436751)
0(0.0, 0.1854123989018227)
0(0.0, 0.18410957480703893)
0(0.0, 0.1841031643466322)
0(0.0, 0.1840568035807425)
0(0.0, 0.18269176186663227)
0(0.0, 0.18200884073158174)
0(0.0, 0.18172875917063502)
0(0.0, 0.18061676903253987)
0(0.0, 0.180608002499702)
0(0.0, 0.18004938888332855)
0(0.0, 0.17903921804368728)
0(0.0, 0.17836742008146111)
0(0.0, 0.17832383459622303)
0(0.0, 0.17747298828907676)
0(0.0, 0.17649852578811098)
0(0.0, 0.17553277292356895)
0(0.0, 0.17492759671553404)
0(0.0, 0.1745862927962193)
0(0.0, 0.17402139899477442)
0(0.0, 0.17311111478638008)
0(0.0, 0.17290353555823468)
0(0.0, 0.17264690418484752)
0(0.0, 0.17198777682753597)
0(0.0, 0.17125758665543334)
0(0.0, 0.16941050420102588)
0(0.0, 0.16791543768889294)
0(0.0, 0.16661847173759203)
0(0.0, 0.165335293088968)
0(0.0, 0.16481402207930518)
0(0.0, 0.16430941612227146)
0(0.0, 0.1636969378845411)
0(0.0, 0.16283896641377416)
0(0.0, 0.16215278238888053)
0(0.0, 0.1617998236081264)
0(0.0, 0.16175626695015644)
0(0.0, 0.15993102372817847)
0(0.0, 0.15941579799687466)
0(0.0, 0.15847358456034866)
0(0.0, 0.15704896831271187)
0(0.0, 0.15537575495248535)
0(0.0, 0.15483767576232632)
0(0.0, 0.15291760541861832)
0(0.0, 0.1521348462178338)
0(0.0, 0.15174520317966034)
0(0.0, 0.15099537797214302)
0(0.0, 0.15089777963804163)
0(0.0, 0.1503234341614148)
0(0.0, 0.14939619064330134)
0(0.0, 0.14727520296177188)
0(0.0, 0.14626481946139647)
0(0.0, 0.14273130652128774)
0(0.0, 0.14179173285769409)
0(0.0, 0.14053676278667382)
0(0.0, 0.13824430208215144)
0(0.0, 0.1373046740741828)
0(0.0, 0.13099527738233252)
0(0.0, 0.1307107271867789)
0(0.0, 0.12928810035751437)
0(0.0, 0.12264096099445199)
0(0.0, 0.11676555376844289)
0(0.0, 0.11658103427564837)
0(0.0, 0.11434453596744498)
0(0.0, 0.11325337753275799)
0(0.0, 0.11018885816557711)
0(0.0, 0.10995521839798206)
0(0.0, 0.10849841239893254)
0(0.0, 0.10797522918502434)
0(0.0, 0.10421556244036567)
0(0.0, 0.09637373976830466)
0(0.0, 0.09366179783188977)
0(0.0, 0.09105419230493417)
0(0.0, 0.0902031086058327)
0(0.0, 0.08668635730169671)
0(0.0, 0.08118884536442561)
0(0.0, 0.07005166977801469)
0(0.0, 0.06930519977789029)
0(0.0, 0.06563964449859716)
0(0.0, 0.06078661835560528)
0(0.0, 0.06054716184681497)
0(0.0, 0.05643754411788804)
0(0.0, 0.05364149650844863)
0(0.0, 0.05066451945145789)
0(0.0, 0.04959349700450355)
0(0.0, 0.04476272063857312)
0(0.0, 0.032183165653627444)
0(0.0, 0.02989027516900178)
0(0.0, 0.02544536347035209)
0(0.0, 0.02352833013466915)
0(0.0, 0.019909537564408053)
0(0.0, 0.019406870925504194)
0(0.0, 0.01582735501912369)
0(0.0, 0.009588157893489546)
0(0.0, 0.008637928102279369)
0(0.0, 0.007877436019089079)
0(0.0, 0.0077059998496377125)
0(0.0, 0.005069037819158018)
