1(0.37318236238593305, 0.6024145649181252)
1(0.3774634911805037, 0.5632130554653274)
1(0.5225870635044138, 0.6778453717520567)
1(0.45831928372706454, 0.6125919558502717)
1(0.4688697617298633, 0.6012979057795631)
1(0.45610897716257126, 0.5851561101439522)
1(0.45159296208431066, 0.5804308139901461)
1(0.5136667384482617, 0.6396370665209146)
1(0.42392538770825317, 0.549253171970354)
1(0.45055797330763236, 0.5745902135459495)
1(0.44583182286816725, 0.566020964362546)
1(0.5064751244490489, 0.6259662828937027)
1(0.38153732275027874, 0.5000033966057416)
1(0.4794684475003611, 0.5970993735551184)
1(0.4699327458725999, 0.5849618511716739)
1(0.511238089822925, 0.6254029438918339)
1(0.40240290178666593, 0.5144363055202191)
1(0.4520081397973128, 0.5616033791460884)
1(0.5006061806357335, 0.6093732054387081)
1(0.5012693399746895, 0.6089479374335666)
1(0.405863175618287, 0.513215336228563)
1(0.45334676298117116, 0.5602776814278823)
1(0.4754540160574914, 0.5812437539214483)
1(0.435669725301037, 0.5385110158028786)
1(0.4363715771467216, 0.5378050041416564)
1(0.42023721135805137, 0.5212391234003142)
1(0.4678043776287901, 0.5672248094869257)
1(0.5374746264008101, 0.6330385224643589)
1(0.4159610526912372, 0.5103104299326691)
1(0.3537261716305944, 0.44705480995894553)
1(0.4031816460634631, 0.4965033857008999)
1(0.38571488444529345, 0.47771106586648104)
1(0.5484091059400882, 0.6382881677751941)
1(0.4998341706939565, 0.5881168253248048)
1(0.3054052682711056, 0.3914695815243099)
1(0.5046818832878582, 0.5891381390070096)
1(0.48795352452473295, 0.5719222429009949)
1(0.5623144354023023, 0.645999868901491)
1(0.4772073199702871, 0.5605696640498621)
1(0.4105777344460171, 0.4936319913989028)
1(0.40053661621609504, 0.48338664092435446)
1(0.5315277127597837, 0.6136377001460656)
1(0.422503367892055, 0.5045123993184456)
1(0.4588168709055497, 0.5407150209269889)
1(0.5591039990830313, 0.6408857808687449)
1(0.3901727100903589, 0.4716828247919137)
1(0.42893542178334565, 0.5094275706794232)
1(0.532381628899335, 0.6128156351205662)
1(0.41608902446458007, 0.4960419433880877)
1(0.5488543305152584, 0.6286992954911984)
1(0.46447944043421985, 0.5441803570663175)
1(0.47803694837823696, 0.5567322329611458)
1(0.6884456727200067, 0.7647924013543298)
1(0.42240021776932435, 0.4985329749963815)
1(0.43978140451782677, 0.5159029033850646)
1(0.47489323720323773, 0.5510000488555857)
1(0.4745454574859391, 0.5499820236247224)
1(0.4892969176455695, 0.5644169170263488)
1(0.44787819488450265, 0.5224934584492703)
1(0.49031295716852574, 0.5645823794670964)
1(0.4580332204453009, 0.5314538941286352)
1(0.5421606214031196, 0.6154346799859391)
1(0.46665915755171716, 0.5397812192971052)
1(0.576295930680341, 0.6489089450287422)
1(0.5393621295010613, 0.6115801994983228)
1(0.525915062997705, 0.5978711967120357)
1(0.45118990397072933, 0.5224018848110836)
1(0.43113868360093355, 0.5019207009654068)
1(0.3554159585973422, 0.42379082775700117)
1(0.541106220866271, 0.6088429388540046)
1(0.4456909002595276, 0.5128849314718086)
1(0.4868484722715405, 0.5540238063826086)
1(0.5338139396623784, 0.600971961519088)
1(0.35940981745170353, 0.4254462878959344)
1(0.4071725007864937, 0.4730067833548868)
1(0.3613556794227305, 0.42716803506172074)
1(0.45609045322855357, 0.5217820639216553)
1(0.43531271910904235, 0.5004394942207575)
1(0.5259832569321063, 0.5897791858642984)
1(0.48261071072567074, 0.5463492058266723)
1(0.4972002883933808, 0.5605696640498621)
1(0.5498518094037994, 0.6125671454815813)
1(0.43760233389327774, 0.49953467573190136)
1(0.4889842237311123, 0.5494602623150011)
1(0.48485572992533654, 0.5447168213024387)
1(0.3960071962787419, 0.45527579900569026)
1(0.5370982021316666, 0.5963536920326)
1(0.5358934956493748, 0.5939706386551149)
1(0.6603961882574325, 0.7181655730574366)
1(0.25196555546147337, 0.3090808999849004)
1(0.41122534033729885, 0.46801616035756044)
1(0.31299535481373164, 0.36955984123943597)
1(0.366301018944446, 0.4227254364180323)
1(0.44056906044757205, 0.4965033857008999)
1(0.5247236026670733, 0.5804308139901461)
1(0.5145363582272138, 0.5701396805172659)
1(0.5026575914387633, 0.5581539532853517)
1(0.5838961075048825, 0.639036806537118)
1(0.3738929817238996, 0.42784938030598363)
1(0.5079052152637711, 0.5617897717808991)
1(0.5063189239469061, 0.5591483053585139)
1(0.6377467824096841, 0.6903172784272353)
1(0.4995323657978792, 0.5512876404308742)
1(0.5021275721243432, 0.5537027103640291)
1(0.4943015229056551, 0.545767393275672)
1(0.4103849631476454, 0.46081924463297597)
1(0.4963900123548396, 0.5467130116321466)
1(0.2550714134889084, 0.3050723326454876)
1(0.43105064154381134, 0.48096025384943697)
1(0.4463649542311455, 0.4962040363236708)
1(0.4576773380426856, 0.5070769328913426)
1(0.5680776932947236, 0.6174056355343873)
1(0.45326748983739606, 0.5023985399825724)
1(0.565140634727961, 0.6140610004008584)
1(0.49197166092097355, 0.5407392085197396)
1(0.5623937909616699, 0.6111013970769352)
1(0.4586847898224906, 0.506622404350872)
1(0.44969858274284624, 0.4965033857008999)
1(0.37453600583283053, 0.42109607572784225)
1(0.5551064125144471, 0.6013567271421789)
1(0.3745884442189602, 0.4206516256165129)
1(0.40002232694300544, 0.4460529312454242)
1(0.28049831366249267, 0.32640276134586477)
1(0.23438761472851344, 0.28027852483598004)
1(0.5628308115515561, 0.60850345961475)
1(0.5895483690907802, 0.6351836617396914)
1(0.25095804972364966, 0.29627877136695313)
1(0.5132015734798465, 0.558436682406968)
1(0.530861616017631, 0.5760305261900404)
1(0.6400476990118421, 0.6848942481726485)
1(0.41757550493430395, 0.4618420879342189)
1(0.4402053021709751, 0.4841940538678424)
1(0.48841215608402855, 0.5320649343458657)
1(0.46342549020274204, 0.5067430498619351)
1(0.49067981808077765, 0.533970335287621)
1(0.5573660856439479, 0.6004480973716344)
1(0.3726698252540125, 0.4151041645929048)
1(0.4561809730205444, 0.4985508897913581)
1(0.3076758477212913, 0.3497697811126622)
1(0.5278890751406491, 0.5699682224937879)
1(0.4532791091070131, 0.49532002404570175)
1(0.5854497105028593, 0.6274779499852805)
1(0.5060603830614203, 0.547669648201742)
1(0.4845905040898194, 0.5259041455402803)
1(0.43877473025673674, 0.48008225101535773)
1(0.5353202058973444, 0.5764526150331581)
1(0.5014058356681272, 0.5422189254092376)
1(0.5649346908469441, 0.6051584712890159)
1(0.5417280675431542, 0.5819107230694567)
1(0.501916841916825, 0.5413037998288297)
1(0.44463507752028597, 0.48350546303979824)
1(0.44131194681092667, 0.48010936937572635)
1(0.5433817983682381, 0.5815656037444513)
1(0.3736696467384466, 0.4115395324512495)
1(0.45967158335690217, 0.49747998263258475)
1(0.3317831214134034, 0.3694922254231454)
1(0.31393783909342954, 0.3515365173287811)
1(0.5721047307925287, 0.6096805519571288)
1(0.3337846860026725, 0.3712499207841644)
1(0.341968043362863, 0.3794148327002643)
1(0.33030372974141575, 0.36773581039383485)
1(0.5754263820119055, 0.6127846662102923)
1(0.48074495115838545, 0.5177138462396728)
1(0.5887384391040271, 0.6257057005341085)
1(0.44341125210311816, 0.48008225101535773)
1(0.24365381436916356, 0.279965923968452)
1(0.4438828981014029, 0.48015957642183593)
1(0.29449297316794176, 0.3307406490074477)
1(0.3283431590526621, 0.3642536837909408)
1(0.33993822356820036, 0.37548639263168826)
1(0.39652002278891785, 0.4319606667068846)
1(0.48047639786021457, 0.5150992819109533)
1(0.5962001280337397, 0.6305691830885419)
1(0.477116900802248, 0.5112509321502063)
1(0.4943628790952852, 0.5284655115342594)
1(0.5434865202520818, 0.5773779637160581)
1(0.24245624007595556, 0.2763140542302468)
1(0.49431734395762106, 0.5273647836284088)
1(0.47739456512740974, 0.5102678344962025)
1(0.5369625521594259, 0.5690390078321003)
1(0.5765800611739356, 0.60850345961475)
1(0.4405326319165427, 0.47238976348450645)
1(0.5278179383847713, 0.5594001888172999)
1(0.5183022284034301, 0.5493130821337309)
1(0.5084974324998486, 0.5390896409526128)
1(0.5407408386440424, 0.571282181359414)
1(0.48874627167122964, 0.5190837567048863)
1(0.6003096742528515, 0.6304321797442669)
1(0.3408889420753556, 0.3708172956157342)
1(0.5719191555254473, 0.6016999676332397)
1(0.4022008545112318, 0.4314260146486427)
1(0.5295794820073025, 0.5587582490832751)
1(0.50862907528898, 0.53728968570107)
1(0.6367560579074353, 0.665214057528565)
1(0.3786788236407247, 0.4068733474721302)
1(0.3738709974565817, 0.4019019650095498)
1(0.39376658460370284, 0.4216141865715435)
1(0.5957557478016031, 0.6231258381854037)
1(0.6079577341115454, 0.6352546579353656)
1(0.37240643319957945, 0.3996905742540042)
1(0.3687679575412024, 0.3958865963838214)
1(0.4122093765981929, 0.4391715293420543)
1(0.24431376622349366, 0.2712027730878128)
1(0.49051217547111137, 0.5169054188491053)
1(0.3657499887840754, 0.3921104608645327)
1(0.6082548176007021, 0.6343978375731918)
1(0.5336715638185405, 0.5596987590953837)
1(0.3217787381171421, 0.3472063471451149)
1(0.4921413024341532, 0.5175492928380413)
1(0.44942352942401675, 0.4747571029340316)
1(0.5760437554404281, 0.6012979057795631)
1(0.31509423102255907, 0.3402063133516926)
1(0.35812597916514477, 0.38264162179615857)
1(0.4643932160994585, 0.4887846042289634)
1(0.5429651533616114, 0.5673531366643892)
1(0.4244964015722388, 0.4485224258823465)
1(0.47965955491096257, 0.5035032040137412)
1(0.5726566562717514, 0.5964332164388397)
1(0.339442304136362, 0.3632055049398609)
1(0.5152023169993344, 0.5385807726734879)
1(0.5219954921005263, 0.5449821750698585)
1(0.4438612683771682, 0.46669481184984807)
1(0.5262787966048186, 0.5491055790906229)
1(0.4963847310294448, 0.5190837567048863)
1(0.5648497866270333, 0.5874635510986856)
1(0.587359007960901, 0.6098454349728524)
1(0.4946277723114726, 0.5162473286584641)
1(0.25240432612821706, 0.27393184133415793)
1(0.3429599806372774, 0.36431350801255236)
1(0.2498723335835209, 0.2712027730878128)
1(0.6229621011747559, 0.6439021389117738)
1(0.3291214395631006, 0.3499010814857577)
1(0.44200864238231585, 0.4624440105811881)
1(0.5292837980450402, 0.5496977223721704)
1(0.617927720211641, 0.6382881677751941)
1(0.4614346205263805, 0.48159684215501863)
1(0.5301858196729401, 0.5503025830584394)
1(0.5850147386729427, 0.6049456318456433)
1(0.5917644623021957, 0.6116046296466895)
1(0.2466941863018015, 0.266081535445445)
1(0.7734888762843408, 0.7928634505459673)
1(0.48823515429978537, 0.5074777851799135)
1(0.4224994951737585, 0.4413099154203519)
1(0.5487529496587464, 0.5675182866617221)
1(0.5924211518093933, 0.6110558839920774)
1(0.48084999355102964, 0.4994174601073219)
1(0.5009734588697599, 0.5194987718896533)
1(0.5578275339965824, 0.5762643467515178)
1(0.43675072937615433, 0.45508796819177333)
1(0.2710336221773736, 0.28897997379059437)
1(0.5007086368446688, 0.5186352861806685)
1(0.2741327524659666, 0.29161127973989376)
1(0.6262831336456052, 0.643718336925195)
1(0.5270022614584636, 0.5443091775317546)
1(0.5519372339259542, 0.5692413894162647)
1(0.27443246042196245, 0.29161127973989376)
1(0.4988108292874438, 0.5157279302638381)
1(0.5322719226885786, 0.5491506277615678)
1(0.5183440763288071, 0.5352168146157671)
1(0.49315615755536346, 0.5099601888914049)
1(0.3485020605359821, 0.36512965371104256)
1(0.2203503908845993, 0.23667838343203906)
1(0.4676068875063204, 0.4835480109030038)
1(0.5550168621730706, 0.5706091328214908)
1(0.4506110314113526, 0.4661254930163423)
1(0.48907758576396587, 0.5039907636206706)
1(0.4909686703700351, 0.5058600508061508)
1(0.39277245557151275, 0.40736669618046084)
1(0.3513507758689439, 0.36583398989552085)
1(0.5414461231393459, 0.5553845474145185)
1(0.49613137632181004, 0.5099601888914049)
1(0.6846849100749068, 0.698282080881903)
1(0.36168501056836144, 0.37492904853319986)
1(0.31499390754923084, 0.32803153154531284)
1(0.3310934994338084, 0.3441098701336077)
1(0.44481603567327377, 0.45775875611458394)
1(0.5114110598275303, 0.5241837037725281)
1(0.37822110041121637, 0.3907530627827912)
1(0.3317335226200028, 0.3442415326875562)
1(0.24710798018401536, 0.2595999115754648)
1(0.5186010628786295, 0.5309370049703916)
1(0.5138646265926601, 0.5260931262004593)
1(0.27320857219194505, 0.28527230589492814)
1(0.37816683183547195, 0.390066234441819)
1(0.5235886116223019, 0.5350250534347243)
1(0.2542058485990907, 0.26545938362196686)
1(0.5630919821590235, 0.5740247115417025)
1(0.5592590343011232, 0.5701396805172659)
1(0.4796684277035077, 0.49052243597750056)
1(0.4037583614454894, 0.4145955201724535)
1(0.3859908707249571, 0.3967996702500164)
1(0.5214192336394452, 0.5322060612964286)
1(0.6055779552044542, 0.6162136709111043)
1(0.5813869424544931, 0.5919778129195095)
1(0.4472511938943131, 0.45775875611458394)
1(0.29336161398366567, 0.30373630617597347)
1(0.6019768505086927, 0.6122778611526758)
1(0.5622540498708276, 0.5722692862058354)
1(0.609373750669461, 0.619239182940248)
1(0.4421039758693548, 0.4514826128028415)
1(0.35887178409491405, 0.36811368469240113)
1(0.31451614229323277, 0.32363968721627334)
1(0.48631616110898923, 0.4951969355677155)
1(0.44097988750338557, 0.44971572546907523)
1(0.3729783614418357, 0.3816979208289586)
1(0.3457802586352352, 0.354052436574149)
1(0.3013471783899432, 0.30936150608488755)
1(0.34426840371046186, 0.3520341546727773)
1(0.5622621220372063, 0.5699450247443552)
1(0.3992747042555391, 0.4068454381605965)
1(0.4986161856286956, 0.5061816241381158)
1(0.5599737222467137, 0.5675182866617221)
1(0.4634722608794115, 0.4707451951207382)
1(0.641372874176325, 0.6485332078397035)
1(0.38664114141759987, 0.3937927195196649)
1(0.37732381991337205, 0.3843939938411496)
1(0.6112811779969356, 0.6181768798695534)
1(0.5262992761368986, 0.5331093509557716)
1(0.40741455237761226, 0.4140991852914371)
1(0.34131766377679573, 0.3479252939881)
1(0.3998260222442388, 0.40628595639581944)
1(0.47540184322832113, 0.48177244263998165)
1(0.6189469200044947, 0.6251478573340408)
1(0.47751584194670704, 0.4833943990477424)
1(0.3669369910939181, 0.3728121890575796)
1(0.3529266274352896, 0.35869234802561367)
1(0.2818098200934175, 0.28730207501051597)
1(0.26588361193624355, 0.2712027730878128)
1(0.2937229314394847, 0.2988183668752571)
1(0.3136851341194604, 0.31873025318251647)
1(0.5080040772378398, 0.5128849314718086)
1(0.27767217951316947, 0.2825152504011681)
1(0.5000795664377156, 0.5048875143565986)
1(0.3593506543177907, 0.3641097527681386)
1(0.2841935477411952, 0.2887926077867671)
1(0.4420081616683502, 0.44651018923144004)
1(0.5520336457232974, 0.5562968438954297)
1(0.5297465456693605, 0.5339250366146158)
1(0.49566946440730797, 0.4998217069943014)
1(0.41863751215225553, 0.4227254364180323)
1(0.3053594807612151, 0.30936150608488755)
1(0.4190607585813093, 0.4229948401297311)
1(0.6084264390540799, 0.6122778611526758)
1(0.20877778956322757, 0.2126043127329177)
1(0.5048138472238772, 0.5085602213819338)
1(0.49891704219985833, 0.5023985399825724)
1(0.5150876224508801, 0.518449998030712)
1(0.5257595469789943, 0.528870847029981)
1(0.40732117350298713, 0.41039896241581975)
1(0.5083565722454612, 0.511274220514903)
1(0.4375191828540168, 0.4403726257882392)
1(0.6534157211808425, 0.6561033131704112)
1(0.5333118385140561, 0.5358049049417704)
1(0.6491575630195878, 0.6516232659224432)
1(0.4733490890640639, 0.47550695390190223)
1(0.270782313947283, 0.2727545778935154)
1(0.46110547917045364, 0.4630766389973584)
1(0.391839000339956, 0.39371241538201984)
1(0.3151894910957044, 0.3168303092204061)
1(0.5529774556003046, 0.5545627575558043)
1(0.32207308417197367, 0.32347694877621314)
1(0.3500493006954152, 0.3513779701445261)
1(0.516502537152348, 0.5177327869302366)
1(0.520803311197909, 0.5220057645574028)
1(0.45341452323336073, 0.4545374496729446)
1(0.5208559611766499, 0.5212391234003142)
1(0.40605682596056114, 0.4063117405412159)
1(0.563217966940459, 0.5634078895565184)
0(0.0, inf)
0(0.0, 0.5567614423564757)
0(0.0, 0.5530257716130969)
0(0.0, 0.5343896662061705)
0(0.0, 0.5324691021131164)
0(0.0, 0.5218234626831817)
0(0.0, 0.5100799148128948)
0(0.0, 0.5100443410895055)
0(0.0, 0.5079057425713009)
0(0.0, 0.5073452748223322)
0(0.0, 0.5045631816598195)
0(0.0, 0.5014553506079145)
0(0.0, 0.5001356369956845)
0(0.0, 0.4936414294558764)
0(0.0, 0.49348153275021656)
0(0.0, 0.48986848679326866)
0(0.0, 0.4877489212343651)
0(0.0, 0.48663207354726123)
0(0.0, 0.48658612694217707)
0(0.0, 0.4855087005283848)
0(0.0, 0.484763076903735)
0(0.0, 0.4804942395487217)
0(0.0, 0.47833601560059114)
0(0.0, 0.47517353248588545)
0(0.0, 0.47400805313509364)
0(0.0, 0.47173637631103216)
0(0.0, 0.4707377556789746)
0(0.0, 0.46963463097054536)
0(0.0, 0.46880882920967626)
0(0.0, 0.4678484204986122)
0(0.0, 0.4645744096794543)
0(0.0, 0.4643860182769758)
0(0.0, 0.4626114832809757)
0(0.0, 0.461477073672115)
0(0.0, 0.45781317743594263)
0(0.0, 0.4577104894035964)
0(0.0, 0.45668029019704093)
0(0.0, 0.45632682431059224)
0(0.0, 0.45621436291890816)
0(0.0, 0.4560986498532995)
0(0.0, 0.4468006023760719)
0(0.0, 0.4464995208131761)
0(0.0, 0.44598846191178243)
0(0.0, 0.4459665509139433)
0(0.0, 0.4453284366221095)
0(0.0, 0.4436247992102036)
0(0.0, 0.44355980498786984)
0(0.0, 0.44318610650504864)
0(0.0, 0.44286251201144833)
0(0.0, 0.4419587956725711)
0(0.0, 0.44150513036232)
0(0.0, 0.4398894748470267)
0(0.0, 0.438289087970791)
0(0.0, 0.43827289426996496)
0(0.0, 0.43804908214901295)
0(0.0, 0.4359394184017684)
0(0.0, 0.43552023465737966)
0(0.0, 0.4347959266582023)
0(0.0, 0.433535881054969)
0(0.0, 0.4332318655431041)
0(0.0, 0.4326751742025916)
0(0.0, 0.43260352873849217)
0(0.0, 0.4288942562261555)
0(0.0, 0.4284464337292372)
0(0.0, 0.42820304086670036)
0(0.0, 0.4277642778676116)
0(0.0, 0.4271934073988376)
0(0.0, 0.4268263314711376)
0(0.0, 0.42584939250920173)
0(0.0, 0.42566653739374405)
0(0.0, 0.42529474491124475)
0(0.0, 0.42457941464742033)
0(0.0, 0.42439451852061605)
0(0.0, 0.42243265436516764)
0(0.0, 0.4219083080875884)
0(0.0, 0.4210009176026608)
0(0.0, 0.41879661203401863)
0(0.0, 0.41876724036406743)
0(0.0, 0.4186138422068316)
0(0.0, 0.41539839914813237)
0(0.0, 0.4146798800863918)
0(0.0, 0.41439976875449613)
0(0.0, 0.4139770602751427)
0(0.0, 0.4113914602317432)
0(0.0, 0.4096189610257296)
0(0.0, 0.40934752420604215)
0(0.0, 0.4066531249755272)
0(0.0, 0.40614329594597376)
0(0.0, 0.4061305140075875)
0(0.0, 0.4060400555851894)
0(0.0, 0.4055698198021934)
0(0.0, 0.40516618435248597)
0(0.0, 0.40369456802783243)
0(0.0, 0.4018277932350839)
0(0.0, 0.401827722564853)
0(0.0, 0.40144667150019353)
0(0.0, 0.3995537568524281)
0(0.0, 0.39940693478255007)
0(0.0, 0.3987530133247815)
0(0.0, 0.39844345843783924)
0(0.0, 0.39833832164127714)
0(0.0, 0.398111737440198)
0(0.0, 0.3955732512958594)
0(0.0, 0.3951449602523113)
0(0.0, 0.3947397090704269)
0(0.0, 0.39404678789094894)
0(0.0, 0.3940354901115177)
0(0.0, 0.3931384970891343)
0(0.0, 0.39255525884739395)
0(0.0, 0.39165435127236414)
0(0.0, 0.39095604281556207)
0(0.0, 0.39008988696700564)
0(0.0, 0.38954658033252)
0(0.0, 0.38840234540249285)
0(0.0, 0.38796007087848183)
0(0.0, 0.3871926419207705)
0(0.0, 0.3862057134922643)
0(0.0, 0.38607281724548936)
0(0.0, 0.38561112313163215)
0(0.0, 0.38537731966138566)
0(0.0, 0.3847735632650686)
0(0.0, 0.38464056758139564)
0(0.0, 0.3843519236321796)
0(0.0, 0.3833704491886022)
0(0.0, 0.38118603242840143)
0(0.0, 0.3803606650965188)
0(0.0, 0.38008230458888925)
0(0.0, 0.37899677216548433)
0(0.0, 0.3777986453902078)
0(0.0, 0.3775705953964048)
0(0.0, 0.37643802167086626)
0(0.0, 0.3750213326073232)
0(0.0, 0.37354226837174187)
0(0.0, 0.3721937101583591)
0(0.0, 0.37166431767637165)
0(0.0, 0.3687608195783323)
0(0.0, 0.3663221777482838)
0(0.0, 0.36482783082851356)
0(0.0, 0.3644098830954934)
0(0.0, 0.36419612003797175)
0(0.0, 0.36378922354304555)
0(0.0, 0.3634444404624185)
0(0.0, 0.362499489825749)
0(0.0, 0.36179581027920005)
0(0.0, 0.3612807431684697)
0(0.0, 0.3599472000493633)
0(0.0, 0.35983894616554635)
0(0.0, 0.3597343941544765)
0(0.0, 0.35880041935629436)
0(0.0, 0.35782267226273234)
0(0.0, 0.3573592002094077)
0(0.0, 0.3571627618313705)
0(0.0, 0.3552039032583424)
0(0.0, 0.3529038637673674)
0(0.0, 0.35216066877890906)
0(0.0, 0.3510250841625375)
0(0.0, 0.3468427847898755)
0(0.0, 0.34670276385544696)
0(0.0, 0.34380643577244807)
0(0.0, 0.34267061669504983)
0(0.0, 0.3414204744427226)
0(0.0, 0.34128957822427974)
0(0.0, 0.3407459255960652)
0(0.0, 0.33992138386283044)
0(0.0, 0.3392234338784317)
0(0.0, 0.3373315314492784)
0(0.0, 0.33595130031645337)
0(0.0, 0.33562488570459303)
0(0.0, 0.334383485068951)
0(0.0, 0.33355570310502447)
0(0.0, 0.3327305803601026)
0(0.0, 0.3320991704344993)
0(0.0, 0.3316027203867141)
0(0.0, 0.33109614422713385)
0(0.0, 0.3299706127375097)
0(0.0, 0.32938839765786376)
0(0.0, 0.3289472559468576)
0(0.0, 0.32879489745918433)
0(0.0, 0.32717832669132996)
0(0.0, 0.32714205957428977)
0(0.0, 0.3267343181885386)
0(0.0, 0.3259343735332698)
0(0.0, 0.3246022530842927)
0(0.0, 0.3238894602919)
0(0.0, 0.3234091992284136)
0(0.0, 0.3233842959473169)
0(0.0, 0.32318637289468877)
0(0.0, 0.32263658040034227)
0(0.0, 0.32230372644717786)
0(0.0, 0.3213752507825963)
0(0.0, 0.3212627054121704)
0(0.0, 0.3209813168970529)
0(0.0, 0.32000359298833136)
0(0.0, 0.3180177916655055)
0(0.0, 0.31799725052615324)
0(0.0, 0.31511776816505865)
0(0.0, 0.31376558655580156)
0(0.0, 0.3127315204473373)
0(0.0, 0.31164759655476915)
0(0.0, 0.3108555829035775)
0(0.0, 0.30887299964987014)
0(0.0, 0.30854736406727523)
0(0.0, 0.3083301268022609)
0(0.0, 0.3072891701791316)
0(0.0, 0.3056467498342672)
0(0.0, 0.30550267885574756)
0(0.0, 0.30487621353481864)
0(0.0, 0.3039832611778349)
0(0.0, 0.30396017557778043)
0(0.0, 0.3031301869502089)
0(0.0, 0.30053936407585446)
0(0.0, 0.3000071867059847)
0(0.0, 0.2986966372869643)
0(0.0, 0.2946423217657982)
0(0.0, 0.291988773764275)
0(0.0, 0.29170880449617764)
0(0.0, 0.2912259452737025)
0(0.0, 0.29067812823880723)
0(0.0, 0.2890790931164873)
0(0.0, 0.2888286530062616)
0(0.0, 0.2886484900803469)
0(0.0, 0.28668834055894765)
0(0.0, 0.2849152675688068)
0(0.0, 0.2840168779567126)
0(0.0, 0.2835433691573346)
0(0.0, 0.28311085542630854)
0(0.0, 0.2813449130596214)
0(0.0, 0.2804221413501674)
0(0.0, 0.27710264257101813)
0(0.0, 0.27667860810802647)
0(0.0, 0.2761753384115151)
0(0.0, 0.27591860227210485)
0(0.0, 0.2759094761549947)
0(0.0, 0.27496856763341093)
0(0.0, 0.27464471698211734)
0(0.0, 0.2738075202124892)
0(0.0, 0.27073817338922423)
0(0.0, 0.26999941865693355)
0(0.0, 0.2671068069294493)
0(0.0, 0.26603554927205975)
0(0.0, 0.2659532817087139)
0(0.0, 0.2632441342679984)
0(0.0, 0.26273561738034035)
0(0.0, 0.26251263130708846)
0(0.0, 0.2616909558349477)
0(0.0, 0.2609849775808495)
0(0.0, 0.25977021574419423)
0(0.0, 0.25975659979536114)
0(0.0, 0.2585885758947021)
0(0.0, 0.25816763647809593)
0(0.0, 0.2579960667716116)
0(0.0, 0.25704810718607496)
0(0.0, 0.25667278704229257)
0(0.0, 0.256356782920395)
0(0.0, 0.2539828277061401)
0(0.0, 0.25365043720731706)
0(0.0, 0.25232166423471514)
0(0.0, 0.2515374072192602)
0(0.0, 0.2500022790946116)
0(0.0, 0.2498589102879234)
0(0.0, 0.24698844038015655)
0(0.0, 0.2437018994282475)
0(0.0, 0.2378047911144604)
0(0.0, 0.2375561624796826)
0(0.0, 0.2348691341028224)
0(0.0, 0.23270305560056437)
0(0.0, 0.23218865193502614)
0(0.0, 0.2321452896947902)
0(0.0, 0.23204039339679594)
0(0.0, 0.23191865125728883)
0(0.0, 0.23096734080497094)
0(0.0, 0.22978435169272782)
0(0.0, 0.22962794809241516)
0(0.0, 0.22916518077891812)
0(0.0, 0.22858267481482997)
0(0.0, 0.22851998644537874)
0(0.0, 0.22805303568735802)
0(0.0, 0.2262688867814583)
0(0.0, 0.2256318248838748)
0(0.0, 0.22523602293016887)
0(0.0, 0.22363479449622115)
0(0.0, 0.22188062292553745)
0(0.0, 0.22049966491740558)
0(0.0, 0.21836994130416432)
0(0.0, 0.21672717833361888)
0(0.0, 0.2159406373189232)
0(0.0, 0.21032169134147938)
0(0.0, 0.20817801113358614)
0(0.0, 0.2077366744870408)
0(0.0, 0.2050455968720143)
0(0.0, 0.20142728131283816)
0(0.0, 0.200891078733628)
0(0.0, 0.18927699097332085)
0(0.0, 0.1873728913080639)
0(0.0, 0.1867328491489314)
0(0.0, 0.18438857367918815)
0(0.0, 0.1828628824083739)
0(0.0, 0.17754246989375544)
0(0.0, 0.14867743130886202)
0(0.0, 0.1412747868429638)
0(0.0, 0.1322964477212656)
0(0.0, 0.13102806594080585)
0(0.0, 0.12451479284269629)
0(0.0, 0.12310565644005933)
0(0.0, 0.11977806537061797)
0(0.0, 0.11768428937922992)
0(0.0, 0.10302738426887026)
0(0.0, 0.09003756738599622)
0(0.0, 0.08701768618489525)
0(0.0, 0.08558205181855372)
0(0.0, 0.07984041539029729)
0(0.0, 0.07741447681461844)
0(0.0, 0.07643699425809569)
0(0.0, 0.06382805521413648)
0(0.0, 0.0567667918483834)
0(0.0, 0.05400948448799647)
0(0.0, 0.05340413059062954)
0(0.0, 0.04079784299427747)
0(0.0, 0.02241725776830783)
0(0.0, 0.01991740474992043)
0(0.0, 0.016201403121143154)
0(0.0, 0.014682251271946223)
0(0.0, 0.013398095175215174)
0(0.0, 0.010659468902679547)
