1(0.24640572508694492, 0.6009516665282254)
1(0.38896508297743015, 0.6350552731149333)
1(0.4495420912090471, 0.6448788158435603)
1(0.4392304587478788, 0.5925607970738229)
1(0.3269827931973458, 0.46067460858847364)
1(0.35073121635717375, 0.4834380165821569)
1(0.3835003251911342, 0.5136147003858189)
1(0.3402015489125467, 0.4607365621257776)
1(0.5545574894943553, 0.6742929635710091)
1(0.3030481839064032, 0.4222399112005055)
1(0.38420905813562445, 0.49050837919981005)
1(0.22558096083236778, 0.3271713740561377)
1(0.35435202131419885, 0.45202013121840157)
1(0.32937998977692473, 0.42580005366136275)
1(0.396353787106548, 0.4802872641194269)
1(0.37251146444611183, 0.4563766749533795)
1(0.3248548105208643, 0.4064136377417784)
1(0.40849389887034193, 0.48971414234691724)
1(0.2648751886582924, 0.34389694302568563)
1(0.24819448870022798, 0.32286218091772967)
1(0.43071820812105244, 0.5045270357706544)
1(0.18154723334368883, 0.2552871522338972)
1(0.25571265661843445, 0.32901178743483184)
1(0.4181485133917858, 0.48951967978273847)
1(0.2940355579033749, 0.3648653483685992)
1(0.26739264577410826, 0.3377739366267951)
1(0.28989921334473945, 0.36016475104212764)
1(0.45046158209366305, 0.5203638517886968)
1(0.40485816962822796, 0.4742737029429701)
1(0.3584611507424652, 0.4264064975013604)
1(0.3562259543836842, 0.4225803536716899)
1(0.41086146397236467, 0.47553005879767507)
1(0.3711207448417715, 0.4349938232203212)
1(0.30203671877361515, 0.3657999028371962)
1(0.24510901280888087, 0.30877260247715477)
1(0.3264783064824225, 0.38941943735427575)
1(0.2648279902505486, 0.32744449338699544)
1(0.25008094974455153, 0.312557689990416)
1(0.178135742022266, 0.2403745633960349)
1(0.23758889852417253, 0.2993542177530729)
1(0.32526332045267015, 0.38639750108248283)
1(0.30496962006590866, 0.36595757262923234)
1(0.33006386351890227, 0.38941943735427575)
1(0.4106832533418936, 0.4689080738401479)
1(0.34853197830455396, 0.40610720439011305)
1(0.23707916911189686, 0.2943619160445762)
1(0.2142373184768458, 0.27144716508631994)
1(0.4957008338453358, 0.5523896904665022)
1(0.17716847705577854, 0.2331387483226458)
1(0.22671514658825298, 0.2824135949858305)
1(0.19323410987774936, 0.24758425119562166)
1(0.2540927441663161, 0.30827131435001265)
1(0.43447828158419566, 0.48781680789900517)
1(0.1820422841390259, 0.23361968518286091)
1(0.4084060713422243, 0.45975040275168866)
1(0.39742442176962123, 0.44808898931406627)
1(0.27133198984761664, 0.32126556961798836)
1(0.40260210869275115, 0.4517142805898723)
1(0.5050252153637949, 0.5531415129466157)
1(0.21002131352164477, 0.2575895120603209)
1(0.35717354524338263, 0.40448730596569127)
1(0.2205698668091277, 0.2678668671310225)
1(0.49236681360643486, 0.5385007143642001)
1(0.3208365596347491, 0.3667299034748479)
1(0.5469952221140217, 0.5927429182683013)
1(0.2700271538786575, 0.31571052360895446)
1(0.35847211677342716, 0.40342024470481763)
1(0.26792262246747145, 0.31266638849256034)
1(0.32150401499783887, 0.3660112972458973)
1(0.4496041264028605, 0.4939307201742352)
1(0.24157638068553555, 0.28458308044823666)
1(0.3001634975242554, 0.3429079937661429)
1(0.31184465199880507, 0.35449505188759933)
1(0.40382470592151654, 0.4458477386304255)
1(0.401024684036587, 0.44266638931833935)
1(0.24435613974755444, 0.2857659373265974)
1(0.28209377228903487, 0.3228436204247398)
1(0.31270358919317487, 0.35342627088392375)
1(0.3472716569603672, 0.3866562934878589)
1(0.32454025642756756, 0.3631314380043875)
1(0.4039787455299161, 0.44206582223193946)
1(0.35859000805396335, 0.39552486492915806)
1(0.20734721158971392, 0.24413294789542528)
1(0.22052692396307982, 0.256488533821845)
1(0.3184972405146388, 0.35342627088392375)
1(0.3592382721133367, 0.3937930224789079)
1(0.41749226260369077, 0.4517142805898723)
1(0.16492303451993973, 0.1991064884966528)
1(0.47604264163948307, 0.5097901074140073)
1(0.29094585857565913, 0.32465395938302877)
1(0.32700346144076353, 0.3602100215579679)
1(0.5413493089699648, 0.5745168496879399)
1(0.3081253508012247, 0.3405098132869252)
1(0.2811062837285502, 0.31323828646665974)
1(0.2890274553643991, 0.3204559698455155)
1(0.30521945607412715, 0.3356559935339024)
1(0.40534152798208256, 0.4352765165088657)
1(0.40011038341136385, 0.429897928994435)
1(0.196563517960737, 0.22622734029531566)
1(0.3134845512163913, 0.3430324596932641)
1(0.3660383772311496, 0.39552486492915806)
1(0.3426303324461287, 0.3720576141241595)
1(0.40438598970152795, 0.4337391922137601)
1(0.38042855164151446, 0.40949242279674336)
1(0.279260862977202, 0.3077991550024952)
1(0.23381678548792628, 0.26205851865699104)
1(0.477312670633382, 0.5050554654456177)
1(0.3259168712752173, 0.35342627088392375)
1(0.28605571443343547, 0.3134194878773252)
1(0.3063138962089659, 0.33360304721100287)
1(0.26786475977558544, 0.29499471421796997)
1(0.31900425198313265, 0.34598439747632415)
1(0.5153154117162255, 0.5420012746976042)
1(0.31564161531395696, 0.34200319870351104)
1(0.28918119661471364, 0.31496486881917085)
1(0.48381644613092323, 0.5092406350754517)
1(0.36490141998509384, 0.390195044803739)
1(0.2290063535707133, 0.2542739351122597)
1(0.26515863013018925, 0.2902796424889198)
1(0.2703322605276032, 0.29526328018863557)
1(0.2841581392581497, 0.3089830586622385)
1(0.30901004385203823, 0.333732538365591)
1(0.19453905304788865, 0.21917663540908072)
1(0.2552221685051973, 0.27936895503802794)
1(0.3099680776125464, 0.3335322401216966)
1(0.22522985366378323, 0.24874376687277855)
1(0.2553367970257189, 0.27841383656422336)
1(0.3037087070327963, 0.3266646242647938)
1(0.3658319435187146, 0.38860832119908173)
1(0.3017284052141389, 0.3237065664747186)
1(0.20035234697208404, 0.2223272772034427)
1(0.40728723999749183, 0.42908668250717963)
1(0.38201529873241846, 0.40374381865055897)
1(0.31651028777684154, 0.338121498406583)
1(0.24612392557966734, 0.267532468217631)
1(0.45423451141180604, 0.4755757243241089)
1(0.23324415762285367, 0.2542739351122597)
1(0.09612040961858836, 0.11688284213435451)
1(0.33956214936272744, 0.36029234945907573)
1(0.3688718054703406, 0.3894753525933895)
1(0.27295576763061813, 0.29354225326544137)
1(0.21946793945635334, 0.2400063409110964)
1(0.46124722672946483, 0.48175472375194384)
1(0.38132134811405094, 0.40179822460029146)
1(0.3979315782654982, 0.4179511217513837)
1(0.32131790967728213, 0.3405027547420614)
1(0.13290084653969836, 0.151304293911671)
1(0.33148613728087695, 0.34979295809070843)
1(0.423192776970441, 0.4411571170051548)
1(0.45042530273034187, 0.4682174690869798)
1(0.19373324462107766, 0.2112632833216691)
1(0.25167639418520693, 0.2688898407648864)
1(0.21010012711992687, 0.22704540509482074)
1(0.47720689461777266, 0.493905810462799)
1(0.2174894004980582, 0.23300353376694571)
1(0.2015405499848415, 0.21703396554570697)
1(0.3184771434068193, 0.333732538365591)
1(0.437765645888916, 0.4529586005900823)
1(0.478848878899122, 0.49376883091916324)
1(0.2083282747581242, 0.22291802542408135)
1(0.35482540478314717, 0.3691162008991382)
1(0.23446684177192822, 0.24852558480529974)
1(0.5902255254392874, 0.6042795878314938)
1(0.2830452009494455, 0.2970150837775395)
1(0.37717219137009184, 0.3910453873799402)
1(0.24809641191868392, 0.2617389142016291)
1(0.25773417497233053, 0.27127334938679815)
1(0.3860469636877284, 0.39951561701199667)
1(0.26700102456203534, 0.28028230093325346)
1(0.44889375361281747, 0.46197084903117613)
1(0.24321037764632902, 0.25627975320262397)
1(0.24132472376751257, 0.2542739351122597)
1(0.4589916427165668, 0.47190057176349154)
1(0.2894727333848013, 0.302157251440458)
1(0.3261794833042171, 0.338144614070622)
1(0.29123565614717284, 0.3031311429446958)
1(0.3758086189636257, 0.38761183072346095)
1(0.2164906874018917, 0.22828993236805972)
1(0.4277560512307832, 0.439518519782101)
1(0.26730428370231674, 0.27906409376144836)
1(0.21093109975169966, 0.2223000289847863)
1(0.3241704554835535, 0.3354647568956143)
1(0.24912023377980108, 0.2599605978092613)
1(0.2584378359685946, 0.2691272191589489)
1(0.22635767998291423, 0.23694198328100324)
1(0.493932469288757, 0.5044862518336679)
1(0.32299093635388054, 0.3332928291819637)
1(0.33963877493008987, 0.3499218421766672)
1(0.3173654712146542, 0.3274145826495509)
1(0.18917348459013206, 0.1991064884966528)
1(0.3378118788171953, 0.3476906987327365)
1(0.35050113657241844, 0.3602507534160436)
1(0.34401812467502135, 0.3535603607168609)
1(0.22313087491543182, 0.23263901106442653)
1(0.5083074040613619, 0.5176929626199359)
1(0.21368853042355718, 0.22291802542408135)
1(0.30744895220240076, 0.31626727815673283)
1(0.3521230624595003, 0.3609319027025222)
1(0.2723645073026868, 0.28106489079133046)
1(0.29479893231739174, 0.3033207142294596)
1(0.2205581833995065, 0.22902706296344388)
1(0.40881643955416225, 0.4172081217690409)
1(0.4994114402520713, 0.5077010434962375)
1(0.28627707376569844, 0.29440990196123185)
1(0.13252696647836204, 0.1405558891275216)
1(0.19479293109701223, 0.20250709341732143)
1(0.431895276562538, 0.4395254832555877)
1(0.1784251662969264, 0.18592825832071624)
1(0.16335309533528442, 0.17054213572194055)
1(0.39155352861962445, 0.3986351742003762)
1(0.44405861822779014, 0.4511178925975199)
1(0.12117605736719572, 0.12802420253647329)
1(0.19901109351363933, 0.2058363423226084)
1(0.18220595242752746, 0.18892849025263747)
1(0.1442499868672079, 0.15095914173944613)
1(0.23368268684175364, 0.24029703038804118)
1(0.27898076472068156, 0.28546859077145814)
1(0.3366131409313461, 0.3429079937661429)
1(0.6586649242165185, 0.6648045707876913)
1(0.20880272827411162, 0.214868509448074)
1(0.12198585227979974, 0.12802420253647329)
1(0.2653783996863499, 0.27141105920701225)
1(0.26305380313314064, 0.2688898407648864)
1(0.10431304069772085, 0.11005490899684611)
1(0.12297769256860458, 0.12864887543378578)
1(0.24887132545896418, 0.2542739351122597)
1(0.2110893442894055, 0.2164127645395758)
1(0.11367317927962894, 0.11891319938715628)
1(0.2779323139487303, 0.28289951338330177)
1(0.2711384630764103, 0.2758259904713237)
1(0.3747364115963816, 0.3793569912097584)
1(0.21561584118143007, 0.22003621177209964)
1(0.25621427210698433, 0.26051155363803946)
1(0.24848774486915925, 0.25254529015942717)
1(0.3151121159957302, 0.31892845367505784)
1(0.38041718947029846, 0.3839010710516353)
1(0.14938729366412384, 0.15271207528066078)
1(0.2288433672314959, 0.2319742672184808)
1(0.3185363399630491, 0.3215835534455176)
1(0.24382075341948584, 0.24678616616390459)
1(0.12658757141237864, 0.12920894287574158)
1(0.1902467499624716, 0.19273922616312456)
1(0.2552238868994028, 0.2575032712305205)
1(0.21691346229683617, 0.21915543246292069)
1(0.5240642437557175, 0.5261673170334932)
1(0.21721476850898436, 0.21913330599158665)
1(0.5033355287908214, 0.5051172773335588)
1(0.28287175662313224, 0.2844603894526545)
1(0.47296758090287006, 0.47452404271829085)
1(0.24809162105681382, 0.2496477107712184)
1(0.24054573522660805, 0.242053219521019)
1(0.33068187375366087, 0.33214188640308095)
1(0.35182694768663714, 0.3530433520402779)
1(0.3865139255730641, 0.38766059908292594)
1(0.278702910810381, 0.2797111917418442)
1(0.20460394355763234, 0.20558627593965317)
1(0.19772292969868177, 0.19842487458762137)
1(0.33222579923172735, 0.3328616467113412)
1(0.2397387779413862, 0.24031524380608948)
1(0.10426466451239036, 0.10464072089245491)
1(0.45045930295674674, 0.4508242350742848)
1(0.4373873888564662, 0.43771168560652884)
1(0.5888639640958702, 0.589131542388902)
1(0.24982946792036387, 0.24984217071940928)
0(0.0, inf)
0(0.0, 0.5000277889156494)
0(0.0, 0.4704159284057704)
0(0.0, 0.42134722704941907)
0(0.0, 0.4162645299192188)
0(0.0, 0.4128321039094368)
0(0.0, 0.4070499964927268)
0(0.0, 0.40607861984017257)
0(0.0, 0.40493244029654274)
0(0.0, 0.4046362464542831)
0(0.0, 0.40096424246996754)
0(0.0, 0.398239663283922)
0(0.0, 0.3938463140870725)
0(0.0, 0.3937689204167142)
0(0.0, 0.38834653143705133)
0(0.0, 0.38236379911693774)
0(0.0, 0.381730100659462)
0(0.0, 0.37745735666021807)
0(0.0, 0.3771939786014751)
0(0.0, 0.3737962565856755)
0(0.0, 0.3720824058926193)
0(0.0, 0.3652351928135683)
0(0.0, 0.36482886574800244)
0(0.0, 0.3615477190329217)
0(0.0, 0.3572301868970159)
0(0.0, 0.3569858489631391)
0(0.0, 0.35631160142774476)
0(0.0, 0.35611195096904746)
0(0.0, 0.35529612487760753)
0(0.0, 0.35313068491442)
0(0.0, 0.34721229383245233)
0(0.0, 0.3376512427182037)
0(0.0, 0.337418669193823)
0(0.0, 0.33002095527983655)
0(0.0, 0.32516030202747825)
0(0.0, 0.32263655995731044)
0(0.0, 0.3180844727467139)
0(0.0, 0.3138359299148886)
0(0.0, 0.31359915217107304)
0(0.0, 0.31182919895891625)
0(0.0, 0.311451821510345)
0(0.0, 0.31135735596268865)
0(0.0, 0.3093311713845436)
0(0.0, 0.30889511311364803)
0(0.0, 0.3088002894820365)
0(0.0, 0.307911589894874)
0(0.0, 0.30573101999294094)
0(0.0, 0.3054586851513328)
0(0.0, 0.30444095473102983)
0(0.0, 0.30435418666617775)
0(0.0, 0.3013357486029842)
0(0.0, 0.2977139501545061)
0(0.0, 0.2944183025518844)
0(0.0, 0.29355883733238497)
0(0.0, 0.29340537596949)
0(0.0, 0.2923319964708738)
0(0.0, 0.2906116133667064)
0(0.0, 0.290370552848111)
0(0.0, 0.2903131080450766)
0(0.0, 0.2895951815536927)
0(0.0, 0.2883200244787276)
0(0.0, 0.28708725487647013)
0(0.0, 0.28580547572684867)
0(0.0, 0.2853927151599942)
0(0.0, 0.28479926115530174)
0(0.0, 0.28374828282299447)
0(0.0, 0.28325024368516893)
0(0.0, 0.2827341349150738)
0(0.0, 0.28258711006825465)
0(0.0, 0.2822798835536957)
0(0.0, 0.28176704869935154)
0(0.0, 0.2811878117713138)
0(0.0, 0.2771722562316348)
0(0.0, 0.27692601831576624)
0(0.0, 0.2760105014533897)
0(0.0, 0.2757274811779722)
0(0.0, 0.2753519560109947)
0(0.0, 0.2753244963514704)
0(0.0, 0.2744512191041434)
0(0.0, 0.27429349650746326)
0(0.0, 0.2742656726575726)
0(0.0, 0.2739571101183008)
0(0.0, 0.2727124199661768)
0(0.0, 0.270680330858701)
0(0.0, 0.27060580934735345)
0(0.0, 0.26972787171415435)
0(0.0, 0.2683263075007484)
0(0.0, 0.26776336751046714)
0(0.0, 0.2665576134757267)
0(0.0, 0.26641288872166335)
0(0.0, 0.26447751347145665)
0(0.0, 0.2641193626811389)
0(0.0, 0.2633042372402208)
0(0.0, 0.26262129483902275)
0(0.0, 0.2618653461643107)
0(0.0, 0.26082639033270494)
0(0.0, 0.26075892805334056)
0(0.0, 0.2592363970855469)
0(0.0, 0.25899779796567757)
0(0.0, 0.2585822447012408)
0(0.0, 0.25856649962323297)
0(0.0, 0.2574635984829605)
0(0.0, 0.25738587951001357)
0(0.0, 0.25645423148974966)
0(0.0, 0.2553795333965452)
0(0.0, 0.2544506075448525)
0(0.0, 0.2538872453623182)
0(0.0, 0.25345962853504644)
0(0.0, 0.25056539450496207)
0(0.0, 0.25041177878387166)
0(0.0, 0.2503718248509047)
0(0.0, 0.2501509724303478)
0(0.0, 0.24986700656835625)
0(0.0, 0.24939841584635825)
0(0.0, 0.24937336362464368)
0(0.0, 0.24887821011150046)
0(0.0, 0.24883035661047492)
0(0.0, 0.24853898145115005)
0(0.0, 0.2475769404756859)
0(0.0, 0.2474316943726247)
0(0.0, 0.24729128112870968)
0(0.0, 0.24665544781544668)
0(0.0, 0.2465105103660069)
0(0.0, 0.246403127378362)
0(0.0, 0.24513688864149263)
0(0.0, 0.24240560574199033)
0(0.0, 0.24228247094116329)
0(0.0, 0.24106795011307336)
0(0.0, 0.240155963849205)
0(0.0, 0.23991033585566035)
0(0.0, 0.23979551382954123)
0(0.0, 0.23944487524446456)
0(0.0, 0.23929901512694263)
0(0.0, 0.23796909430173085)
0(0.0, 0.23738209992590575)
0(0.0, 0.23683621061545124)
0(0.0, 0.23651425498046208)
0(0.0, 0.23524359966133312)
0(0.0, 0.23467794987860813)
0(0.0, 0.23462680389565438)
0(0.0, 0.23450645058511554)
0(0.0, 0.2338430804068128)
0(0.0, 0.23279063121258858)
0(0.0, 0.2326989019146929)
0(0.0, 0.2314796901516034)
0(0.0, 0.23071174452156407)
0(0.0, 0.23003795458273046)
0(0.0, 0.23003742038968011)
0(0.0, 0.22961990430938128)
0(0.0, 0.22924043639251157)
0(0.0, 0.22841821067965895)
0(0.0, 0.22715604430615088)
0(0.0, 0.22712395862754953)
0(0.0, 0.22682491200977184)
0(0.0, 0.22668079746092817)
0(0.0, 0.2265502895989625)
0(0.0, 0.22436255854879372)
0(0.0, 0.22351033281439392)
0(0.0, 0.22342707438603382)
0(0.0, 0.22312540500123168)
0(0.0, 0.22293276407334517)
0(0.0, 0.22235470839335536)
0(0.0, 0.2222162819416127)
0(0.0, 0.22183164607418482)
0(0.0, 0.22156378802438237)
0(0.0, 0.22092586380771928)
0(0.0, 0.22034122927228816)
0(0.0, 0.2189639234412406)
0(0.0, 0.2181502089119629)
0(0.0, 0.21734772266950098)
0(0.0, 0.21724615525897328)
0(0.0, 0.21674217566143572)
0(0.0, 0.2164006598805822)
0(0.0, 0.21600581509092087)
0(0.0, 0.21460569885801417)
0(0.0, 0.21364382063035248)
0(0.0, 0.2134498515622335)
0(0.0, 0.2132744991087988)
0(0.0, 0.21235840528513628)
0(0.0, 0.21150501683612133)
0(0.0, 0.21069520475212122)
0(0.0, 0.20941263802850119)
0(0.0, 0.20938764372545293)
0(0.0, 0.20890093019954836)
0(0.0, 0.2073085191547247)
0(0.0, 0.20665358639279408)
0(0.0, 0.20617223588387745)
0(0.0, 0.20594326875122537)
0(0.0, 0.20356490495709068)
0(0.0, 0.20350811242186984)
0(0.0, 0.2031700360648886)
0(0.0, 0.20194615962356666)
0(0.0, 0.1999791265706875)
0(0.0, 0.19968946549587407)
0(0.0, 0.19966079870827103)
0(0.0, 0.19897032013449134)
0(0.0, 0.19862289564950775)
0(0.0, 0.19827843496997177)
0(0.0, 0.19827819255694823)
0(0.0, 0.19811833779604526)
0(0.0, 0.19773301555517075)
0(0.0, 0.19742198215639772)
0(0.0, 0.19674638371674624)
0(0.0, 0.1967311995757306)
0(0.0, 0.1959027569594357)
0(0.0, 0.19541429918612196)
0(0.0, 0.19517676051558475)
0(0.0, 0.19511769994533978)
0(0.0, 0.1945826702777238)
0(0.0, 0.1943067548050359)
0(0.0, 0.19288001730807247)
0(0.0, 0.1922874753580578)
0(0.0, 0.19192670799124933)
0(0.0, 0.19101449292291317)
0(0.0, 0.1903482631462221)
0(0.0, 0.18948396256086297)
0(0.0, 0.1877966212576896)
0(0.0, 0.18754635779815343)
0(0.0, 0.18653545334819366)
0(0.0, 0.18600071991283385)
0(0.0, 0.1857611526537637)
0(0.0, 0.18575908704357524)
0(0.0, 0.18478226491728678)
0(0.0, 0.18456716173142285)
0(0.0, 0.18389126308243708)
0(0.0, 0.18368031996906653)
0(0.0, 0.18224811733042623)
0(0.0, 0.1815415451756731)
0(0.0, 0.18059809545490857)
0(0.0, 0.1805619591998301)
0(0.0, 0.1799376357834298)
0(0.0, 0.17956462778014592)
0(0.0, 0.17934653709173276)
0(0.0, 0.17872466156263767)
0(0.0, 0.1786233533483168)
0(0.0, 0.17861803823848055)
0(0.0, 0.17747949190617074)
0(0.0, 0.17635008138823016)
0(0.0, 0.1763210937086599)
0(0.0, 0.17609079876996803)
0(0.0, 0.17544601183631103)
0(0.0, 0.17463627305518437)
0(0.0, 0.17450873415821122)
0(0.0, 0.17439919243960456)
0(0.0, 0.1743897764494048)
0(0.0, 0.1742657103059525)
0(0.0, 0.17388796005259266)
0(0.0, 0.1738663241559001)
0(0.0, 0.17379639613885078)
0(0.0, 0.17372217772074572)
0(0.0, 0.1736060923893098)
0(0.0, 0.17349963350341424)
0(0.0, 0.17312408094802778)
0(0.0, 0.17224120120863007)
0(0.0, 0.1722204291347924)
0(0.0, 0.16990744559364868)
0(0.0, 0.16956212062105447)
0(0.0, 0.16906141240747785)
0(0.0, 0.16837415573536818)
0(0.0, 0.16796677037682972)
0(0.0, 0.16794768897687384)
0(0.0, 0.16757520797325198)
0(0.0, 0.1669187368565861)
0(0.0, 0.16653139238302017)
0(0.0, 0.16608699876565636)
0(0.0, 0.16502584889769412)
0(0.0, 0.16496758383503274)
0(0.0, 0.16420053198386753)
0(0.0, 0.16371119338969609)
0(0.0, 0.16342730876335387)
0(0.0, 0.16336933633264927)
0(0.0, 0.1631848403674936)
0(0.0, 0.16295656854850304)
0(0.0, 0.16293154949893052)
0(0.0, 0.16274961876873473)
0(0.0, 0.16241954348701204)
0(0.0, 0.1620323685520344)
0(0.0, 0.16052258354189053)
0(0.0, 0.160074285642946)
0(0.0, 0.1590946734507196)
0(0.0, 0.1587151256413959)
0(0.0, 0.1583881555800437)
0(0.0, 0.15643848877361732)
0(0.0, 0.15578275874189307)
0(0.0, 0.15562097066720082)
0(0.0, 0.15557512405496288)
0(0.0, 0.15530923664938)
0(0.0, 0.15473960493272543)
0(0.0, 0.1543506238186234)
0(0.0, 0.15397758427983155)
0(0.0, 0.1534372452604721)
0(0.0, 0.15342779206135004)
0(0.0, 0.15302721851021217)
0(0.0, 0.1516772473625162)
0(0.0, 0.15016926733916713)
0(0.0, 0.14912316899468814)
0(0.0, 0.14874168598007043)
0(0.0, 0.14860222807690981)
0(0.0, 0.14784715717697305)
0(0.0, 0.14737154107372397)
0(0.0, 0.14665104600174617)
0(0.0, 0.14659298107189989)
0(0.0, 0.1464036902677046)
0(0.0, 0.14634415087772523)
0(0.0, 0.14571592790267252)
0(0.0, 0.14356869093155455)
0(0.0, 0.14238532782545288)
0(0.0, 0.14170135842219367)
0(0.0, 0.1401163733037104)
0(0.0, 0.1398241179876003)
0(0.0, 0.13692557454009568)
0(0.0, 0.13637002697186362)
0(0.0, 0.13613121256712046)
0(0.0, 0.13250594341669653)
0(0.0, 0.131969148366464)
0(0.0, 0.1316257147367209)
0(0.0, 0.13103297958484506)
0(0.0, 0.1307956646570323)
0(0.0, 0.12973406359147455)
0(0.0, 0.12931775387991562)
0(0.0, 0.12891097569973164)
0(0.0, 0.12825677062568663)
0(0.0, 0.1278934907828413)
0(0.0, 0.1263536810924738)
0(0.0, 0.12476655953782956)
0(0.0, 0.121438389409677)
0(0.0, 0.12140076561979718)
0(0.0, 0.12137412766341416)
0(0.0, 0.12073269290668609)
0(0.0, 0.11996370204732576)
0(0.0, 0.11967880994975533)
0(0.0, 0.11962747317833877)
0(0.0, 0.1184235286620079)
0(0.0, 0.11775186058662979)
0(0.0, 0.11365556266025834)
0(0.0, 0.11333414401991815)
0(0.0, 0.11273825652259883)
0(0.0, 0.11185566266656477)
0(0.0, 0.1098839853873339)
0(0.0, 0.10779628863080482)
0(0.0, 0.10434132498348814)
0(0.0, 0.10415015734337552)
0(0.0, 0.10243892968282842)
0(0.0, 0.10151599472199968)
0(0.0, 0.10148459116742004)
0(0.0, 0.10008744192972341)
0(0.0, 0.09931877187525706)
0(0.0, 0.0989409055307714)
0(0.0, 0.09890973193123775)
0(0.0, 0.09878298636369243)
0(0.0, 0.09854408012520299)
0(0.0, 0.09608230159732833)
0(0.0, 0.09383746238576951)
0(0.0, 0.0938302178635837)
0(0.0, 0.09336012006806282)
0(0.0, 0.09315032689620928)
0(0.0, 0.09297720299156842)
0(0.0, 0.09264054816277179)
0(0.0, 0.09234894382291914)
0(0.0, 0.0904746952533858)
0(0.0, 0.08785273284075301)
0(0.0, 0.08573385955118717)
0(0.0, 0.08422665864653911)
0(0.0, 0.08377595837750917)
0(0.0, 0.08327198278286874)
0(0.0, 0.08051929209697417)
0(0.0, 0.0787328577676536)
0(0.0, 0.07825003365532612)
0(0.0, 0.0719958148204195)
0(0.0, 0.06851250798500963)
