1(0.3211629999232545, 0.5972217765625651)
1(0.3284846682869288, 0.6037948073573711)
1(0.3649819261590648, 0.59216715265035)
1(0.38618361892128394, 0.5766159280724015)
1(0.45610297800884336, 0.6226837855493051)
1(0.4632452082110443, 0.6191863978765842)
1(0.3578681127537727, 0.5118548501371285)
1(0.4851193534706635, 0.6305213491026853)
1(0.39382083250949496, 0.5207598365065402)
1(0.3483256363639937, 0.47425741937341526)
1(0.3710200871975937, 0.4967231462363586)
1(0.47619950536837996, 0.6004928477093321)
1(0.5303558569565081, 0.6461634215647175)
1(0.473329149643793, 0.5883934266601356)
1(0.45733828480227945, 0.5587372487173989)
1(0.40960041720726104, 0.5109215149728596)
1(0.5389549310956648, 0.6385859524470784)
1(0.4706345646293073, 0.5674879670680919)
1(0.40069413098082773, 0.4967231462363586)
1(0.3434124240559483, 0.43786121738936046)
1(0.4735761545620515, 0.5628365962351476)
1(0.37986000108147455, 0.46810502912217)
1(0.4884999615324481, 0.5741603156984978)
1(0.3077610054690959, 0.3923218595848733)
1(0.4244985889409779, 0.506689975033173)
1(0.42148716971090905, 0.5023578338488794)
1(0.40449050785664575, 0.48315622270760616)
1(0.26661202888057645, 0.34523555926314087)
1(0.5518570524384361, 0.6296445921225011)
1(0.513307788547331, 0.5909347372752354)
1(0.48308707729009737, 0.5588918090083292)
1(0.42577595828976056, 0.5009239170785327)
1(0.4717738013960444, 0.5468542306102262)
1(0.3693163407448685, 0.444338447363156)
1(0.4447769426634762, 0.5192239261739349)
1(0.4113592839573489, 0.4783236760912616)
1(0.317917577481306, 0.3824004085797348)
1(0.4140092847099487, 0.4771273858977022)
1(0.5595080027464292, 0.6225183542381085)
1(0.4005797654820853, 0.4631468114179653)
1(0.46071725403605146, 0.5229994740830026)
1(0.2906356529018782, 0.35278285226897454)
1(0.25761207269201036, 0.31963432825710125)
1(0.544600024609526, 0.606536014222246)
1(0.375006857004628, 0.43475513624642514)
1(0.326669236837163, 0.38597216864288497)
1(0.3958310709335605, 0.4548325023235159)
1(0.440740638563376, 0.49810143665309703)
1(0.3157513957324295, 0.37077018724356336)
1(0.7653870084010622, 0.8196727791709504)
1(0.23606040736126566, 0.2886307665856799)
1(0.48816141949003145, 0.5404488645043302)
1(0.3392507388867214, 0.3908106887204934)
1(0.28114552945829585, 0.3295647809601999)
1(0.5553571275108502, 0.6036025915648399)
1(0.6263242460101732, 0.6743051676534642)
1(0.5267025440952893, 0.5745033845195174)
1(0.3668445828514303, 0.4140780092043862)
1(0.4263444242696376, 0.47355520346789937)
1(0.25595257555315465, 0.3031561669197653)
1(0.35511028081328444, 0.4010330716132142)
1(0.49883659784917245, 0.5433533630188581)
1(0.4744342389222722, 0.5186840332540991)
1(0.47974405382339513, 0.5237762848005155)
1(0.4309811254191025, 0.47425741937341526)
1(0.31608101856882176, 0.3592038532459889)
1(0.5813373129585468, 0.6243389412184638)
1(0.31139676100767033, 0.3536493367972874)
1(0.2022376443717263, 0.24402850813672017)
1(0.2929903443616614, 0.33460091157396654)
1(0.4144115082169004, 0.45591919584932716)
1(0.3808018640454992, 0.4218093201100491)
1(0.3782779543598719, 0.41716902694843805)
1(0.20780720953910803, 0.24445052278459767)
1(0.23262795601614594, 0.2692527228162842)
1(0.3124695820054083, 0.3488874381172409)
1(0.29891979452697726, 0.33508000189916876)
1(0.35045594810477554, 0.38532224657207936)
1(0.44541807573231273, 0.4796779768561773)
1(0.27480753411236714, 0.3087907684765202)
1(0.2632116217799054, 0.29675871530438214)
1(0.44346695687091897, 0.4769553342580789)
1(0.3639710482289784, 0.39635369025821277)
1(0.32031532411117947, 0.3525607193446101)
1(0.3312246787932305, 0.36345078677680454)
1(0.4396353029901696, 0.4716675397217699)
1(0.32015778225565394, 0.35144705426694833)
1(0.3149256411534317, 0.34602122298996496)
1(0.27341870728107975, 0.3041778629344519)
1(0.29460062413009414, 0.32532398626341763)
1(0.30194303543484735, 0.3322068623337143)
1(0.4432080177543044, 0.47319155684599523)
1(0.4416070360227332, 0.4715231553831879)
1(0.47497479288099087, 0.5046655550111911)
1(0.4919107904031158, 0.5211615938158998)
1(0.4001864779862955, 0.4292853501385342)
1(0.4483629945424594, 0.4771120886335194)
1(0.20155838668598713, 0.2301649540646339)
1(0.4087186899199604, 0.4371961145697211)
1(0.30467927605780454, 0.33256773820871466)
1(0.12620007856136317, 0.15370120382178665)
1(0.5243248199611481, 0.5514549143010393)
1(0.21326288305303998, 0.23977885059236337)
1(0.20191027149421126, 0.22824056630606593)
1(0.35433593859024404, 0.3801327421602163)
1(0.2995409277964016, 0.32532398626341763)
1(0.3547954605608208, 0.38004686278793276)
1(0.4550097515880155, 0.4796779768561773)
1(0.3065235694806121, 0.33093404324009246)
1(0.2684410776894989, 0.29269619437285765)
1(0.497598906803155, 0.5217973037028794)
1(0.44184065327425626, 0.46586967303713045)
1(0.20375232890096795, 0.22774307405343786)
1(0.3310086946628954, 0.35474690536147857)
1(0.5296668123943934, 0.552905254930788)
1(0.23638513442740772, 0.259517823221194)
1(0.327957959421706, 0.3509340746878896)
1(0.28409990630299253, 0.30673879715759256)
1(0.24335497736988843, 0.26570306125340104)
1(0.4656992477729328, 0.487630142027884)
1(0.41661922186356204, 0.4383695961306472)
1(0.45001407125183235, 0.4715231553831879)
1(0.30158896818966374, 0.3229008960054127)
1(0.32331529291272165, 0.34447555053420353)
1(0.2825384032734748, 0.30366620214032614)
1(0.3012628560263527, 0.32173630437493805)
1(0.3167976103118392, 0.3371712532882618)
1(0.3714846514371113, 0.39155918411410495)
1(0.3017083751612285, 0.3216515705246833)
1(0.29328487723223695, 0.31299083180987797)
1(0.4830779443552409, 0.5026034326464366)
1(0.338191476037248, 0.3575317249973695)
1(0.35539843751315503, 0.37417012581289866)
1(0.2739183472684208, 0.292466684707113)
1(0.5145335666701417, 0.5329886934417545)
1(0.46589559099239053, 0.4838376795769238)
1(0.357935874046741, 0.375825711118854)
1(0.21966694843677337, 0.2374758833984889)
1(0.2433356041214626, 0.26111265148432694)
1(0.4800199294723926, 0.49726999447840514)
1(0.23755334784228743, 0.2547417925888703)
1(0.1645025968912266, 0.18132178281506495)
1(0.5732084565783095, 0.5899388517879353)
1(0.425782893620927, 0.44235592275362023)
1(0.6423790353749818, 0.6586878076782204)
1(0.6152081379788761, 0.6313164558819664)
1(0.3023841279884919, 0.31787865532530546)
1(0.3764173290717714, 0.39169942886543974)
1(0.2598838826604798, 0.2746751607384502)
1(0.2340671567129573, 0.24835305810224861)
1(0.2955457683344469, 0.30982208629749275)
1(0.17367574856811496, 0.18776495190940246)
1(0.19365160018507188, 0.2071805768007947)
1(0.45429049074682126, 0.4678102157209658)
1(0.1207937055831998, 0.13388636310920632)
1(0.43834516959700975, 0.4512772839214918)
1(0.18453915809677846, 0.1970825682319044)
1(0.35215918095645593, 0.36462957597841095)
1(0.3093090343352345, 0.32173630437493805)
1(0.48550998845645454, 0.4977735621293373)
1(0.32830791939537163, 0.34027676248696204)
1(0.1513492150882707, 0.1631211905911869)
1(0.2469483283913757, 0.25828901124939296)
1(0.278183222568711, 0.2894706387219418)
1(0.4613390875104476, 0.47253958497960025)
1(0.1950301619231164, 0.2061429851126111)
1(0.23265608241614089, 0.243558561641407)
1(0.3136483585106481, 0.3245483677796628)
1(0.29265270524532294, 0.303552309207485)
1(0.3561215955914273, 0.3669851933352556)
1(0.2925233174135671, 0.3033418187169048)
1(0.38453293837297564, 0.3949606908182074)
1(0.4070640949798574, 0.41706873582495396)
1(0.15005723868849863, 0.15997148514191561)
1(0.21886742252386915, 0.22870928647624655)
1(0.34436969132100803, 0.35408963340695787)
1(0.49526680018168223, 0.5043972096103531)
1(0.3025633981089927, 0.31110682666989065)
1(0.1446545806860724, 0.15308332939304303)
1(0.20724056626065956, 0.2153708219080459)
1(0.15737398643271427, 0.16535343677823489)
1(0.39704013152812445, 0.4045564225475088)
1(0.4983696995769106, 0.5056105887425293)
1(0.473947425646728, 0.4810323800108113)
1(0.5619005399122119, 0.5689651932566064)
1(0.38994253355200614, 0.396952494525883)
1(0.22061698332050883, 0.22756388563084218)
1(0.2997281319653853, 0.30644372778489914)
1(0.2971776831332146, 0.30366620214032614)
1(0.4108784824489343, 0.4172947662120273)
1(0.37966799302965293, 0.38599956501641897)
1(0.3724793938349371, 0.37861702879167336)
1(0.4254619392078328, 0.4311127049771132)
1(0.3495533413235309, 0.3551202136659515)
1(0.162922822252749, 0.16818429618160546)
1(0.3729853698871345, 0.3779706066895182)
1(0.2638403507578869, 0.2684465406147588)
1(0.6562687834797365, 0.6606279865995015)
1(0.4014234597625297, 0.4055258883127669)
1(0.369309129260731, 0.3733693893477621)
1(0.2469296620814121, 0.250559213358839)
1(0.6687869900377545, 0.6723686508103301)
1(0.14566752614462986, 0.14915688154211326)
1(0.42013434423096896, 0.42360409874233895)
1(0.5143240609032376, 0.5173833470108755)
1(0.23719186036413764, 0.24005867709497353)
1(0.36895293532828677, 0.3718070693247626)
1(0.3514615682015988, 0.3541555837221022)
1(0.3305869504773945, 0.33288243796140204)
1(0.5601568480080205, 0.5624463644551139)
1(0.2778672364561783, 0.28011636968555365)
1(0.5166112066655384, 0.5188443276170516)
1(0.28986068801523845, 0.2918642563887751)
1(0.19841538549021331, 0.20001679434250574)
1(0.15123484458494807, 0.15255292289222377)
1(0.3081203960400023, 0.3091851649873685)
1(0.34971828028466523, 0.3507277342025571)
1(0.3626841904723802, 0.36345078677680454)
1(0.27105937322268947, 0.2717937562852495)
1(0.131277656559028, 0.131947143922573)
1(0.15373176512379017, 0.15420656498492857)
1(0.28513303217831576, 0.2855065403143462)
0(0.0, inf)
0(0.0, 0.616991714589336)
0(0.0, 0.5147857139354161)
0(0.0, 0.49957107820752666)
0(0.0, 0.49431466921518774)
0(0.0, 0.4921757193981313)
0(0.0, 0.48267528935546544)
0(0.0, 0.4763156922997559)
0(0.0, 0.46931175412572657)
0(0.0, 0.46283072276522175)
0(0.0, 0.45873099933590256)
0(0.0, 0.4519301341535029)
0(0.0, 0.442933589696192)
0(0.0, 0.43509907634311695)
0(0.0, 0.4296842141670767)
0(0.0, 0.427448978765986)
0(0.0, 0.4204895224039895)
0(0.0, 0.42027179052719776)
0(0.0, 0.4176439435923738)
0(0.0, 0.41219369216675106)
0(0.0, 0.4081862331653242)
0(0.0, 0.4080346050382907)
0(0.0, 0.40360576560871886)
0(0.0, 0.40246460054187816)
0(0.0, 0.3977553465986924)
0(0.0, 0.39698863603704126)
0(0.0, 0.3961569473576132)
0(0.0, 0.3958226548066073)
0(0.0, 0.39109853616065116)
0(0.0, 0.3873302608335454)
0(0.0, 0.38724889234200277)
0(0.0, 0.38587588990956145)
0(0.0, 0.3816827797076062)
0(0.0, 0.38059705965117463)
0(0.0, 0.3772715180578565)
0(0.0, 0.3754931769936434)
0(0.0, 0.3746041376813073)
0(0.0, 0.3740299068170323)
0(0.0, 0.37231348719584856)
0(0.0, 0.3720534931621877)
0(0.0, 0.37172454555827084)
0(0.0, 0.3716392453959587)
0(0.0, 0.3673026066608016)
0(0.0, 0.3669856648670451)
0(0.0, 0.3626871448037198)
0(0.0, 0.36187783768332404)
0(0.0, 0.36141221524974454)
0(0.0, 0.36017683716829185)
0(0.0, 0.3577714633139024)
0(0.0, 0.3571661020522686)
0(0.0, 0.3567430475762642)
0(0.0, 0.3551483138246513)
0(0.0, 0.35503555248378527)
0(0.0, 0.3537287845747451)
0(0.0, 0.35351435165207723)
0(0.0, 0.3514347068961754)
0(0.0, 0.35104243228382814)
0(0.0, 0.3493243371450925)
0(0.0, 0.3484714778252558)
0(0.0, 0.3481346608822746)
0(0.0, 0.34801030811329625)
0(0.0, 0.3398251104932961)
0(0.0, 0.3374155650723578)
0(0.0, 0.33736642061767685)
0(0.0, 0.3371287849201011)
0(0.0, 0.3365882177194184)
0(0.0, 0.33609674468928874)
0(0.0, 0.333975164246365)
0(0.0, 0.3339099637166666)
0(0.0, 0.3336566999014797)
0(0.0, 0.3308121114505381)
0(0.0, 0.3287364935180992)
0(0.0, 0.32589466620119967)
0(0.0, 0.3254834934537678)
0(0.0, 0.32425608774410175)
0(0.0, 0.32360335154575437)
0(0.0, 0.3225890040781253)
0(0.0, 0.3209252984211013)
0(0.0, 0.31995455752339674)
0(0.0, 0.31949101611022035)
0(0.0, 0.3192955141569799)
0(0.0, 0.3186488948889534)
0(0.0, 0.31386913678763617)
0(0.0, 0.31306655517902326)
0(0.0, 0.3124214991741624)
0(0.0, 0.31182364180174105)
0(0.0, 0.31128958738799806)
0(0.0, 0.3110828637326748)
0(0.0, 0.3100582034159456)
0(0.0, 0.30969630655287583)
0(0.0, 0.30848469865833483)
0(0.0, 0.30677855925972186)
0(0.0, 0.30552380881442864)
0(0.0, 0.3053361207764155)
0(0.0, 0.30422319888999483)
0(0.0, 0.3039074477476785)
0(0.0, 0.3036358673672953)
0(0.0, 0.30343491882905815)
0(0.0, 0.30170779109934376)
0(0.0, 0.3012091748290572)
0(0.0, 0.30049728046642155)
0(0.0, 0.299096159711722)
0(0.0, 0.2983651829530637)
0(0.0, 0.29640029248319744)
0(0.0, 0.29500768877680317)
0(0.0, 0.2947164890014694)
0(0.0, 0.29370051039655665)
0(0.0, 0.29295169222188977)
0(0.0, 0.29270795153052565)
0(0.0, 0.2923090473464742)
0(0.0, 0.2920405090750894)
0(0.0, 0.29130797529044505)
0(0.0, 0.28509920885223217)
0(0.0, 0.2845702657164395)
0(0.0, 0.27885767130177375)
0(0.0, 0.2787274002868013)
0(0.0, 0.27858483971682224)
0(0.0, 0.2766539253267568)
0(0.0, 0.2762910138046579)
0(0.0, 0.2741871062747677)
0(0.0, 0.27330378605554617)
0(0.0, 0.2731593908126604)
0(0.0, 0.2713292879724367)
0(0.0, 0.27017405640531345)
0(0.0, 0.2696546332672587)
0(0.0, 0.2683880277415276)
0(0.0, 0.2682987247400115)
0(0.0, 0.2670011868817397)
0(0.0, 0.2663643176969118)
0(0.0, 0.263937564263367)
0(0.0, 0.2638947207102478)
0(0.0, 0.2637869151109574)
0(0.0, 0.26296076878683583)
0(0.0, 0.2629160000256716)
0(0.0, 0.26227761880040834)
0(0.0, 0.2615364110170283)
0(0.0, 0.2598589267402054)
0(0.0, 0.2594630647153038)
0(0.0, 0.25852138071298436)
0(0.0, 0.25605093250436206)
0(0.0, 0.25596928929487384)
0(0.0, 0.2556465277254466)
0(0.0, 0.25437543142977515)
0(0.0, 0.2543161841195728)
0(0.0, 0.25410672506784093)
0(0.0, 0.2535642273435107)
0(0.0, 0.2511192821683542)
0(0.0, 0.251118377056221)
0(0.0, 0.2497244614421208)
0(0.0, 0.24966475994625947)
0(0.0, 0.24963550259017575)
0(0.0, 0.2484243527603741)
0(0.0, 0.2478208947658781)
0(0.0, 0.247253051560814)
0(0.0, 0.24655032726197135)
0(0.0, 0.2461868182132374)
0(0.0, 0.24526636362509868)
0(0.0, 0.24411132916867528)
0(0.0, 0.24402263407762514)
0(0.0, 0.24400277388110603)
0(0.0, 0.24223544543855957)
0(0.0, 0.24083227459445622)
0(0.0, 0.24022295584815911)
0(0.0, 0.23979678219346623)
0(0.0, 0.2390616440079233)
0(0.0, 0.23898751116790207)
0(0.0, 0.23743640953161638)
0(0.0, 0.2372137862658883)
0(0.0, 0.23713530767049318)
0(0.0, 0.23711943811233394)
0(0.0, 0.23643990901647038)
0(0.0, 0.23634542616306353)
0(0.0, 0.2357551459787668)
0(0.0, 0.23465926068141263)
0(0.0, 0.23453269893313522)
0(0.0, 0.23385622768770242)
0(0.0, 0.23327177748762395)
0(0.0, 0.2328047454376475)
0(0.0, 0.23172552903682553)
0(0.0, 0.2299076209634381)
0(0.0, 0.22905020205994597)
0(0.0, 0.2290363869650981)
0(0.0, 0.22863395767369676)
0(0.0, 0.22818899056160036)
0(0.0, 0.22770247083319806)
0(0.0, 0.22477469277718876)
0(0.0, 0.2243013219479859)
0(0.0, 0.2233193003452606)
0(0.0, 0.22088277549780566)
0(0.0, 0.2194055018524098)
0(0.0, 0.21933867516810168)
0(0.0, 0.2180938943050842)
0(0.0, 0.21725673848283955)
0(0.0, 0.21695377287823847)
0(0.0, 0.21585401899884538)
0(0.0, 0.2145846027276509)
0(0.0, 0.21395141077741187)
0(0.0, 0.2133570597133102)
0(0.0, 0.21329263169763235)
0(0.0, 0.21323228699879604)
0(0.0, 0.21085964033079196)
0(0.0, 0.21081461439694105)
0(0.0, 0.2104547691449159)
0(0.0, 0.21010093617485226)
0(0.0, 0.2100841697471545)
0(0.0, 0.20894608961084338)
0(0.0, 0.20798756803937002)
0(0.0, 0.2056935609846372)
0(0.0, 0.20547448473592456)
0(0.0, 0.20334721361982)
0(0.0, 0.20289842982372186)
0(0.0, 0.2016334400640587)
0(0.0, 0.20100754573108515)
0(0.0, 0.20000347275271002)
0(0.0, 0.19998847762973415)
0(0.0, 0.1999308359411125)
0(0.0, 0.19967428933311038)
0(0.0, 0.19921596887235105)
0(0.0, 0.19807388266320325)
0(0.0, 0.19806983337804718)
0(0.0, 0.19777393668380439)
0(0.0, 0.1971399782723361)
0(0.0, 0.19711815641941965)
0(0.0, 0.19593635703533085)
0(0.0, 0.19366350463914273)
0(0.0, 0.19301736504794642)
0(0.0, 0.19159939411074733)
0(0.0, 0.19100784455189856)
0(0.0, 0.1901511303737783)
0(0.0, 0.18851083985047346)
0(0.0, 0.18824083776895362)
0(0.0, 0.18730674554598803)
0(0.0, 0.18553186804259525)
0(0.0, 0.1829995433884044)
0(0.0, 0.1829768257482225)
0(0.0, 0.18292547159128703)
0(0.0, 0.17984065573026675)
0(0.0, 0.1785280314755857)
0(0.0, 0.1783812610603387)
0(0.0, 0.17589792868337395)
0(0.0, 0.1753435918482048)
0(0.0, 0.175280913066031)
0(0.0, 0.17379301498389388)
0(0.0, 0.17287813558600285)
0(0.0, 0.17235001300394392)
0(0.0, 0.16993816042459242)
0(0.0, 0.16922161317659457)
0(0.0, 0.16666631063448156)
0(0.0, 0.16640934919343542)
0(0.0, 0.16622665726507646)
0(0.0, 0.1650873359329228)
0(0.0, 0.1639179757951298)
0(0.0, 0.1619154042064318)
0(0.0, 0.16094422172891454)
0(0.0, 0.160674978284729)
0(0.0, 0.15938212379261996)
0(0.0, 0.15935923961507958)
0(0.0, 0.15909348778760335)
0(0.0, 0.15862649435816356)
0(0.0, 0.15698435210438377)
0(0.0, 0.1549440569577586)
0(0.0, 0.15428602785638645)
0(0.0, 0.15315010283018915)
0(0.0, 0.15238625719051646)
0(0.0, 0.1523432475316725)
0(0.0, 0.15175485169390968)
0(0.0, 0.15000845081649883)
0(0.0, 0.148203541970371)
0(0.0, 0.1462431385224171)
0(0.0, 0.14423393471008072)
0(0.0, 0.1438449350987997)
0(0.0, 0.14380483642665132)
0(0.0, 0.1420278018206692)
0(0.0, 0.14084234338985002)
0(0.0, 0.14051278189109062)
0(0.0, 0.1400180866183769)
0(0.0, 0.13875460576076604)
0(0.0, 0.13722191195652433)
0(0.0, 0.13697979112892056)
0(0.0, 0.13686601626174666)
0(0.0, 0.13647472210099842)
0(0.0, 0.13294760405523742)
0(0.0, 0.13236899325671414)
0(0.0, 0.13201130775192327)
0(0.0, 0.1308553809464118)
0(0.0, 0.13042365922180355)
0(0.0, 0.12743875124656212)
0(0.0, 0.12561500112310242)
0(0.0, 0.12545292667738295)
0(0.0, 0.12535245813438745)
0(0.0, 0.12504820246441828)
0(0.0, 0.12386417225499158)
0(0.0, 0.12357740646418358)
0(0.0, 0.11855593643146267)
0(0.0, 0.11663180469110235)
0(0.0, 0.11539288145193882)
0(0.0, 0.11497506639331967)
0(0.0, 0.11256696385736842)
0(0.0, 0.11121865907696471)
0(0.0, 0.11107139075993366)
0(0.0, 0.11086490309794483)
0(0.0, 0.11077040556769024)
0(0.0, 0.1094154599669509)
0(0.0, 0.10933619942664063)
0(0.0, 0.1079647863769212)
0(0.0, 0.10712935897081499)
0(0.0, 0.10516292527108717)
0(0.0, 0.10418935106509819)
0(0.0, 0.1041588357699752)
0(0.0, 0.10000234008981013)
0(0.0, 0.09961392613498687)
0(0.0, 0.09865474645285721)
0(0.0, 0.09344583023783659)
0(0.0, 0.09333638007098954)
0(0.0, 0.09271852631970245)
0(0.0, 0.09206314170688012)
0(0.0, 0.08879013164254701)
0(0.0, 0.08750827434977093)
0(0.0, 0.07908235022471954)
0(0.0, 0.07560135477461183)
0(0.0, 0.07400508508128911)
0(0.0, 0.07371746531197654)
0(0.0, 0.05450637705519701)
0(0.0, 0.0529049397571274)
