1(0.25081869955322944, 0.6336783176007814)
1(0.3313776942032871, 0.5640752586479971)
1(0.2522445032813523, 0.46639021363791533)
1(0.3614701684591708, 0.5262425062277125)
1(0.2758419048673738, 0.43662525623476023)
1(0.3894283103255137, 0.5466526450925046)
1(0.4048252972368688, 0.5603427662148033)
1(0.38096630704743584, 0.5322104665204677)
1(0.34579289208719366, 0.465189333344737)
1(0.30714638450588116, 0.4038004086831515)
1(0.39373028154351253, 0.4894217808822944)
1(0.35144513946403744, 0.44641512174710085)
1(0.25564818296732006, 0.3379426147629714)
1(0.3219850610266861, 0.4042471940111202)
1(0.31649202564487666, 0.3986527477160412)
1(0.45482516570260767, 0.531717719861087)
1(0.3416919926950208, 0.4184439784283779)
1(0.4446337110081242, 0.5191028623585816)
1(0.3526969738971101, 0.4266617072097718)
1(0.5712036922052766, 0.6448151730965268)
1(0.3447397914027286, 0.4181910410142451)
1(0.14329305793878244, 0.21637758236217364)
1(0.4226502935819525, 0.4947077987203212)
1(0.2635495054204905, 0.33274761238294603)
1(0.37150112376721756, 0.439803290109568)
1(0.5081099534212319, 0.5763416907683514)
1(0.3875418666483016, 0.45042621658105086)
1(0.4533004979603229, 0.5145512860143084)
1(0.4748261894904918, 0.5335404165171372)
1(0.16038169235114463, 0.2185203423986325)
1(0.44639882409723275, 0.502715597712975)
1(0.379295697077657, 0.4342111725958573)
1(0.33467631655042973, 0.3878099032848793)
1(0.46357006812280566, 0.5078846541219839)
1(0.14506974262805383, 0.18928506036803128)
1(0.13861203784550957, 0.1826881869881214)
1(0.41141420734301404, 0.45460117654555965)
1(0.2027988993661911, 0.24455858339532188)
1(0.36590578301863685, 0.40603395048793445)
1(0.359528989308175, 0.3995996703310325)
1(0.30369457557211255, 0.3436257345967917)
1(0.31525922536026174, 0.35509208046106344)
1(0.31905511775109363, 0.3581586163812356)
1(0.30797464530995844, 0.34648730656737226)
1(0.34917505595099296, 0.3859825692497503)
1(0.3270284877323396, 0.3624414776075989)
1(0.112380307163227, 0.14718420904090668)
1(0.305773469018751, 0.33999407986538055)
1(0.2864454161533334, 0.3199998131680314)
1(0.25678087365502256, 0.2902382470364486)
1(0.42666845999211644, 0.4600648863780977)
1(0.3565546724973351, 0.3897285522703112)
1(0.13654026820572807, 0.16916679999819606)
1(0.17265646489237385, 0.2047404974688296)
1(0.38427891418860793, 0.4157981514633615)
1(0.44173334722375235, 0.47322528254376905)
1(0.1502677799921016, 0.18038263510266428)
1(0.11352195052921399, 0.14339767096041844)
1(0.1919469597848591, 0.22170597885492893)
1(0.16872039955576978, 0.19760862824448355)
1(0.3174779746740768, 0.3461282868433234)
1(0.20994658234838515, 0.23828922148357357)
1(0.11643439114620058, 0.1443882283057254)
1(0.1709684474116253, 0.19816696232460806)
1(0.1162731882229342, 0.143267594540338)
1(0.19600423198586203, 0.22274826175747142)
1(0.2758668332820188, 0.3013672312677095)
1(0.12708310958371605, 0.14940140946202063)
1(0.18117725420613162, 0.2023539049814712)
1(0.3904006722135329, 0.4097188264954874)
1(0.33278647512275417, 0.35130048092120336)
1(0.15225227917599804, 0.17005129798434637)
1(0.1260758309464759, 0.14344972768806363)
1(0.20797352108206701, 0.22465173401449967)
1(0.482033925770854, 0.4982389362266688)
1(0.2041617643641881, 0.21989285085232135)
1(0.3699239521115245, 0.38519235855113765)
1(0.11232246901136911, 0.12691911983183224)
1(0.3245930425850926, 0.3388216073914031)
1(0.3431367823614895, 0.3571536899676385)
1(0.20070732122169865, 0.21465158925919758)
1(0.20216126662109912, 0.216016379010177)
1(0.4243392264286734, 0.43754547386506626)
1(0.11274273044604455, 0.1255411562534)
1(0.09326982366692593, 0.10598986592311455)
1(0.18000506770774016, 0.1926203194236693)
1(0.49741293507989726, 0.5100110016763504)
1(0.14018413755488768, 0.1526667820569455)
1(0.0929064638954239, 0.10491658142854832)
1(0.13152233928434365, 0.14344527871232182)
1(0.16110421909954087, 0.17232456867773127)
1(0.5112940149223821, 0.5223721051314666)
1(0.1893255580619978, 0.1998062123061476)
1(0.6260799529927561, 0.6361985532843257)
1(0.0782502124554354, 0.0882372481792224)
1(0.06720239462288269, 0.07697898600419817)
1(0.261983406151982, 0.27162757006850446)
1(0.2851101313644505, 0.29438904588116555)
1(0.05463713345557264, 0.06373923576834728)
1(0.04559335600301018, 0.05468253667090628)
1(0.46130196310400484, 0.47014888462031457)
1(0.19965201735531635, 0.20824356447989323)
1(0.422875050088271, 0.43143380776780516)
1(0.2819589394764084, 0.29041626379544416)
1(0.27539648694335406, 0.2837235862187596)
1(0.12597278336378492, 0.13417689712622438)
1(0.09661593602138263, 0.10467633857139025)
1(0.23727051136081267, 0.24530861022370332)
1(0.051042111316150995, 0.05905956592406236)
1(0.5053025112818333, 0.5131571798273893)
1(0.21400414178974214, 0.2216081829925992)
1(0.4390211948799405, 0.4466210254409315)
1(0.3666699118874649, 0.37409218114086007)
1(0.26690460607944333, 0.2742441711546062)
1(0.08796297005583109, 0.09529815776083461)
1(0.09737271513521661, 0.10467633857139025)
1(0.44974244301763244, 0.457018880083673)
1(0.10843624239320548, 0.11563410970776511)
1(0.2826524327488903, 0.28980798635982297)
1(0.15680048318575446, 0.16372946135334698)
1(0.446744662200362, 0.45360862167271565)
1(0.08986573147387866, 0.09664875848503729)
1(0.23896291573777806, 0.245548784200877)
1(0.17501759483742374, 0.18159902818238394)
1(0.15971926551922222, 0.16595956929231204)
1(0.06588194478133425, 0.07192856442363915)
1(0.07945376376377644, 0.08515051945518737)
1(0.29571514615653494, 0.30136804942201434)
1(0.041222796681778306, 0.04660151818791014)
1(0.2786122260740007, 0.2837235862187596)
1(0.4131402815394253, 0.4181910410142451)
1(0.36139046395330043, 0.36631880581460663)
1(0.3933322233354284, 0.39822210194769725)
1(0.3449535289899778, 0.3494746097420962)
1(0.047928836704561495, 0.05207028237268185)
1(0.06573376365898753, 0.06972266932275839)
1(0.06869225134924895, 0.07261718318226129)
1(0.08335581195707731, 0.08725341603717296)
1(0.17098849009798023, 0.17469128610135087)
1(0.19399372548788296, 0.19747871783948)
1(0.2012964664219803, 0.20473382881184277)
1(0.11966472110510495, 0.12309433593804542)
1(0.19243824676968257, 0.19582138325963994)
1(0.06807631810232806, 0.07111252326908657)
1(0.0683210122939818, 0.07124300313598919)
1(0.3581663254921207, 0.3610464206387811)
1(0.12827440870199114, 0.13109755679038004)
1(0.08888316315810962, 0.09168294886202455)
1(0.06870770438652485, 0.07111252326908657)
1(0.08701692453985033, 0.08941228971587367)
1(0.28149620293980915, 0.2837235862187596)
1(0.6488759468010817, 0.6510599001553798)
1(0.17894455439748858, 0.18110855389742608)
1(0.14222514539979458, 0.1442693250869962)
1(0.13456673136552988, 0.136513443460902)
1(0.027278076795903106, 0.02918717991148634)
1(0.41116389413848253, 0.4130457878945455)
1(0.0399764524308901, 0.041761817678583224)
1(0.195438522756619, 0.19719979733074278)
1(0.14892373488314503, 0.1504229212539211)
1(0.29292584647741304, 0.2944227164425711)
1(0.04235624380014513, 0.04379203983442026)
1(0.4260208527609832, 0.4272416358641705)
1(0.05375192124448691, 0.05491735325086389)
1(0.10326372397338224, 0.10438916995637515)
1(0.09835253289035895, 0.09944977905255392)
1(0.19627059558158688, 0.1970703921972461)
1(0.05355097329794678, 0.054266556849999925)
1(0.5232642823458724, 0.5238821188575078)
1(0.15176157944618518, 0.15218968211313577)
1(0.05227131471950097, 0.05268730622166595)
1(0.5332124123568027, 0.5333659862554646)
0(0.0, inf)
0(0.0, 0.443518482320034)
0(0.0, 0.4155328854732342)
0(0.0, 0.41068822440590913)
0(0.0, 0.40989499281064545)
0(0.0, 0.40420486718543636)
0(0.0, 0.40195627722772265)
0(0.0, 0.384080912509717)
0(0.0, 0.38017317454238764)
0(0.0, 0.3591845925669922)
0(0.0, 0.35641655654145343)
0(0.0, 0.35072002183469264)
0(0.0, 0.34439778346087047)
0(0.0, 0.32852507509451834)
0(0.0, 0.32705758055197853)
0(0.0, 0.31704247604704117)
0(0.0, 0.31623268032904395)
0(0.0, 0.3135631477042695)
0(0.0, 0.31325490941182876)
0(0.0, 0.3100101813752115)
0(0.0, 0.3084200311215194)
0(0.0, 0.30218460064432784)
0(0.0, 0.29893948528618264)
0(0.0, 0.29743751683579966)
0(0.0, 0.29309931916443366)
0(0.0, 0.2926999506224405)
0(0.0, 0.29238292397408905)
0(0.0, 0.2899714859380894)
0(0.0, 0.2886876420640251)
0(0.0, 0.284592296388674)
0(0.0, 0.2840603541376723)
0(0.0, 0.2838970054729255)
0(0.0, 0.2772761504120488)
0(0.0, 0.27405899783967125)
0(0.0, 0.2738356421123045)
0(0.0, 0.26707907822159704)
0(0.0, 0.2662349316852153)
0(0.0, 0.26586720156768406)
0(0.0, 0.26556480678969563)
0(0.0, 0.26537027036592853)
0(0.0, 0.26500454147129093)
0(0.0, 0.263375425292264)
0(0.0, 0.26306077790275184)
0(0.0, 0.25789133247229246)
0(0.0, 0.2570082678899944)
0(0.0, 0.25546511335816613)
0(0.0, 0.253374475974235)
0(0.0, 0.24514055324642703)
0(0.0, 0.24478827226051936)
0(0.0, 0.24413482868486525)
0(0.0, 0.23945284625900387)
0(0.0, 0.23853751666303258)
0(0.0, 0.23736673938837027)
0(0.0, 0.23621823567168798)
0(0.0, 0.2311844909588513)
0(0.0, 0.23049165952424477)
0(0.0, 0.22978575581575478)
0(0.0, 0.22904376794267078)
0(0.0, 0.22795177191603166)
0(0.0, 0.22681100476306393)
0(0.0, 0.22615020563369514)
0(0.0, 0.22546679684666615)
0(0.0, 0.22528531742376678)
0(0.0, 0.2240399525625959)
0(0.0, 0.2238527921615372)
0(0.0, 0.21716704427693256)
0(0.0, 0.21331131019258476)
0(0.0, 0.2128649359621041)
0(0.0, 0.2127270646313345)
0(0.0, 0.21144071113969465)
0(0.0, 0.20740688545627273)
0(0.0, 0.20636783578379803)
0(0.0, 0.2054741876768026)
0(0.0, 0.20501537950802462)
0(0.0, 0.20292551043199858)
0(0.0, 0.2028541171253906)
0(0.0, 0.20065616321281832)
0(0.0, 0.199444295058946)
0(0.0, 0.19818691720689685)
0(0.0, 0.19807857827377162)
0(0.0, 0.19755881010729837)
0(0.0, 0.1965770552836732)
0(0.0, 0.19613129467962243)
0(0.0, 0.1917453219883707)
0(0.0, 0.1913085443723882)
0(0.0, 0.19047998596620608)
0(0.0, 0.1902263454001093)
0(0.0, 0.18790711965391393)
0(0.0, 0.1875055452870844)
0(0.0, 0.1864815126107553)
0(0.0, 0.1860460296983415)
0(0.0, 0.18262376711522)
0(0.0, 0.18161262907155706)
0(0.0, 0.18134283995050637)
0(0.0, 0.18048532624211744)
0(0.0, 0.17791307611739615)
0(0.0, 0.17716510072631764)
0(0.0, 0.17663636590983478)
0(0.0, 0.17402621678686114)
0(0.0, 0.17252695912597327)
0(0.0, 0.168413922827363)
0(0.0, 0.16682841007935667)
0(0.0, 0.16358700739969267)
0(0.0, 0.1607608061779635)
0(0.0, 0.16037988642489998)
0(0.0, 0.15992911195723392)
0(0.0, 0.15855740213251301)
0(0.0, 0.15828111685615265)
0(0.0, 0.15556984066787782)
0(0.0, 0.15487158430637604)
0(0.0, 0.15427131935864224)
0(0.0, 0.15342796383443835)
0(0.0, 0.15257686308174168)
0(0.0, 0.15116651136490733)
0(0.0, 0.14759223764578944)
0(0.0, 0.14715130993510395)
0(0.0, 0.14635234834043098)
0(0.0, 0.14362911739166195)
0(0.0, 0.14304692764634452)
0(0.0, 0.14125750947741345)
0(0.0, 0.1406420141955792)
0(0.0, 0.14058412391307706)
0(0.0, 0.1402558202800891)
0(0.0, 0.13972950599249123)
0(0.0, 0.1395476403510577)
0(0.0, 0.1392644993470391)
0(0.0, 0.13926367575771348)
0(0.0, 0.13881690084784915)
0(0.0, 0.13875268971354116)
0(0.0, 0.13768800015377736)
0(0.0, 0.13665199002850392)
0(0.0, 0.1363969481663817)
0(0.0, 0.13539981851621807)
0(0.0, 0.13531147520060005)
0(0.0, 0.13478685539566626)
0(0.0, 0.13346810760237404)
0(0.0, 0.13239466892979457)
0(0.0, 0.13197791821572014)
0(0.0, 0.13039519054808102)
0(0.0, 0.12940329089226243)
0(0.0, 0.12936579643989)
0(0.0, 0.1264815461751233)
0(0.0, 0.12574258154591056)
0(0.0, 0.12540250296105815)
0(0.0, 0.12412883044218725)
0(0.0, 0.1234727723864848)
0(0.0, 0.12334608247969281)
0(0.0, 0.1226180007755826)
0(0.0, 0.12234966739196318)
0(0.0, 0.11971558475638511)
0(0.0, 0.11943128066288522)
0(0.0, 0.11863418874711318)
0(0.0, 0.11725762401265916)
0(0.0, 0.11579947522594869)
0(0.0, 0.1143881986906291)
0(0.0, 0.11338123524689181)
0(0.0, 0.11314026154057033)
0(0.0, 0.11280690666272852)
0(0.0, 0.11271746643100466)
0(0.0, 0.11204406372929232)
0(0.0, 0.11173347393745359)
0(0.0, 0.11162551520558661)
0(0.0, 0.11138521351743502)
0(0.0, 0.11082410130044174)
0(0.0, 0.11011441258790855)
0(0.0, 0.11000297822059668)
0(0.0, 0.10953605054238791)
0(0.0, 0.10871843156329075)
0(0.0, 0.10863998304313738)
0(0.0, 0.10847408534331604)
0(0.0, 0.10835565992014962)
0(0.0, 0.10773500336878183)
0(0.0, 0.10734467338802489)
0(0.0, 0.10713867116705778)
0(0.0, 0.10663399271895713)
0(0.0, 0.10648254168014804)
0(0.0, 0.10459561358564029)
0(0.0, 0.10459371148650454)
0(0.0, 0.10426533413093042)
0(0.0, 0.10333947599028992)
0(0.0, 0.10321211153405685)
0(0.0, 0.10302329199074056)
0(0.0, 0.10085188295271152)
0(0.0, 0.10024412872600064)
0(0.0, 0.10008165050871487)
0(0.0, 0.0998621824496968)
0(0.0, 0.09951864768459706)
0(0.0, 0.09862077668663982)
0(0.0, 0.09790826850756096)
0(0.0, 0.09767422327370323)
0(0.0, 0.09749977538445775)
0(0.0, 0.09648486883613194)
0(0.0, 0.09627435868587075)
0(0.0, 0.09599268889590573)
0(0.0, 0.09498835727539512)
0(0.0, 0.09496964410360276)
0(0.0, 0.09488346283031546)
0(0.0, 0.09202229364110415)
0(0.0, 0.0885378392423577)
0(0.0, 0.08804035956605427)
0(0.0, 0.08777076882192614)
0(0.0, 0.08748420399721446)
0(0.0, 0.08658616861331125)
0(0.0, 0.08638320731750204)
0(0.0, 0.08598259801968511)
0(0.0, 0.08592549511293335)
0(0.0, 0.08582701692998129)
0(0.0, 0.08531640334714097)
0(0.0, 0.08380098418388171)
0(0.0, 0.08281722291548621)
0(0.0, 0.08280344403823992)
0(0.0, 0.0815019609527019)
0(0.0, 0.08083361004395395)
0(0.0, 0.08036440045128324)
0(0.0, 0.07968308021916881)
0(0.0, 0.07957775533330302)
0(0.0, 0.07928210548835646)
0(0.0, 0.07883887182945593)
0(0.0, 0.07840621078812515)
0(0.0, 0.07821885613397561)
0(0.0, 0.07791677878891334)
0(0.0, 0.07404970378489195)
0(0.0, 0.07345928479364161)
0(0.0, 0.07326941881861293)
0(0.0, 0.07300296690238106)
0(0.0, 0.07279154620674533)
0(0.0, 0.07176547823100121)
0(0.0, 0.07135832310770207)
0(0.0, 0.07045636108858344)
0(0.0, 0.06999053429389535)
0(0.0, 0.06971547221263763)
0(0.0, 0.06811540346487466)
0(0.0, 0.0679676097155879)
0(0.0, 0.06751153395229548)
0(0.0, 0.06619423715938377)
0(0.0, 0.06613696313799722)
0(0.0, 0.06599744223270487)
0(0.0, 0.06564356064807642)
0(0.0, 0.06507927731587182)
0(0.0, 0.06385235755085017)
0(0.0, 0.06373167970651483)
0(0.0, 0.06352372795579986)
0(0.0, 0.06342639205416467)
0(0.0, 0.06323154788378682)
0(0.0, 0.06305786122797119)
0(0.0, 0.06249299891504212)
0(0.0, 0.06128336683011726)
0(0.0, 0.061046766189348345)
0(0.0, 0.06076236301668647)
0(0.0, 0.0595272005619607)
0(0.0, 0.05924441725351037)
0(0.0, 0.058927864085670745)
0(0.0, 0.058557361851202416)
0(0.0, 0.05793873085517265)
0(0.0, 0.05792336485432248)
0(0.0, 0.05610550194382202)
0(0.0, 0.05486677086106728)
0(0.0, 0.054406866637425555)
0(0.0, 0.05414427475622341)
0(0.0, 0.0534271168989755)
0(0.0, 0.05309728247605516)
0(0.0, 0.05286929462081613)
0(0.0, 0.05286836120030669)
0(0.0, 0.05285303913161932)
0(0.0, 0.05188334584226262)
0(0.0, 0.05117283637750958)
0(0.0, 0.05028076547702787)
0(0.0, 0.04985951103438191)
0(0.0, 0.049640667333928246)
0(0.0, 0.04961893164035347)
0(0.0, 0.049588821642260195)
0(0.0, 0.04921739429877636)
0(0.0, 0.0492129696753717)
0(0.0, 0.04916224591502494)
0(0.0, 0.048670323341568844)
0(0.0, 0.04848225070308121)
0(0.0, 0.047960081030060775)
0(0.0, 0.04789138600350429)
0(0.0, 0.047478340868456814)
0(0.0, 0.04704275167809102)
0(0.0, 0.04694915784448739)
0(0.0, 0.04637830820925504)
0(0.0, 0.046304634281597035)
0(0.0, 0.046284605017055114)
0(0.0, 0.045822255231850906)
0(0.0, 0.045466069746681104)
0(0.0, 0.04497153600398396)
0(0.0, 0.044658983536654984)
0(0.0, 0.044566013322089426)
0(0.0, 0.04299529074368835)
0(0.0, 0.04279248236833666)
0(0.0, 0.04196476960166118)
0(0.0, 0.04172178905792445)
0(0.0, 0.041160513235728335)
0(0.0, 0.04054128574333671)
0(0.0, 0.0401256443130068)
0(0.0, 0.038882658892895994)
0(0.0, 0.03850617831974312)
0(0.0, 0.038274816131325884)
0(0.0, 0.037962077562624486)
0(0.0, 0.03701756039333726)
0(0.0, 0.03357745536678369)
0(0.0, 0.03344325755573008)
0(0.0, 0.03298843583846123)
0(0.0, 0.03258317292518631)
0(0.0, 0.031435062603878516)
0(0.0, 0.029982109869022056)
0(0.0, 0.029674311154301303)
0(0.0, 0.029521608245812958)
0(0.0, 0.029340988976916393)
0(0.0, 0.029201322361662285)
0(0.0, 0.02771675011247865)
0(0.0, 0.027113525322631893)
0(0.0, 0.02578428568163893)
0(0.0, 0.023786998684413252)
0(0.0, 0.023508398088971316)
0(0.0, 0.022951085475983346)
0(0.0, 0.022867622555009848)
0(0.0, 0.02274618077124868)
0(0.0, 0.02138234233880243)
0(0.0, 0.02130960561074613)
0(0.0, 0.021276008487679077)
0(0.0, 0.019322631073198093)
0(0.0, 0.017535054814923456)
