1(1.568845466434903, 1.6393923930414662)
1(1.4281275317208673, 1.4914359673012332)
1(1.504760255164577, 1.5657136461223289)
1(1.6076360944447807, 1.6569257728399998)
1(1.0363686281783726, 1.0793967347858724)
1(1.4190649903565773, 1.459726432011156)
1(1.645872221996906, 1.6848763050057207)
1(1.5461462988396568, 1.5844181228781455)
1(1.3441148278848822, 1.3816763636588845)
1(1.5119223042830028, 1.547934364803986)
1(1.47471360559805, 1.5090086932229454)
1(1.3686267970742623, 1.4010737060575462)
1(0.5248047447173017, 0.5561187014873455)
1(1.5174908706169679, 1.5473798434010166)
1(1.4863222621322478, 1.5157509810622207)
1(1.5359459691546078, 1.5637589308114348)
1(1.5034696403008512, 1.531243880721172)
1(1.4200284271447512, 1.4473258286868234)
1(1.4994723880493974, 1.5266880925626338)
1(1.350963357603066, 1.3779779457235657)
1(1.3110557823147533, 1.3367674990619287)
1(1.5402887878722922, 1.565242560469076)
1(1.6804912584609786, 1.7040784874651964)
1(1.780958952347204, 1.8036971123757335)
1(1.4672385327726716, 1.4890257838049763)
1(1.534044314296492, 1.5551081685467782)
1(1.552973613394681, 1.5731330147927651)
1(1.5713456913673227, 1.5914619861550598)
1(0.5121153125725888, 0.5318804876746341)
1(1.54958435513145, 1.56931986431678)
1(1.6086928890625891, 1.628426085524731)
1(1.567193922299671, 1.5868045347839232)
1(1.4753326220167355, 1.4948737115849897)
1(1.4388798516951662, 1.4584094860621217)
1(1.4305566127204232, 1.448348967081895)
1(1.4249440752076779, 1.4426437316678136)
1(1.4715377035038535, 1.4889229150550103)
1(1.4072215682473017, 1.4243356378925112)
1(1.4848486900515625, 1.501582722790693)
1(0.5492310604834528, 0.5659634493221424)
1(1.4065435832544182, 1.4232694117950624)
1(1.4849998084210647, 1.5008576481199294)
1(1.3705042772902802, 1.3861892987901134)
1(1.4445984053234773, 1.4601009019114974)
1(1.4064138064150227, 1.4217649537342472)
1(1.3431290153318485, 1.358477243101889)
1(0.6061448885135882, 0.6207076262928858)
1(1.5091635624548063, 1.5236830472233207)
1(1.4942277667586432, 1.5083985308379981)
1(1.6145711113854062, 1.628408290154054)
1(1.4708858216170557, 1.4846116383402483)
1(2.5457726563858443, 2.5594866437402475)
1(1.4709718664205358, 1.4842693524596047)
1(0.44860785779042905, 0.46175834737076865)
1(0.5827111419877615, 0.5958273683254569)
1(1.4312040571223523, 1.4442078671130765)
1(1.458047792425547, 1.4705650576349973)
1(0.5004145781578508, 0.5127147176006472)
1(0.518070133155523, 0.5303494647941314)
1(0.49142434762323656, 0.5034537479135862)
1(1.4923736504274823, 1.5043474552445284)
1(0.5382538290215237, 0.5502025587199848)
1(1.3760787708318982, 1.387917526512966)
1(1.6564302111973848, 1.6681765137116378)
1(1.3762442465957123, 1.387917526512966)
1(1.4241528711400602, 1.4355781707213224)
1(0.49918757449127593, 0.5105036709316207)
1(1.5591611576949003, 1.570303039379091)
1(0.581007898940226, 0.5919213425291056)
1(1.5478192454500856, 1.5586301706127568)
1(1.3718894479448873, 1.3823818308778526)
1(0.5347238449967874, 0.5449573236169581)
1(0.5567232379491848, 0.5668799589143153)
1(1.5051206297089357, 1.5152324977395877)
1(1.6385003485466405, 1.6484353881834597)
1(0.5694715688715443, 0.5793464457734461)
1(0.45147909771311523, 0.4611762306200615)
1(1.4181006663338966, 1.4273089997395412)
1(0.45673501538672173, 0.4658636769173177)
1(0.5158710360139654, 0.5247875419518194)
1(0.5421118326268709, 0.5509562738526116)
1(1.4092775648238702, 1.418072617335135)
1(1.5676653634476168, 1.5764219339590668)
1(0.5678609773989982, 0.5764203349975119)
1(1.6467597036495463, 1.655214492401622)
1(0.45325335494124425, 0.4616792988124035)
1(0.4881693756962149, 0.49653037461073163)
1(0.4415711109703771, 0.44980367428773915)
1(0.5506955591840501, 0.5588360712716715)
1(0.5124836943701557, 0.520599371105527)
1(0.5512257149087244, 0.559302771904666)
1(0.48791935573559314, 0.49598166735598437)
1(1.2310131702334206, 1.239072253498892)
1(0.5666466292565552, 0.5744271610260575)
1(1.4495226943510955, 1.457290779797389)
1(1.5534626992927831, 1.561048799394947)
1(0.5705813313182593, 0.5781671995679327)
1(0.4703316124257186, 0.4775662706483947)
1(0.45307734224699925, 0.4602805817634046)
1(0.5094764820887547, 0.5166459598954797)
1(0.440136063126959, 0.4472241998816247)
1(0.4638753327375468, 0.4704810996206798)
1(1.3195309761881056, 1.3260639511648247)
1(0.5332842354844838, 0.53978849269846)
1(0.5100056373216543, 0.5164224562310776)
1(1.4894201313639228, 1.4958341301180698)
1(0.5057368609724514, 0.5121104745732291)
1(1.5814399701965358, 1.5877975048336426)
1(0.4704922285828496, 0.4767832903602221)
1(0.46326326891373915, 0.46949039729931635)
1(1.5737243464884183, 1.5798752784543708)
1(1.4408713913342228, 1.4468894031541804)
1(0.46333573179575377, 0.46927281060749726)
1(0.4726397896110289, 0.47844832745041)
1(1.317930969837347, 1.323727333038689)
1(0.5563889574935531, 0.5620770818851188)
1(0.5054088884612336, 0.5107804576090087)
1(1.241807158296095, 1.2471410061501598)
1(0.6245766515683956, 0.6295049096992312)
1(1.33388185086245, 1.3385614831077313)
1(0.5062979134308976, 0.5108978370708573)
1(0.5409031682260586, 0.5454240702711459)
1(0.5423410626552954, 0.5465405139197627)
1(0.5038125510463077, 0.50798122272969)
1(0.518854613589657, 0.5230026343966762)
1(0.45913110744209606, 0.46323653109473967)
1(0.4603591933420227, 0.4642915429117207)
1(0.44057374022759255, 0.4444319406808365)
1(1.4602065033912957, 1.4639286059822836)
1(1.4406618201288137, 1.444174007068084)
1(0.5585841743434724, 0.5620770818851188)
1(0.4691312055545366, 0.4725875447987935)
1(0.5022130338069326, 0.5056492557376153)
1(0.5432315198393257, 0.5465777395879475)
1(0.49179281868650665, 0.4951347781447207)
1(0.48576404820814095, 0.4890675684360462)
1(0.5646476508486769, 0.5679461103227256)
1(1.5500746392187723, 1.5532761668088992)
1(0.5602476185649365, 0.5633670336188428)
1(1.6137359329913972, 1.6168183864255223)
1(0.46028279351558354, 0.46323653109473967)
1(1.464057326681633, 1.4668967156396744)
1(0.509304089915379, 0.5121104745732291)
1(1.4142950490741453, 1.417093373830185)
1(0.47719305933858475, 0.47944244184686585)
1(0.5436189088514036, 0.5458547271283651)
1(0.5214572732219565, 0.5236928010927309)
1(0.5415985339781837, 0.5434782906830645)
1(0.4796628123634754, 0.4815010489796563)
1(0.4712240531923924, 0.47251687206444554)
1(1.504009222799422, 1.5052912635742732)
1(1.4532398436018676, 1.4544876291878839)
1(0.5180783891423353, 0.5190469560577704)
1(0.5500233884196067, 0.5508584958505759)
1(0.5292923236581227, 0.5300801472603067)
1(0.5182904576318678, 0.5189397667361714)
1(0.5504037223361967, 0.5509562738526116)
1(0.5176111746585853, 0.5181149214852089)
1(1.3349766955460716, 1.3353751169812105)
1(1.4202145917410487, 1.42053927087801)
1(1.247605395658492, 1.2478782401207547)
1(1.3687197661395183, 1.3688931897958836)
1(0.4852220834808896, 0.4852718443323566)
0(0.0, inf)
0(0.0, 39.24944607878541)
0(0.0, 24.37768247770859)
0(0.0, 16.635797620440133)
0(0.0, 12.254917581142582)
0(0.0, 6.045879551120986)
0(0.0, 4.980712503479758)
0(0.0, 3.706021684492176)
0(0.0, 2.437639129079126)
0(0.0, 2.3911611131092014)
0(0.0, 2.3886815863580577)
0(0.0, 2.3376663554461308)
0(0.0, 2.2921528402841576)
0(0.0, 2.288087612518866)
0(0.0, 2.2692175217208477)
0(0.0, 2.165921914738435)
0(0.0, 2.1613703575730696)
0(0.0, 2.1408212578627173)
0(0.0, 2.0800970110253494)
0(0.0, 2.067034859578489)
0(0.0, 2.0464067845129845)
0(0.0, 2.0271881896456763)
0(0.0, 1.9876498399599105)
0(0.0, 1.976752983439892)
0(0.0, 1.973465085761777)
0(0.0, 1.9343368719388578)
0(0.0, 1.900116330818452)
0(0.0, 1.854467425689811)
0(0.0, 1.8511837156559259)
0(0.0, 1.8189107516456025)
0(0.0, 1.8147832128596055)
0(0.0, 1.8089099178968413)
0(0.0, 1.7787952875817838)
0(0.0, 1.7768939898515745)
0(0.0, 1.73821963378531)
0(0.0, 1.7161027627101162)
0(0.0, 1.7077548755583056)
0(0.0, 1.7046411990291463)
0(0.0, 1.6996265527270924)
0(0.0, 1.6911698694376618)
0(0.0, 1.6791909788657227)
0(0.0, 1.6771868463677095)
0(0.0, 1.6748157533290284)
0(0.0, 1.6695832513724531)
0(0.0, 1.6660958203270868)
0(0.0, 1.6639542797605202)
0(0.0, 1.6609419127147382)
0(0.0, 1.655790501324993)
0(0.0, 1.6548772128561167)
0(0.0, 1.6517764920312057)
0(0.0, 1.6439829184683334)
0(0.0, 1.6436622328882815)
0(0.0, 1.6435735703264784)
0(0.0, 1.6381875248971267)
0(0.0, 1.6278033838434798)
0(0.0, 1.613369999230294)
0(0.0, 1.6132985800499833)
0(0.0, 1.6026344776226107)
0(0.0, 1.601991539873905)
0(0.0, 1.5972337598508035)
0(0.0, 1.595602453478682)
0(0.0, 1.5936011153432674)
0(0.0, 1.590393705222916)
0(0.0, 1.5833196790852244)
0(0.0, 1.5823662431027083)
0(0.0, 1.58020632698232)
0(0.0, 1.5606336345456533)
0(0.0, 1.5588358957242434)
0(0.0, 1.5558876868304086)
0(0.0, 1.5535332096623415)
0(0.0, 1.5528088132438564)
0(0.0, 1.5524792660601365)
0(0.0, 1.5498766864087958)
0(0.0, 1.5474840123567495)
0(0.0, 1.5474404371756116)
0(0.0, 1.5459944412260458)
0(0.0, 1.5423302615467394)
0(0.0, 1.53711973584319)
0(0.0, 1.5357657727384013)
0(0.0, 1.5354385119193295)
0(0.0, 1.5345174961167594)
0(0.0, 1.5311233456128144)
0(0.0, 1.529651200322505)
0(0.0, 1.5290261497612774)
0(0.0, 1.527290396892005)
0(0.0, 1.5239552552060125)
0(0.0, 1.518871289184214)
0(0.0, 1.511489882608716)
0(0.0, 1.5112728388208132)
0(0.0, 1.507743846278452)
0(0.0, 1.5034851660289432)
0(0.0, 1.5029473706007508)
0(0.0, 1.5023147447415819)
0(0.0, 1.5001482735169545)
0(0.0, 1.4988419656133913)
0(0.0, 1.4962381810744143)
0(0.0, 1.4933246309576513)
0(0.0, 1.4928600304296933)
0(0.0, 1.49252610911596)
0(0.0, 1.4891222772315673)
0(0.0, 1.4889359097378017)
0(0.0, 1.48541508273221)
0(0.0, 1.480366412558372)
0(0.0, 1.4789304875145437)
0(0.0, 1.4785299542033303)
0(0.0, 1.477958245956584)
0(0.0, 1.4762106134685278)
0(0.0, 1.475567926239725)
0(0.0, 1.4737002280776554)
0(0.0, 1.4735783415162074)
0(0.0, 1.4712152392521072)
0(0.0, 1.4709028351806752)
0(0.0, 1.47036964883595)
0(0.0, 1.4701070419254068)
0(0.0, 1.4688951753093935)
0(0.0, 1.4676204882976769)
0(0.0, 1.4670627611168787)
0(0.0, 1.4653545172540345)
0(0.0, 1.460645516494259)
0(0.0, 1.4601987300352208)
0(0.0, 1.459755757822378)
0(0.0, 1.4595827021465275)
0(0.0, 1.4589944524544791)
0(0.0, 1.4583241633266935)
0(0.0, 1.456950239211383)
0(0.0, 1.4569250687903295)
0(0.0, 1.456196134931567)
0(0.0, 1.4551838917147102)
0(0.0, 1.4498242603001847)
0(0.0, 1.4430877476650281)
0(0.0, 1.4392538824876233)
0(0.0, 1.4382411085221836)
0(0.0, 1.435874660823061)
0(0.0, 1.4326213062364448)
0(0.0, 1.4310697968726165)
0(0.0, 1.4294018638294828)
0(0.0, 1.427793646018665)
0(0.0, 1.426364677862752)
0(0.0, 1.4262447586659233)
0(0.0, 1.4254306073065688)
0(0.0, 1.424846532693424)
0(0.0, 1.4233965164674387)
0(0.0, 1.419663110775198)
0(0.0, 1.4190916860917526)
0(0.0, 1.4177494470542906)
0(0.0, 1.4175489297242294)
0(0.0, 1.41728617902946)
0(0.0, 1.4163275864441962)
0(0.0, 1.4162414596070718)
0(0.0, 1.4155862518431883)
0(0.0, 1.413291709198482)
0(0.0, 1.4121336188654248)
0(0.0, 1.4113909212350844)
0(0.0, 1.41106200571639)
0(0.0, 1.410506509075329)
0(0.0, 1.4097944297271816)
0(0.0, 1.4092768661603938)
0(0.0, 1.4087862176949153)
0(0.0, 1.4074794820166274)
0(0.0, 1.4054593078514417)
0(0.0, 1.4028625030452955)
0(0.0, 1.4006884819251075)
0(0.0, 1.4001840408041992)
0(0.0, 1.4001469484326547)
0(0.0, 1.3985770848722003)
0(0.0, 1.3974835845634068)
0(0.0, 1.3968884121645064)
0(0.0, 1.3963833907325285)
0(0.0, 1.3953765181676119)
0(0.0, 1.3926830776453378)
0(0.0, 1.3893906580880504)
0(0.0, 1.3885600773617743)
0(0.0, 1.3878097865982317)
0(0.0, 1.3867162254614827)
0(0.0, 1.3839347210332273)
0(0.0, 1.3830156033458316)
0(0.0, 1.3759699013907352)
0(0.0, 1.3757955000727438)
0(0.0, 1.374401146792354)
0(0.0, 1.3707703003167029)
0(0.0, 1.3703144377807392)
0(0.0, 1.3678676224892987)
0(0.0, 1.366179258301476)
0(0.0, 1.3581803609955265)
0(0.0, 1.3496038283485166)
0(0.0, 1.3492848040106296)
0(0.0, 1.3443092503941454)
0(0.0, 1.3440999049524052)
0(0.0, 1.3439407493278912)
0(0.0, 1.3433861965453948)
0(0.0, 1.3379925399518124)
0(0.0, 1.333376919139173)
0(0.0, 1.333175938203914)
0(0.0, 1.3316559696019874)
0(0.0, 1.324136706472611)
0(0.0, 1.3238148058843995)
0(0.0, 1.3204416976760855)
0(0.0, 1.3170521795472778)
0(0.0, 1.312041091149595)
0(0.0, 1.3079454663728085)
0(0.0, 1.300413891714149)
0(0.0, 1.295978044675965)
0(0.0, 1.2873722255775562)
0(0.0, 1.28718564347356)
0(0.0, 1.2857603248787794)
0(0.0, 1.2853709931096544)
0(0.0, 1.281409668709643)
0(0.0, 1.2808315606278544)
0(0.0, 1.2805336412273165)
0(0.0, 1.270729126049301)
0(0.0, 1.2679754760990258)
0(0.0, 1.263182221671459)
0(0.0, 1.2540039181873799)
0(0.0, 1.253308028786237)
0(0.0, 1.245378800095434)
0(0.0, 1.2447683815331492)
0(0.0, 1.2392523211715019)
0(0.0, 1.2337119067270157)
0(0.0, 1.2286796848709391)
0(0.0, 1.227024196696273)
0(0.0, 1.226108798339171)
0(0.0, 1.2033530206020755)
0(0.0, 1.20134692620881)
0(0.0, 1.1846261462291086)
0(0.0, 1.1837988499428922)
0(0.0, 1.181115012166445)
0(0.0, 1.1695379523816865)
0(0.0, 1.1557130684024066)
0(0.0, 1.153782247614192)
0(0.0, 1.1536198690279382)
0(0.0, 1.149427184516746)
0(0.0, 1.0881565872841434)
0(0.0, 0.9880202688559607)
0(0.0, 0.9121202912122139)
0(0.0, 0.9095832642248871)
0(0.0, 0.8965095353971384)
0(0.0, 0.8553297856032351)
0(0.0, 0.8438645625270297)
0(0.0, 0.8407415837541988)
0(0.0, 0.830914118388511)
0(0.0, 0.8112662759286253)
0(0.0, 0.8063520617180213)
0(0.0, 0.7777715059427852)
0(0.0, 0.7672643232025576)
0(0.0, 0.7417731755422504)
0(0.0, 0.7251110128867279)
0(0.0, 0.7094440855517142)
0(0.0, 0.6980327802478606)
0(0.0, 0.697683709432626)
0(0.0, 0.6889834663913418)
0(0.0, 0.6800057746303527)
0(0.0, 0.6691715391717122)
0(0.0, 0.658102589059882)
0(0.0, 0.6566110357043751)
0(0.0, 0.654524550916717)
0(0.0, 0.6513739648605577)
0(0.0, 0.6457055759791503)
0(0.0, 0.6404833811245538)
0(0.0, 0.6361865024198904)
0(0.0, 0.632184873355158)
0(0.0, 0.6311556694900039)
0(0.0, 0.628480142839334)
0(0.0, 0.6281733030695196)
0(0.0, 0.6280073646857026)
0(0.0, 0.6247308664680022)
0(0.0, 0.6243671122806015)
0(0.0, 0.6201761266006117)
0(0.0, 0.6102576283009983)
0(0.0, 0.6059836241727637)
0(0.0, 0.6055413866694362)
0(0.0, 0.6036267185487915)
0(0.0, 0.6012740800031179)
0(0.0, 0.601198739368997)
0(0.0, 0.593895288139345)
0(0.0, 0.5912310926118587)
0(0.0, 0.5911158662724129)
0(0.0, 0.5869496660679336)
0(0.0, 0.5859160416424721)
0(0.0, 0.5825111037438427)
0(0.0, 0.5821090532166343)
0(0.0, 0.5797395014493355)
0(0.0, 0.579403914349667)
0(0.0, 0.5789236041580226)
0(0.0, 0.570579786912227)
0(0.0, 0.5695768787255495)
0(0.0, 0.5692984500783562)
0(0.0, 0.5677600060672405)
0(0.0, 0.566226564544918)
0(0.0, 0.5644011793121916)
0(0.0, 0.5641010967016309)
0(0.0, 0.5602874302760235)
0(0.0, 0.5574335925830131)
0(0.0, 0.5563225765579288)
0(0.0, 0.556120829251387)
0(0.0, 0.5553993876188411)
0(0.0, 0.5550247267877682)
0(0.0, 0.5529303352167518)
0(0.0, 0.5528832889568278)
0(0.0, 0.5507172988897112)
0(0.0, 0.5506278929077001)
0(0.0, 0.5484912701261118)
0(0.0, 0.5475944210974387)
0(0.0, 0.5474269011928325)
0(0.0, 0.5431545040906349)
0(0.0, 0.5422849905450031)
0(0.0, 0.5415483765913921)
0(0.0, 0.5414238379967834)
0(0.0, 0.5382532403795172)
0(0.0, 0.5380028335083233)
0(0.0, 0.5370357978446761)
0(0.0, 0.5368292914928258)
0(0.0, 0.5357215994733976)
0(0.0, 0.5346615829733965)
0(0.0, 0.5328988817547649)
0(0.0, 0.5309864811515068)
0(0.0, 0.5291645199692186)
0(0.0, 0.5254855580214677)
0(0.0, 0.52507703645687)
0(0.0, 0.5248019111686534)
0(0.0, 0.5242889308616672)
0(0.0, 0.5228366645375687)
0(0.0, 0.5217037986336428)
0(0.0, 0.521618755329145)
0(0.0, 0.5214419519073296)
0(0.0, 0.5213138272163879)
0(0.0, 0.5212539507047985)
0(0.0, 0.5212264951583259)
0(0.0, 0.51945675994698)
0(0.0, 0.5193660732363772)
0(0.0, 0.5190611523948967)
0(0.0, 0.5166722228161266)
0(0.0, 0.5145913003970416)
0(0.0, 0.5143435269441735)
0(0.0, 0.5112011182921032)
0(0.0, 0.5101632382868329)
0(0.0, 0.5098439754064512)
0(0.0, 0.5096709657643728)
0(0.0, 0.5083620701448595)
0(0.0, 0.5080129652749799)
0(0.0, 0.5069868785467199)
0(0.0, 0.5053132217122714)
0(0.0, 0.5017968176523675)
0(0.0, 0.5016756073094717)
0(0.0, 0.499883378089789)
0(0.0, 0.4998059806477657)
0(0.0, 0.4993569644302975)
0(0.0, 0.49913562888069796)
0(0.0, 0.49901010517126915)
0(0.0, 0.4985988477286055)
0(0.0, 0.49852238861708503)
0(0.0, 0.4965231198451323)
0(0.0, 0.49620336856531455)
0(0.0, 0.4961140547525662)
0(0.0, 0.49608563376614095)
0(0.0, 0.4956525863643657)
0(0.0, 0.49547339081274167)
0(0.0, 0.49540056352532075)
0(0.0, 0.4953455860997344)
0(0.0, 0.49523323037558126)
0(0.0, 0.4947971992683517)
0(0.0, 0.49445626259765474)
0(0.0, 0.4937587980460924)
0(0.0, 0.4934432504636986)
0(0.0, 0.49247914341548593)
0(0.0, 0.4919794540590433)
0(0.0, 0.4914636926410047)
0(0.0, 0.4912769443721036)
0(0.0, 0.4910330185972695)
0(0.0, 0.49063515231717586)
0(0.0, 0.48998755601621835)
0(0.0, 0.48977716599803445)
0(0.0, 0.48898419065982834)
0(0.0, 0.4889555958470844)
0(0.0, 0.48838877767813244)
0(0.0, 0.48780329646764153)
0(0.0, 0.4872896395883726)
0(0.0, 0.4872393696135648)
0(0.0, 0.4871155211121203)
0(0.0, 0.4860526056021896)
0(0.0, 0.4849357880250009)
0(0.0, 0.48421659960227104)
0(0.0, 0.4836450806696914)
0(0.0, 0.48231614384790056)
0(0.0, 0.48166588736742405)
0(0.0, 0.4815142703406955)
0(0.0, 0.4802496860171192)
0(0.0, 0.47817606748898406)
0(0.0, 0.4776216928572487)
0(0.0, 0.477244747094893)
0(0.0, 0.4761192688559843)
0(0.0, 0.47548405228792306)
0(0.0, 0.4754600858358089)
0(0.0, 0.4741481374321611)
0(0.0, 0.4735153564376382)
0(0.0, 0.469805718237036)
0(0.0, 0.46762910456900947)
0(0.0, 0.467580073155001)
0(0.0, 0.4674449658143646)
0(0.0, 0.46689837880833485)
0(0.0, 0.4618266236623416)
0(0.0, 0.4610684386454782)
0(0.0, 0.460604473064361)
0(0.0, 0.4597137822736302)
0(0.0, 0.4589192343250811)
0(0.0, 0.4584937339298255)
0(0.0, 0.4583599093013631)
0(0.0, 0.4576030542779996)
0(0.0, 0.4568681299930293)
0(0.0, 0.4567945768002736)
0(0.0, 0.4566963572039108)
0(0.0, 0.4560682237748635)
0(0.0, 0.4558409181355755)
0(0.0, 0.45423895494542993)
0(0.0, 0.4524506818369382)
0(0.0, 0.45244420908430816)
0(0.0, 0.4508038392789606)
0(0.0, 0.4507443224568809)
0(0.0, 0.45016594469111854)
0(0.0, 0.4477639949416541)
0(0.0, 0.43958750967085064)
0(0.0, 0.4392370339641407)
0(0.0, 0.43893201988145913)
0(0.0, 0.4370562906383045)
0(0.0, 0.43496926480637377)
0(0.0, 0.43439016028710065)
0(0.0, 0.4320237577392433)
0(0.0, 0.42889973118801467)
0(0.0, 0.4284795598489974)
0(0.0, 0.42834708736097493)
0(0.0, 0.4261469665238383)
0(0.0, 0.42544284186462)
0(0.0, 0.4225666241314657)
