1(1.7281655966222227, 1.8704366511879564)
1(1.185476986109963, 1.2743422622061928)
1(1.2589509114806383, 1.3341591838098799)
1(1.3019282603684792, 1.3731435322638965)
1(1.2476348058403293, 1.3181492761517506)
1(1.4152585012520582, 1.4843178151311236)
1(1.3438398425119447, 1.4083480899967722)
1(1.163303514987141, 1.2264879433746954)
1(1.3867481790356635, 1.4488343334216165)
1(1.3733122434456104, 1.4321673392462109)
1(1.4767095615082195, 1.5294782855043938)
1(1.3736264546507622, 1.4256152266473368)
1(1.6516287234498364, 1.7028054213373731)
1(1.5655135170092276, 1.6132369031428166)
1(1.2988997237176028, 1.3461083034296142)
1(1.5272837816926412, 1.571704935364234)
1(1.3051304074678287, 1.3484769552076676)
1(1.2965644435616173, 1.3361427190325013)
1(1.4689381958169954, 1.5051617476632078)
1(1.3817552372791562, 1.4179234832831802)
1(1.376745063984542, 1.4120823066255532)
1(1.5459758874901717, 1.5805256268414931)
1(1.4423527539315155, 1.4763556574612597)
1(1.276921253937948, 1.3106694671554047)
1(1.2412042656243882, 1.2710529756503797)
1(1.8061445802508278, 1.8350282360549524)
1(1.5615403126876968, 1.590144065181366)
1(1.3124009987518028, 1.3396099189006476)
1(1.2845251268544828, 1.3117146659359327)
1(1.3126367463913575, 1.3386939676590948)
1(1.8757210921493965, 1.9014901643483793)
1(1.3139825932267086, 1.3386939676590948)
1(1.3057703485687482, 1.3297477950007521)
1(0.4561089439665897, 0.47911297485203663)
1(1.3666319455131326, 1.3892705891075687)
1(1.5187384313012493, 1.5410734527394392)
1(1.5415383105119977, 1.5632651464265417)
1(1.392230093777177, 1.413637657367368)
1(1.3111684498825087, 1.3322267397713805)
1(1.4478430395880886, 1.468424149655427)
1(1.4158302480336231, 1.4344875693728265)
1(1.5571082739995712, 1.5750040870424953)
1(1.3090818450861388, 1.3259617653077227)
1(1.3270419479402988, 1.3437471511298325)
1(1.4075470769141605, 1.4238813790677713)
1(0.4666552752421363, 0.4825552218417617)
1(1.3299152758794295, 1.3457882937978045)
1(0.5262568931999203, 0.541985905796167)
1(0.7396225523750722, 0.7552073645228524)
1(1.3800840666091638, 1.3955732478225096)
1(1.5098031610749538, 1.5248431516608163)
1(1.3803689952577507, 1.395127977397756)
1(1.307641020703813, 1.3219157108385007)
1(1.2840217537835035, 1.2979805641038609)
1(1.3148193230902763, 1.3287169544952846)
1(1.5960352050590247, 1.6096000043549812)
1(1.2788722840193318, 1.2923028226046553)
1(0.5965685074742387, 0.6099666954473856)
1(0.4923420428399595, 0.5054242572852182)
1(1.6950708500559601, 1.7079940057844534)
1(1.5352155296663494, 1.5480847630733319)
1(0.5643032467118795, 0.5769965883230017)
1(1.4480522670441818, 1.460324664849275)
1(1.5916180323693538, 1.6035908036851945)
1(1.6741865994456668, 1.6858003462121391)
1(1.615437555010921, 1.6270103932805118)
1(1.3938570554359093, 1.405209537573613)
1(1.5181971488066675, 1.5294782855043938)
1(0.5171575847861881, 0.5283902709998326)
1(1.3732073515532819, 1.3843906901040874)
1(0.6010747026061921, 0.6118378618241264)
1(1.2845413235690804, 1.2952549148461845)
1(1.3328731249953751, 1.343571024706822)
1(0.5053424456005683, 0.5157902800365761)
1(1.4184177475624185, 1.428244089541535)
1(1.440377089785646, 1.4501202452032564)
1(1.3474982719571424, 1.3572012179254125)
1(1.3304659981086353, 1.3401500088883265)
1(1.3187960669916707, 1.328366767320477)
1(1.2446332777727307, 1.2541064965981388)
1(1.227496593748186, 1.236909986768595)
1(0.5419035988544578, 0.5506420872199639)
1(1.2530179308045581, 1.26151735931274)
1(0.5326243517219142, 0.5409634081199297)
1(1.225405903225281, 1.2335456780050784)
1(0.5739120003654961, 0.5817847939452112)
1(0.5252971506343345, 0.5331556713003064)
1(1.404442350359684, 1.4122834462357343)
1(1.5031972009810188, 1.5109900809072025)
1(0.4979883502746304, 0.5057747598943606)
1(0.5212202513619969, 0.5286053680128447)
1(0.531458657473241, 0.53881990870393)
1(0.6172685534252335, 0.6244602187846015)
1(1.4526386319905003, 1.4596232602949517)
1(1.6609016824553715, 1.6678568466311376)
1(1.391201858307443, 1.398102973204013)
1(0.49875315163038264, 0.5056404514639276)
1(1.7696153254122549, 1.7764350492318448)
1(0.4976562091347465, 0.5044641510632708)
1(1.4527915092745065, 1.4594332346585037)
1(0.46935970548366773, 0.4759098329183496)
1(0.5152061990029538, 0.5216279062384993)
1(0.5547344583070567, 0.5610618480905406)
1(1.613875522564709, 1.620186239696117)
1(0.557142757011752, 0.5633895465764407)
1(1.2918019786129253, 1.2979805641038609)
1(0.6464955155763774, 0.6525544008119302)
1(0.616350485579236, 0.6222132345017061)
1(1.3136720803704467, 1.3194981049405021)
1(2.3008794174371974, 2.3066233279863058)
1(0.6166741574356333, 0.6224176883779797)
1(0.6179615840073389, 0.6236609681679176)
1(1.597303180556352, 1.6028644644674042)
1(0.6845595287173157, 0.6900281743210566)
1(0.6286988563994821, 0.6339029084544373)
1(0.4892161205595645, 0.4943558889712363)
1(1.673387683896976, 1.6783596110177106)
1(0.521820006339989, 0.5267675296157126)
1(0.6163776619391683, 0.6212704374724707)
1(1.303978726965901, 1.3088392515821263)
1(0.6433397472240491, 0.6481386686747952)
1(1.3433021732505015, 1.3480999385619024)
1(0.7664366726929339, 0.7711912094389161)
1(1.2653626720377542, 1.2698156003138077)
1(0.5775881171846455, 0.5816620787087805)
1(0.4517890567440057, 0.4558433460603719)
1(1.3325511123051008, 1.3359105814468524)
1(0.5171176962069725, 0.5201855557316329)
1(1.5754248333258893, 1.5783881924750467)
1(0.6476265018565546, 0.6500851098625349)
1(1.3942748649176226, 1.396594193598535)
1(0.613162710480779, 0.6152941609755928)
1(0.5299374442161923, 0.5320108118241194)
1(0.4639001824432728, 0.4659303929507286)
1(0.5130390175140627, 0.5146955000086191)
1(1.3219315615823908, 1.3235850882241527)
1(1.280654793758716, 1.2822840825832402)
1(0.6804156190341382, 0.6819647930249365)
1(1.4067891848870087, 1.4081560653962997)
1(0.6106088564167667, 0.6116959815804188)
1(0.4646385181768992, 0.46539003887788527)
1(0.5184516785575322, 0.5190932073548188)
1(1.7139618884594094, 1.7144970221365243)
1(0.4811187915557441, 0.4816136065039573)
1(1.3371047889004168, 1.3373226945042909)
1(1.833410700015776, 1.8335591361703012)
1(0.6041458139461154, 0.6041604755724834)
0(0.0, inf)
0(0.0, 143.54335787894107)
0(0.0, 39.42502199397499)
0(0.0, 38.02302397367241)
0(0.0, 7.91924525324138)
0(0.0, 4.988572445954417)
0(0.0, 4.6659273373947245)
0(0.0, 3.6059058035180556)
0(0.0, 3.4364977587927448)
0(0.0, 3.100675929912696)
0(0.0, 2.710445788203711)
0(0.0, 2.6853504383874167)
0(0.0, 2.670300167499793)
0(0.0, 2.6042917930526843)
0(0.0, 2.53996083495324)
0(0.0, 2.390354722657264)
0(0.0, 2.2968112982383206)
0(0.0, 2.279227608444435)
0(0.0, 2.2385547653074767)
0(0.0, 2.222946004153376)
0(0.0, 2.169894577147036)
0(0.0, 2.168371774072135)
0(0.0, 2.165780536660177)
0(0.0, 2.1211894279092363)
0(0.0, 2.0119906502850635)
0(0.0, 2.0062131557118144)
0(0.0, 1.929426356002074)
0(0.0, 1.9064558270907737)
0(0.0, 1.9056340815828818)
0(0.0, 1.8956668169748498)
0(0.0, 1.880504305254639)
0(0.0, 1.8782377374531227)
0(0.0, 1.872435332489224)
0(0.0, 1.8702033550203156)
0(0.0, 1.8701496707581182)
0(0.0, 1.86217131319315)
0(0.0, 1.8559791343396814)
0(0.0, 1.8529201210499715)
0(0.0, 1.8287933261633063)
0(0.0, 1.8116821577909046)
0(0.0, 1.7995456966024257)
0(0.0, 1.789512062308144)
0(0.0, 1.7803362785630585)
0(0.0, 1.7798398824244852)
0(0.0, 1.7678450817910474)
0(0.0, 1.766827315087602)
0(0.0, 1.7636205210767757)
0(0.0, 1.7384349731632267)
0(0.0, 1.7262257813361188)
0(0.0, 1.716226094444514)
0(0.0, 1.7161248472803856)
0(0.0, 1.70731240603006)
0(0.0, 1.7060657944986846)
0(0.0, 1.7022206478276554)
0(0.0, 1.6993496464327753)
0(0.0, 1.6869010022655169)
0(0.0, 1.6862359558877924)
0(0.0, 1.68235987698381)
0(0.0, 1.681104896105496)
0(0.0, 1.679463558062006)
0(0.0, 1.6684948635740822)
0(0.0, 1.6682384977994806)
0(0.0, 1.6619122809958449)
0(0.0, 1.6571262779408928)
0(0.0, 1.6504775491581485)
0(0.0, 1.6391764447673796)
0(0.0, 1.6376005679302705)
0(0.0, 1.6356597206872938)
0(0.0, 1.6295130443827897)
0(0.0, 1.6254164215949447)
0(0.0, 1.6171542092233115)
0(0.0, 1.6091196294697945)
0(0.0, 1.606293231133581)
0(0.0, 1.6041545065948228)
0(0.0, 1.6028569054784816)
0(0.0, 1.6014541207991062)
0(0.0, 1.601316877951712)
0(0.0, 1.5912316895178504)
0(0.0, 1.5892117736331737)
0(0.0, 1.5814841005267173)
0(0.0, 1.5769225551662422)
0(0.0, 1.5697002556236601)
0(0.0, 1.5694361163048853)
0(0.0, 1.560414498205999)
0(0.0, 1.5560635196954926)
0(0.0, 1.5497501884004488)
0(0.0, 1.5488123892104853)
0(0.0, 1.54839592196596)
0(0.0, 1.5432605185224135)
0(0.0, 1.542759176480087)
0(0.0, 1.5425980236151875)
0(0.0, 1.5420533729798105)
0(0.0, 1.541601153320658)
0(0.0, 1.5251151338661633)
0(0.0, 1.5116781396570993)
0(0.0, 1.5115676723232085)
0(0.0, 1.5102459648264601)
0(0.0, 1.5098655847734757)
0(0.0, 1.5092673371842569)
0(0.0, 1.509101820594286)
0(0.0, 1.5088225007232257)
0(0.0, 1.5053316816651432)
0(0.0, 1.4926717733556438)
0(0.0, 1.4895547969060596)
0(0.0, 1.4873758353784052)
0(0.0, 1.4845902199094503)
0(0.0, 1.482506030316773)
0(0.0, 1.482429877340044)
0(0.0, 1.4812973965185678)
0(0.0, 1.4806980048221736)
0(0.0, 1.4785813201634532)
0(0.0, 1.4781461453604228)
0(0.0, 1.477977910220666)
0(0.0, 1.4739993958550883)
0(0.0, 1.4716167853825308)
0(0.0, 1.464925624245076)
0(0.0, 1.4609964474012853)
0(0.0, 1.452497240055975)
0(0.0, 1.4477843941108983)
0(0.0, 1.44300253252589)
0(0.0, 1.439132655784423)
0(0.0, 1.4377752907660182)
0(0.0, 1.4368369117710227)
0(0.0, 1.4308546832468603)
0(0.0, 1.4308167948651365)
0(0.0, 1.426884403353513)
0(0.0, 1.426138958996559)
0(0.0, 1.4232262271879044)
0(0.0, 1.4204685065441531)
0(0.0, 1.4039205320263084)
0(0.0, 1.397896293923848)
0(0.0, 1.395728459486755)
0(0.0, 1.3888557069454877)
0(0.0, 1.3841302962641175)
0(0.0, 1.382515514404011)
0(0.0, 1.3818481672591607)
0(0.0, 1.3812419194672285)
0(0.0, 1.3812089883683427)
0(0.0, 1.3801384693092922)
0(0.0, 1.378490271585675)
0(0.0, 1.3713260410268853)
0(0.0, 1.370778408236776)
0(0.0, 1.3684473654757712)
0(0.0, 1.3667372493878451)
0(0.0, 1.3665616972283288)
0(0.0, 1.3659311079170602)
0(0.0, 1.3652298896791206)
0(0.0, 1.363218448310309)
0(0.0, 1.361730158815569)
0(0.0, 1.3589498795703399)
0(0.0, 1.3546801887943882)
0(0.0, 1.353656229794746)
0(0.0, 1.352323299967888)
0(0.0, 1.351177375225357)
0(0.0, 1.3422016095849367)
0(0.0, 1.3388558307237095)
0(0.0, 1.337316283188086)
0(0.0, 1.3373003033490531)
0(0.0, 1.3338493829282512)
0(0.0, 1.3306071732444726)
0(0.0, 1.3291772359845755)
0(0.0, 1.3269206891922398)
0(0.0, 1.3247178869851972)
0(0.0, 1.3238818378732538)
0(0.0, 1.3198328807814286)
0(0.0, 1.3189755223519042)
0(0.0, 1.3116663846126486)
0(0.0, 1.3108794612515688)
0(0.0, 1.3098462771205068)
0(0.0, 1.3088672706156799)
0(0.0, 1.3036247999025614)
0(0.0, 1.3034778629418613)
0(0.0, 1.3024225266399745)
0(0.0, 1.3013775600827644)
0(0.0, 1.3012319752594488)
0(0.0, 1.2957425443979995)
0(0.0, 1.2919441862534067)
0(0.0, 1.2905088940314426)
0(0.0, 1.286187436224833)
0(0.0, 1.2828830334459986)
0(0.0, 1.282592332705829)
0(0.0, 1.2807118628510041)
0(0.0, 1.2768386371124372)
0(0.0, 1.2732039504894392)
0(0.0, 1.2725734834454987)
0(0.0, 1.269168294721952)
0(0.0, 1.2674987049593849)
0(0.0, 1.2643856438021241)
0(0.0, 1.2613521574921325)
0(0.0, 1.2599860104936627)
0(0.0, 1.257036171079782)
0(0.0, 1.2528226782415892)
0(0.0, 1.252503406606952)
0(0.0, 1.247510389480357)
0(0.0, 1.2448510815576288)
0(0.0, 1.243711714956688)
0(0.0, 1.2434910147098384)
0(0.0, 1.2402074765760036)
0(0.0, 1.2389658798306553)
0(0.0, 1.2385889660112794)
0(0.0, 1.2372903883522743)
0(0.0, 1.2291176148715357)
0(0.0, 1.2231637755742595)
0(0.0, 1.2184932128534685)
0(0.0, 1.2177045904968937)
0(0.0, 1.206233080271709)
0(0.0, 1.1906405110467742)
0(0.0, 1.188273282915051)
0(0.0, 1.1881382382842909)
0(0.0, 1.1850440692325255)
0(0.0, 1.17747118307079)
0(0.0, 1.1733823890219577)
0(0.0, 1.1564708815899574)
0(0.0, 1.1516193475425005)
0(0.0, 1.1494422578793055)
0(0.0, 1.1412627812770022)
0(0.0, 1.1399105166980303)
0(0.0, 1.1378172401072)
0(0.0, 1.1339393567792329)
0(0.0, 1.1261720644930222)
0(0.0, 1.1018800868793763)
0(0.0, 1.0204392323474591)
0(0.0, 0.9972460952161343)
0(0.0, 0.9063098809931089)
0(0.0, 0.9044620906543425)
0(0.0, 0.8974829304556465)
0(0.0, 0.8958315795661949)
0(0.0, 0.879996487731223)
0(0.0, 0.8697654842283431)
0(0.0, 0.8578851561752332)
0(0.0, 0.8363432130458092)
0(0.0, 0.8257964540162943)
0(0.0, 0.8224218716512867)
0(0.0, 0.8180089123060261)
0(0.0, 0.8131960840969694)
0(0.0, 0.7889473733492007)
0(0.0, 0.7785636375712952)
0(0.0, 0.7691016996677389)
0(0.0, 0.7644848920306139)
0(0.0, 0.7502369188966728)
0(0.0, 0.7393534456583669)
0(0.0, 0.738038658575235)
0(0.0, 0.737214524924531)
0(0.0, 0.7320141058077935)
0(0.0, 0.7220415656688007)
0(0.0, 0.7214299551400989)
0(0.0, 0.7139233515906639)
0(0.0, 0.7102580649306933)
0(0.0, 0.7049662742533412)
0(0.0, 0.7027991190600159)
0(0.0, 0.7019152100800077)
0(0.0, 0.6960163542984433)
0(0.0, 0.6946006448476079)
0(0.0, 0.6930308543344726)
0(0.0, 0.6924751414634295)
0(0.0, 0.6917883636719724)
0(0.0, 0.6910184431791648)
0(0.0, 0.6897955843518953)
0(0.0, 0.6893302265162491)
0(0.0, 0.6876420609362623)
0(0.0, 0.6832272015995304)
0(0.0, 0.6791700243747318)
0(0.0, 0.6749337215154904)
0(0.0, 0.670835752703943)
0(0.0, 0.6706835692713958)
0(0.0, 0.6632343251171511)
0(0.0, 0.6630822238471472)
0(0.0, 0.661063982067641)
0(0.0, 0.659475053020005)
0(0.0, 0.6538507038926789)
0(0.0, 0.652433221722073)
0(0.0, 0.647513628126631)
0(0.0, 0.6457247280104393)
0(0.0, 0.6452314316664539)
0(0.0, 0.6452097543717066)
0(0.0, 0.6443391835341793)
0(0.0, 0.6417960618754782)
0(0.0, 0.6414472277186679)
0(0.0, 0.6374321537403854)
0(0.0, 0.6364592180147937)
0(0.0, 0.6363656508836179)
0(0.0, 0.6361877470459285)
0(0.0, 0.6337284523087529)
0(0.0, 0.6321563806700327)
0(0.0, 0.6312960484034884)
0(0.0, 0.6292475313269167)
0(0.0, 0.6264583306312029)
0(0.0, 0.622902342459398)
0(0.0, 0.6227919187854939)
0(0.0, 0.6215659622029016)
0(0.0, 0.6207722134973038)
0(0.0, 0.618875911831774)
0(0.0, 0.6152188870530699)
0(0.0, 0.6142463246407568)
0(0.0, 0.6125330992118703)
0(0.0, 0.6117379087769711)
0(0.0, 0.6108182473359609)
0(0.0, 0.608393715519152)
0(0.0, 0.6081881794554874)
0(0.0, 0.6074897391036786)
0(0.0, 0.6069276764764698)
0(0.0, 0.6065661072745819)
0(0.0, 0.6053283519548007)
0(0.0, 0.6049630581114817)
0(0.0, 0.6045931998407795)
0(0.0, 0.6041416943779507)
0(0.0, 0.603672825858888)
0(0.0, 0.6027266952734334)
0(0.0, 0.598763042365382)
0(0.0, 0.5975240795733112)
0(0.0, 0.5966391716095456)
0(0.0, 0.5951261122697485)
0(0.0, 0.591528283106181)
0(0.0, 0.5908966741498847)
0(0.0, 0.5902541582027931)
0(0.0, 0.5896154643536243)
0(0.0, 0.5890271386304181)
0(0.0, 0.5867771330047891)
0(0.0, 0.5866264478298509)
0(0.0, 0.5865377269907738)
0(0.0, 0.5855907710399147)
0(0.0, 0.5851921642742214)
0(0.0, 0.5838524476738532)
0(0.0, 0.5813482984544153)
0(0.0, 0.5801325313934392)
0(0.0, 0.5788614696654105)
0(0.0, 0.5738142170280545)
0(0.0, 0.5732132763799646)
0(0.0, 0.572150404803146)
0(0.0, 0.5715970907542477)
0(0.0, 0.5713137944268256)
0(0.0, 0.5696584451668072)
0(0.0, 0.5690014553138463)
0(0.0, 0.5681581822340116)
0(0.0, 0.5665703555503481)
0(0.0, 0.5657677419035687)
0(0.0, 0.5637215012035665)
0(0.0, 0.5626293180259893)
0(0.0, 0.5567891585629399)
0(0.0, 0.5544954306735311)
0(0.0, 0.5535883707640935)
0(0.0, 0.553091389826218)
0(0.0, 0.550139874098577)
0(0.0, 0.5494762153298858)
0(0.0, 0.5480328874434612)
0(0.0, 0.5463672791985332)
0(0.0, 0.5442794874625672)
0(0.0, 0.5441711940642331)
0(0.0, 0.54354814851133)
0(0.0, 0.5434422096445097)
0(0.0, 0.5420080165244645)
0(0.0, 0.5418373471049773)
0(0.0, 0.5365949952559261)
0(0.0, 0.5361553582292737)
0(0.0, 0.5354115004226832)
0(0.0, 0.5331726349825623)
0(0.0, 0.5323333797900099)
0(0.0, 0.5315273379374909)
0(0.0, 0.5313062177576847)
0(0.0, 0.5311937220556375)
0(0.0, 0.5307731120023423)
0(0.0, 0.5300304818425086)
0(0.0, 0.529595062715621)
0(0.0, 0.5295534717964133)
0(0.0, 0.5270377996401053)
0(0.0, 0.526354932573608)
0(0.0, 0.5262591578811074)
0(0.0, 0.5241227365590975)
0(0.0, 0.5222584130987719)
0(0.0, 0.5213890249778863)
0(0.0, 0.5210068655568404)
0(0.0, 0.5199262028327191)
0(0.0, 0.5196273732009463)
0(0.0, 0.5191534882090343)
0(0.0, 0.5180514831022692)
0(0.0, 0.5163477331342712)
0(0.0, 0.5158360526994951)
0(0.0, 0.5150710592422679)
0(0.0, 0.5149613109444802)
0(0.0, 0.5142018476422598)
0(0.0, 0.5129605556367602)
0(0.0, 0.5111492449620264)
0(0.0, 0.510783099799534)
0(0.0, 0.5095770541584711)
0(0.0, 0.5089979134371139)
0(0.0, 0.5068098759959357)
0(0.0, 0.5066155341998033)
0(0.0, 0.5046068455380301)
0(0.0, 0.5044955122421304)
0(0.0, 0.5037057864796709)
0(0.0, 0.5011127721708617)
0(0.0, 0.49862000519108113)
0(0.0, 0.496954868930459)
0(0.0, 0.49513394184044157)
0(0.0, 0.4924488486767416)
0(0.0, 0.49084307424292406)
0(0.0, 0.48982313836652097)
0(0.0, 0.48678697255975567)
0(0.0, 0.48498988871470206)
0(0.0, 0.48479240745557284)
0(0.0, 0.47817662415962503)
0(0.0, 0.47775562782505737)
0(0.0, 0.47754669734540395)
0(0.0, 0.47429151997462426)
0(0.0, 0.47415281825590005)
0(0.0, 0.4740233929405055)
0(0.0, 0.47321229325557224)
0(0.0, 0.472814052537786)
0(0.0, 0.4725542093596314)
0(0.0, 0.47167537945691923)
0(0.0, 0.4701898390498053)
0(0.0, 0.46978488247054023)
0(0.0, 0.46659916095139914)
0(0.0, 0.46397579718040444)
0(0.0, 0.46368137504659085)
0(0.0, 0.46167886624725984)
0(0.0, 0.45735042365733114)
0(0.0, 0.45697745365712306)
0(0.0, 0.4565665080782157)
0(0.0, 0.45466570378723214)
0(0.0, 0.450014465602015)
0(0.0, 0.44977156848399424)
0(0.0, 0.4493526046749047)
0(0.0, 0.44552893631287005)
0(0.0, 0.443933124599692)
0(0.0, 0.43866936931956774)
0(0.0, 0.43679998614228654)
0(0.0, 0.43043420129622784)
0(0.0, 0.4277308719949773)
0(0.0, 0.4240340636280136)
0(0.0, 0.4222189129222749)
0(0.0, 0.420560800714946)
