1(28.584238612539355, 28.914218003513152)
1(29.683276129843357, 29.764292606973555)
1(4.551140907225447, 4.608073935423776)
1(4.458183807030076, 4.484468885918088)
1(4.539030872869609, 4.554574098242303)
1(4.899824007718445, 4.90256536589584)
1(4.512078411016475, 4.513244205938824)
1(4.470802123360978, 4.471795519854368)
0(0.0, inf)
0(0.0, 270.0314001946318)
0(0.0, 83.84575467241567)
0(0.0, 71.27339053277463)
0(0.0, 48.72402885439334)
0(0.0, 34.58480756173523)
0(0.0, 32.310195401474964)
0(0.0, 32.252186077058845)
0(0.0, 30.283603994418325)
0(0.0, 29.775337110680898)
0(0.0, 29.28248607673059)
0(0.0, 28.538959156348604)
0(0.0, 28.297469639297333)
0(0.0, 27.644643154864347)
0(0.0, 26.246396643357095)
0(0.0, 26.133572660534085)
0(0.0, 26.12534901401616)
0(0.0, 25.999823197387038)
0(0.0, 25.989411747311326)
0(0.0, 25.495773874054617)
0(0.0, 25.331763642550644)
0(0.0, 25.169849910972275)
0(0.0, 24.462426968705415)
0(0.0, 24.413534425701364)
0(0.0, 24.37462110057038)
0(0.0, 24.232201617614464)
0(0.0, 23.592545574342246)
0(0.0, 23.552231349519094)
0(0.0, 23.505116123643898)
0(0.0, 23.250292400334693)
0(0.0, 23.141332093262736)
0(0.0, 21.601824135501662)
0(0.0, 21.337223044888606)
0(0.0, 21.218687141819572)
0(0.0, 20.96397931020199)
0(0.0, 20.579703012645485)
0(0.0, 20.505479018309533)
0(0.0, 19.84763712897023)
0(0.0, 19.712475816942625)
0(0.0, 19.66479154557483)
0(0.0, 19.285943271913123)
0(0.0, 19.002012895403457)
0(0.0, 18.961333430420883)
0(0.0, 18.803682150097327)
0(0.0, 18.71053699755207)
0(0.0, 18.706911217214614)
0(0.0, 18.64120401580455)
0(0.0, 18.6061170350907)
0(0.0, 18.598324199789147)
0(0.0, 18.408886103945306)
0(0.0, 18.39930505811657)
0(0.0, 18.2087238082311)
0(0.0, 18.14573668374699)
0(0.0, 18.122598912657423)
0(0.0, 17.997058976010333)
0(0.0, 17.965177481293498)
0(0.0, 17.954978429259423)
0(0.0, 17.950551069233896)
0(0.0, 17.79560182505226)
0(0.0, 17.723707557722403)
0(0.0, 17.705259424025822)
0(0.0, 17.669890576431573)
0(0.0, 17.627288540459276)
0(0.0, 17.622187205867387)
0(0.0, 17.55570464829649)
0(0.0, 17.495579822927972)
0(0.0, 17.45498513836566)
0(0.0, 17.44359180888011)
0(0.0, 17.172541822780374)
0(0.0, 17.118216420180485)
0(0.0, 17.110530955176444)
0(0.0, 17.108816035342674)
0(0.0, 17.03973301729383)
0(0.0, 17.012301773187602)
0(0.0, 16.943562905724104)
0(0.0, 16.87496904374078)
0(0.0, 16.866417257455645)
0(0.0, 16.82767641090407)
0(0.0, 16.779364231188673)
0(0.0, 16.763099857440288)
0(0.0, 16.745009124626375)
0(0.0, 16.717757395132065)
0(0.0, 16.69123282084011)
0(0.0, 16.679836595020767)
0(0.0, 16.62889192236083)
0(0.0, 16.555554978455618)
0(0.0, 16.549037844900397)
0(0.0, 16.53605876318063)
0(0.0, 16.506968239945067)
0(0.0, 16.47918505237839)
0(0.0, 16.437092380386986)
0(0.0, 16.395273374411726)
0(0.0, 16.37417923783315)
0(0.0, 16.33762490732067)
0(0.0, 16.204391376454943)
0(0.0, 16.117425975592194)
0(0.0, 16.103815683877095)
0(0.0, 16.097573629370384)
0(0.0, 16.079638611947015)
0(0.0, 16.07939671843337)
0(0.0, 16.05994561977166)
0(0.0, 15.967030698450598)
0(0.0, 15.90808444303118)
0(0.0, 15.882030484187691)
0(0.0, 15.872464335970038)
0(0.0, 15.85513970760077)
0(0.0, 15.776290324385256)
0(0.0, 15.765781612769533)
0(0.0, 15.678086492000318)
0(0.0, 15.64134908700302)
0(0.0, 15.641256807711725)
0(0.0, 15.630428065847312)
0(0.0, 15.613753564802712)
0(0.0, 15.60646921721698)
0(0.0, 15.601172168440552)
0(0.0, 15.557053519949623)
0(0.0, 15.544661661980657)
0(0.0, 15.44893663696153)
0(0.0, 15.421282872219377)
0(0.0, 15.400802584837074)
0(0.0, 15.34653134252804)
0(0.0, 15.344817276604234)
0(0.0, 15.151299355359106)
0(0.0, 15.14119703823565)
0(0.0, 15.05165775238193)
0(0.0, 15.041332697498385)
0(0.0, 14.949084106499404)
0(0.0, 14.919278444690871)
0(0.0, 14.885682698823171)
0(0.0, 14.873429734157126)
0(0.0, 14.858503236005037)
0(0.0, 14.857217443704867)
0(0.0, 14.787057414748215)
0(0.0, 14.747841535457065)
0(0.0, 14.724336389210762)
0(0.0, 14.696160469518388)
0(0.0, 14.694906111107578)
0(0.0, 14.66317341825415)
0(0.0, 14.656655789391472)
0(0.0, 14.649977354426136)
0(0.0, 14.547698433274515)
0(0.0, 14.512197735402657)
0(0.0, 14.457786106242663)
0(0.0, 14.451869830104473)
0(0.0, 14.441115730950347)
0(0.0, 14.366445910743378)
0(0.0, 14.341187789283795)
0(0.0, 14.284663626256076)
0(0.0, 14.236778391709452)
0(0.0, 14.228256521288715)
0(0.0, 14.226147872796949)
0(0.0, 14.213804680891956)
0(0.0, 14.171991822055737)
0(0.0, 14.171576250227023)
0(0.0, 14.149109492849211)
0(0.0, 14.107527286703164)
0(0.0, 14.103826427689837)
0(0.0, 14.100043943343717)
0(0.0, 14.080239081714232)
0(0.0, 14.075328194053494)
0(0.0, 14.07507152430811)
0(0.0, 14.056960211399996)
0(0.0, 14.052834862282106)
0(0.0, 14.050765485084296)
0(0.0, 13.999993034450785)
0(0.0, 13.942263907227083)
0(0.0, 13.867036319114142)
0(0.0, 13.816281462816407)
0(0.0, 13.805777174271942)
0(0.0, 13.776362259014256)
0(0.0, 13.761065561989973)
0(0.0, 13.730007780832521)
0(0.0, 13.729836403716348)
0(0.0, 13.724335193361972)
0(0.0, 13.677682229979128)
0(0.0, 13.675443784971314)
0(0.0, 13.658494222838243)
0(0.0, 13.629541115465669)
0(0.0, 13.59830150124345)
0(0.0, 13.51593800775306)
0(0.0, 13.514364764279597)
0(0.0, 13.504940685106789)
0(0.0, 13.488036091976129)
0(0.0, 13.451566299695891)
0(0.0, 13.43912011475318)
0(0.0, 13.399746267135578)
0(0.0, 13.395393768625798)
0(0.0, 13.375771339418947)
0(0.0, 13.320049690556846)
0(0.0, 13.282879992315385)
0(0.0, 13.258799218262952)
0(0.0, 13.181498431621208)
0(0.0, 13.176726481190963)
0(0.0, 13.171756972318999)
0(0.0, 13.16241674822021)
0(0.0, 13.148973918390908)
0(0.0, 13.135662077208996)
0(0.0, 13.112905034761928)
0(0.0, 13.111691141760382)
0(0.0, 13.098354943383143)
0(0.0, 13.08341774622332)
0(0.0, 13.05247902933426)
0(0.0, 13.042807658778019)
0(0.0, 13.030217144515225)
0(0.0, 12.979486963951993)
0(0.0, 12.976336199125498)
0(0.0, 12.96353399120898)
0(0.0, 12.9608462322305)
0(0.0, 12.926902267872196)
0(0.0, 12.89670670111681)
0(0.0, 12.811808437442913)
0(0.0, 12.658106980079172)
0(0.0, 12.556390452071142)
0(0.0, 12.472301143789222)
0(0.0, 12.466731078733938)
0(0.0, 12.345050432631709)
0(0.0, 12.21779401269737)
0(0.0, 12.099466961017843)
0(0.0, 12.037055464425753)
0(0.0, 12.004801518519454)
0(0.0, 11.864027869506266)
0(0.0, 11.533797293307604)
0(0.0, 11.527215120042133)
0(0.0, 11.513426134872862)
0(0.0, 11.270045012588735)
0(0.0, 11.25478008589786)
0(0.0, 11.190716994356755)
0(0.0, 11.05005366142275)
0(0.0, 11.016003011900025)
0(0.0, 10.885897051496377)
0(0.0, 10.86596081002294)
0(0.0, 10.836590613803795)
0(0.0, 10.834443684235321)
0(0.0, 10.40603063885361)
0(0.0, 10.282953953660556)
0(0.0, 10.24532876771821)
0(0.0, 10.189521604939241)
0(0.0, 10.081529908579261)
0(0.0, 9.947981844665295)
0(0.0, 9.907671054032063)
0(0.0, 9.790473079765793)
0(0.0, 9.749194738564281)
0(0.0, 9.387253834824053)
0(0.0, 9.341165918697817)
0(0.0, 9.320402254836118)
0(0.0, 9.315818320046146)
0(0.0, 9.218653257722513)
0(0.0, 8.676882554683095)
0(0.0, 8.478354640637574)
0(0.0, 8.370511366366031)
0(0.0, 8.29747910510509)
0(0.0, 8.240749866792116)
0(0.0, 8.004080000011445)
0(0.0, 7.943806164409412)
0(0.0, 7.798496342401204)
0(0.0, 7.476635421402345)
0(0.0, 7.4076474269842985)
0(0.0, 7.3624233820288625)
0(0.0, 7.354478869437879)
0(0.0, 7.3320686595323865)
0(0.0, 7.059865656864531)
0(0.0, 6.9443656029847824)
0(0.0, 6.921779289302307)
0(0.0, 6.912259664562654)
0(0.0, 6.890577481118092)
0(0.0, 6.756492019773199)
0(0.0, 6.662270149722343)
0(0.0, 6.657394428400137)
0(0.0, 6.522792883835559)
0(0.0, 6.47228347290781)
0(0.0, 6.469376759408507)
0(0.0, 6.45288129196942)
0(0.0, 6.4382129741212655)
0(0.0, 6.378262648041019)
0(0.0, 6.288826799070225)
0(0.0, 6.210425680412296)
0(0.0, 6.141252204408204)
0(0.0, 6.129300965692187)
0(0.0, 6.1264785299981535)
0(0.0, 6.101468964978552)
0(0.0, 6.085715645349071)
0(0.0, 6.085316613652394)
0(0.0, 6.058493204282781)
0(0.0, 6.0541555204083)
0(0.0, 6.04645115880126)
0(0.0, 6.040533359107216)
0(0.0, 5.997605354941405)
0(0.0, 5.9974479316624585)
0(0.0, 5.953467346951081)
0(0.0, 5.945834900855786)
0(0.0, 5.932934578611395)
0(0.0, 5.889793715665675)
0(0.0, 5.8869670368765865)
0(0.0, 5.8572570509774415)
0(0.0, 5.85393505852158)
0(0.0, 5.84137476146533)
0(0.0, 5.819643525696938)
0(0.0, 5.785358938888974)
0(0.0, 5.747231995054761)
0(0.0, 5.745326489414455)
0(0.0, 5.725327465683493)
0(0.0, 5.721738222363816)
0(0.0, 5.703657980034253)
0(0.0, 5.7018326878982535)
0(0.0, 5.683079852074637)
0(0.0, 5.680690904693415)
0(0.0, 5.676905937213869)
0(0.0, 5.665486554774599)
0(0.0, 5.648940518531189)
0(0.0, 5.629776898700613)
0(0.0, 5.623709969801755)
0(0.0, 5.594961463723712)
0(0.0, 5.58260406338228)
0(0.0, 5.536642255902472)
0(0.0, 5.5334992906943175)
0(0.0, 5.503332994432473)
0(0.0, 5.4802100380032375)
0(0.0, 5.461821426053438)
0(0.0, 5.461132234225661)
0(0.0, 5.440777096183832)
0(0.0, 5.433623426588346)
0(0.0, 5.431987967756892)
0(0.0, 5.422503875068495)
0(0.0, 5.404350257735235)
0(0.0, 5.392351133787198)
0(0.0, 5.374449757286144)
0(0.0, 5.371522037379093)
0(0.0, 5.366159442944678)
0(0.0, 5.3506398634977295)
0(0.0, 5.344750191219311)
0(0.0, 5.34190411604934)
0(0.0, 5.327619546153738)
0(0.0, 5.313552651897673)
0(0.0, 5.299006297653374)
0(0.0, 5.294337796323764)
0(0.0, 5.2645073442642)
0(0.0, 5.257946451418616)
0(0.0, 5.246540573025647)
0(0.0, 5.210894111297216)
0(0.0, 5.21082292741941)
0(0.0, 5.200211020744237)
0(0.0, 5.199281473855154)
0(0.0, 5.193182169211203)
0(0.0, 5.162107807965374)
0(0.0, 5.15086371735947)
0(0.0, 5.150506757786934)
0(0.0, 5.147169286893034)
0(0.0, 5.140453822186627)
0(0.0, 5.118542075923236)
0(0.0, 5.109848042725914)
0(0.0, 5.107281245944436)
0(0.0, 5.106758390662029)
0(0.0, 5.09354842972009)
0(0.0, 5.0895320199243566)
0(0.0, 5.088527881205005)
0(0.0, 5.07284544140091)
0(0.0, 5.066416335450939)
0(0.0, 5.061672298938796)
0(0.0, 5.059999224918959)
0(0.0, 5.059737084385784)
0(0.0, 5.054853145218829)
0(0.0, 5.046744764467642)
0(0.0, 5.029012785841939)
0(0.0, 5.02763838412222)
0(0.0, 5.004468912649675)
0(0.0, 4.984887673617185)
0(0.0, 4.971960519799152)
0(0.0, 4.966755670448252)
0(0.0, 4.96394659554812)
0(0.0, 4.959725521173411)
0(0.0, 4.932853918667048)
0(0.0, 4.928800862166478)
0(0.0, 4.894921045573556)
0(0.0, 4.890277267649829)
0(0.0, 4.8888590573581405)
0(0.0, 4.886238379686182)
0(0.0, 4.8769852297250065)
0(0.0, 4.852919943493249)
0(0.0, 4.84474948867621)
0(0.0, 4.7914315207206775)
0(0.0, 4.777742231809122)
0(0.0, 4.775014195593094)
0(0.0, 4.774105748006431)
0(0.0, 4.760970774852076)
0(0.0, 4.733357035692134)
0(0.0, 4.727236119042237)
0(0.0, 4.720792754651143)
0(0.0, 4.716970699598552)
0(0.0, 4.7120633620157815)
0(0.0, 4.71012257494864)
0(0.0, 4.708529361681724)
0(0.0, 4.701889439171051)
0(0.0, 4.688898052357352)
0(0.0, 4.686340293704422)
0(0.0, 4.672543398244378)
0(0.0, 4.665478291663893)
0(0.0, 4.637126848407815)
0(0.0, 4.6367819688746135)
0(0.0, 4.626265986239432)
0(0.0, 4.6234884737956925)
0(0.0, 4.613431754997283)
0(0.0, 4.6014436425679115)
0(0.0, 4.588554053703851)
0(0.0, 4.569991890797548)
0(0.0, 4.545946791700211)
0(0.0, 4.544138833833962)
0(0.0, 4.529041132751468)
0(0.0, 4.52740549188102)
0(0.0, 4.520418286629199)
0(0.0, 4.5106651474309185)
0(0.0, 4.482541457884591)
0(0.0, 4.478645087365631)
0(0.0, 4.4769028383573035)
0(0.0, 4.476165252933782)
0(0.0, 4.467071840480784)
0(0.0, 4.460728229896429)
0(0.0, 4.457232990666254)
0(0.0, 4.4477761751558464)
0(0.0, 4.434810999704789)
0(0.0, 4.431544871449383)
0(0.0, 4.429165072176936)
0(0.0, 4.425238517739597)
0(0.0, 4.424612147475985)
0(0.0, 4.376526381247714)
0(0.0, 4.360403096603217)
0(0.0, 4.355294663509344)
0(0.0, 4.347688494267938)
0(0.0, 4.343038616765081)
0(0.0, 4.3324250403688325)
0(0.0, 4.3186007354312625)
0(0.0, 4.259766805342256)
0(0.0, 4.237369911296171)
