1(25.58846000369835, 25.763406243591117)
1(5.012817038545419, 5.081396515038552)
1(12.359554926708954, 12.396870076735095)
1(4.857302227148267, 4.880063583353927)
1(11.030546519038088, 11.038839084637521)
1(4.730503991623399, 4.7329024223703495)
0(0.0, inf)
0(0.0, 175.52329066161371)
0(0.0, 47.74886474305669)
0(0.0, 41.85805922053028)
0(0.0, 41.10287131864903)
0(0.0, 39.012195012196855)
0(0.0, 36.27464018824028)
0(0.0, 36.18970081034715)
0(0.0, 35.458121289989904)
0(0.0, 34.28143440199434)
0(0.0, 32.734153808807534)
0(0.0, 32.61326831910865)
0(0.0, 32.32879546358971)
0(0.0, 31.18451461573131)
0(0.0, 30.81409877407887)
0(0.0, 30.731825682868227)
0(0.0, 30.349545382037892)
0(0.0, 30.33697628146806)
0(0.0, 29.27370430574761)
0(0.0, 29.236157237796956)
0(0.0, 29.154595544214825)
0(0.0, 28.884723228910687)
0(0.0, 28.405421761518816)
0(0.0, 28.14354429392557)
0(0.0, 28.049883735891964)
0(0.0, 27.98223260250918)
0(0.0, 27.95356022166765)
0(0.0, 27.882786770093407)
0(0.0, 27.393568871822747)
0(0.0, 27.17998779594057)
0(0.0, 25.899498883811447)
0(0.0, 25.589369485636748)
0(0.0, 25.560151149614793)
0(0.0, 25.521791985758693)
0(0.0, 25.381755684835944)
0(0.0, 25.252902385696807)
0(0.0, 25.18345109793728)
0(0.0, 25.161308674643546)
0(0.0, 25.000496266497578)
0(0.0, 24.9712860385506)
0(0.0, 24.950177512541096)
0(0.0, 24.3417836442338)
0(0.0, 24.311052041021853)
0(0.0, 24.146685686295662)
0(0.0, 23.89683502940402)
0(0.0, 23.88528127102963)
0(0.0, 23.680452352616655)
0(0.0, 23.61904469393702)
0(0.0, 23.494550395073087)
0(0.0, 23.390643977328857)
0(0.0, 23.34180531004745)
0(0.0, 23.220648938420076)
0(0.0, 22.151789370828013)
0(0.0, 21.927529454171363)
0(0.0, 21.49323327078889)
0(0.0, 20.942191479141776)
0(0.0, 20.74183293972431)
0(0.0, 20.638934915176968)
0(0.0, 20.506960810339525)
0(0.0, 20.407659951797548)
0(0.0, 20.290031973189254)
0(0.0, 19.955124815206432)
0(0.0, 19.931386114573712)
0(0.0, 19.8953456912249)
0(0.0, 19.809172962267116)
0(0.0, 19.79572976462529)
0(0.0, 19.78473671569639)
0(0.0, 19.767817610522933)
0(0.0, 19.726033090169572)
0(0.0, 19.685144712904815)
0(0.0, 19.54228267403288)
0(0.0, 19.048321345217666)
0(0.0, 19.033687020342764)
0(0.0, 18.85543491825486)
0(0.0, 18.750876834519033)
0(0.0, 18.662128497993926)
0(0.0, 18.58089440397321)
0(0.0, 18.394813299072915)
0(0.0, 18.308354150076482)
0(0.0, 18.18417829736695)
0(0.0, 18.157652651575216)
0(0.0, 17.970834607802917)
0(0.0, 17.868195457855293)
0(0.0, 17.707897434511338)
0(0.0, 17.68002950855109)
0(0.0, 17.655785029778716)
0(0.0, 17.477770108918122)
0(0.0, 17.321756515941676)
0(0.0, 17.306763536522254)
0(0.0, 17.114469375723935)
0(0.0, 17.089913434092193)
0(0.0, 17.086379640576784)
0(0.0, 16.98304453120254)
0(0.0, 16.869110143911442)
0(0.0, 16.832780941919236)
0(0.0, 16.83047513286197)
0(0.0, 16.67418574691082)
0(0.0, 16.64595237884499)
0(0.0, 16.596234449180795)
0(0.0, 16.583098250942477)
0(0.0, 16.434294479121757)
0(0.0, 16.240518435050916)
0(0.0, 16.211592343722035)
0(0.0, 16.181981869600293)
0(0.0, 16.170245644939722)
0(0.0, 16.109561783953467)
0(0.0, 15.874827813898769)
0(0.0, 15.84010327008337)
0(0.0, 15.79024962629537)
0(0.0, 15.788110860773893)
0(0.0, 15.787652112616126)
0(0.0, 15.742878138157693)
0(0.0, 15.703385633850177)
0(0.0, 15.693431811363785)
0(0.0, 15.68138566421951)
0(0.0, 15.665931514736586)
0(0.0, 15.501809307368545)
0(0.0, 15.49247299668904)
0(0.0, 15.466288579834025)
0(0.0, 15.445111218088776)
0(0.0, 15.41581567513403)
0(0.0, 15.312579346765517)
0(0.0, 15.29446251210469)
0(0.0, 15.279093009606612)
0(0.0, 15.231067661330165)
0(0.0, 15.216664530386435)
0(0.0, 15.111692662095905)
0(0.0, 15.110239781972814)
0(0.0, 15.07592668455541)
0(0.0, 15.068318254162994)
0(0.0, 15.054919707222645)
0(0.0, 15.010426532920638)
0(0.0, 14.971653925499869)
0(0.0, 14.91894102439086)
0(0.0, 14.835169131699274)
0(0.0, 14.80662447530162)
0(0.0, 14.80035057739002)
0(0.0, 14.774806287714153)
0(0.0, 14.689046707243959)
0(0.0, 14.61749477362278)
0(0.0, 14.613361695506535)
0(0.0, 14.610970619934452)
0(0.0, 14.546103905723616)
0(0.0, 14.52215743264058)
0(0.0, 14.520738991089642)
0(0.0, 14.460613187484567)
0(0.0, 14.447466351998322)
0(0.0, 14.446539544512015)
0(0.0, 14.392088854983967)
0(0.0, 14.374066120525313)
0(0.0, 14.34241261469568)
0(0.0, 14.308691747061347)
0(0.0, 14.277486109407052)
0(0.0, 14.202448026666108)
0(0.0, 14.167669158665447)
0(0.0, 14.106178089590586)
0(0.0, 14.039642023209915)
0(0.0, 14.005351209949213)
0(0.0, 13.99872216172275)
0(0.0, 13.989748033473127)
0(0.0, 13.985804724987721)
0(0.0, 13.932481523927132)
0(0.0, 13.881586226717042)
0(0.0, 13.856031468878806)
0(0.0, 13.854162603153455)
0(0.0, 13.847395065200207)
0(0.0, 13.84294121450984)
0(0.0, 13.837819663848133)
0(0.0, 13.831635469514337)
0(0.0, 13.748515050968496)
0(0.0, 13.72523799957141)
0(0.0, 13.691182360992258)
0(0.0, 13.673836890804527)
0(0.0, 13.610797090752563)
0(0.0, 13.560138851891315)
0(0.0, 13.530955811939505)
0(0.0, 13.523860854451977)
0(0.0, 13.501532946482104)
0(0.0, 13.48862810133312)
0(0.0, 13.486463514106987)
0(0.0, 13.468869833503115)
0(0.0, 13.452424601044227)
0(0.0, 13.43692307404724)
0(0.0, 13.398688842010127)
0(0.0, 13.326840231538535)
0(0.0, 13.302478794750492)
0(0.0, 13.291618067962967)
0(0.0, 13.21255131630922)
0(0.0, 13.208799318215389)
0(0.0, 13.163776915918017)
0(0.0, 12.99199792686119)
0(0.0, 12.986537572690603)
0(0.0, 12.963038984153803)
0(0.0, 12.950445042493376)
0(0.0, 12.857574753737612)
0(0.0, 12.85544272619393)
0(0.0, 12.806623425441527)
0(0.0, 12.744009562323749)
0(0.0, 12.732711062766487)
0(0.0, 12.72860973271919)
0(0.0, 12.708072530594583)
0(0.0, 12.662122748030587)
0(0.0, 12.658665649649814)
0(0.0, 12.533317090319597)
0(0.0, 12.45842372425386)
0(0.0, 12.383249098303484)
0(0.0, 12.336827905426427)
0(0.0, 12.24645553732166)
0(0.0, 12.202362464076174)
0(0.0, 12.189523266608257)
0(0.0, 12.10564164853558)
0(0.0, 12.055767232593396)
0(0.0, 12.008733204549909)
0(0.0, 11.998045152461861)
0(0.0, 11.988086264084105)
0(0.0, 11.926765547930552)
0(0.0, 11.86906080729151)
0(0.0, 11.855304090784484)
0(0.0, 11.74740737086353)
0(0.0, 11.697258160033204)
0(0.0, 11.661433041308086)
0(0.0, 11.590024697627761)
0(0.0, 11.573384164808006)
0(0.0, 11.536638434830614)
0(0.0, 11.43837325189097)
0(0.0, 11.41909070731318)
0(0.0, 11.344330720786951)
0(0.0, 11.3234683860618)
0(0.0, 11.310295184570816)
0(0.0, 11.191719608378541)
0(0.0, 10.929260883182039)
0(0.0, 10.926641299479837)
0(0.0, 10.90584439628595)
0(0.0, 10.895713121788447)
0(0.0, 10.888682314677387)
0(0.0, 10.858435454727783)
0(0.0, 10.851535987805018)
0(0.0, 10.839786946207019)
0(0.0, 10.759065956503711)
0(0.0, 10.725617697756691)
0(0.0, 10.634188885478865)
0(0.0, 10.545848648478616)
0(0.0, 10.540624532944438)
0(0.0, 10.495268402196261)
0(0.0, 10.476750176219676)
0(0.0, 10.441734723636136)
0(0.0, 10.430016743515257)
0(0.0, 10.334247674972708)
0(0.0, 10.002953854584296)
0(0.0, 9.918670235937196)
0(0.0, 9.911096490232058)
0(0.0, 9.744370446532212)
0(0.0, 9.573721607043726)
0(0.0, 9.545781283891404)
0(0.0, 9.259698145862933)
0(0.0, 9.164375097894291)
0(0.0, 9.048760488955057)
0(0.0, 8.949785046786438)
0(0.0, 8.897807600304803)
0(0.0, 8.717130658731882)
0(0.0, 8.633557612319114)
0(0.0, 8.52857542141286)
0(0.0, 8.482435769802455)
0(0.0, 8.317007720701374)
0(0.0, 8.248010874406761)
0(0.0, 8.149909218919698)
0(0.0, 7.934684438113777)
0(0.0, 7.913011395038278)
0(0.0, 7.846497819933543)
0(0.0, 7.837143705926816)
0(0.0, 7.8300438464167925)
0(0.0, 7.72656001697446)
0(0.0, 7.671872413168205)
0(0.0, 7.624073234604663)
0(0.0, 7.539585098107534)
0(0.0, 7.484254877479937)
0(0.0, 7.483656098759643)
0(0.0, 7.425070585830545)
0(0.0, 7.2981184495767195)
0(0.0, 7.2414828740656825)
0(0.0, 7.229225125526425)
0(0.0, 7.197412880401534)
0(0.0, 7.1542269750442715)
0(0.0, 7.134541162412176)
0(0.0, 7.070367895604749)
0(0.0, 7.069260989974272)
0(0.0, 7.021070407554329)
0(0.0, 6.95248108855763)
0(0.0, 6.860355435933336)
0(0.0, 6.854055742660793)
0(0.0, 6.767206100005293)
0(0.0, 6.765436410727322)
0(0.0, 6.720369478822792)
0(0.0, 6.705825616947567)
0(0.0, 6.559831363715855)
0(0.0, 6.557367975884982)
0(0.0, 6.543862682991796)
0(0.0, 6.516332518167741)
0(0.0, 6.46880919450382)
0(0.0, 6.452847254022779)
0(0.0, 6.452499568477453)
0(0.0, 6.430569295731422)
0(0.0, 6.400691672294274)
0(0.0, 6.348748309102817)
0(0.0, 6.319733902154758)
0(0.0, 6.278430785820936)
0(0.0, 6.219264257037175)
0(0.0, 6.219222812655799)
0(0.0, 6.215476824966439)
0(0.0, 6.193159814377201)
0(0.0, 6.160729501749102)
0(0.0, 6.132357849539814)
0(0.0, 6.100531782771863)
0(0.0, 6.071741449553891)
0(0.0, 6.071174648282625)
0(0.0, 6.048851858970011)
0(0.0, 5.979976307148368)
0(0.0, 5.969766806890433)
0(0.0, 5.953163039324877)
0(0.0, 5.953156440339638)
0(0.0, 5.911941276865088)
0(0.0, 5.908236929030696)
0(0.0, 5.899468452740139)
0(0.0, 5.8976210035093795)
0(0.0, 5.879873305708721)
0(0.0, 5.8730375730091104)
0(0.0, 5.838274399485411)
0(0.0, 5.821154303429828)
0(0.0, 5.8058989005413295)
0(0.0, 5.790820547583732)
0(0.0, 5.764828006135225)
0(0.0, 5.742197717347905)
0(0.0, 5.693691119924417)
0(0.0, 5.672118476856815)
0(0.0, 5.622677963721589)
0(0.0, 5.620021786699602)
0(0.0, 5.614318245473076)
0(0.0, 5.610220600094713)
0(0.0, 5.587848611501962)
0(0.0, 5.557346597559761)
0(0.0, 5.555431437904933)
0(0.0, 5.527070780527228)
0(0.0, 5.523710101593941)
0(0.0, 5.521772355564642)
0(0.0, 5.5186002664653415)
0(0.0, 5.5061455486984645)
0(0.0, 5.496798563318369)
0(0.0, 5.481490599555585)
0(0.0, 5.429802574162967)
0(0.0, 5.423087680588958)
0(0.0, 5.415055317323587)
0(0.0, 5.396424911399523)
0(0.0, 5.370582570106249)
0(0.0, 5.361463094892733)
0(0.0, 5.358199680079826)
0(0.0, 5.349943736465606)
0(0.0, 5.317375125707442)
0(0.0, 5.301002811858912)
0(0.0, 5.273305899965053)
0(0.0, 5.263956099531558)
0(0.0, 5.235699206901975)
0(0.0, 5.234015319050588)
0(0.0, 5.214197665656666)
0(0.0, 5.199020320264804)
0(0.0, 5.195117995578482)
0(0.0, 5.174312427578626)
0(0.0, 5.17368272110682)
0(0.0, 5.138824049202392)
0(0.0, 5.1365471695086224)
0(0.0, 5.134314686224484)
0(0.0, 5.1259820140152925)
0(0.0, 5.098415003695961)
0(0.0, 5.095990829665889)
0(0.0, 5.073201459907536)
0(0.0, 5.060512939001388)
0(0.0, 5.046052410626085)
0(0.0, 5.006834054822544)
0(0.0, 5.00544739391353)
0(0.0, 4.998392448642621)
0(0.0, 4.994153580167359)
0(0.0, 4.993875294987728)
0(0.0, 4.9796772641420555)
0(0.0, 4.97478475252641)
0(0.0, 4.968831603659371)
0(0.0, 4.967809485759543)
0(0.0, 4.967146749977705)
0(0.0, 4.9669698875771635)
0(0.0, 4.9480295404702055)
0(0.0, 4.944612751642789)
0(0.0, 4.940973758833363)
0(0.0, 4.939402607986012)
0(0.0, 4.9339307378081605)
0(0.0, 4.933422836829806)
0(0.0, 4.903075802466134)
0(0.0, 4.886520904070788)
0(0.0, 4.869554109654465)
0(0.0, 4.861754990410203)
0(0.0, 4.858467603679753)
0(0.0, 4.8584515566096576)
0(0.0, 4.856153413815557)
0(0.0, 4.851343389134863)
0(0.0, 4.849968863675996)
0(0.0, 4.839479927293411)
0(0.0, 4.8318500827624815)
0(0.0, 4.8138425759291845)
0(0.0, 4.812949533281709)
0(0.0, 4.807088024421794)
0(0.0, 4.8030226918150865)
0(0.0, 4.802110780992516)
0(0.0, 4.792334455024427)
0(0.0, 4.792300336809081)
0(0.0, 4.786357484097532)
0(0.0, 4.7735567920323465)
0(0.0, 4.772223347138825)
0(0.0, 4.74521712819287)
0(0.0, 4.7300656171628255)
0(0.0, 4.722120629900404)
0(0.0, 4.704961922719064)
0(0.0, 4.699620448588831)
0(0.0, 4.683096524063173)
0(0.0, 4.658847435394974)
0(0.0, 4.6585196571935015)
0(0.0, 4.652313900606395)
0(0.0, 4.64214529833654)
0(0.0, 4.631172426741434)
0(0.0, 4.598913182569936)
0(0.0, 4.569801856563187)
0(0.0, 4.5298047544749656)
0(0.0, 4.495018717041788)
0(0.0, 4.386583183269098)
0(0.0, 4.365402073874028)
0(0.0, 4.316397465060828)
