1(1.3053099449734775, 1.6441363919842116)
1(1.325401236444981, 1.4827149598995875)
1(1.337924997394429, 1.4894849038919737)
1(1.297915215799563, 1.4317939801079833)
1(1.3509610876958027, 1.4812328780670392)
1(1.2948816008021524, 1.4227225002330564)
1(1.3672747489256682, 1.488748268580373)
1(1.352405213518488, 1.4700515804329992)
1(1.363904037421262, 1.479851441033163)
1(1.3029147361863207, 1.415361810583216)
1(1.378088233237037, 1.4897563943901875)
1(1.3547865751457646, 1.4654479280156998)
1(1.3333369039282614, 1.4328507823255727)
1(1.2796303846990105, 1.378101402617804)
1(1.3035161342449832, 1.4016979428432395)
1(1.3233455245973413, 1.421053872585947)
1(1.3815599864302035, 1.4790105129691185)
1(1.366910446280002, 1.4590345657811172)
1(1.45129969030672, 1.5404882363018184)
1(1.3109763505394225, 1.399962961001091)
1(1.4542384964833022, 1.5404882363018184)
1(1.342277814194144, 1.4284293233826346)
1(1.3605952196086852, 1.4465877369279987)
1(1.330508510611606, 1.4147741866494976)
1(1.309710936631656, 1.3908337758986464)
1(1.3223291034033873, 1.4033719222260674)
1(1.3135449477660721, 1.3931525282810553)
1(1.360274959049212, 1.4387489212585698)
1(1.335580844896497, 1.411513867820488)
1(1.311300256973487, 1.3870030908270332)
1(1.3732479020560493, 1.448204149275531)
1(1.3166119823898832, 1.389365033110149)
1(1.3132331812109939, 1.3844074941997915)
1(1.3235431273251694, 1.3936003605145235)
1(1.3932034756341176, 1.462133363306066)
1(1.362509587542169, 1.4309624690983884)
1(1.2783490500988004, 1.3433770743457982)
1(1.3591009179497677, 1.421053872585947)
1(1.383601441145789, 1.4454266561607645)
1(1.3626015914284075, 1.4223673903286003)
1(1.3878909066339569, 1.4442815485984568)
1(2.020900580014699, 2.0766131127740635)
1(1.3843155069616393, 1.4360888842930688)
1(1.3337083087707609, 1.3842512400940394)
1(1.364598247866112, 1.414582795831455)
1(1.3770069668805414, 1.4248791838593213)
1(1.3013452349831638, 1.3483896004520013)
1(0.524720499025662, 0.5706062314682656)
1(1.3539804755492204, 1.3980655326747504)
1(1.3890209517598144, 1.4289389811829647)
1(1.4074095066364758, 1.4470448783873953)
1(1.4001697338393835, 1.4378673735377079)
1(1.3883662441575209, 1.4259898526015946)
1(0.5320671287348899, 0.5695826370956968)
1(0.5182958415121018, 0.5521922236443844)
1(1.9914783689302347, 2.022847726530746)
1(0.5215254245407756, 0.5522916972824807)
1(0.5242207988261731, 0.5539840779796148)
1(1.3428377591972769, 1.3714462917731838)
1(1.3708095616297782, 1.3987581034701693)
1(0.5375499901001567, 0.5654775530339915)
1(1.4207995966562565, 1.4486716682944574)
1(1.405880790062678, 1.4335709109581778)
1(0.5220287139874378, 0.548767437645662)
1(2.0160741033574374, 2.0417750501442136)
1(0.532477881628047, 0.5569278101767481)
1(0.5403479120410951, 0.5643436429455071)
1(0.5252317918031465, 0.5490203624761641)
1(0.5188655698564545, 0.5420958730485957)
1(1.2973428814995343, 1.3205390332581206)
1(0.5244693972431872, 0.5458829509753105)
1(0.550715757060627, 0.5718903797354604)
1(0.5402485006677926, 0.5613672947385601)
1(0.5371598745351529, 0.5577416930520581)
1(0.5346958896435822, 0.5543446894269415)
1(0.535312249634803, 0.5543070264209674)
1(1.3371523804072865, 1.3558077642624375)
1(0.5190807628441505, 0.5375815414032946)
1(1.394633865686239, 1.4130487260579645)
1(0.5534829868116014, 0.5715622832429958)
1(0.5457388809163116, 0.5636025521999722)
1(0.5256735249181057, 0.5435048142664939)
1(0.5257786898038416, 0.5435048142664939)
1(0.5343754427175449, 0.5519128749294092)
1(0.5286600084942024, 0.5458829509753105)
1(1.41559744052213, 1.4322595058360965)
1(0.5323634239748609, 0.5489254222356587)
1(0.537656872032466, 0.5541296827735797)
1(1.3230357840058835, 1.3393580951306163)
1(0.5380653430024247, 0.5543016929275634)
1(0.5556797176257146, 0.5715622832429958)
1(0.5629953711445747, 0.5785925096982812)
1(1.3962093182011788, 1.4117667594422727)
1(0.5377769902311691, 0.5532233063187617)
1(0.5357655419115882, 0.5509501281017509)
1(0.5245713425577742, 0.5384889836110631)
1(2.0709899061545736, 2.0844626149806635)
1(1.366278603235923, 1.3793565911481387)
1(1.4422415800847759, 1.4552082559634305)
1(0.5412893504791083, 0.553768859800524)
1(0.5428513825722109, 0.5550263188919873)
1(1.4624629149973063, 1.4745366532958306)
1(0.5417301576685298, 0.5532233063187617)
1(0.5283528403965816, 0.539724875550918)
1(0.5396802114520381, 0.5509144589885848)
1(0.5491006384417904, 0.5602270430447364)
1(0.5372417240757388, 0.5481556104443224)
1(0.5347144382196459, 0.5451464618278034)
1(0.5421951464755974, 0.552002477792153)
1(0.5474664963330851, 0.556821166675916)
1(0.5529055909217537, 0.5622476199839266)
1(0.5543098915153147, 0.5636025521999722)
1(0.5517244441467185, 0.5604078444563939)
1(0.5518440851140283, 0.5604078444563939)
1(0.5594790946555468, 0.5676520517666015)
1(0.5618002799856807, 0.5691518119321691)
1(0.5567242136119085, 0.5636025521999722)
1(0.5532861837911534, 0.5599311405701992)
1(0.5424068908226308, 0.548767437645662)
1(1.4258741049136179, 1.4320389942743532)
1(0.5488057906500181, 0.5548066074983444)
1(1.4586612893930413, 1.4644031585194446)
1(0.5636311852603172, 0.5687281877757594)
1(1.3779184755916585, 1.3828489024728314)
1(0.5492852492724203, 0.5541296827735797)
1(0.5626053936857763, 0.5674202425869793)
1(0.5503470379514016, 0.5548111900505552)
1(0.5553781779328752, 0.5597677505222339)
1(1.3166400816724462, 1.3205390332581206)
1(0.549996247701107, 0.553768859800524)
1(0.5416896449198517, 0.5454307409351843)
1(0.5351537944103486, 0.5384889836110631)
1(0.5671196120707948, 0.5704132671152063)
1(0.5365255179542301, 0.539724875550918)
1(0.5569925963966694, 0.5592047076502505)
1(0.5421566462185208, 0.5441549186000828)
1(0.5556127675040893, 0.5569278101767481)
1(0.568095953587309, 0.569233529047953)
1(0.5386234960574529, 0.539724875550918)
1(0.5761963709683704, 0.5772620726179849)
1(0.5663649929103947, 0.5674147974861027)
1(1.5299755031357667, 1.530094256591709)
1(0.5657374747496401, 0.5658416753999951)
1(0.5434371806309547, 0.5435246793490441)
0(0.0, inf)
0(0.0, 1.9703271116735799)
0(0.0, 1.3700815972314628)
0(0.0, 1.3507041576678023)
0(0.0, 1.3461805653167327)
0(0.0, 1.3456559135810837)
0(0.0, 1.3438748492507757)
0(0.0, 1.3429572742987541)
0(0.0, 1.3175788998898517)
0(0.0, 1.3127044557730858)
0(0.0, 1.3115433831891579)
0(0.0, 1.308792881990114)
0(0.0, 1.3042383455050186)
0(0.0, 1.2998022314490363)
0(0.0, 1.2994716316303265)
0(0.0, 1.2956110889706522)
0(0.0, 1.294680323552308)
0(0.0, 1.2942595055332695)
0(0.0, 1.293327004651681)
0(0.0, 1.2912221759642466)
0(0.0, 1.2898919436192366)
0(0.0, 1.2860247388284265)
0(0.0, 1.2849829423180987)
0(0.0, 1.2756608702018226)
0(0.0, 1.272749881127448)
0(0.0, 1.272673458151142)
0(0.0, 1.2687464816861418)
0(0.0, 1.265798713018178)
0(0.0, 1.2654264886581599)
0(0.0, 1.2649967610343575)
0(0.0, 1.2646382817551527)
0(0.0, 1.261812431210159)
0(0.0, 1.2618115841844961)
0(0.0, 1.2606919894316388)
0(0.0, 1.260362281669414)
0(0.0, 1.2585601209662867)
0(0.0, 1.2533422481028373)
0(0.0, 1.251097400225696)
0(0.0, 1.2444871199392624)
0(0.0, 1.2425958651025837)
0(0.0, 1.2365893596317614)
0(0.0, 1.2326856619305329)
0(0.0, 1.2155847237549207)
0(0.0, 1.2099115513311456)
0(0.0, 1.2072802038436234)
0(0.0, 1.2067178918883195)
0(0.0, 1.2024587611319597)
0(0.0, 1.1963075092532451)
0(0.0, 1.1863231195968442)
0(0.0, 1.1834306678707929)
0(0.0, 1.1742383414713458)
0(0.0, 1.167488601413132)
0(0.0, 1.158515615423256)
0(0.0, 1.1536706145591724)
0(0.0, 1.0819407697663146)
0(0.0, 1.0249251523374323)
0(0.0, 0.9971607005404001)
0(0.0, 0.9582310371247894)
0(0.0, 0.955277962141177)
0(0.0, 0.9537425915139989)
0(0.0, 0.9418341688654973)
0(0.0, 0.9228725911838089)
0(0.0, 0.9166333037318807)
0(0.0, 0.9150476101685201)
0(0.0, 0.9130065619403892)
0(0.0, 0.9116925179597696)
0(0.0, 0.8951744937191439)
0(0.0, 0.8836021092901878)
0(0.0, 0.8713940211742084)
0(0.0, 0.8664946448611388)
0(0.0, 0.8621773763318987)
0(0.0, 0.8569259101866483)
0(0.0, 0.8531424638347459)
0(0.0, 0.852419626308006)
0(0.0, 0.8508965927245697)
0(0.0, 0.8493067331880442)
0(0.0, 0.8457496407448633)
0(0.0, 0.8432184006101475)
0(0.0, 0.8383098760186537)
0(0.0, 0.8377703808105446)
0(0.0, 0.8356126701570427)
0(0.0, 0.8336699172265422)
0(0.0, 0.830110616342096)
0(0.0, 0.8281891113760204)
0(0.0, 0.8189640857422558)
0(0.0, 0.8101108143929947)
0(0.0, 0.80917970850002)
0(0.0, 0.8085714954096848)
0(0.0, 0.7983517427862821)
0(0.0, 0.795337086592368)
0(0.0, 0.794676268752748)
0(0.0, 0.7939052607458614)
0(0.0, 0.7821038419018759)
0(0.0, 0.7779728653018402)
0(0.0, 0.7738292245201023)
0(0.0, 0.7673610977412781)
0(0.0, 0.7661928056558845)
0(0.0, 0.7636721053336494)
0(0.0, 0.7606925233856057)
0(0.0, 0.7583735777345602)
0(0.0, 0.7443187832320324)
0(0.0, 0.739166713838687)
0(0.0, 0.7265049010235762)
0(0.0, 0.7217610331731417)
0(0.0, 0.7174615677807764)
0(0.0, 0.7105901494551744)
0(0.0, 0.7092156302317857)
0(0.0, 0.7021053612660811)
0(0.0, 0.6826362189698458)
0(0.0, 0.6581138471295436)
0(0.0, 0.6562597581451557)
0(0.0, 0.5947775227767261)
0(0.0, 0.5645708404378141)
0(0.0, 0.5622330789597678)
0(0.0, 0.5491637867681216)
0(0.0, 0.5489672370477209)
0(0.0, 0.5474764511490143)
0(0.0, 0.5366148689726514)
0(0.0, 0.5308287821580997)
0(0.0, 0.5297461321613541)
0(0.0, 0.5277616064999069)
0(0.0, 0.5269948558016778)
0(0.0, 0.5268751830323465)
0(0.0, 0.5267841289346205)
0(0.0, 0.5260132107675473)
0(0.0, 0.522791689269216)
0(0.0, 0.5221985849805495)
0(0.0, 0.521688482002085)
0(0.0, 0.5194739055450664)
0(0.0, 0.5188182637070287)
0(0.0, 0.5184262057930558)
0(0.0, 0.5179498879728092)
0(0.0, 0.5173318424331228)
0(0.0, 0.517071127998949)
0(0.0, 0.5166641010216872)
0(0.0, 0.5164525139573579)
0(0.0, 0.5162408814421311)
0(0.0, 0.5162394793991142)
0(0.0, 0.5158953774942355)
0(0.0, 0.5153604589088613)
0(0.0, 0.514838302574622)
0(0.0, 0.5145006063363198)
0(0.0, 0.5141231363318746)
0(0.0, 0.5126029832361035)
0(0.0, 0.511882208235296)
0(0.0, 0.5113341056096468)
0(0.0, 0.5105299915025069)
0(0.0, 0.5103159244197079)
0(0.0, 0.5097741009496646)
0(0.0, 0.5090795582077083)
0(0.0, 0.5083351014302703)
0(0.0, 0.5082256845619757)
0(0.0, 0.5036950486703722)
0(0.0, 0.5026887750298803)
0(0.0, 0.5021625818582898)
0(0.0, 0.5020584247974235)
0(0.0, 0.5017349962095697)
0(0.0, 0.4992960607631226)
0(0.0, 0.4986277997558161)
0(0.0, 0.49755124417715685)
0(0.0, 0.49724560683465857)
0(0.0, 0.496111649634702)
0(0.0, 0.49575584781460674)
0(0.0, 0.4943577885476854)
0(0.0, 0.49395482891930276)
0(0.0, 0.49254876078597304)
0(0.0, 0.4918821741224502)
0(0.0, 0.4911578791686236)
0(0.0, 0.4905734313691013)
0(0.0, 0.489151513879947)
0(0.0, 0.4809731540374185)
0(0.0, 0.4804311394086397)
0(0.0, 0.4564439477698827)
0(0.0, 0.4547319876835462)
0(0.0, 0.449322114948414)
0(0.0, 0.44792922649008654)
0(0.0, 0.4339397658846507)
0(0.0, 0.4318602037715844)
0(0.0, 0.4285561913088253)
0(0.0, 0.42475959429770704)
0(0.0, 0.4215672385342371)
0(0.0, 0.4126242513574429)
0(0.0, 0.4107057976979522)
0(0.0, 0.41037056534964433)
0(0.0, 0.40105274728086654)
0(0.0, 0.3999109486133499)
0(0.0, 0.3974145406852782)
0(0.0, 0.38722388508224587)
0(0.0, 0.38622858175236585)
0(0.0, 0.38229464678641256)
0(0.0, 0.37547262345469584)
0(0.0, 0.367740883860653)
0(0.0, 0.36059866879469077)
0(0.0, 0.36057836362043466)
0(0.0, 0.35343841980716223)
0(0.0, 0.3503151483803675)
0(0.0, 0.34811712193495586)
0(0.0, 0.3459210237979484)
0(0.0, 0.3434026880307865)
0(0.0, 0.33713354710585686)
0(0.0, 0.3347698825215281)
0(0.0, 0.33122916148308446)
0(0.0, 0.3277398696182687)
0(0.0, 0.32585884410624)
0(0.0, 0.3246783089238079)
0(0.0, 0.3183530571420049)
0(0.0, 0.3183217510436515)
0(0.0, 0.30530604979379605)
0(0.0, 0.29513779170308807)
0(0.0, 0.2935165151758599)
0(0.0, 0.2707815156508831)
0(0.0, 0.2543100086419026)
