1(5.834157646796372, 6.281430787303459)
1(5.814650652424574, 6.244041640956412)
1(2.4216229636596482, 2.595611260039949)
1(2.516993402610466, 2.662351031651994)
1(2.1501538843285277, 2.2887865470989754)
1(1.6122259650176256, 1.746584109234874)
1(2.9554373716075015, 3.087155047072942)
1(2.7302275472903452, 2.843665891798124)
1(1.6462832798107048, 1.7506608276989728)
1(2.792065541509907, 2.8929985836143044)
1(2.6898509517555693, 2.776295111258676)
1(2.7544337837260424, 2.829529905959189)
1(2.6877284626509916, 2.7616827258383005)
1(2.1642243055083985, 2.233249665803221)
1(2.365045804912622, 2.4319567296938462)
1(2.539956953810816, 2.6055949291958216)
1(1.4350445488694323, 1.4977191221629433)
1(1.4362080495624339, 1.4985588951190911)
1(2.619261443934229, 2.6812356586489647)
1(2.730721753392864, 2.786367964094545)
1(2.723071070546235, 2.7769994537464058)
1(1.895214146663273, 1.9487399009723791)
1(1.6363865618055358, 1.689534749898607)
1(1.4529873797013586, 1.505677599945607)
1(1.660667184779838, 1.7131304167340584)
1(1.7437418682357408, 1.7959510569353117)
1(2.211974653144481, 2.262681301006866)
1(2.7598836003501392, 2.8067790200431273)
1(2.5213991339248008, 2.567501860014043)
1(1.458386054631174, 1.5038188225622717)
1(2.7845618319246297, 2.8274961202516904)
1(0.949291421495477, 0.9919893054802758)
1(2.7964495292026856, 2.838990063878844)
1(2.6392579339173556, 2.680817334297671)
1(3.0413148439840048, 3.082559390311357)
1(2.834890556776363, 2.874927794985197)
1(2.7374087649398215, 2.776295111258676)
1(2.0374672410419565, 2.075985387625294)
1(1.6475854879001082, 1.6851939505470206)
1(0.7223481529924002, 0.759841408067424)
1(0.7883816986307514, 0.8256842445867241)
1(0.7228897838712083, 0.759575593481748)
1(2.5769661200655127, 2.6136334328394106)
1(0.674181846882051, 0.7103504226669702)
1(0.6209977165464138, 0.6570433755702512)
1(2.8567354123436184, 2.8925257387908454)
1(0.6585058811353431, 0.6942432541902167)
1(0.8632373838782849, 0.8963630460541332)
1(0.7563351868108273, 0.7893164684956229)
1(1.4483303375653809, 1.4812334879349216)
1(2.5559606878449945, 2.588457679658695)
1(3.0508072433363993, 3.082559390311357)
1(1.6427246373944793, 1.6730841150276299)
1(2.5323663127783096, 2.56189475142399)
1(2.506453171801996, 2.5348001460801832)
1(1.643272323508026, 1.670419795253812)
1(0.6764310632247849, 0.7030858471686339)
1(0.7214333085698117, 0.7470338918776961)
1(0.8849819501850172, 0.9104449977997875)
1(0.985736981830251, 1.0111592476910074)
1(1.4767018527608993, 1.5017398269727789)
1(0.8066605321047328, 0.8315807773155175)
1(0.8739294287071394, 0.898845772539217)
1(0.6943134494435363, 0.71915595246538)
1(1.3977094335122657, 1.4217135142827102)
1(0.7487023896707162, 0.7726481292810808)
1(1.9076592204116085, 1.9314025141651712)
1(0.7222829177554323, 0.7459850166243558)
1(1.6542470821478965, 1.677723365131567)
1(2.6053011167927362, 2.6274580166313126)
1(0.6065941269732363, 0.628282761394924)
1(0.7492343874418689, 0.7708891728915541)
1(0.6993077317477605, 0.7208118608974194)
1(1.5642921152333384, 1.5852189409302415)
1(1.492324796250465, 1.512249770424009)
1(0.63599926713502, 0.6557180009321825)
1(0.8633351440405568, 0.8826639563120819)
1(0.8976928892761448, 0.9160288195047729)
1(0.6472080869286457, 0.6654373224039999)
1(0.709475510542177, 0.7276156584114445)
1(0.7913851949835606, 0.8091610719768144)
1(0.6840235192556319, 0.7016123836363737)
1(0.6386709033739298, 0.6560923756751867)
1(0.7571496554878263, 0.7743960059484064)
1(1.653609378932254, 1.670419795253812)
1(2.6152188748048073, 2.631810124140085)
1(0.6887805473800309, 0.7046710092299407)
1(2.7547228980303844, 2.770443311300458)
1(2.207437917867955, 2.223041904999956)
1(2.4428650810039767, 2.4584171757884987)
1(0.6523139028579173, 0.6678424599861398)
1(1.9153315389284211, 1.930741299367043)
1(0.7398055778609927, 0.7550216263844329)
1(0.8108556448756735, 0.8256842445867241)
1(0.650244584996932, 0.6649809150712539)
1(2.7999805784357075, 2.8146528976271257)
1(1.4836567623317662, 1.4979139479543877)
1(1.4767293644348647, 1.4908041233337788)
1(1.9840021768078264, 1.997651220551996)
1(0.8472285679196377, 0.8608656087302032)
1(0.6825365118567241, 0.6953772214885974)
1(0.6903461727429226, 0.7030858471686339)
1(2.289308687843067, 2.3018728616761153)
1(0.6893539044563558, 0.7016123836363737)
1(0.6975860103970535, 0.7096330407593879)
1(0.7256395698253342, 0.7374688180345736)
1(0.6760112709258466, 0.6877149049345203)
1(0.6690576234466741, 0.6804327436881289)
1(0.6254371884872321, 0.6366192756256264)
1(2.464968039248967, 2.4756559895755377)
1(2.213328241069807, 2.2236384881519062)
1(0.6864060701575164, 0.6965937841692722)
1(0.7569351235195141, 0.7670216139068433)
1(1.6687000289978124, 1.6785982111444873)
1(0.7898441340876202, 0.7995306637145909)
1(0.9471670738191916, 0.95680374152293)
1(0.8705789044672176, 0.8801330972628483)
1(3.0751919971761956, 3.084660064046822)
1(0.6845596748186434, 0.6938428364222438)
1(2.8441808266762485, 2.853460416050535)
1(0.666579952666585, 0.6756707865496347)
1(0.8034840243386625, 0.8123686729126403)
1(3.1103231778104363, 3.118834179163733)
1(0.6557068434140961, 0.6641631925128756)
1(1.7546504541865446, 1.7630249941118925)
1(0.7296763414311714, 0.7379421191213958)
1(1.6658393433682495, 1.67401003869785)
1(1.8852024332902402, 1.8933051370906695)
1(0.6520626777564899, 0.6599701547019677)
1(2.810154532617978, 2.81806131433837)
1(1.4830010979783879, 1.4908041233337788)
1(0.8353687216085837, 0.8430587574332599)
1(0.6305422210275519, 0.6378879988880447)
1(0.7563053803327554, 0.7632988503976796)
1(1.0684450267527403, 1.0751428436115076)
1(0.6513673581066576, 0.65788321686119)
1(2.918129130682997, 2.924622447071716)
1(0.6659703878330715, 0.6724378420180869)
1(2.3697626716315, 2.3755207727370773)
1(0.8736780650603378, 0.8792980955679549)
1(0.713737254223426, 0.71915595246538)
1(0.6330482012202198, 0.6383854429298421)
1(0.6794114961506114, 0.6846075279478228)
1(0.7263292477315774, 0.7315225006811311)
1(1.7766756895325198, 1.7818047328685043)
1(0.7952393455755026, 0.8001694421168127)
1(1.6656323096863832, 1.670419795253812)
1(1.5080514618889709, 1.5128216581199188)
1(0.6813653108675521, 0.6858626792999865)
1(0.6654054042609209, 0.6698355765927578)
1(0.9052443838563218, 0.9091252973543866)
1(0.7973048088352312, 0.8009615027536515)
1(1.6707846059798042, 1.67401003869785)
1(0.8745662292923061, 0.8777809877961023)
1(1.0120415865824637, 1.015066246289561)
1(1.418799757255694, 1.4217135142827102)
1(0.7058532417558564, 0.7082878855373969)
1(0.6919352204742403, 0.6942432541902167)
1(0.6647377913513, 0.6670069467721502)
1(0.6404621138960965, 0.6425522751441112)
1(0.6453106983571788, 0.6473824690950841)
1(0.7173998623704658, 0.7192913991787846)
1(1.65558518558878, 1.6574041716518284)
1(0.8007057783285431, 0.8024523160586268)
1(2.189092341693731, 2.190699709285122)
1(0.6411613223825173, 0.6427022592854108)
1(1.4201981196148978, 1.4217135142827102)
1(1.0571180893306678, 1.0585597163789044)
1(0.6393728356907297, 0.6408012871079188)
1(1.6997099101507196, 1.7011312869741462)
1(0.711117604159293, 0.7124435514701712)
1(0.807454754767009, 0.8087053470368827)
1(0.6559686856068215, 0.6570455862323259)
1(0.875276909696984, 0.8762457060880648)
1(1.687125480528995, 1.6880823601139607)
1(0.7814248673274482, 0.7822999287111233)
1(0.8732582765774772, 0.8739098608193482)
1(0.6763494715002512, 0.6769097044560316)
1(0.7224316428824089, 0.7228916643362263)
1(0.7973065375662804, 0.7974726707817756)
1(0.6527803666383302, 0.6528226914687681)
0(0.0, inf)
0(0.0, 21.37045719306994)
0(0.0, 13.189711922929845)
0(0.0, 10.481448943880523)
0(0.0, 6.7476713639157815)
0(0.0, 6.1240152742424385)
0(0.0, 5.61491712146438)
0(0.0, 5.570137475709849)
0(0.0, 5.237998360834471)
0(0.0, 4.878381980423137)
0(0.0, 4.645722859289657)
0(0.0, 4.508817687207668)
0(0.0, 4.423926839772237)
0(0.0, 4.317983163992123)
0(0.0, 4.101010472727887)
0(0.0, 3.515469891920493)
0(0.0, 3.5143918377407166)
0(0.0, 3.451999417601611)
0(0.0, 3.4078298698042584)
0(0.0, 3.4056823550265563)
0(0.0, 3.1847032393845294)
0(0.0, 3.113612384744729)
0(0.0, 3.1041190921631845)
0(0.0, 3.0971492320263567)
0(0.0, 3.0828807606347497)
0(0.0, 2.98516539440921)
0(0.0, 2.9675554568655356)
0(0.0, 2.954624172958962)
0(0.0, 2.9310951185171126)
0(0.0, 2.9231173337550067)
0(0.0, 2.921148261597)
0(0.0, 2.9207827017058547)
0(0.0, 2.903341314878458)
0(0.0, 2.886487288315792)
0(0.0, 2.8667706680458904)
0(0.0, 2.864245174514301)
0(0.0, 2.8470935203945014)
0(0.0, 2.8106626658878984)
0(0.0, 2.784344078725358)
0(0.0, 2.7693853443274454)
0(0.0, 2.7628664197505524)
0(0.0, 2.759558502224734)
0(0.0, 2.755041236367584)
0(0.0, 2.7544812437515693)
0(0.0, 2.742781209667977)
0(0.0, 2.742500358664222)
0(0.0, 2.7227476618779574)
0(0.0, 2.7170976137138334)
0(0.0, 2.7123910120737866)
0(0.0, 2.7099105063206164)
0(0.0, 2.709210367745916)
0(0.0, 2.7025786716769287)
0(0.0, 2.7023854123272875)
0(0.0, 2.7002037885270243)
0(0.0, 2.69963685966671)
0(0.0, 2.692661089248021)
0(0.0, 2.6843616990307755)
0(0.0, 2.6684582940226664)
0(0.0, 2.6618134923757335)
0(0.0, 2.652526776840125)
0(0.0, 2.649241674853089)
0(0.0, 2.6314186281829155)
0(0.0, 2.6205514091118)
0(0.0, 2.603531929838349)
0(0.0, 2.6005556576552697)
0(0.0, 2.598767779759871)
0(0.0, 2.592092412117646)
0(0.0, 2.5826133794491573)
0(0.0, 2.567345167609297)
0(0.0, 2.566584572688111)
0(0.0, 2.5647920228269308)
0(0.0, 2.5520738060644024)
0(0.0, 2.54406506847616)
0(0.0, 2.5431043805831877)
0(0.0, 2.540325708173536)
0(0.0, 2.5251713945292407)
0(0.0, 2.523220829112868)
0(0.0, 2.505167088008023)
0(0.0, 2.4914705155525043)
0(0.0, 2.4885738961837793)
0(0.0, 2.487833448569053)
0(0.0, 2.4820789877333063)
0(0.0, 2.4774380720852913)
0(0.0, 2.4500058065117507)
0(0.0, 2.4443154848503164)
0(0.0, 2.4308290929863547)
0(0.0, 2.42812085643104)
0(0.0, 2.420401739901626)
0(0.0, 2.3953891936683727)
0(0.0, 2.394593701101662)
0(0.0, 2.3941272627595165)
0(0.0, 2.3873076435453275)
0(0.0, 2.385800753591571)
0(0.0, 2.3777697590618754)
0(0.0, 2.3644139710990357)
0(0.0, 2.358151987915979)
0(0.0, 2.3580253323134297)
0(0.0, 2.3472517294958455)
0(0.0, 2.3358505448113185)
0(0.0, 2.332657461059187)
0(0.0, 2.3289848388798946)
0(0.0, 2.3191864186438647)
0(0.0, 2.3168939628974434)
0(0.0, 2.3068144525686365)
0(0.0, 2.3056666230565614)
0(0.0, 2.302433629780415)
0(0.0, 2.2886639071244197)
0(0.0, 2.287919135961881)
0(0.0, 2.284012848233338)
0(0.0, 2.242539123133074)
0(0.0, 2.234402468153323)
0(0.0, 2.2310165066529017)
0(0.0, 2.224813113135293)
0(0.0, 2.2225703534208674)
0(0.0, 2.2079987368820837)
0(0.0, 2.20167830909606)
0(0.0, 2.191742159935276)
0(0.0, 2.149427272333415)
0(0.0, 2.1410344715871563)
0(0.0, 2.140249952544668)
0(0.0, 2.1301619806710135)
0(0.0, 2.124798121002947)
0(0.0, 2.121469897723181)
0(0.0, 2.1213698323023586)
0(0.0, 2.1196931365731624)
0(0.0, 2.1098133139447635)
0(0.0, 2.1012596016911007)
0(0.0, 2.0885137095441317)
0(0.0, 2.0634746524693592)
0(0.0, 2.0587009027708696)
0(0.0, 2.036949710354105)
0(0.0, 2.029718681814399)
0(0.0, 2.0244286948694445)
0(0.0, 2.0223312141185046)
0(0.0, 2.0155096559194288)
0(0.0, 1.9847426466319404)
0(0.0, 1.9825827298251613)
0(0.0, 1.9815475350687783)
0(0.0, 1.97716543093005)
0(0.0, 1.9728443290921795)
0(0.0, 1.9698636071959024)
0(0.0, 1.961103642792171)
0(0.0, 1.956385248947279)
0(0.0, 1.9451738343914315)
0(0.0, 1.942433153742063)
0(0.0, 1.931443064524595)
0(0.0, 1.8818094299013604)
0(0.0, 1.8735296418578888)
0(0.0, 1.8709410316892012)
0(0.0, 1.8570870345373678)
0(0.0, 1.8431364959810081)
0(0.0, 1.8312730629058707)
0(0.0, 1.82760415311119)
0(0.0, 1.8040236780297003)
0(0.0, 1.8000609761465154)
0(0.0, 1.7994191729603277)
0(0.0, 1.7608561772717444)
0(0.0, 1.760840839345408)
0(0.0, 1.7521274159276377)
0(0.0, 1.747633956216432)
0(0.0, 1.735201394683388)
0(0.0, 1.7333037681578152)
0(0.0, 1.7322256771889772)
0(0.0, 1.719927852443321)
0(0.0, 1.7049663584636032)
0(0.0, 1.7017401217750077)
0(0.0, 1.6967169978820003)
0(0.0, 1.683827753829689)
0(0.0, 1.677503854842482)
0(0.0, 1.6769233764672367)
0(0.0, 1.668831961482961)
0(0.0, 1.6652128184239452)
0(0.0, 1.6458366228707786)
0(0.0, 1.644541235122497)
0(0.0, 1.643903668414389)
0(0.0, 1.6300099675355009)
0(0.0, 1.6143969645314455)
0(0.0, 1.6106637094053355)
0(0.0, 1.6096721712267343)
0(0.0, 1.6081290929673109)
0(0.0, 1.6066924130386149)
0(0.0, 1.6055563688606622)
0(0.0, 1.6045548716259443)
0(0.0, 1.6014434749301465)
0(0.0, 1.596087202924554)
0(0.0, 1.5954631646722113)
0(0.0, 1.5950448785905942)
0(0.0, 1.593193242572389)
0(0.0, 1.5901223042484667)
0(0.0, 1.5886658554832098)
0(0.0, 1.5871893639881445)
0(0.0, 1.5858449005240287)
0(0.0, 1.5844868746492868)
0(0.0, 1.5827965839713418)
0(0.0, 1.5804705683216194)
0(0.0, 1.5673975492676855)
0(0.0, 1.5637515748606199)
0(0.0, 1.5584475007979335)
0(0.0, 1.5516228146570377)
0(0.0, 1.5506327042141417)
0(0.0, 1.546647352773956)
0(0.0, 1.5464223828209285)
0(0.0, 1.5391438282379972)
0(0.0, 1.5385856866526488)
0(0.0, 1.5327155013661615)
0(0.0, 1.5043980322818002)
0(0.0, 1.5034670852790706)
0(0.0, 1.4783685498468824)
0(0.0, 1.4741154765066993)
0(0.0, 1.4661386520153186)
0(0.0, 1.4613131312719803)
0(0.0, 1.4466586519912956)
0(0.0, 1.44380433754741)
0(0.0, 1.4353186228809283)
0(0.0, 1.4307643997095032)
0(0.0, 1.4288468403833987)
0(0.0, 1.4179054001082556)
0(0.0, 1.398453017355374)
0(0.0, 1.3932251245555378)
0(0.0, 1.3922705502861785)
0(0.0, 1.3922577394642668)
0(0.0, 1.3912958188607305)
0(0.0, 1.386617690894206)
0(0.0, 1.3836642697687065)
0(0.0, 1.3806989598526749)
0(0.0, 1.3798232880076131)
0(0.0, 1.36213821288981)
0(0.0, 1.3547597788193733)
0(0.0, 1.3540102987168505)
0(0.0, 1.3418707826780216)
0(0.0, 1.338238274650705)
0(0.0, 1.3326341283095706)
0(0.0, 1.3309645459715271)
0(0.0, 1.2905473266236156)
0(0.0, 1.2434902019681497)
0(0.0, 1.1353536843760446)
0(0.0, 1.134114743261502)
0(0.0, 1.1145954083973966)
0(0.0, 1.0561652465157623)
0(0.0, 1.0437669685050162)
0(0.0, 1.0384781033619854)
0(0.0, 1.0167322714432436)
0(0.0, 1.010009827732358)
0(0.0, 0.9983634498450185)
0(0.0, 0.9889882300468223)
0(0.0, 0.9553101804486696)
0(0.0, 0.9507124717242106)
0(0.0, 0.9445079520292167)
0(0.0, 0.9277480666944958)
0(0.0, 0.9246473798762906)
0(0.0, 0.9219252232267908)
0(0.0, 0.9185097240542843)
0(0.0, 0.9148078159372104)
0(0.0, 0.9103753797893043)
0(0.0, 0.9065513208669708)
0(0.0, 0.8971645971273658)
0(0.0, 0.8971328858147807)
0(0.0, 0.8823556205195711)
0(0.0, 0.8823550070536017)
0(0.0, 0.8733518055230581)
0(0.0, 0.8690337276271568)
0(0.0, 0.8685350697851258)
0(0.0, 0.8604550059195968)
0(0.0, 0.8603860427787703)
0(0.0, 0.8548827532392095)
0(0.0, 0.8497018898415353)
0(0.0, 0.8489178808315275)
0(0.0, 0.8421069707599599)
0(0.0, 0.8418189170892728)
0(0.0, 0.8362614245216509)
0(0.0, 0.8332816722856973)
0(0.0, 0.8197117124357544)
0(0.0, 0.818428138527887)
0(0.0, 0.8166973468667474)
0(0.0, 0.8152489382351306)
0(0.0, 0.8150306549866722)
0(0.0, 0.8118107469920135)
0(0.0, 0.808123405290876)
0(0.0, 0.8079607348899829)
0(0.0, 0.8066516771754993)
0(0.0, 0.8045163419830945)
0(0.0, 0.7909652708729463)
0(0.0, 0.7899038562508419)
0(0.0, 0.7894664872478452)
0(0.0, 0.7876970797152729)
0(0.0, 0.7867991242513369)
0(0.0, 0.7864190852101857)
0(0.0, 0.7862571753594217)
0(0.0, 0.784887842519515)
0(0.0, 0.7829021010461306)
0(0.0, 0.7821316838353712)
0(0.0, 0.7814496130108631)
0(0.0, 0.7801923352933293)
0(0.0, 0.7749563933089586)
0(0.0, 0.7730806899820463)
0(0.0, 0.7727558704833226)
0(0.0, 0.7708777948798655)
0(0.0, 0.7680566271044906)
0(0.0, 0.7677120857187693)
0(0.0, 0.7644906832953839)
0(0.0, 0.7641492318724039)
0(0.0, 0.7606678476594987)
0(0.0, 0.7605358582548392)
0(0.0, 0.7581611874304559)
0(0.0, 0.7574071689602954)
0(0.0, 0.7572477226575249)
0(0.0, 0.7568018742220674)
0(0.0, 0.7549065392593612)
0(0.0, 0.7526230281205438)
0(0.0, 0.7506687547365385)
0(0.0, 0.7475713039984578)
0(0.0, 0.7470857714753487)
0(0.0, 0.7448341918067684)
0(0.0, 0.7437712287044582)
0(0.0, 0.7434461866878006)
0(0.0, 0.742835121896725)
0(0.0, 0.7423239694827211)
0(0.0, 0.7417390771144741)
0(0.0, 0.7371458546515967)
0(0.0, 0.7339562822671186)
0(0.0, 0.7321859293914653)
0(0.0, 0.7321002979756346)
0(0.0, 0.7271525647689876)
0(0.0, 0.7251129733699264)
0(0.0, 0.717886604381041)
0(0.0, 0.7162388791022067)
0(0.0, 0.7161213348569363)
0(0.0, 0.7158992595273359)
0(0.0, 0.713598280563622)
0(0.0, 0.7131182206837677)
0(0.0, 0.7127699539722033)
0(0.0, 0.7111450308529031)
0(0.0, 0.7105450974618177)
0(0.0, 0.7104735858421597)
0(0.0, 0.7104525761759093)
0(0.0, 0.7076418337965378)
0(0.0, 0.7073437166509987)
0(0.0, 0.7070265995125561)
0(0.0, 0.7031227686907976)
0(0.0, 0.7022910555703443)
0(0.0, 0.7016648143489)
0(0.0, 0.7011152444090044)
0(0.0, 0.6997216683166575)
0(0.0, 0.6944536460974259)
0(0.0, 0.694202056854376)
0(0.0, 0.6931910554046609)
0(0.0, 0.6926315147765761)
0(0.0, 0.691639958347885)
0(0.0, 0.6910349454746026)
0(0.0, 0.6895048301559537)
0(0.0, 0.6893306891498923)
0(0.0, 0.6886143815989103)
0(0.0, 0.687435409118213)
0(0.0, 0.6842668265171692)
0(0.0, 0.68200264166045)
0(0.0, 0.6789403727418928)
0(0.0, 0.6779701381277018)
0(0.0, 0.6775792160330938)
0(0.0, 0.6748607504694162)
0(0.0, 0.6739411549191294)
0(0.0, 0.673816764181125)
0(0.0, 0.6727688276593731)
0(0.0, 0.6714257424967616)
0(0.0, 0.6712062941940792)
0(0.0, 0.6710648180430188)
0(0.0, 0.6709739028801553)
0(0.0, 0.6703283874322992)
0(0.0, 0.6698722862390422)
0(0.0, 0.6675587772381847)
0(0.0, 0.6661176386044604)
0(0.0, 0.6659949630045573)
0(0.0, 0.6643667618955686)
0(0.0, 0.6628317787617957)
0(0.0, 0.6581062016176283)
0(0.0, 0.6579648186476849)
0(0.0, 0.6545519147208755)
0(0.0, 0.6542625043532933)
0(0.0, 0.6515516627562236)
0(0.0, 0.6500114516263948)
0(0.0, 0.6497315177186609)
0(0.0, 0.6470140367691452)
0(0.0, 0.6463387345535053)
0(0.0, 0.6454053312242466)
0(0.0, 0.6429861634690348)
0(0.0, 0.6415287628293702)
0(0.0, 0.6405554820136614)
0(0.0, 0.6398373000422616)
0(0.0, 0.6395542735919484)
0(0.0, 0.6389790785105117)
0(0.0, 0.637858897292419)
0(0.0, 0.6377292787688604)
0(0.0, 0.6375480402998166)
0(0.0, 0.6364869731815939)
0(0.0, 0.6348963476702296)
0(0.0, 0.63339900831304)
0(0.0, 0.6332545467530141)
0(0.0, 0.6309821494236382)
0(0.0, 0.6268392080647275)
0(0.0, 0.6265185549963327)
0(0.0, 0.6239162625853063)
0(0.0, 0.6237612556031659)
0(0.0, 0.618896187813327)
0(0.0, 0.6182948547747916)
0(0.0, 0.6167093676871931)
0(0.0, 0.6156334623470073)
0(0.0, 0.6146653439724398)
0(0.0, 0.6142956384035205)
0(0.0, 0.6123650269746073)
0(0.0, 0.610977920721411)
0(0.0, 0.6103100978894311)
0(0.0, 0.6075349426818453)
0(0.0, 0.6072274493829751)
0(0.0, 0.6053961222068714)
0(0.0, 0.6041902685670283)
0(0.0, 0.603354744306447)
0(0.0, 0.6032187140699077)
0(0.0, 0.6009644941295738)
0(0.0, 0.5991428222458286)
0(0.0, 0.5989703816342062)
0(0.0, 0.598063393654743)
0(0.0, 0.5947589516937847)
0(0.0, 0.5939970231451148)
0(0.0, 0.5938276779882943)
0(0.0, 0.5937809410972146)
0(0.0, 0.5900194616980634)
0(0.0, 0.5865010415944166)
0(0.0, 0.5862325570375101)
0(0.0, 0.5828025007292511)
0(0.0, 0.5821206504262755)
0(0.0, 0.5790432295002418)
0(0.0, 0.5745016166340499)
0(0.0, 0.5707054197459517)
