1(15.349410641688735, 15.496767570185606)
1(15.375115803885038, 15.44001602580279)
1(15.54027389175553, 15.553468616720197)
1(7.326339213770732, 7.331433225093856)
0(0.0, inf)
0(0.0, 252.38368563904)
0(0.0, 232.7342263603387)
0(0.0, 145.0004390568229)
0(0.0, 65.48307036229909)
0(0.0, 46.15129157834766)
0(0.0, 36.78311992526128)
0(0.0, 32.48818651936884)
0(0.0, 31.194649704016133)
0(0.0, 30.055972239470957)
0(0.0, 29.7921634514365)
0(0.0, 29.56567231009888)
0(0.0, 28.982884051722547)
0(0.0, 28.75764483443609)
0(0.0, 28.738705866245123)
0(0.0, 28.540321766502217)
0(0.0, 28.44811314595316)
0(0.0, 28.16829310702734)
0(0.0, 28.11915351049021)
0(0.0, 28.06101981087257)
0(0.0, 28.024174363106734)
0(0.0, 27.524323391837466)
0(0.0, 27.44630402925107)
0(0.0, 27.38863466910543)
0(0.0, 27.29984203656808)
0(0.0, 27.10204285985385)
0(0.0, 27.07562899012819)
0(0.0, 26.894269775238808)
0(0.0, 26.78714305331612)
0(0.0, 26.56524962153543)
0(0.0, 26.53713815021088)
0(0.0, 26.53566175187033)
0(0.0, 26.46368195163089)
0(0.0, 26.450745124350988)
0(0.0, 26.08933223365114)
0(0.0, 25.967902060939373)
0(0.0, 25.945451169306864)
0(0.0, 25.784857029844552)
0(0.0, 25.773482496061373)
0(0.0, 25.696914162215975)
0(0.0, 25.628514209542804)
0(0.0, 25.623081540772457)
0(0.0, 25.568377676298624)
0(0.0, 25.409673632390348)
0(0.0, 25.24325631852268)
0(0.0, 25.22081152559134)
0(0.0, 25.19965302362322)
0(0.0, 25.18534273978387)
0(0.0, 25.120087173738284)
0(0.0, 25.08867555182187)
0(0.0, 25.07735818074264)
0(0.0, 24.95254536753356)
0(0.0, 24.94296928412985)
0(0.0, 24.90048486013043)
0(0.0, 24.812891367891943)
0(0.0, 24.749507553032174)
0(0.0, 24.727970120282535)
0(0.0, 24.6306806196825)
0(0.0, 24.559378727057695)
0(0.0, 24.483134246929986)
0(0.0, 24.46048818889173)
0(0.0, 24.330649801393694)
0(0.0, 24.327061155606504)
0(0.0, 24.29179517160732)
0(0.0, 24.25403905568567)
0(0.0, 24.19672006146971)
0(0.0, 24.132006791564205)
0(0.0, 24.087448800114878)
0(0.0, 24.06077624534468)
0(0.0, 24.039495930014947)
0(0.0, 24.024484584198508)
0(0.0, 23.909405448626266)
0(0.0, 23.87534172602807)
0(0.0, 23.828031436630468)
0(0.0, 23.782985831087956)
0(0.0, 23.549942432690273)
0(0.0, 23.508676231614444)
0(0.0, 23.417322765519422)
0(0.0, 23.300320052243443)
0(0.0, 23.129640834608992)
0(0.0, 23.129335316684447)
0(0.0, 23.09708110376903)
0(0.0, 22.96807787173173)
0(0.0, 22.94528145011646)
0(0.0, 22.855613086717675)
0(0.0, 22.574303210055806)
0(0.0, 22.54570684568584)
0(0.0, 22.485310297344608)
0(0.0, 22.45904330506894)
0(0.0, 22.452213992233382)
0(0.0, 22.42392501984873)
0(0.0, 22.37498389460289)
0(0.0, 22.294732612928048)
0(0.0, 22.27810048663265)
0(0.0, 22.15637239211509)
0(0.0, 21.883522155484222)
0(0.0, 21.880896220356274)
0(0.0, 21.775872071147397)
0(0.0, 21.75629305703749)
0(0.0, 21.7487322922449)
0(0.0, 21.696868963208473)
0(0.0, 21.669963109806027)
0(0.0, 21.656927519354134)
0(0.0, 21.6335774102203)
0(0.0, 21.587309884819586)
0(0.0, 21.56006778238741)
0(0.0, 21.53382728957193)
0(0.0, 21.4629964890407)
0(0.0, 21.451697333304633)
0(0.0, 21.36464988322407)
0(0.0, 21.11853104641821)
0(0.0, 21.075909284625617)
0(0.0, 21.037491573443667)
0(0.0, 20.967575211008853)
0(0.0, 20.96280697026865)
0(0.0, 20.88487677979377)
0(0.0, 20.869316721310213)
0(0.0, 20.86235242351402)
0(0.0, 20.635224341153574)
0(0.0, 20.524844787443662)
0(0.0, 20.517328489459477)
0(0.0, 20.44467226469569)
0(0.0, 20.43384227952034)
0(0.0, 20.41996493749588)
0(0.0, 20.392500503191897)
0(0.0, 20.206462423799746)
0(0.0, 20.204269713133368)
0(0.0, 19.943443515856877)
0(0.0, 19.80035830047603)
0(0.0, 19.6635146686392)
0(0.0, 19.620683381269465)
0(0.0, 19.616063368852444)
0(0.0, 19.60531492693276)
0(0.0, 19.52924411407585)
0(0.0, 19.447393556772177)
0(0.0, 19.4064856616919)
0(0.0, 19.400332138087208)
0(0.0, 19.076446231199416)
0(0.0, 19.032721682986644)
0(0.0, 18.962607146042842)
0(0.0, 18.822041011104655)
0(0.0, 18.773478607478395)
0(0.0, 18.766039315288733)
0(0.0, 18.74299171657904)
0(0.0, 18.46644510888955)
0(0.0, 18.463141822166197)
0(0.0, 18.46093473252114)
0(0.0, 18.137988125340907)
0(0.0, 18.130626245253985)
0(0.0, 18.09369328783335)
0(0.0, 17.996733450625996)
0(0.0, 17.80564177504194)
0(0.0, 17.792779225572605)
0(0.0, 17.779661430384955)
0(0.0, 17.63164638459898)
0(0.0, 17.554461756939943)
0(0.0, 17.539994827915457)
0(0.0, 17.52116502039543)
0(0.0, 17.494553228542696)
0(0.0, 17.439230162993105)
0(0.0, 17.422293035428062)
0(0.0, 17.409622084099507)
0(0.0, 17.359969802486216)
0(0.0, 17.313291198077458)
0(0.0, 17.278016335923102)
0(0.0, 17.250369526935064)
0(0.0, 17.24677175890384)
0(0.0, 17.181168779077243)
0(0.0, 17.150895347232755)
0(0.0, 17.123893659637897)
0(0.0, 17.062225008210874)
0(0.0, 17.056823913610252)
0(0.0, 16.942845614561307)
0(0.0, 16.858678520457687)
0(0.0, 16.850864970818982)
0(0.0, 16.82740974871125)
0(0.0, 16.771207057359856)
0(0.0, 16.758418870298627)
0(0.0, 16.756744457914223)
0(0.0, 16.687821819263988)
0(0.0, 16.68398587166771)
0(0.0, 16.674454326695976)
0(0.0, 16.618976052397883)
0(0.0, 16.592059027093224)
0(0.0, 16.58928953763604)
0(0.0, 16.588853809861842)
0(0.0, 16.557034399123623)
0(0.0, 16.459718518362394)
0(0.0, 16.444431720627144)
0(0.0, 16.433135154888177)
0(0.0, 16.42874551949222)
0(0.0, 16.234092593559133)
0(0.0, 16.21398537320064)
0(0.0, 16.196277857206113)
0(0.0, 16.12190034903339)
0(0.0, 16.074453661628016)
0(0.0, 16.074002776732197)
0(0.0, 15.908567792171349)
0(0.0, 15.836858094153378)
0(0.0, 15.802425928819787)
0(0.0, 15.776668777141987)
0(0.0, 15.701427378490795)
0(0.0, 15.663067500710415)
0(0.0, 15.594654930369336)
0(0.0, 15.585875073634115)
0(0.0, 15.564444198469698)
0(0.0, 15.504093086554601)
0(0.0, 15.497568279360575)
0(0.0, 15.482440505886395)
0(0.0, 15.4762919044253)
0(0.0, 15.472311432058605)
0(0.0, 15.43473033621306)
0(0.0, 15.363567208492231)
0(0.0, 15.361911105249474)
0(0.0, 15.352978707854444)
0(0.0, 15.307321263089985)
0(0.0, 15.298945908279878)
0(0.0, 15.296728931748495)
0(0.0, 15.259207085500778)
0(0.0, 15.180312964659036)
0(0.0, 15.096583137681154)
0(0.0, 15.067669296990436)
0(0.0, 15.019357412547173)
0(0.0, 14.988995871412367)
0(0.0, 14.897783672405744)
0(0.0, 14.812840525652062)
0(0.0, 14.707139279814923)
0(0.0, 14.676388412618538)
0(0.0, 14.508245947145648)
0(0.0, 14.438574155472425)
0(0.0, 14.343593245063255)
0(0.0, 14.287489113751983)
0(0.0, 14.261850452794302)
0(0.0, 14.205353574965455)
0(0.0, 14.144335528611844)
0(0.0, 13.786429221744243)
0(0.0, 13.64193101417255)
0(0.0, 13.25928439839313)
0(0.0, 12.942176463141026)
0(0.0, 12.76102488938279)
0(0.0, 12.735543003093621)
0(0.0, 12.627122594944503)
0(0.0, 12.382101098091713)
0(0.0, 12.343774299057818)
0(0.0, 12.264156603699591)
0(0.0, 12.0719339709825)
0(0.0, 11.969110829711148)
0(0.0, 11.89326868805239)
0(0.0, 11.889225998179503)
0(0.0, 11.879496894251123)
0(0.0, 11.688432160010802)
0(0.0, 11.606098683915722)
0(0.0, 11.534447268965915)
0(0.0, 11.529746630049774)
0(0.0, 11.449670118470506)
0(0.0, 11.383642332374716)
0(0.0, 11.18089335576348)
0(0.0, 11.154957404387972)
0(0.0, 11.033203215286855)
0(0.0, 11.02447791183593)
0(0.0, 10.910452678841779)
0(0.0, 10.839277643588398)
0(0.0, 10.749595762588271)
0(0.0, 10.7290881020117)
0(0.0, 10.69616269642835)
0(0.0, 10.587961807483659)
0(0.0, 10.531433003839206)
0(0.0, 10.44001666142085)
0(0.0, 10.431637646857139)
0(0.0, 10.27943627945276)
0(0.0, 10.178176069613537)
0(0.0, 10.1615953611529)
0(0.0, 10.137558931339985)
0(0.0, 10.131501703372141)
0(0.0, 10.115822635890726)
0(0.0, 9.795872959032666)
0(0.0, 9.758525335288347)
0(0.0, 9.662481549452693)
0(0.0, 9.579410016755912)
0(0.0, 9.554188045860338)
0(0.0, 9.539394094438762)
0(0.0, 9.538662991753808)
0(0.0, 9.52264477775756)
0(0.0, 9.485014961522483)
0(0.0, 9.453090052385829)
0(0.0, 9.452416046038564)
0(0.0, 9.449665704914045)
0(0.0, 9.382571832301172)
0(0.0, 9.339154128415275)
0(0.0, 9.318589438209605)
0(0.0, 9.300805291278825)
0(0.0, 9.24798760681909)
0(0.0, 9.207938769432442)
0(0.0, 9.189521132681117)
0(0.0, 9.172093800249463)
0(0.0, 9.124703298809658)
0(0.0, 9.095333309039248)
0(0.0, 9.022648859236854)
0(0.0, 8.98697973535682)
0(0.0, 8.982020655043378)
0(0.0, 8.945946753403716)
0(0.0, 8.798207606368008)
0(0.0, 8.771379795585013)
0(0.0, 8.736963428908329)
0(0.0, 8.733095771430463)
0(0.0, 8.618064121218922)
0(0.0, 8.598054096287637)
0(0.0, 8.569484236880614)
0(0.0, 8.550790638349984)
0(0.0, 8.527482900848623)
0(0.0, 8.517436268659987)
0(0.0, 8.470721116145556)
0(0.0, 8.452253821570377)
0(0.0, 8.413777408367173)
0(0.0, 8.391928025913748)
0(0.0, 8.372499291982585)
0(0.0, 8.360752410819538)
0(0.0, 8.31044591236097)
0(0.0, 8.29670448280918)
0(0.0, 8.277506747331982)
0(0.0, 8.226635259676891)
0(0.0, 8.200726529808211)
0(0.0, 8.19471516748546)
0(0.0, 8.168756554997314)
0(0.0, 8.167217039156865)
0(0.0, 8.165176938530603)
0(0.0, 8.132926565819456)
0(0.0, 8.08296471827336)
0(0.0, 8.067816659890257)
0(0.0, 8.05615207774009)
0(0.0, 8.04711761507151)
0(0.0, 8.045582677830705)
0(0.0, 8.039054650760413)
0(0.0, 8.024313351115415)
0(0.0, 8.010950267206557)
0(0.0, 7.983495257924313)
0(0.0, 7.9704047255663655)
0(0.0, 7.9506553786214065)
0(0.0, 7.850524230103854)
0(0.0, 7.8473220831039265)
0(0.0, 7.8418747851229735)
0(0.0, 7.839543914115357)
0(0.0, 7.838199818622877)
0(0.0, 7.836100612336175)
0(0.0, 7.813339351752024)
0(0.0, 7.74874158460453)
0(0.0, 7.695239846268265)
0(0.0, 7.666160829270392)
0(0.0, 7.653631433232902)
0(0.0, 7.595874464476247)
0(0.0, 7.551488516542664)
0(0.0, 7.536205701421928)
0(0.0, 7.515219186360806)
0(0.0, 7.503220236316396)
0(0.0, 7.47707292000731)
0(0.0, 7.469145725063095)
0(0.0, 7.46481873419358)
0(0.0, 7.449710810492811)
0(0.0, 7.439631504850339)
0(0.0, 7.419213189569386)
0(0.0, 7.41252742533189)
0(0.0, 7.309090298932282)
0(0.0, 7.302703994121486)
0(0.0, 7.301215866643943)
0(0.0, 7.290512379250607)
0(0.0, 7.250259052975126)
0(0.0, 7.214980219099189)
0(0.0, 7.197102622248566)
0(0.0, 7.187978517421824)
0(0.0, 7.182812963114659)
0(0.0, 7.174924079016227)
0(0.0, 7.172348025951679)
0(0.0, 7.162219862095756)
0(0.0, 7.147689055486588)
0(0.0, 7.139726637256683)
0(0.0, 7.10014989039495)
0(0.0, 7.098127151597359)
0(0.0, 7.058056770580648)
0(0.0, 7.021067995753974)
0(0.0, 7.000124999609786)
0(0.0, 6.9553622360735625)
0(0.0, 6.955357455592802)
0(0.0, 6.899969955907992)
0(0.0, 6.887966500619737)
0(0.0, 6.88347394313488)
0(0.0, 6.880391742147771)
0(0.0, 6.862486898251421)
0(0.0, 6.8376796259971115)
0(0.0, 6.830938428574313)
0(0.0, 6.811787683667848)
0(0.0, 6.80681018892601)
0(0.0, 6.795563174614325)
0(0.0, 6.762944124333637)
0(0.0, 6.742509049717376)
0(0.0, 6.734075836229754)
0(0.0, 6.689588324258341)
0(0.0, 6.638978487307053)
0(0.0, 6.634263959256808)
0(0.0, 6.605296546863237)
0(0.0, 6.604802992312032)
0(0.0, 6.59692050549696)
0(0.0, 6.593618485302845)
0(0.0, 6.547979304544778)
0(0.0, 6.53375355378137)
0(0.0, 6.460180596677928)
0(0.0, 6.445645371607147)
0(0.0, 6.374933715690094)
0(0.0, 6.336873099630606)
0(0.0, 6.336312486431038)
0(0.0, 6.324314922159792)
0(0.0, 6.322818602816002)
0(0.0, 6.304826376599309)
0(0.0, 6.282716837545897)
0(0.0, 6.254163990842924)
0(0.0, 6.151819060375413)
0(0.0, 6.144493662758326)
0(0.0, 6.120435936525303)
0(0.0, 6.109170638274697)
0(0.0, 6.108889764995234)
0(0.0, 6.073875499320022)
0(0.0, 5.988859050852477)
0(0.0, 5.90333101152391)
0(0.0, 5.8986753683401565)
0(0.0, 5.8946376739344695)
0(0.0, 5.872722975210898)
0(0.0, 5.852855050483089)
0(0.0, 5.8528288067142995)
0(0.0, 5.839939932418505)
0(0.0, 5.814768064935772)
0(0.0, 5.739373828003364)
0(0.0, 5.626582159082404)
0(0.0, 5.62166696787791)
