1(46.949430557294725, 47.89335305233478)
1(53.61243296574761, 54.204488601412365)
1(23.233863201009182, 23.49778050297265)
1(15.600475509931982, 15.846648138631522)
1(46.263154588907064, 46.49336365214831)
1(38.26025667632039, 38.41782058996798)
1(15.730702078461425, 15.883721515532363)
1(15.85714459005465, 15.941262246717274)
1(15.839447817353493, 15.88293380668692)
0(0.0, inf)
0(0.0, 2402.976580384527)
0(0.0, 1917.793996845162)
0(0.0, 1805.2425890845332)
0(0.0, 1137.0587860675123)
0(0.0, 994.5671412285764)
0(0.0, 642.6452215252293)
0(0.0, 557.896403652444)
0(0.0, 199.85668596888908)
0(0.0, 196.55323676698512)
0(0.0, 188.42362334140054)
0(0.0, 182.67100496720167)
0(0.0, 172.6894157678979)
0(0.0, 160.43175392423288)
0(0.0, 160.37072236298314)
0(0.0, 120.98142297910587)
0(0.0, 113.73146591876478)
0(0.0, 105.5286284556304)
0(0.0, 105.40150006266595)
0(0.0, 105.33678852221483)
0(0.0, 105.04273702042401)
0(0.0, 101.15715731011231)
0(0.0, 97.84949204675218)
0(0.0, 97.40643385626339)
0(0.0, 94.52457153864447)
0(0.0, 94.40038368633628)
0(0.0, 84.83652452905886)
0(0.0, 81.70790104255332)
0(0.0, 79.10687678185768)
0(0.0, 79.02950354274708)
0(0.0, 76.22214841888669)
0(0.0, 74.34854261176481)
0(0.0, 74.17405007585106)
0(0.0, 72.89554159798891)
0(0.0, 71.23555710253363)
0(0.0, 70.88464179073335)
0(0.0, 66.70334578967649)
0(0.0, 65.72744405646506)
0(0.0, 64.87689031352281)
0(0.0, 64.44633831720795)
0(0.0, 63.190367383170106)
0(0.0, 63.1035278189905)
0(0.0, 62.582025279969514)
0(0.0, 61.374113937229346)
0(0.0, 61.19677777289954)
0(0.0, 60.99044907101258)
0(0.0, 60.51404482691126)
0(0.0, 60.46515334289255)
0(0.0, 59.61491704539615)
0(0.0, 59.38302735929565)
0(0.0, 59.345992393261824)
0(0.0, 59.249099172202214)
0(0.0, 59.158925317605785)
0(0.0, 58.98658472932307)
0(0.0, 58.98319197119914)
0(0.0, 58.811602399027734)
0(0.0, 58.79864293554951)
0(0.0, 58.71476935692813)
0(0.0, 58.47728204793423)
0(0.0, 58.353792732571236)
0(0.0, 58.331247901851825)
0(0.0, 58.07006704642875)
0(0.0, 57.39161204321031)
0(0.0, 57.37086895513195)
0(0.0, 57.337994533768544)
0(0.0, 57.26669871054916)
0(0.0, 57.012802868853946)
0(0.0, 56.74553144055997)
0(0.0, 56.41884502702122)
0(0.0, 56.389394806856714)
0(0.0, 56.278906107614944)
0(0.0, 56.21308139703912)
0(0.0, 56.00679840156701)
0(0.0, 55.71286720506972)
0(0.0, 55.589296472514064)
0(0.0, 55.370028512582564)
0(0.0, 55.322344755966135)
0(0.0, 55.114783461110015)
0(0.0, 54.81794442471625)
0(0.0, 54.684796356045105)
0(0.0, 54.629023314203614)
0(0.0, 54.52611818187628)
0(0.0, 54.29186678548064)
0(0.0, 54.19414766042983)
0(0.0, 54.037604403709985)
0(0.0, 53.94239673647836)
0(0.0, 53.87046720358258)
0(0.0, 53.11898922373745)
0(0.0, 53.00742758003382)
0(0.0, 52.9770480895899)
0(0.0, 52.92325924966835)
0(0.0, 52.800014473646144)
0(0.0, 52.710430974214304)
0(0.0, 52.52447955626842)
0(0.0, 52.3262002326968)
0(0.0, 52.16951115560039)
0(0.0, 51.982954760584455)
0(0.0, 51.799368613903674)
0(0.0, 51.79534114923413)
0(0.0, 51.63223668285244)
0(0.0, 51.506855849988746)
0(0.0, 51.50568275819217)
0(0.0, 51.4454450692782)
0(0.0, 51.42100360382565)
0(0.0, 51.306879438368476)
0(0.0, 50.885485328086716)
0(0.0, 50.65772164836041)
0(0.0, 50.53393549151684)
0(0.0, 50.32761501549614)
0(0.0, 50.156246339369)
0(0.0, 49.98709719773695)
0(0.0, 49.95964740812689)
0(0.0, 49.916861212049454)
0(0.0, 49.84528265510461)
0(0.0, 49.82147934277483)
0(0.0, 49.582394311780845)
0(0.0, 49.535519177410976)
0(0.0, 49.50395856790571)
0(0.0, 49.502879829082694)
0(0.0, 49.355415962444546)
0(0.0, 49.33431329082792)
0(0.0, 49.31336525904626)
0(0.0, 49.267694569518994)
0(0.0, 49.06214954763718)
0(0.0, 49.007936124323464)
0(0.0, 49.001847618979845)
0(0.0, 48.98111172799213)
0(0.0, 48.97172565244022)
0(0.0, 48.92679350954441)
0(0.0, 48.78856585151439)
0(0.0, 48.76210785609641)
0(0.0, 48.75990560684187)
0(0.0, 48.57129718779541)
0(0.0, 48.5255842105301)
0(0.0, 48.45844280398799)
0(0.0, 48.40815188554047)
0(0.0, 48.40007485742575)
0(0.0, 48.2493359513333)
0(0.0, 48.06079513300376)
0(0.0, 47.90658745165215)
0(0.0, 47.88356874148378)
0(0.0, 47.780745767583205)
0(0.0, 47.77376259499994)
0(0.0, 47.74069565758078)
0(0.0, 47.74059622893114)
0(0.0, 47.46683241432781)
0(0.0, 47.434646277175474)
0(0.0, 47.42978545806771)
0(0.0, 47.42850129943511)
0(0.0, 47.426762490205356)
0(0.0, 47.378564548186674)
0(0.0, 47.376748201740135)
0(0.0, 47.25149455693064)
0(0.0, 47.22619834233955)
0(0.0, 47.185495501250266)
0(0.0, 47.16885419340443)
0(0.0, 46.96759299008634)
0(0.0, 46.79776625575328)
0(0.0, 46.728646645665684)
0(0.0, 46.724313817670655)
0(0.0, 46.31877238309067)
0(0.0, 46.290675581115536)
0(0.0, 46.22167278069188)
0(0.0, 46.2177854082647)
0(0.0, 46.18991133959487)
0(0.0, 46.12973449689724)
0(0.0, 46.10726183444718)
0(0.0, 46.01004285867136)
0(0.0, 45.88074259850874)
0(0.0, 45.805682284372246)
0(0.0, 45.774881061758286)
0(0.0, 45.61890427213458)
0(0.0, 45.56500345854209)
0(0.0, 45.5548283895804)
0(0.0, 45.45795431327015)
0(0.0, 45.268291861107365)
0(0.0, 45.22882625344578)
0(0.0, 45.0310822277804)
0(0.0, 44.997082311698016)
0(0.0, 44.85049554322744)
0(0.0, 44.8174158746769)
0(0.0, 44.76091335048265)
0(0.0, 44.73590551145608)
0(0.0, 44.6475117695911)
0(0.0, 44.44604187780357)
0(0.0, 44.44027343582541)
0(0.0, 44.34131236088223)
0(0.0, 44.3183510156226)
0(0.0, 44.3041025648523)
0(0.0, 44.21168638476312)
0(0.0, 44.06268410789446)
0(0.0, 44.01014129346054)
0(0.0, 43.94128545130309)
0(0.0, 43.73575303329044)
0(0.0, 43.70352872895321)
0(0.0, 43.641364084460776)
0(0.0, 43.44010774446196)
0(0.0, 43.24910100464592)
0(0.0, 43.23577141448086)
0(0.0, 43.089755677220964)
0(0.0, 43.03984039387347)
0(0.0, 43.03269180983901)
0(0.0, 42.76389723873624)
0(0.0, 42.634309252831606)
0(0.0, 42.514848698203146)
0(0.0, 42.300703397639)
0(0.0, 42.0150704409144)
0(0.0, 41.97413611787563)
0(0.0, 41.688990890896584)
0(0.0, 41.64215413154912)
0(0.0, 41.588169074071175)
0(0.0, 41.563566563444404)
0(0.0, 41.259312399204646)
0(0.0, 40.99210624615487)
0(0.0, 40.95881780668)
0(0.0, 40.83469216675001)
0(0.0, 40.76415613411316)
0(0.0, 40.40783065219006)
0(0.0, 40.40163949060379)
0(0.0, 40.3336966458968)
0(0.0, 40.33270918256545)
0(0.0, 40.296851697574375)
0(0.0, 40.24602246137346)
0(0.0, 40.109826865827365)
0(0.0, 39.65260120166329)
0(0.0, 39.613844030053805)
0(0.0, 39.46324881750153)
0(0.0, 39.41260441058704)
0(0.0, 39.078628164816486)
0(0.0, 39.07342575360441)
0(0.0, 38.73763754160875)
0(0.0, 38.73517786151055)
0(0.0, 38.3530564109147)
0(0.0, 38.010014854745215)
0(0.0, 37.817355316195034)
0(0.0, 37.5924878735972)
0(0.0, 36.491342293916276)
0(0.0, 35.0577155321912)
0(0.0, 34.637834305125025)
0(0.0, 34.16404197583997)
0(0.0, 32.940545901158416)
0(0.0, 32.88786773036855)
0(0.0, 32.330589370244425)
0(0.0, 31.899176763805645)
0(0.0, 31.537758415923385)
0(0.0, 31.52352963635812)
0(0.0, 31.17276405820751)
0(0.0, 30.611760929028023)
0(0.0, 30.337319209921834)
0(0.0, 29.36107196366622)
0(0.0, 29.14623051199677)
0(0.0, 29.07283829982861)
0(0.0, 29.05225861959738)
0(0.0, 28.94369010406144)
0(0.0, 28.85882167427818)
0(0.0, 28.858071187965272)
0(0.0, 28.7988544344725)
0(0.0, 28.77593362916392)
0(0.0, 28.415428777293283)
0(0.0, 28.373732859357983)
0(0.0, 27.937393774891955)
0(0.0, 27.726535159373547)
0(0.0, 27.69866655893332)
0(0.0, 27.689262310179842)
0(0.0, 27.21897290386196)
0(0.0, 26.938195004060347)
0(0.0, 26.624402360493164)
0(0.0, 26.477915836468004)
0(0.0, 26.4771734162128)
0(0.0, 26.41950164742609)
0(0.0, 26.256966637269112)
0(0.0, 26.254388210613712)
0(0.0, 26.12756106577102)
0(0.0, 26.115802878497615)
0(0.0, 25.91258458531031)
0(0.0, 25.87803677188076)
0(0.0, 25.68949289234785)
0(0.0, 25.642691215447527)
0(0.0, 25.631029994661283)
0(0.0, 24.980468897854927)
0(0.0, 24.78940985106026)
0(0.0, 24.784904338370062)
0(0.0, 24.196864168584387)
0(0.0, 24.127074672200475)
0(0.0, 24.044030896913366)
0(0.0, 23.97685606071123)
0(0.0, 23.969230236383233)
0(0.0, 23.88758256190854)
0(0.0, 23.707118266158098)
0(0.0, 23.608596113617452)
0(0.0, 23.49081012864384)
0(0.0, 23.216239623276767)
0(0.0, 23.118155571312823)
0(0.0, 23.07333108705604)
0(0.0, 23.0201675650638)
0(0.0, 22.9397329172349)
0(0.0, 22.909883901272686)
0(0.0, 22.82664717313171)
0(0.0, 22.73130231530398)
0(0.0, 22.65523340752465)
0(0.0, 22.64538706934122)
0(0.0, 22.540786500559207)
0(0.0, 22.505829840973277)
0(0.0, 22.43619162312725)
0(0.0, 22.427486854039717)
0(0.0, 22.341974584848508)
0(0.0, 22.307355821544064)
0(0.0, 22.221255331171623)
0(0.0, 22.117022619870195)
0(0.0, 22.048007693926966)
0(0.0, 21.99174530891117)
0(0.0, 21.99137993660023)
0(0.0, 21.83245820797355)
0(0.0, 21.780708904806023)
0(0.0, 21.755959230747802)
0(0.0, 21.581131159368855)
0(0.0, 21.463167538337977)
0(0.0, 21.406643089429476)
0(0.0, 21.361074712497686)
0(0.0, 21.336346812444376)
0(0.0, 21.281472030879982)
0(0.0, 21.139222011613914)
0(0.0, 21.13096618177039)
0(0.0, 20.999142535850826)
0(0.0, 20.95107250771672)
0(0.0, 20.924932070343896)
0(0.0, 20.92330169960407)
0(0.0, 20.8397570121731)
0(0.0, 20.763048857722747)
0(0.0, 20.688154946192235)
0(0.0, 20.68764052749834)
0(0.0, 20.678675821608497)
0(0.0, 20.613381007136653)
0(0.0, 20.585594828429763)
0(0.0, 20.557616220800064)
0(0.0, 20.53587947599399)
0(0.0, 20.245742553799328)
0(0.0, 20.172018547399464)
0(0.0, 19.983556679295397)
0(0.0, 19.95403481515718)
0(0.0, 19.903349438176836)
0(0.0, 19.858784775548035)
0(0.0, 19.85458649014573)
0(0.0, 19.801655721564792)
0(0.0, 19.79902857878731)
0(0.0, 19.727515990607277)
0(0.0, 19.67874628006172)
0(0.0, 19.64650749774718)
0(0.0, 19.59175109992839)
0(0.0, 19.55463371762033)
0(0.0, 19.549609240716933)
0(0.0, 19.45255607996721)
0(0.0, 19.354189443054757)
0(0.0, 19.117176478154324)
0(0.0, 18.927996549082316)
0(0.0, 18.898467429050914)
0(0.0, 18.85605250918896)
0(0.0, 18.705347672242958)
0(0.0, 18.677345775188204)
0(0.0, 18.564577984051414)
0(0.0, 18.526549680297062)
0(0.0, 18.36226188129414)
0(0.0, 18.31792010235784)
0(0.0, 18.285472594205327)
0(0.0, 18.282071379793397)
0(0.0, 18.276822977571907)
0(0.0, 18.253041631209776)
0(0.0, 18.185488440336428)
0(0.0, 18.15398101457492)
0(0.0, 18.146607919057374)
0(0.0, 18.107839791429374)
0(0.0, 18.029920542342943)
0(0.0, 17.951366515374925)
0(0.0, 17.932546392107227)
0(0.0, 17.884375651782886)
0(0.0, 17.80115978279826)
0(0.0, 17.597920681772596)
0(0.0, 17.568862308888864)
0(0.0, 17.565678608471366)
0(0.0, 17.518022031175462)
0(0.0, 17.49404135425047)
0(0.0, 17.414189131080853)
0(0.0, 17.3585056455716)
0(0.0, 17.314077294448325)
0(0.0, 17.313169195281855)
0(0.0, 17.265085380809413)
0(0.0, 17.087705187921692)
0(0.0, 16.999997495759384)
0(0.0, 16.9061533603968)
0(0.0, 16.7788552588513)
0(0.0, 16.66263968717098)
0(0.0, 16.580553301285654)
0(0.0, 16.561233490212288)
0(0.0, 16.558087904043713)
0(0.0, 16.52735566539664)
0(0.0, 16.39932425182059)
0(0.0, 16.383263649285947)
0(0.0, 16.380197908384936)
0(0.0, 16.370028570136395)
0(0.0, 16.363112599129913)
0(0.0, 16.360281385046953)
0(0.0, 16.359640506968155)
0(0.0, 16.352329849717588)
0(0.0, 16.344026824417007)
0(0.0, 16.309269579959487)
0(0.0, 16.279993103430666)
0(0.0, 16.27912127051604)
0(0.0, 16.217865386050626)
0(0.0, 16.21764371244501)
0(0.0, 16.18233549298919)
0(0.0, 16.11848833867479)
0(0.0, 16.116867661530076)
0(0.0, 16.064788063573026)
0(0.0, 15.87443895762978)
0(0.0, 15.848616260226477)
0(0.0, 15.836324266684452)
0(0.0, 15.831989898857108)
0(0.0, 15.782140660867237)
0(0.0, 15.684695049953143)
0(0.0, 15.609968491080298)
0(0.0, 15.601335600535254)
0(0.0, 15.598065314345677)
0(0.0, 15.563465459411356)
0(0.0, 15.539286896273264)
0(0.0, 15.509692926300524)
0(0.0, 15.475216866730612)
0(0.0, 15.469706484355607)
0(0.0, 15.458198730029059)
0(0.0, 15.255228423712678)
0(0.0, 15.163588145915176)
0(0.0, 15.054188229050984)
0(0.0, 14.890522124179583)
