1(0.69310566873556, 0.7825695529726943)
1(2.344837523756629, 2.4054919380731126)
1(0.749075137874316, 0.8030346765504689)
1(0.8388161835899404, 0.8891365875671863)
1(0.9477823276594735, 0.9953262258417361)
1(0.9762452844201694, 1.0145440461309159)
1(0.7286446003785177, 0.7654118710249962)
1(0.7122453056844722, 0.7449630740918648)
1(0.6967338376109782, 0.7285105169447292)
1(0.9797664954019166, 1.008963431246916)
1(0.6612606407814703, 0.6891855131186129)
1(0.6825996581475151, 0.7098991279859849)
1(0.6023218857116271, 0.6285061087321699)
1(0.5964502381513792, 0.6219546766152524)
1(0.6093749993793619, 0.6338683614773232)
1(0.6064183203679187, 0.6285061087321699)
1(0.9093771408823943, 0.9311869809562499)
1(0.7812299618081983, 0.802877033167993)
1(0.6154733828528921, 0.6368133453400153)
1(0.7663742223342771, 0.7870122188145625)
1(0.8071692174693871, 0.827785115712623)
1(0.6962327335856537, 0.7165906308130982)
1(0.7818435707711112, 0.8018048491486665)
1(0.6400719331409542, 0.6599414713447036)
1(0.738192887094674, 0.7579328567541423)
1(0.643510850385147, 0.6625255421632795)
1(0.7518604978756297, 0.7704588097824325)
1(0.6481985765376129, 0.6663830058212937)
1(0.6340338895908422, 0.6518998295293649)
1(0.7580027863364773, 0.7758022045057656)
1(0.6508241446696763, 0.6684202519016085)
1(0.8089350550759199, 0.8265285653114042)
1(0.8056383641716466, 0.8227024322465533)
1(0.6350060022955212, 0.6517177043776807)
1(0.837399697930841, 0.8537130137518668)
1(0.7771535085440695, 0.7934613472062161)
1(0.6606864747111035, 0.6760083538241844)
1(0.6276601517915178, 0.6427440593405449)
1(0.6202792681092925, 0.6351245859143284)
1(0.6982560965094117, 0.7125629698170152)
1(0.6325619618059427, 0.6468104990109504)
1(0.7329518740322205, 0.7470446471198513)
1(0.6615594499820493, 0.6751489034153518)
1(0.7262361437405308, 0.7392256049252716)
1(0.6676963324902575, 0.6803565741183908)
1(0.8017318967467822, 0.8142966952593712)
1(0.8273131565112356, 0.8397227470733387)
1(0.6285268495991779, 0.6407358856907868)
1(0.6728446308587884, 0.6850489449293122)
1(0.6444404268937508, 0.6565796167778671)
1(0.6377161273374093, 0.6498399825519323)
1(0.6798582102294712, 0.6918031950012363)
1(0.6177806216484518, 0.6296335050839454)
1(0.6309200134777274, 0.6423553844954516)
1(0.642268066191904, 0.6536775667746604)
1(0.6359815374680395, 0.6473260993473033)
1(0.7612831539138519, 0.7725288489081189)
1(0.66295145249912, 0.6740972757948182)
1(0.646210296616138, 0.6572139500918864)
1(0.9798844166572748, 0.9908827298680214)
1(0.653922783469242, 0.6647542676226117)
1(0.6593849557535215, 0.6699866224445009)
1(0.6137342714505725, 0.6241810909885509)
1(0.7322377347232687, 0.7424608903277724)
1(0.6363621339511766, 0.646471842781269)
1(0.6154290103651143, 0.6254454669483355)
1(0.6396600850909876, 0.649592662046157)
1(0.6095522161207894, 0.619035346110096)
1(0.6896343821423021, 0.6990835672561732)
1(0.7171975470198055, 0.7265719531048919)
1(0.6162784057169659, 0.6255825184451559)
1(0.7981681082275177, 0.8072838827349479)
1(0.654420993729251, 0.6632772642968481)
1(0.6695715018259939, 0.6782876841986427)
1(0.6201360478488676, 0.6287971849737352)
1(0.7302155588199203, 0.7388472241434236)
1(0.7135830455364562, 0.7221860721307334)
1(0.620725872781519, 0.6292587313705537)
1(0.6447612223614435, 0.6532801401334517)
1(0.6547268812761267, 0.6631774271523495)
1(0.6976218474439854, 0.7059345547945834)
1(0.6121494736556046, 0.6201791407155411)
1(0.7422302515692065, 0.7499994935175504)
1(0.6606140488607116, 0.6683302456050941)
1(0.6590149946167146, 0.6665464408704186)
1(0.7665567219882524, 0.7738898044449442)
1(0.6719259845575223, 0.6792178222736976)
1(0.6269185022625895, 0.6341304900946437)
1(0.6458897315741339, 0.6529298251623045)
1(0.6058534014350772, 0.6128093755876819)
1(0.6431319391622409, 0.6499072647350842)
1(0.6690718240351116, 0.6755622609570209)
1(0.8991877657234011, 0.9055344080974151)
1(0.7046558049992331, 0.7109070015380422)
1(0.6407195360835233, 0.6469578927420424)
1(0.6351203818996597, 0.6411883956166223)
1(0.6409229288013293, 0.6469578927420424)
1(0.639636302620021, 0.6455867650672429)
1(0.6142495176330918, 0.6201791407155411)
1(0.823050924985668, 0.8288478669601086)
1(1.069407118486686, 1.0747675586288479)
1(0.6770873030847548, 0.6823243986010904)
1(0.6645736914162054, 0.669695762532168)
1(0.7883860217939416, 0.7935034496786231)
1(0.7043077632178104, 0.7093223772585943)
1(0.6585430473537275, 0.6635444494438106)
1(0.6582286998490269, 0.6631436088231628)
1(0.6847203243566724, 0.6896004230033328)
1(0.7726385099865286, 0.7775151030830724)
1(0.7743164420862967, 0.7790812924790065)
1(0.8482887979381898, 0.8529857412192612)
1(0.6737550453020419, 0.6783154340143519)
1(0.6505368599819432, 0.6550561491482731)
1(0.852326542713646, 0.856776898533807)
1(0.6439229795566431, 0.6483240694893535)
1(0.6736977048006033, 0.6780043741948313)
1(0.620129923510414, 0.6242096459072014)
1(0.644880310050124, 0.6488853982388461)
1(0.6543828591824957, 0.658384223781558)
1(0.8728784773217743, 0.8768605307455744)
1(0.6398762765877226, 0.6436904986447809)
1(0.7400182657824331, 0.7436197862612558)
1(0.6520420441080753, 0.6555245150231656)
1(0.618590500026475, 0.6220059086598109)
1(0.7835639688743974, 0.7869211098794483)
1(0.6582172779043206, 0.661542633838963)
1(0.7643448055271833, 0.7676467546214052)
1(0.6880219488385293, 0.6913204940522635)
1(0.6171817571594804, 0.6202804794497287)
1(0.578955774355057, 0.5820498103518065)
1(0.5866474829716907, 0.5895612009032123)
1(0.6659679221745117, 0.6685963544832283)
1(0.7874868223019371, 0.7900586379764744)
1(0.614226107960718, 0.6167231747494247)
1(0.6735368012084981, 0.6760083538241844)
1(0.7515554306414853, 0.7536688372626577)
1(0.647860750053735, 0.6497850515094679)
1(0.6789743288654835, 0.6808687111177114)
1(0.7305881136376624, 0.7323911040277655)
1(0.6613639940595673, 0.6631436088231628)
1(0.6300848975394346, 0.6318161073819707)
1(0.6050253043786318, 0.6066525073346017)
1(0.6461062060101613, 0.6476504204826958)
1(0.6614593206446752, 0.6629473157283321)
1(0.6923887996543829, 0.6938614209627231)
1(0.6402359187004037, 0.6416934448131291)
1(0.601473033362084, 0.6028854478290038)
1(0.6570115115060274, 0.658384223781558)
1(0.6326761177593823, 0.6339569624978624)
1(0.6686006353193642, 0.6698238162538456)
1(0.6489212811395801, 0.6499072647350842)
1(1.064057167500508, 1.0650271049614062)
1(0.6629064338817834, 0.6638084670640368)
1(0.6267163018097016, 0.6276017003100727)
1(0.6448231016111059, 0.6456123465132003)
1(0.6806893977484515, 0.6814451900325509)
1(0.8021568958691819, 0.802877033167993)
1(0.6416794728520075, 0.6422588607352833)
1(0.6155222256862268, 0.6160817091321987)
1(0.6449976831898954, 0.6454728189118708)
1(0.7421253579521296, 0.7425743908622411)
1(0.67680971196509, 0.6772350105554235)
1(0.7642634459043275, 0.764661658653265)
1(0.7662131851671021, 0.7665682370344673)
1(0.6866463424257438, 0.6869666156869138)
1(0.7656562178670362, 0.7659513003085168)
1(0.8023499108934811, 0.8026430466137987)
1(0.6329587442746617, 0.6330841278223629)
1(0.886601925144727, 0.8866097771909687)
0(0.0, inf)
0(0.0, 2.855618830857751)
0(0.0, 2.5027848764249083)
0(0.0, 2.2915174784963397)
0(0.0, 2.137655529944135)
0(0.0, 1.9551651556989071)
0(0.0, 1.8281412064918128)
0(0.0, 1.827699128090769)
0(0.0, 1.7225975176646187)
0(0.0, 1.7058731085859486)
0(0.0, 1.6669684831697549)
0(0.0, 1.4674738334527275)
0(0.0, 1.3265499460051462)
0(0.0, 1.3012161714937014)
0(0.0, 1.2796437534815148)
0(0.0, 1.2396382094649347)
0(0.0, 1.2094711826867788)
0(0.0, 1.1339508218457537)
0(0.0, 1.1046501811788756)
0(0.0, 1.0877997801705246)
0(0.0, 1.0535142313802799)
0(0.0, 1.0534467123066422)
0(0.0, 1.025107795753685)
0(0.0, 1.0145347659762296)
0(0.0, 1.005161839939178)
0(0.0, 1.0011720085743014)
0(0.0, 0.989968011342058)
0(0.0, 0.9893343445970466)
0(0.0, 0.9771717171235131)
0(0.0, 0.9727306621714211)
0(0.0, 0.9713519725228118)
0(0.0, 0.95783744705954)
0(0.0, 0.9536360862781014)
0(0.0, 0.9479003763474675)
0(0.0, 0.9429061746075031)
0(0.0, 0.9419704567804731)
0(0.0, 0.9387515042864053)
0(0.0, 0.9321330023409372)
0(0.0, 0.9312361204724365)
0(0.0, 0.9283162270328279)
0(0.0, 0.9264023559849637)
0(0.0, 0.9162073516115447)
0(0.0, 0.9088775748752361)
0(0.0, 0.9080042437148035)
0(0.0, 0.9068161378662771)
0(0.0, 0.8973694939628507)
0(0.0, 0.8928426730281287)
0(0.0, 0.8903725121770381)
0(0.0, 0.8887292643904808)
0(0.0, 0.8870711135695712)
0(0.0, 0.8869066197335358)
0(0.0, 0.8858766192613113)
0(0.0, 0.8809938281328464)
0(0.0, 0.8778426596419402)
0(0.0, 0.8726523432695722)
0(0.0, 0.8721209536769785)
0(0.0, 0.8644074217079999)
0(0.0, 0.863426832866282)
0(0.0, 0.8483505240048103)
0(0.0, 0.8481611371077815)
0(0.0, 0.8378818981533364)
0(0.0, 0.8357693446667539)
0(0.0, 0.8323613816837985)
0(0.0, 0.8310010588432633)
0(0.0, 0.8272243142682356)
0(0.0, 0.8172790920752219)
0(0.0, 0.8093637023655911)
0(0.0, 0.8087641838890421)
0(0.0, 0.8076882246967862)
0(0.0, 0.8019122606324772)
0(0.0, 0.8017953576755272)
0(0.0, 0.8017857399249575)
0(0.0, 0.8015327645091893)
0(0.0, 0.8014716888063608)
0(0.0, 0.7962388682286121)
0(0.0, 0.7923209488738646)
0(0.0, 0.7916960011428053)
0(0.0, 0.7896692072963603)
0(0.0, 0.7884474538290587)
0(0.0, 0.7864342582458665)
0(0.0, 0.7858716589661413)
0(0.0, 0.7855647858799559)
0(0.0, 0.7843297598584873)
0(0.0, 0.7842089336256063)
0(0.0, 0.781316690077404)
0(0.0, 0.7792198024531368)
0(0.0, 0.77869575581466)
0(0.0, 0.7763532180160196)
0(0.0, 0.7753322315661927)
0(0.0, 0.7727276900545055)
0(0.0, 0.7690902699938273)
0(0.0, 0.7679307785434845)
0(0.0, 0.7635099867720173)
0(0.0, 0.7621701513994864)
0(0.0, 0.7614243701775351)
0(0.0, 0.76092678247378)
0(0.0, 0.7605677575258901)
0(0.0, 0.7598946566958237)
0(0.0, 0.7589356080600256)
0(0.0, 0.7578071802269463)
0(0.0, 0.7558687203196433)
0(0.0, 0.7545579120083902)
0(0.0, 0.7519396547984105)
0(0.0, 0.7508377893547633)
0(0.0, 0.7478506924364425)
0(0.0, 0.7476079608977783)
0(0.0, 0.746783260876367)
0(0.0, 0.7440789293918398)
0(0.0, 0.7417391877209911)
0(0.0, 0.740895014418052)
0(0.0, 0.7367021324381994)
0(0.0, 0.7362604009262455)
0(0.0, 0.7323705161647615)
0(0.0, 0.732324341899301)
0(0.0, 0.7299224170763555)
0(0.0, 0.7269930792133857)
0(0.0, 0.7264305454000699)
0(0.0, 0.7263979183887094)
0(0.0, 0.724120023578041)
0(0.0, 0.722820586413581)
0(0.0, 0.7225774168298503)
0(0.0, 0.721662654737024)
0(0.0, 0.7215730817145667)
0(0.0, 0.7214184938201762)
0(0.0, 0.7213132942701554)
0(0.0, 0.720997487792586)
0(0.0, 0.720692974896371)
0(0.0, 0.7202029119553999)
0(0.0, 0.7195283452666134)
0(0.0, 0.7192973555428327)
0(0.0, 0.7172361263665543)
0(0.0, 0.7166214555264522)
0(0.0, 0.7163230839813137)
0(0.0, 0.7154209973429408)
0(0.0, 0.7144140036807096)
0(0.0, 0.7142924627054041)
0(0.0, 0.7130871281987265)
0(0.0, 0.7113084154196417)
0(0.0, 0.7112105097747811)
0(0.0, 0.710735405602886)
0(0.0, 0.7094345189750363)
0(0.0, 0.7058159693840221)
0(0.0, 0.7049245362946297)
0(0.0, 0.7044843969722945)
0(0.0, 0.703593105582377)
0(0.0, 0.7024572365219275)
0(0.0, 0.6994433229904419)
0(0.0, 0.6973589932319101)
0(0.0, 0.6970294390012848)
0(0.0, 0.694010866845556)
0(0.0, 0.692331388138918)
0(0.0, 0.6922650786576798)
0(0.0, 0.6913722116551171)
0(0.0, 0.6903507222080927)
0(0.0, 0.6899182164106088)
0(0.0, 0.6892818168605301)
0(0.0, 0.6883998124636842)
0(0.0, 0.6883226387173892)
0(0.0, 0.6879757298610625)
0(0.0, 0.6875650890497286)
0(0.0, 0.6859738649169604)
0(0.0, 0.6855035455217177)
0(0.0, 0.6837324860947006)
0(0.0, 0.683299901135507)
0(0.0, 0.6826158575389976)
0(0.0, 0.6817148737376533)
0(0.0, 0.681328323066121)
0(0.0, 0.6811049287193365)
0(0.0, 0.6808686869446221)
0(0.0, 0.6784202910283634)
0(0.0, 0.6766306584716999)
0(0.0, 0.6765275527839041)
0(0.0, 0.6758262528809849)
0(0.0, 0.6749996109371257)
0(0.0, 0.6749235776732408)
0(0.0, 0.6734977337636816)
0(0.0, 0.6723696572034941)
0(0.0, 0.6723451054610472)
0(0.0, 0.6720916536760762)
0(0.0, 0.6717221144551075)
0(0.0, 0.6715087909765873)
0(0.0, 0.6692945003130234)
0(0.0, 0.6663030404564567)
0(0.0, 0.6656001803161458)
0(0.0, 0.6651952888004026)
0(0.0, 0.6651341754921015)
0(0.0, 0.664064393495431)
0(0.0, 0.6632892247201349)
0(0.0, 0.6629710272650039)
0(0.0, 0.6625215038355035)
0(0.0, 0.6624993312874923)
0(0.0, 0.662364309794859)
0(0.0, 0.6619500676980297)
0(0.0, 0.6614314553936768)
0(0.0, 0.6610231693955984)
0(0.0, 0.6605776632883441)
0(0.0, 0.6602611267544907)
0(0.0, 0.6599750766917882)
0(0.0, 0.6599622957822524)
0(0.0, 0.6598848285853801)
0(0.0, 0.6582531794399612)
0(0.0, 0.6576464139051063)
0(0.0, 0.657429484258802)
0(0.0, 0.657013315685512)
0(0.0, 0.6570035761345305)
0(0.0, 0.6551460110045251)
0(0.0, 0.6547305218904121)
0(0.0, 0.6544166558981286)
0(0.0, 0.653630614978013)
0(0.0, 0.6533477157457671)
0(0.0, 0.6533459661744702)
0(0.0, 0.6533213038407523)
0(0.0, 0.6523084655389731)
0(0.0, 0.6516370453967687)
0(0.0, 0.6504464627814581)
0(0.0, 0.6502332523909455)
0(0.0, 0.650211331817555)
0(0.0, 0.6501490820590826)
0(0.0, 0.6497889559520774)
0(0.0, 0.649299007427938)
0(0.0, 0.6491594289726499)
0(0.0, 0.6491384349914154)
0(0.0, 0.6489940344140109)
0(0.0, 0.648709172982212)
0(0.0, 0.6482743953704087)
0(0.0, 0.6474621536171178)
0(0.0, 0.647456335319041)
0(0.0, 0.6469036302437254)
0(0.0, 0.6468588335265388)
0(0.0, 0.646802207706038)
0(0.0, 0.6467903447042821)
0(0.0, 0.646706342448879)
0(0.0, 0.6461356940366916)
0(0.0, 0.646108063240986)
0(0.0, 0.645232459154805)
0(0.0, 0.6442438070121805)
0(0.0, 0.6441676216316556)
0(0.0, 0.6428437463885516)
0(0.0, 0.6421049959932311)
0(0.0, 0.6420209764579455)
0(0.0, 0.6418737638956438)
0(0.0, 0.6407009010342606)
0(0.0, 0.639738185011228)
0(0.0, 0.6394871184720468)
0(0.0, 0.63917692845008)
0(0.0, 0.6385629170778686)
0(0.0, 0.6382512641081961)
0(0.0, 0.6371813470184284)
0(0.0, 0.6365481084735066)
0(0.0, 0.6363807618528282)
0(0.0, 0.6358374002297734)
0(0.0, 0.635817658645153)
0(0.0, 0.6325767546777576)
0(0.0, 0.6324971306186074)
0(0.0, 0.6317683946202007)
0(0.0, 0.6316438328572532)
0(0.0, 0.6313120393347094)
0(0.0, 0.6300557145942581)
0(0.0, 0.6275413178166109)
0(0.0, 0.6274091586011189)
0(0.0, 0.6270537976569935)
0(0.0, 0.6267167601966501)
0(0.0, 0.6255104546548798)
0(0.0, 0.625064788642553)
0(0.0, 0.6248977034492867)
0(0.0, 0.6245241482116132)
0(0.0, 0.6243883525860736)
0(0.0, 0.6238161161023348)
0(0.0, 0.6233459086628848)
0(0.0, 0.6228937429387322)
0(0.0, 0.6223470036398031)
0(0.0, 0.6208302393645997)
0(0.0, 0.6202399272708063)
0(0.0, 0.6191315353594581)
0(0.0, 0.6162964134523066)
0(0.0, 0.6151590751348948)
0(0.0, 0.6142727174492099)
0(0.0, 0.6141925242907218)
0(0.0, 0.6132379441156596)
0(0.0, 0.6117310410083693)
0(0.0, 0.6114683963679864)
0(0.0, 0.6111781274743305)
0(0.0, 0.6105089592073251)
0(0.0, 0.6104027293960035)
0(0.0, 0.6096662907324414)
0(0.0, 0.6070852880034159)
0(0.0, 0.601972532429367)
0(0.0, 0.6013431312031281)
0(0.0, 0.6011206682685549)
0(0.0, 0.6007444321187019)
0(0.0, 0.5996151514845546)
0(0.0, 0.5983536816303355)
0(0.0, 0.5976701693370516)
0(0.0, 0.5967214525837113)
0(0.0, 0.5965988804758772)
0(0.0, 0.596106752207682)
0(0.0, 0.5957612274820969)
0(0.0, 0.5951349753501011)
0(0.0, 0.5925330449057833)
0(0.0, 0.5920677432179681)
0(0.0, 0.5918103785359933)
0(0.0, 0.5915201420486926)
0(0.0, 0.5902293588652392)
0(0.0, 0.5885006595854034)
0(0.0, 0.588053160100495)
0(0.0, 0.5872566316494003)
0(0.0, 0.5858091160962644)
0(0.0, 0.5840210590557874)
0(0.0, 0.5823012438938955)
0(0.0, 0.5814753358515007)
0(0.0, 0.5800009874051189)
0(0.0, 0.5789365838951588)
0(0.0, 0.5784171745106562)
0(0.0, 0.5771062580676681)
0(0.0, 0.5767184526023431)
0(0.0, 0.576128636404535)
0(0.0, 0.5687653289620952)
0(0.0, 0.5681162969669935)
0(0.0, 0.5665006691794281)
0(0.0, 0.5631611829377433)
0(0.0, 0.5590054996527665)
0(0.0, 0.555656200989971)
0(0.0, 0.5496068096902097)
