1(0.05567832748039536, 0.058891158175338694)
1(0.016939919558216974, 0.018955121188170766)
1(0.015268108699223555, 0.01719151519484304)
1(0.015420240364593399, 0.017261671076855098)
1(0.015138087806975627, 0.0169152868158259)
1(0.015004262622726725, 0.016765164497135224)
1(0.019572485391639846, 0.021112271877490353)
1(0.013591999104400338, 0.015117303827591624)
1(0.015543505656266948, 0.017064041957055645)
1(0.014753438854335901, 0.016235554365436246)
1(0.015422354642790466, 0.0168449979502646)
1(0.016324064419910553, 0.017697940591404233)
1(0.014496507941786505, 0.01579726379792456)
1(0.015709501746145053, 0.016988185108330795)
1(0.01700352681758907, 0.018274485483573927)
1(0.01612539439220303, 0.01738406705893027)
1(0.01793336282451207, 0.019178770239517848)
1(0.017791295201587853, 0.019025554527251767)
1(0.015698690234909458, 0.016908841205069816)
1(0.014509646786415665, 0.015692824569593856)
1(0.014989948463828293, 0.016163450669410363)
1(0.016540605816649984, 0.017705492991734302)
1(0.015857415055401863, 0.01701930323321127)
1(0.017206494309734997, 0.01835364411122154)
1(0.012641932850059202, 0.013751876628822442)
1(0.015623261218103104, 0.0167118327308482)
1(0.013518656129058063, 0.014605241674630235)
1(0.016647980335113246, 0.017725299863300032)
1(0.015225682025297919, 0.01629302989126339)
1(0.020336249715046387, 0.02138654412873468)
1(0.016076852080786606, 0.017125295553917546)
1(0.03055370094684246, 0.03158579475376491)
1(0.0159819196926419, 0.017007097842599576)
1(0.016374054461426847, 0.017386886299946915)
1(0.014117255007960072, 0.015122637766244128)
1(0.014802382248405464, 0.015772838488529624)
1(0.007687898647262879, 0.008642320284211151)
1(0.016293176674541162, 0.01724147686253872)
1(0.015155250857584165, 0.016086441549970958)
1(0.014002208707239498, 0.014907376743926093)
1(0.01802085549573187, 0.018919966415374766)
1(0.02012681819657607, 0.021014840448246516)
1(0.016311573867063996, 0.01719037083896305)
1(0.01681120323674237, 0.017689485633861027)
1(0.01823380575587498, 0.019102353654424788)
1(0.006240265646793554, 0.007083790942675302)
1(0.01604691287135514, 0.016877741003793433)
1(0.014548598165047492, 0.015376742097230741)
1(0.015878837491957298, 0.016701010664556298)
1(0.01585499584668099, 0.016664060890001203)
1(0.005433441652596446, 0.006235548215481902)
1(0.018666624130676882, 0.019461941972343556)
1(0.016999632421492838, 0.0177911759410251)
1(0.01660444926890717, 0.017386886299946915)
1(0.017947413762127145, 0.018723208610842226)
1(0.016321488805028345, 0.01708951682599741)
1(0.01317373559053015, 0.013931795124757769)
1(0.014912535007621238, 0.015668477440318563)
1(0.020560794306893348, 0.02131354836973076)
1(0.014978287196106723, 0.01572635032078081)
1(0.006097358655832272, 0.006832422183946438)
1(0.005844545417083841, 0.0065761588025831)
1(0.006352587957661789, 0.007083790942675302)
1(0.005797589562709081, 0.0065235733240644285)
1(0.015788399850513696, 0.01650710469089236)
1(0.022429113508361225, 0.023147543009868994)
1(0.01587680845602577, 0.016592380504774372)
1(0.01935671373078342, 0.020072237278198016)
1(0.006204463027885963, 0.006912716727744955)
1(0.018780462552991317, 0.019463754149880986)
1(0.016148912508186713, 0.016825393793173656)
1(0.015675958506353543, 0.016329241008846307)
1(0.01697986815081864, 0.01763274201105738)
1(0.017094847679834366, 0.017735001369014156)
1(0.015879831694773503, 0.01650710469089236)
1(0.006093379722915755, 0.006707349977544397)
1(0.005544740638200096, 0.006158238242413148)
1(0.017322280619700873, 0.017929212081829564)
1(0.006173543045053862, 0.006776393820633019)
1(0.018284667701296383, 0.018880838024168105)
1(0.008676361945294779, 0.009272526563895114)
1(0.015094604342470959, 0.015683564862994416)
1(0.015971080239730498, 0.016559840966255644)
1(0.017053062030570238, 0.01764126345703275)
1(0.01473473787612733, 0.015312453559853218)
1(0.016259663153592167, 0.016833329945320653)
1(0.015536142945276785, 0.01610918886754119)
1(0.01512881635262885, 0.015697200142070877)
1(0.021898615658221383, 0.022458284686221262)
1(0.005117652548551771, 0.005674308128630799)
1(0.017020529453176832, 0.01757711629036892)
1(0.016788842953279218, 0.017339606510311377)
1(0.01679073612538715, 0.017339606510311377)
1(0.01826522405984295, 0.018813392843154843)
1(0.019136461239153614, 0.019679878068348006)
1(0.016453975247734762, 0.016992257522527702)
1(0.01591510096478718, 0.01645122668255612)
1(0.015961173953872497, 0.01649653567749991)
1(0.005459375308948854, 0.005987113685652364)
1(0.015133585936432072, 0.015656574100234466)
1(0.015527482457381149, 0.01604780565876347)
1(0.01806890967520813, 0.018586365144615057)
1(0.016190654109287685, 0.016701010664556298)
1(0.01593984461118023, 0.01644284880281486)
1(0.0058715281110355766, 0.006370726462612752)
1(0.01639029117284952, 0.0168849396228141)
1(0.01863546800302701, 0.019128072327815143)
1(0.017024347715815766, 0.0175125143124371)
1(0.004897869951310445, 0.005379185004852906)
1(0.020917577161103457, 0.021384952625180698)
1(0.01647481883938187, 0.016935384874979253)
1(0.005495870073433582, 0.005954272305851163)
1(0.014845501513217925, 0.015301083045674683)
1(0.006390058644361525, 0.00684303328670792)
1(0.005665558797054674, 0.006116634057823387)
1(0.013989360932896005, 0.014438366352516356)
1(0.0057224563164199075, 0.0061701512325814155)
1(0.0174817203835889, 0.017929212081829564)
1(0.014953751994363154, 0.01540036751421696)
1(0.016434474963033328, 0.016874424953146443)
1(0.017591340880071662, 0.018030616187662305)
1(0.01663704297041766, 0.017075135500818874)
1(0.022307731893057313, 0.0227391375554246)
1(0.01705958014976304, 0.017490771204178773)
1(0.005209895477194952, 0.005638974233546055)
1(0.01729472184371738, 0.017716438161989697)
1(0.015330496413517244, 0.01574182480811377)
1(0.005722667688238292, 0.006132913188374697)
1(0.007988536550945146, 0.00839861243638546)
1(0.005380771950733678, 0.0057848918469478585)
1(0.005857466470679772, 0.006261430341967344)
1(0.016516887491743633, 0.016920812918900043)
1(0.0059699338331865495, 0.006366958703228194)
1(0.005177244519161752, 0.005572998667893907)
1(0.0071434538508491656, 0.007535514650950788)
1(0.015945274340241632, 0.016336620329260344)
1(0.016817585131841856, 0.017206937078001087)
1(0.016669315266147455, 0.017055950619887007)
1(0.016638115151633753, 0.017020643539634873)
1(0.01707573347362938, 0.01745818729452685)
1(0.005921673323435189, 0.006301354886937485)
1(0.004952991508638018, 0.005328609924159771)
1(0.006060781441959098, 0.0064315265438504325)
1(0.007037357822377922, 0.00740532047143733)
1(0.014326471081273811, 0.014694053822023352)
1(0.006271554828573913, 0.006637347185348941)
1(0.006779611538779248, 0.007142431400918869)
1(0.007413893358853629, 0.007776486387871212)
1(0.005298216936661882, 0.005650916920048654)
1(0.006181653094110683, 0.006534309110351829)
1(0.016843185534713877, 0.017195127629487588)
1(0.006509588167898457, 0.006852418406850204)
1(0.015221405679622626, 0.015554108598628175)
1(0.0075159758950690565, 0.007846730741380275)
1(0.005786643880950216, 0.006116634057823387)
1(0.006340109952039367, 0.006669348206004246)
1(0.01706005490128715, 0.017386886299946915)
1(0.005438931615478132, 0.005764770006321816)
1(0.015207219979795255, 0.015531707525459479)
1(0.005215465211140958, 0.005534721252998232)
1(0.005483477409244355, 0.005802621646447188)
1(0.017079390953645728, 0.017395355516627638)
1(0.00513883100209123, 0.005454480610456246)
1(0.01618783376186045, 0.016500777668537782)
1(0.006607066506644024, 0.006919096058494125)
1(0.017393150548422085, 0.017701342274985956)
1(0.005939795587949599, 0.006243287754685316)
1(0.0060201758936611295, 0.006323486343407426)
1(0.017422115036535728, 0.017725299863300032)
1(0.006579525776360099, 0.006882411881665351)
1(0.005758134390127203, 0.006060303821904432)
1(0.005030711715468188, 0.005328609924159771)
1(0.005252989900529486, 0.005550614039150241)
1(0.01547482639669965, 0.015769259641745866)
1(0.008389124572077992, 0.008683326360168232)
1(0.015883334222448815, 0.016177275438707728)
1(0.016458499915274566, 0.016751524068272294)
1(0.016514508424377426, 0.016807240987862713)
1(0.004646604145187411, 0.004935538632169363)
1(0.01448198400199186, 0.014760131567651245)
1(0.005078048099794295, 0.005354698307555793)
1(0.017505095240758613, 0.017777143479473723)
1(0.0172872427227372, 0.01755795772428061)
1(0.005108907794402681, 0.005379185004852906)
1(0.016342171117388987, 0.016602992252937775)
1(0.017758407165501967, 0.018013828933440876)
1(0.005196005013722445, 0.005447823782632528)
1(0.01662295453726229, 0.016874424953146443)
1(0.01807862202801722, 0.01832953387047521)
1(0.016333841381607404, 0.016581945493883716)
1(0.005889209290960195, 0.006133521170687589)
1(0.0065185395804869045, 0.006755912148627978)
1(0.018307565145802403, 0.01854304713629828)
1(0.006121282761327225, 0.0063554027102493416)
1(0.020212703575828633, 0.02044272000697271)
1(0.014976932677112618, 0.01520664488421454)
1(0.006084077245602134, 0.006306894722042405)
1(0.00710627760959164, 0.007328991489231632)
1(0.005999092237989861, 0.006220480059182006)
1(0.006032262767338072, 0.006252575228266701)
1(0.0055028256053722335, 0.005718825498945648)
1(0.016089103323512845, 0.016302071904949797)
1(0.014595205737609026, 0.014806957987673204)
1(0.016465593886175425, 0.016676584314267832)
1(0.01588661611777408, 0.01608896152369045)
1(0.016330517355930867, 0.016531238137972658)
1(0.016653589287075894, 0.016853411440920122)
1(0.004963811933984781, 0.005163011526302967)
1(0.01744146487195231, 0.017640248643415433)
1(0.019978056544386256, 0.02017590318516637)
1(0.005669504501660962, 0.005865008562679736)
1(0.02107974148370101, 0.021275087196061065)
1(0.005971345538344601, 0.0061649442385754635)
1(0.006640198790985754, 0.006833138827458014)
1(0.019367699080557337, 0.019558869324095972)
1(0.015860042181411696, 0.01604780565876347)
1(0.0179811356976194, 0.01816867645914573)
1(0.005135052140628128, 0.0053216588058969515)
1(0.005767575392767866, 0.005953620746611567)
1(0.007685449921933806, 0.007869755909759338)
1(0.016174159090794137, 0.016357429745614167)
1(0.01873375059459119, 0.01891605099486948)
1(0.0053695461778197374, 0.00554979326619156)
1(0.02599979902939232, 0.026179106847771454)
1(0.005749296278725875, 0.005928510006910203)
1(0.01650255804924284, 0.016676584314267832)
1(0.0059701240299446815, 0.006143664312542167)
1(0.017317228702605242, 0.01749045725407191)
1(0.006259777415254721, 0.006431348483348701)
1(0.018633791878330815, 0.018802026169673785)
1(0.006892892018961431, 0.0070589982476807955)
1(0.005911985223667265, 0.006076096376817556)
1(0.00681384358406459, 0.006971015935556998)
1(0.0054571085782548975, 0.005612054966274835)
1(0.017044682228110525, 0.017199427100079767)
1(0.007424454829034382, 0.007578728046705981)
1(0.004959865290638805, 0.005111753660488641)
1(0.005916569290899042, 0.00606560661204452)
1(0.016423840666012338, 0.01657255236441772)
1(0.016572587159484665, 0.016720573870500147)
1(0.0060139017534633875, 0.006158238242413148)
1(0.005360919535627795, 0.005504991857448868)
1(0.017194585505171965, 0.017336897371733693)
1(0.018803716078585168, 0.01894463464790566)
1(0.006053872803957815, 0.006193339558833106)
1(0.005690230755091705, 0.005829404385022358)
1(0.016399785262255908, 0.016537248037931856)
1(0.004800501903143035, 0.004937279236653517)
1(0.005580238129387541, 0.005715469657782007)
1(0.005032907018322235, 0.005167573936013783)
1(0.014579717473188047, 0.014713713672818249)
1(0.005983164480927191, 0.006114612501175523)
1(0.01843827528164174, 0.018569249770302207)
1(0.005570942116486474, 0.0057008264567121065)
1(0.019652026131791192, 0.01978136305450173)
1(0.015501845125196355, 0.015630218117238383)
1(0.006391778110313655, 0.006519308817184783)
1(0.015274797285107451, 0.01540036751421696)
1(0.00793854590567085, 0.008063866449121063)
1(0.01670893869077685, 0.016833652219914303)
1(0.016577050124649932, 0.016701010664556298)
1(0.006145293157010853, 0.006267492076399708)
1(0.007070313638097182, 0.007191450103497471)
1(0.018132083027691787, 0.01824945512085502)
1(0.005607320356332733, 0.005724585602612026)
1(0.005084712652530803, 0.005201735953042703)
1(0.006126338777197942, 0.006243287754685316)
1(0.016878085253640696, 0.016992257522527702)
1(0.005737350418485333, 0.0058506453003489495)
1(0.005078898714490719, 0.005192074933430745)
1(0.017540784286080593, 0.017650579760645213)
1(0.019148576102058442, 0.019257081492287127)
1(0.007927268303965817, 0.008035451221271916)
1(0.006159928885941475, 0.006266558886769399)
1(0.025452345748929465, 0.025556208903827708)
1(0.005230530122910753, 0.0053340995999355675)
1(0.016643802917710362, 0.016747241626377914)
1(0.006461999600806013, 0.006562723913719185)
1(0.00672801280085901, 0.006826638106700609)
1(0.005510898946697711, 0.0056065028338172914)
1(0.006806752637932182, 0.006899682748300831)
1(0.0177856870397514, 0.017873514504155634)
1(0.016743565123757728, 0.016830792117417153)
1(0.006257269562067497, 0.0063441571638300324)
1(0.005280600005581988, 0.005363459691459212)
1(0.016531343379094593, 0.0166135713383562)
1(0.021860805404154117, 0.02194003768412441)
1(0.006546544253010245, 0.00662296621198576)
1(0.007136589919574411, 0.007212626065268641)
1(0.019480859203803547, 0.019556339791602373)
1(0.005321112703005744, 0.0053940743264699565)
1(0.014267172248809978, 0.01433826627971855)
1(0.01700132086242333, 0.01707197089522588)
1(0.016397565410024195, 0.016467175294388223)
1(0.005655674886403937, 0.005723536002049061)
1(0.016792885622468733, 0.01685955668760707)
1(0.01598123967064501, 0.01604780565876347)
1(0.01873628842363774, 0.018802026169673785)
1(0.005898592768295287, 0.0059638462481451755)
1(0.0168434211468089, 0.01690749166735267)
1(0.020888299428214734, 0.020950972009723096)
1(0.01611597243175522, 0.01617798712395297)
1(0.016368237640584322, 0.016425144816039506)
1(0.007404505026803065, 0.007459657245044281)
1(0.0062771515066132235, 0.006331462104411078)
1(0.0070533319181509445, 0.007106763870028942)
1(0.01641093689505709, 0.016463676430524075)
1(0.014897207350278842, 0.014949681892159176)
1(0.0062128659231281734, 0.006262969398110184)
1(0.007983536761329074, 0.008032830717728602)
1(0.01642096889233017, 0.016469583279180383)
1(0.005390351581327681, 0.005437131004679405)
1(0.006429126664528335, 0.00647463851615305)
1(0.005089525235351307, 0.005127263985863143)
1(0.005513577295728674, 0.0055510437448835215)
1(0.006222731495965602, 0.006257397571993215)
1(0.007641144201838801, 0.007675239891922852)
1(0.016872047050793485, 0.016905253857034865)
1(0.014919055584404789, 0.014949681892159176)
1(0.005974319304772943, 0.0060034932720466625)
1(0.006178593293571224, 0.006203902436100584)
1(0.006460863936719396, 0.006485943509043342)
1(0.006453208304107691, 0.006477113124174016)
1(0.006601094958622554, 0.006623707137010408)
1(0.01737870176777498, 0.017400626095528268)
1(0.005636817261551749, 0.005658609989978528)
1(0.005391510415639216, 0.005412957365138813)
1(0.01778496872352693, 0.0178050416056766)
1(0.006150126306963262, 0.0061701512325814155)
1(0.0169296891274457, 0.016947982271906758)
1(0.018266203320073105, 0.018283165490068882)
1(0.005887137753721425, 0.00590294067812928)
1(0.006164604059461107, 0.006180331765457136)
1(0.014936181634899688, 0.014949681892159176)
1(0.006419747022899148, 0.006432618513605754)
1(0.006431755882035838, 0.006438715489595326)
1(0.015792259379369133, 0.015797327218720673)
1(0.0074836389903944495, 0.007487398919081611)
1(0.016420354843445683, 0.016423874741584563)
1(0.007773780381516879, 0.0077768712536849275)
1(0.005555356502779915, 0.005558279964096065)
1(0.0063689637331433855, 0.006369188636645982)
0(0.0, inf)
0(0.0, 0.06052103339583189)
0(0.0, 0.041885469945032616)
0(0.0, 0.04000915979035597)
0(0.0, 0.039755296282939535)
0(0.0, 0.030395203035140757)
0(0.0, 0.027067571344247036)
0(0.0, 0.02670440199950876)
0(0.0, 0.025574548925064496)
0(0.0, 0.025070096788348716)
0(0.0, 0.025058272382518346)
0(0.0, 0.024319610403773766)
0(0.0, 0.023981142020214955)
0(0.0, 0.023081482226484238)
0(0.0, 0.022366104225169645)
0(0.0, 0.02234175581672704)
0(0.0, 0.022327359116760998)
0(0.0, 0.022224770541717974)
0(0.0, 0.022182620922442543)
0(0.0, 0.021741030423142783)
0(0.0, 0.021696556485127822)
0(0.0, 0.021609716190242132)
0(0.0, 0.021561847521251776)
0(0.0, 0.021282520196631693)
0(0.0, 0.020894383699090316)
0(0.0, 0.020760334219276835)
0(0.0, 0.020754554445471862)
0(0.0, 0.020535226571650227)
0(0.0, 0.0203548647463714)
0(0.0, 0.020070036076060775)
0(0.0, 0.0200598590209838)
0(0.0, 0.02004910870009062)
0(0.0, 0.019956732810133236)
0(0.0, 0.019798401511048065)
0(0.0, 0.019784189047190127)
0(0.0, 0.019763483194155315)
0(0.0, 0.019724319923304062)
0(0.0, 0.019554628229201513)
0(0.0, 0.0195080070607233)
0(0.0, 0.019452988010610444)
0(0.0, 0.01922535799897198)
0(0.0, 0.019096157541021553)
0(0.0, 0.019084751293479866)
0(0.0, 0.019053115055175554)
0(0.0, 0.018764662219622263)
0(0.0, 0.018759995454884226)
0(0.0, 0.018493659814978587)
0(0.0, 0.018408232803753907)
0(0.0, 0.018268905998893508)
0(0.0, 0.018260422753544777)
0(0.0, 0.018218599234937374)
0(0.0, 0.01813808678385319)
0(0.0, 0.018023395207064932)
0(0.0, 0.01799590234142078)
0(0.0, 0.017919574371055028)
0(0.0, 0.01790757320532955)
0(0.0, 0.017877115616741046)
0(0.0, 0.017792432111710305)
0(0.0, 0.017786912666996467)
0(0.0, 0.017712602766547157)
0(0.0, 0.01765382233061738)
0(0.0, 0.017649127756196335)
0(0.0, 0.01760665340238652)
0(0.0, 0.017516095836413604)
0(0.0, 0.01748089184832705)
0(0.0, 0.017389883686273113)
0(0.0, 0.017381768348176868)
0(0.0, 0.01725195719139189)
0(0.0, 0.01719177830499717)
0(0.0, 0.017113323300940855)
0(0.0, 0.017064351908833254)
0(0.0, 0.017042172611502555)
0(0.0, 0.016953895876113716)
0(0.0, 0.01692556146339585)
0(0.0, 0.016920979700293055)
0(0.0, 0.016894861450600655)
0(0.0, 0.016874160538131344)
0(0.0, 0.016864121553011806)
0(0.0, 0.016841108206534183)
0(0.0, 0.016792506787899987)
0(0.0, 0.01678077375446828)
0(0.0, 0.01677936643843385)
0(0.0, 0.01676765665235151)
0(0.0, 0.016765534272037707)
0(0.0, 0.01675915770582468)
0(0.0, 0.016742931788159297)
0(0.0, 0.016687502149053218)
0(0.0, 0.016591425564826026)
0(0.0, 0.016449874364025143)
0(0.0, 0.016389565273443544)
0(0.0, 0.01636741204186165)
0(0.0, 0.016351121553722234)
0(0.0, 0.016308587496774822)
0(0.0, 0.016287449912651474)
0(0.0, 0.016283589416975518)
0(0.0, 0.01626831786205012)
0(0.0, 0.01625177683135329)
0(0.0, 0.01621744189619393)
0(0.0, 0.016187504644911702)
0(0.0, 0.016161111200262816)
0(0.0, 0.0161426337332673)
0(0.0, 0.016142105078561682)
0(0.0, 0.01612775345865205)
0(0.0, 0.016104263959802544)
0(0.0, 0.016079227254877874)
0(0.0, 0.016073786788914964)
0(0.0, 0.016014602146739484)
0(0.0, 0.015981057401378885)
0(0.0, 0.015979554038494204)
0(0.0, 0.015974426791900042)
0(0.0, 0.015966378846721)
0(0.0, 0.015934078212715242)
0(0.0, 0.01592970809032219)
0(0.0, 0.01586812934954014)
0(0.0, 0.015839602315792695)
0(0.0, 0.015838367624577594)
0(0.0, 0.015781608654951228)
0(0.0, 0.015774226415459506)
0(0.0, 0.0157580410877112)
0(0.0, 0.015721129911642706)
0(0.0, 0.0157030653948069)
0(0.0, 0.015691356107466827)
0(0.0, 0.01566864071269691)
0(0.0, 0.015612791807624654)
0(0.0, 0.015570245149268113)
0(0.0, 0.015540345583980706)
0(0.0, 0.015520395183168697)
0(0.0, 0.015500985393097692)
0(0.0, 0.015489564622566392)
0(0.0, 0.015457813930850368)
0(0.0, 0.01543827415329304)
0(0.0, 0.015393275005315)
0(0.0, 0.015335439614614465)
0(0.0, 0.015332075484973083)
0(0.0, 0.015323391106213252)
0(0.0, 0.015304157433091409)
0(0.0, 0.015268869344837096)
0(0.0, 0.015248907255578403)
0(0.0, 0.015225542743462737)
0(0.0, 0.015204146651610021)
0(0.0, 0.015181934094889472)
0(0.0, 0.015151259988044471)
0(0.0, 0.01510703463889169)
0(0.0, 0.0150878394569996)
0(0.0, 0.015071521155428058)
0(0.0, 0.015048677824658465)
0(0.0, 0.014957143690691186)
0(0.0, 0.014906040198467878)
0(0.0, 0.014826433504512505)
0(0.0, 0.01479218920939397)
0(0.0, 0.014754290362483349)
0(0.0, 0.0147363261637219)
0(0.0, 0.014731326314886939)
0(0.0, 0.014726696650310043)
0(0.0, 0.014701897155835617)
0(0.0, 0.014700710369600498)
0(0.0, 0.014672145943083095)
0(0.0, 0.014660185594717835)
0(0.0, 0.014659555566259893)
0(0.0, 0.014645794255133187)
0(0.0, 0.014644015879999462)
0(0.0, 0.014560277630608529)
0(0.0, 0.014557280263255323)
0(0.0, 0.014548775392556274)
0(0.0, 0.014537747330460534)
0(0.0, 0.014536081251889474)
0(0.0, 0.014515261816398005)
0(0.0, 0.014492628999448252)
0(0.0, 0.014490344217471609)
0(0.0, 0.014467783931027852)
0(0.0, 0.01446112991692998)
0(0.0, 0.01438917585354359)
0(0.0, 0.01437777585921721)
0(0.0, 0.014376294760181416)
0(0.0, 0.01436105281626738)
0(0.0, 0.014354321287417478)
0(0.0, 0.014314424593070809)
0(0.0, 0.014306734547916405)
0(0.0, 0.014291410063223665)
0(0.0, 0.014255021356699826)
0(0.0, 0.014213500136684286)
0(0.0, 0.01415824648435638)
0(0.0, 0.01414682571216449)
0(0.0, 0.014023640989464169)
0(0.0, 0.014010513626271887)
0(0.0, 0.014002837196607774)
0(0.0, 0.013936386228705277)
0(0.0, 0.013878537251745877)
0(0.0, 0.013870966662041715)
0(0.0, 0.013837958654721745)
0(0.0, 0.01378208453758289)
0(0.0, 0.013765907577860257)
0(0.0, 0.013712736555443061)
0(0.0, 0.01370121953249936)
0(0.0, 0.013686512207892378)
0(0.0, 0.013678450704629152)
0(0.0, 0.013665417069436676)
0(0.0, 0.013656386166947377)
0(0.0, 0.013628148652304987)
0(0.0, 0.013624117640912795)
0(0.0, 0.013623387088862479)
0(0.0, 0.01360049314669796)
0(0.0, 0.013558179537569194)
0(0.0, 0.013364384084190571)
0(0.0, 0.01336261929268021)
0(0.0, 0.013274867899564575)
0(0.0, 0.013255328194814666)
0(0.0, 0.013106581981295067)
0(0.0, 0.013089160923727925)
0(0.0, 0.013054278139325482)
0(0.0, 0.012855359214612934)
0(0.0, 0.012785595683091145)
0(0.0, 0.012764057258055362)
0(0.0, 0.012724082690566692)
0(0.0, 0.012621377730798996)
0(0.0, 0.012513669694507935)
0(0.0, 0.012500152332280133)
0(0.0, 0.012463010855045665)
0(0.0, 0.012399641354867635)
0(0.0, 0.012284574811885229)
0(0.0, 0.012214597347664337)
0(0.0, 0.012204440625453644)
0(0.0, 0.012026887498830643)
0(0.0, 0.011372333447581087)
0(0.0, 0.011114001207700073)
0(0.0, 0.010083624258837954)
0(0.0, 0.009771226941025734)
0(0.0, 0.009595636480033636)
0(0.0, 0.008779463533296172)
0(0.0, 0.008558244588034048)
0(0.0, 0.008280758301557847)
0(0.0, 0.008133499468388984)
0(0.0, 0.007959293363287726)
0(0.0, 0.007934600629524467)
0(0.0, 0.007876729478341483)
0(0.0, 0.007868880690279797)
0(0.0, 0.007709032777056293)
0(0.0, 0.007670072307265977)
0(0.0, 0.007613901993696212)
0(0.0, 0.00758297464965308)
0(0.0, 0.007501239879192968)
0(0.0, 0.007456348696845658)
0(0.0, 0.007440999957260849)
0(0.0, 0.0074184074251297475)
0(0.0, 0.007402451424051591)
0(0.0, 0.007311950140979956)
0(0.0, 0.00729189198164385)
0(0.0, 0.007258733096061418)
0(0.0, 0.007255864307810419)
0(0.0, 0.0071433487334705385)
0(0.0, 0.007131187233788089)
0(0.0, 0.007102887366508204)
0(0.0, 0.006841891900149919)
0(0.0, 0.006772050253826112)
0(0.0, 0.00675771030757431)
0(0.0, 0.006700123743160279)
0(0.0, 0.006686576882941621)
0(0.0, 0.006668357574589697)
0(0.0, 0.0065619731050798125)
0(0.0, 0.006560622867519918)
0(0.0, 0.0065499470352010595)
0(0.0, 0.0065266648933090315)
0(0.0, 0.00652091234814761)
0(0.0, 0.0064831898972230765)
0(0.0, 0.00648001671535412)
0(0.0, 0.006451925720109439)
0(0.0, 0.006417814161793456)
0(0.0, 0.006406211835217657)
0(0.0, 0.0063976963649997245)
0(0.0, 0.006379413106883586)
0(0.0, 0.006371891033689344)
0(0.0, 0.0063144857549440065)
0(0.0, 0.006256415700617516)
0(0.0, 0.006226356681024731)
0(0.0, 0.006170882959818839)
0(0.0, 0.006151015795049294)
0(0.0, 0.006148513112692446)
0(0.0, 0.006141035874992729)
0(0.0, 0.006139264173182405)
0(0.0, 0.006110609259670036)
0(0.0, 0.0061079999836715915)
0(0.0, 0.006103820411739181)
0(0.0, 0.006097230304869832)
0(0.0, 0.006053067121368941)
0(0.0, 0.006050908668038407)
0(0.0, 0.0060406367170341355)
0(0.0, 0.006039839285909505)
0(0.0, 0.0059443216637689545)
0(0.0, 0.005938618012046476)
0(0.0, 0.005936529094681132)
0(0.0, 0.005927712326628587)
0(0.0, 0.005914929941867689)
0(0.0, 0.0058786965179444)
0(0.0, 0.005866773843476856)
0(0.0, 0.005861348295901439)
0(0.0, 0.005836536219295846)
0(0.0, 0.005836402056047803)
0(0.0, 0.00583002068086321)
0(0.0, 0.005803949696697384)
0(0.0, 0.005784926504035951)
0(0.0, 0.005772531251762098)
0(0.0, 0.005772028354632083)
0(0.0, 0.00577152578512886)
0(0.0, 0.005762121227453324)
0(0.0, 0.005758905499846377)
0(0.0, 0.0057523736860581876)
0(0.0, 0.005739413236398824)
0(0.0, 0.005738679158479296)
0(0.0, 0.005737665545935226)
0(0.0, 0.005731483709735276)
0(0.0, 0.005725782379447125)
0(0.0, 0.005725162474021156)
0(0.0, 0.005671316024935664)
0(0.0, 0.00566583630835373)
0(0.0, 0.005663839736302892)
0(0.0, 0.005659822038077809)
0(0.0, 0.005652032868733501)
0(0.0, 0.005644437090682676)
0(0.0, 0.005633656744174404)
0(0.0, 0.005629136358700285)
0(0.0, 0.005620118066364688)
0(0.0, 0.005601612787561326)
0(0.0, 0.005600986244766304)
0(0.0, 0.005595436132501388)
0(0.0, 0.005588366972129108)
0(0.0, 0.005577078780232517)
0(0.0, 0.005574413875066851)
0(0.0, 0.0055711559548048085)
0(0.0, 0.005564058294580319)
0(0.0, 0.00555958499896303)
0(0.0, 0.005554772781017284)
0(0.0, 0.005551089161411052)
0(0.0, 0.005544715621592823)
0(0.0, 0.005531862220859029)
0(0.0, 0.005531486259527861)
0(0.0, 0.00549078258395072)
0(0.0, 0.005463166082271662)
0(0.0, 0.005459057221640602)
0(0.0, 0.005455228417635377)
0(0.0, 0.005450767526165208)
0(0.0, 0.005441678637182953)
0(0.0, 0.005431977180486414)
0(0.0, 0.005426657704265261)
0(0.0, 0.005423704614851061)
0(0.0, 0.005404662103705239)
0(0.0, 0.005392621518243977)
0(0.0, 0.00537009956251234)
0(0.0, 0.005343832248104763)
0(0.0, 0.0053430127246380426)
0(0.0, 0.005343009537940006)
0(0.0, 0.005340378061208702)
0(0.0, 0.005323979417907835)
0(0.0, 0.0053193124032501924)
0(0.0, 0.005312720263899207)
0(0.0, 0.005312123170489536)
0(0.0, 0.005307381376302383)
0(0.0, 0.005299151139575358)
0(0.0, 0.005286601881051667)
0(0.0, 0.005243763571570128)
0(0.0, 0.0052396217123715)
0(0.0, 0.005238200245244497)
0(0.0, 0.005193982056861198)
0(0.0, 0.0051898991133794885)
0(0.0, 0.005188615744160651)
0(0.0, 0.005182163174018307)
0(0.0, 0.005171106766766643)
0(0.0, 0.005144077046524277)
0(0.0, 0.00511761055803555)
0(0.0, 0.005110543014236525)
0(0.0, 0.005105659851613959)
0(0.0, 0.0051009515097170215)
0(0.0, 0.005100405838554978)
0(0.0, 0.005071072710923364)
0(0.0, 0.0050552423904459)
0(0.0, 0.005034832372565282)
0(0.0, 0.005034526422370142)
0(0.0, 0.005017893953836031)
0(0.0, 0.005014958460545357)
0(0.0, 0.005013181856264436)
0(0.0, 0.005008061909244349)
0(0.0, 0.005002465753714)
0(0.0, 0.004996564035910294)
0(0.0, 0.004987661346912)
0(0.0, 0.004986340468499633)
0(0.0, 0.004980546417441143)
0(0.0, 0.004977128781159542)
0(0.0, 0.0049687921318193615)
0(0.0, 0.004955041638159472)
0(0.0, 0.004951787081419514)
0(0.0, 0.004940715078949284)
0(0.0, 0.004938465663936693)
0(0.0, 0.004907170018310882)
0(0.0, 0.004899848409710804)
0(0.0, 0.004898100386858275)
0(0.0, 0.004897262554540353)
0(0.0, 0.004890207085012444)
0(0.0, 0.004884400373175112)
0(0.0, 0.00486896465118511)
0(0.0, 0.0048556715628448755)
0(0.0, 0.004842162931174956)
0(0.0, 0.0048382187960969375)
0(0.0, 0.00482326517751421)
0(0.0, 0.004816372625876071)
0(0.0, 0.004801917153601544)
0(0.0, 0.004796927612555295)
0(0.0, 0.004772533026292476)
0(0.0, 0.004771794310872615)
0(0.0, 0.00476808513446382)
0(0.0, 0.004761192132757261)
0(0.0, 0.004752708843404535)
0(0.0, 0.0047418969516465756)
0(0.0, 0.004737269486343412)
0(0.0, 0.004701210328425185)
0(0.0, 0.004690232823766524)
0(0.0, 0.004679762187066738)
0(0.0, 0.0046509737849217)
0(0.0, 0.004649629455977563)
0(0.0, 0.004633366759154307)
0(0.0, 0.0046072707589188315)
0(0.0, 0.004602135345560566)
0(0.0, 0.004595519544774143)
0(0.0, 0.004554805317797956)
0(0.0, 0.004549446058518051)
0(0.0, 0.004526108257962025)
0(0.0, 0.004525633572374984)
0(0.0, 0.004509544567242672)
0(0.0, 0.004435211691557055)
0(0.0, 0.004414806176333198)
0(0.0, 0.004413800328931592)
0(0.0, 0.004280118493252281)
0(0.0, 0.004250995114144419)
0(0.0, 0.004198621813371789)
