1(0.02058159251046853, 0.023259508815048492)
1(0.012680385767045223, 0.014933566179354924)
1(0.014958097927019604, 0.017093435905364645)
1(0.016775939430121605, 0.01844392630272159)
1(0.01553414067663872, 0.01700139194927951)
1(0.017068439438960074, 0.018505683505269564)
1(0.014351733735950133, 0.01572257369188793)
1(0.017455823663480967, 0.018813515700930608)
1(0.017143956691582612, 0.018406582633149204)
1(0.017372701298969822, 0.018556986089669988)
1(0.015517483453426064, 0.016635704960469965)
1(0.01870296590763422, 0.019799336650803058)
1(0.013687749413405134, 0.014766815478734608)
1(0.01883643785689441, 0.01991456294126209)
1(0.0171114632547091, 0.01818650004922103)
1(0.014470087115131584, 0.015544978977392902)
1(0.01613407795917267, 0.017195495516894446)
1(0.013523757920576602, 0.014565941007629408)
1(0.01544661733155073, 0.01648728353596399)
1(0.017387106896302986, 0.018420432130962214)
1(0.015561109563310244, 0.016576149360034223)
1(0.018226114013232715, 0.01922937033015546)
1(0.019999508445674684, 0.020995416134708997)
1(0.013861888218431774, 0.01485430159549335)
1(0.016225305952836108, 0.017213608003883656)
1(0.014957975087648998, 0.015934038485366106)
1(0.01624777642084679, 0.017217115226254055)
1(0.019507519015004967, 0.020473615301857345)
1(0.018254128841831287, 0.019202474009411875)
1(0.017200632705804724, 0.01810865560790299)
1(0.015201673230855629, 0.016096695768036587)
1(0.015899049149346, 0.016786032562430532)
1(0.017048509335545296, 0.017931022785839017)
1(0.017587232294256235, 0.018467314310951236)
1(0.017812070221495717, 0.01868860781647487)
1(0.015518046436861376, 0.016391143399337654)
1(0.017680940844901225, 0.018551946240518636)
1(0.015502353905892954, 0.01633091378986837)
1(0.018007374863975203, 0.01882460833440872)
1(0.015980752348386074, 0.016786032562430532)
1(0.01574311265821729, 0.016532340141705702)
1(0.005267898480883761, 0.006050671365396828)
1(0.00553629192071456, 0.0063187519693183045)
1(0.01555778578795875, 0.01633709655163568)
1(0.0054236357073226904, 0.006199712666151095)
1(0.005478433847183268, 0.0062315755645026534)
1(0.01662567476328607, 0.017370648874846836)
1(0.004939019398968381, 0.005683555534857723)
1(0.01829260787762024, 0.019018287414117818)
1(0.005936495562454887, 0.00665794447709127)
1(0.005264637403939772, 0.005952138963164104)
1(0.01635736180459964, 0.017027185197153197)
1(0.014923648954574048, 0.015592086766977884)
1(0.017381155796549426, 0.018046043415213965)
1(0.016731278237869494, 0.017384022257767737)
1(0.006909241185120929, 0.007535549731883801)
1(0.013906498156427463, 0.014516266334931879)
1(0.015051716590179823, 0.01564458785165903)
1(0.014355648263123962, 0.014943706658148478)
1(0.017753205512265283, 0.018327380677398943)
1(0.017831554289420085, 0.018402091745452927)
1(0.0049009067149876325, 0.005461311078847089)
1(0.005043708805564435, 0.005594705882033509)
1(0.00525495595764565, 0.005795987061152512)
1(0.006086144839132087, 0.0066232748825874755)
1(0.017936801139118573, 0.018464225166824208)
1(0.013477636867713727, 0.014001824764236443)
1(0.005836009582648827, 0.0063568665842063535)
1(0.0063248470175289485, 0.006843062749357548)
1(0.013898248513319385, 0.014415893427416823)
1(0.006343144696743682, 0.006843798512651665)
1(0.004953834546830148, 0.005452058794498855)
1(0.0049030952429073415, 0.005399341511927095)
1(0.02076168144074463, 0.021250142319651638)
1(0.01370372748463845, 0.01418811447953799)
1(0.018426295640276036, 0.018901952900906443)
1(0.005570205443407598, 0.006043082555231459)
1(0.014808844828324693, 0.015275563341847369)
1(0.01495506482761188, 0.015417298314362024)
1(0.017298385632686295, 0.01776047778221275)
1(0.005560058278511486, 0.006021243051341739)
1(0.016412347229578128, 0.01687299797835347)
1(0.005315295114261358, 0.0057742019201818895)
1(0.014342132572336283, 0.014800128273669153)
1(0.005382461232267644, 0.005839955233999753)
1(0.006416931706110701, 0.0068726301529162225)
1(0.00521737718832351, 0.005672786383941757)
1(0.014843449073306168, 0.01529609874209792)
1(0.00656339286010266, 0.0070159503317958815)
1(0.02168398482829024, 0.022133383372808058)
1(0.005269204213100406, 0.005716428216721532)
1(0.005458572311605218, 0.00589985487052853)
1(0.01754026911600822, 0.017978648055900916)
1(0.005352137710691622, 0.0057893256126927365)
1(0.005151919801143712, 0.005587329755760373)
1(0.005730167580122998, 0.006158715583671964)
1(0.006676191597751081, 0.0071009995312644476)
1(0.004989176435801, 0.005412983201642279)
1(0.014466980530399411, 0.0148860716492294)
1(0.006420123047401758, 0.0068333100042529335)
1(0.01594106681682432, 0.016350065663412645)
1(0.015494133618199646, 0.01589838554653672)
1(0.016867384430263803, 0.01726073725190352)
1(0.005264014770500486, 0.005648523293904207)
1(0.0060098559512723375, 0.006392066746350548)
1(0.02070080181057333, 0.021081292599123724)
1(0.005747802746581451, 0.0061271443064739705)
1(0.014055167426707487, 0.014433082687394213)
1(0.014248764582437791, 0.014625765773782159)
1(0.006196527480881589, 0.0065725769272927375)
1(0.005569162029783632, 0.005943861296201557)
1(0.005496507431011589, 0.00586968360822008)
1(0.014313240923904912, 0.014678217214202028)
1(0.005216893610059079, 0.005580942281750782)
1(0.021933868470557696, 0.02229757068433466)
1(0.016964021551964706, 0.01732434945152106)
1(0.01613795940199757, 0.016496450824006057)
1(0.0050266847779643475, 0.005383773086295024)
1(0.017617316663946444, 0.017971095360043137)
1(0.01619048532907302, 0.016543601976630996)
1(0.01725771312729947, 0.01761011086530998)
1(0.004772767749358512, 0.005116903706178135)
1(0.017321700927921492, 0.01765201508218489)
1(0.005506648297646847, 0.005835651894165549)
1(0.014087821210333147, 0.014415893427416823)
1(0.005202383985711501, 0.00552747823008738)
1(0.01851767478364638, 0.018838147632852652)
1(0.014073109860712406, 0.014391702049189693)
1(0.015717332385433703, 0.016035429825630877)
1(0.018679453703754564, 0.018992233730644056)
1(0.006223370363421119, 0.006527262399475356)
1(0.014214395828425683, 0.014516266334931879)
1(0.017106711442816138, 0.017408303305556778)
1(0.005744246692065456, 0.006044802660701937)
1(0.016483230216851545, 0.016781230507774313)
1(0.004674214951205983, 0.004972210450111797)
1(0.0050031758637665985, 0.005300902056588964)
1(0.006028796076622272, 0.006326026020592065)
1(0.01851766978966914, 0.018813515700930608)
1(0.017382479499810498, 0.017675681755085663)
1(0.006290250965572618, 0.006580608216569609)
1(0.005299753006836242, 0.0055832504071571054)
1(0.005744957083420325, 0.006025091842900445)
1(0.017626656345445583, 0.01790534971063664)
1(0.0066942903566000545, 0.006966246427714714)
1(0.005348096298713471, 0.0056184606978156)
1(0.0055031217764764506, 0.005772790967747395)
1(0.00645367359181257, 0.006722816354389756)
1(0.005450093519669738, 0.005710067533130888)
1(0.00519709077078445, 0.005452058794498855)
1(0.005284324183784862, 0.0055384010269541525)
1(0.005380993089559469, 0.005633081439179546)
1(0.018294653211480653, 0.0185407509534434)
1(0.00614784844023495, 0.006390795192028346)
1(0.018075948780132783, 0.018318447593348823)
1(0.005743486528816701, 0.005984956066838046)
1(0.005712942538415815, 0.005953643584747778)
1(0.005572852775012067, 0.005812954697149052)
1(0.005382376066521217, 0.0056184606978156)
1(0.005481581185452421, 0.005715444594623007)
1(0.005028214192368695, 0.0052613372368268425)
1(0.00543784068418941, 0.005669593940769032)
1(0.005620183018601001, 0.005849030392632584)
1(0.005156855674044954, 0.005383773086295024)
1(0.004943884335889576, 0.0051707643301505185)
1(0.005360374984191092, 0.005583680395542633)
1(0.01843483852616656, 0.018657840843563832)
1(0.018318553786099357, 0.01853869199111479)
1(0.004860128481665247, 0.005077588847487004)
1(0.005178485335605219, 0.0053937815591831645)
1(0.005175869229040058, 0.005383103688052785)
1(0.007220139712851832, 0.007426812976359019)
1(0.005416624772983615, 0.005620357342491932)
1(0.0058835012562136095, 0.006085610113413301)
1(0.005279388193234427, 0.005477062454837469)
1(0.005132152086383653, 0.00532895692010476)
1(0.004868663466901079, 0.005063573726240144)
1(0.006235969438420552, 0.006430852783277639)
1(0.007650603929547839, 0.00784485350566818)
1(0.005664341095554628, 0.0058584697267501686)
1(0.00551634004522498, 0.005708452967523252)
1(0.006485345936722968, 0.006674750474651294)
1(0.005973356504911636, 0.006162634255885954)
1(0.01696638986880557, 0.017154513473660118)
1(0.005795335000913021, 0.005975678873542248)
1(0.005635295843609434, 0.005811894397702654)
1(0.01445062147811348, 0.014625765773782159)
1(0.00574799875497685, 0.005922681292127348)
1(0.014857984377137128, 0.015030012228473123)
1(0.005421715389245897, 0.005593163079121374)
1(0.0061714510895686326, 0.00634223207776103)
1(0.006613879712891517, 0.006782170518949784)
1(0.005539130588332629, 0.005705380982110081)
1(0.0062541650443787775, 0.00641773484155574)
1(0.004907231263004914, 0.005069360674342042)
1(0.0061440139015097525, 0.006306097601005329)
1(0.01718235458442332, 0.01734227726687556)
1(0.01948337030723432, 0.019637602150787893)
1(0.005645012889782877, 0.005797068899566547)
1(0.017667090709881206, 0.017819114296236407)
1(0.007121779059528578, 0.007272955091601499)
1(0.014266494258578661, 0.014415893427416823)
1(0.016685239448062928, 0.016832083676231374)
1(0.005822039472477923, 0.005968059119571608)
1(0.00542861262931657, 0.005574216309955224)
1(0.016443674818077948, 0.016588283100391763)
1(0.005525108079252769, 0.005668849152013666)
1(0.013796031778486782, 0.013939722571085052)
1(0.01925063158234426, 0.01939340069391149)
1(0.018051993809802727, 0.018194595146186703)
1(0.014367220732046632, 0.014509459844312476)
1(0.005306538775100248, 0.005448019327173143)
1(0.018210284731398373, 0.018348804290992598)
1(0.005206180636251709, 0.005344431839637476)
1(0.005238426248751061, 0.005376123942970409)
1(0.015115992169269548, 0.015251897535400039)
1(0.005514421180437639, 0.0056480982816460214)
1(0.016666144805377398, 0.016799783593799616)
1(0.006036482577600749, 0.0061700582164311785)
1(0.005545119011462442, 0.005676816871114592)
1(0.006335134889899871, 0.006465020814331032)
1(0.006265383089875387, 0.006395230015509704)
1(0.004683915773728283, 0.004813196137388239)
1(0.005175188205451969, 0.005300902056588964)
1(0.0054328796214808805, 0.005556618124400825)
1(0.005405932187456953, 0.00552747823008738)
1(0.017295849127661703, 0.01741678615179037)
1(0.006430598674239431, 0.0065487357892452655)
1(0.015066543459648437, 0.01518319983623118)
1(0.00559761487099741, 0.005711913966739169)
1(0.005376667031481003, 0.005488702230997175)
1(0.006321792828999429, 0.00643294828949264)
1(0.005646873547753641, 0.0057574447713989235)
1(0.0052887696632254455, 0.005399114988731081)
1(0.005485280856137152, 0.005594705882033509)
1(0.006097968721334262, 0.006206150625263636)
1(0.005451990654587147, 0.005557070255225199)
1(0.005511527844010551, 0.005615474039147389)
1(0.005533987399866112, 0.005632869235276186)
1(0.005597380014486635, 0.00568947368887518)
1(0.006050014434540933, 0.006139025921499391)
1(0.008556095500176226, 0.008643706277166353)
1(0.005859433667080066, 0.005946384902390831)
1(0.0059948483162204635, 0.006080778289629442)
1(0.016585222104977128, 0.016669416397755675)
1(0.018303261554316348, 0.01838584036437672)
1(0.005306455058747615, 0.005388787699173299)
1(0.0056469626351801855, 0.005727756667089751)
1(0.005857942829509944, 0.005933927129425006)
1(0.0047469339997465295, 0.004821515552931664)
1(0.0056638397334702, 0.005736772185712512)
1(0.0058384989934771436, 0.0059110987147539705)
1(0.005546746304647771, 0.0056193101364981545)
1(0.005777452784864265, 0.00584896859121349)
1(0.006615476743187342, 0.006686688083190431)
1(0.014322440416796409, 0.014393601274454137)
1(0.01543177236856906, 0.015501687319425462)
1(0.005525087576935435, 0.005594705882033509)
1(0.0056010684686412125, 0.005668849152013666)
1(0.005576256364623456, 0.005643223933311862)
1(0.017088867474186187, 0.017154513473660118)
1(0.015657554074881102, 0.01572257369188793)
1(0.015856662783195863, 0.015921117051748535)
1(0.005005015731676716, 0.005065823303151569)
1(0.01652695896964507, 0.016587579430122786)
1(0.006037434345806081, 0.006097651391150337)
1(0.0065333324741870535, 0.006593381065638057)
1(0.005914776274989125, 0.005972504005262265)
1(0.02264503943837615, 0.02270266021375833)
1(0.006096771289352753, 0.006146606623426733)
1(0.01520406865546696, 0.015253546076836624)
1(0.005544606799952017, 0.005591030778132521)
1(0.005802582493249949, 0.005847038779523321)
1(0.015860255622345245, 0.015902856752630045)
1(0.01962748633862319, 0.019668806248186625)
1(0.0047813636683819325, 0.004820287131302694)
1(0.0073337970037203205, 0.007372138600414769)
1(0.0052833923222714236, 0.00532105268203958)
1(0.005618857424850553, 0.00565483981163548)
1(0.005309047116878585, 0.005344431839637476)
1(0.0056133068238943375, 0.0056480982816460214)
1(0.005501897805840528, 0.005534790439967211)
1(0.0056557476874445605, 0.005688496920707339)
1(0.006034112620629897, 0.006066592377468389)
1(0.005314896340435572, 0.005347213760258062)
1(0.015529068005222212, 0.015560193233929914)
1(0.016724247392470182, 0.01675496202443623)
1(0.006101733197786854, 0.0061290603254528534)
1(0.006039479960839055, 0.006066592377468389)
1(0.006271026949863418, 0.006296590838853013)
1(0.01871174805222951, 0.018734455616005015)
1(0.017391270123986266, 0.01741386920671789)
1(0.014191689189686742, 0.014212631038128474)
1(0.00810340568653671, 0.00812306129132284)
1(0.005049897130423337, 0.005068372181345574)
1(0.0063895807005025064, 0.006407858736749902)
1(0.00476659924458732, 0.004782832610694936)
1(0.005474358052655528, 0.005489420917630474)
1(0.006563021697181756, 0.006577293699445284)
1(0.016827252215560366, 0.016839908511479665)
1(0.005953314228886602, 0.00596272588854076)
1(0.005821471982304439, 0.005830615703003327)
1(0.005405679268914184, 0.005412983201642279)
1(0.015698843561336946, 0.015706065760849437)
1(0.0057379879759822585, 0.0057449591415025016)
1(0.018115757870635366, 0.018121211259259026)
1(0.005416232739071795, 0.005420547466568164)
1(0.005347636826100536, 0.005351070557313932)
1(0.01652469184938165, 0.016526523273386308)
0(0.0, inf)
0(0.0, 0.827785913188816)
0(0.0, 0.2007642576606084)
0(0.0, 0.09356308111212339)
0(0.0, 0.06071182153580918)
0(0.0, 0.04138344202400054)
0(0.0, 0.04020795700107008)
0(0.0, 0.03990230262093032)
0(0.0, 0.03708081718567122)
0(0.0, 0.036588506596770806)
0(0.0, 0.029980453443367423)
0(0.0, 0.026051041882087234)
0(0.0, 0.025436369325094712)
0(0.0, 0.025210692829268397)
0(0.0, 0.0247445675732216)
0(0.0, 0.02463873420212704)
0(0.0, 0.023067046844662015)
0(0.0, 0.022667275702135302)
0(0.0, 0.022591680108772855)
0(0.0, 0.022570452852761165)
0(0.0, 0.02230443696075384)
0(0.0, 0.021754560886359534)
0(0.0, 0.0216303371062582)
0(0.0, 0.021260763954307215)
0(0.0, 0.021012983459925798)
0(0.0, 0.020954547064584567)
0(0.0, 0.020596836574499747)
0(0.0, 0.020549639354376203)
0(0.0, 0.020509416178747335)
0(0.0, 0.020403441882816578)
0(0.0, 0.020046177574156613)
0(0.0, 0.019995582802886103)
0(0.0, 0.019868456647638973)
0(0.0, 0.01981024327496828)
0(0.0, 0.019169961272479653)
0(0.0, 0.019054419142879763)
0(0.0, 0.018933400912949632)
0(0.0, 0.01879331753917462)
0(0.0, 0.018534372900639577)
0(0.0, 0.01852126910668866)
0(0.0, 0.018391212231648083)
0(0.0, 0.01812485394132516)
0(0.0, 0.01804793136955183)
0(0.0, 0.018040310108998214)
0(0.0, 0.01802073290494051)
0(0.0, 0.017931366000471616)
0(0.0, 0.017928957557861173)
0(0.0, 0.017896547030740294)
0(0.0, 0.017843858091633098)
0(0.0, 0.017827921856840175)
0(0.0, 0.017733989238205787)
0(0.0, 0.017670772721981712)
0(0.0, 0.017589873533652503)
0(0.0, 0.01750440582559437)
0(0.0, 0.0174968082078102)
0(0.0, 0.017491499204819735)
0(0.0, 0.017464975345578296)
0(0.0, 0.01743358908846799)
0(0.0, 0.017335077300375718)
0(0.0, 0.01732507064074299)
0(0.0, 0.017244006334168848)
0(0.0, 0.017152900033029106)
0(0.0, 0.017121479996974078)
0(0.0, 0.01711338423903522)
0(0.0, 0.01709453258848088)
0(0.0, 0.01709392663702329)
0(0.0, 0.017090487503442046)
0(0.0, 0.017032703508471577)
0(0.0, 0.017029992065895422)
0(0.0, 0.017027759189955607)
0(0.0, 0.017009514782296623)
0(0.0, 0.01697780649166345)
0(0.0, 0.016975601400234193)
0(0.0, 0.01696651452815734)
0(0.0, 0.016958163844740956)
0(0.0, 0.016940816575229938)
0(0.0, 0.016809106523662166)
0(0.0, 0.016800345999510767)
0(0.0, 0.01678009717928404)
0(0.0, 0.016776367410336827)
0(0.0, 0.016749846201684133)
0(0.0, 0.016727637520631652)
0(0.0, 0.01667726691038403)
0(0.0, 0.0165882880622598)
0(0.0, 0.01658437042948921)
0(0.0, 0.01658197889545884)
0(0.0, 0.016534874459053696)
0(0.0, 0.016532345381668416)
0(0.0, 0.016360263389065002)
0(0.0, 0.01635063657066087)
0(0.0, 0.016335667157486033)
0(0.0, 0.01631471790683504)
0(0.0, 0.0162959528707278)
0(0.0, 0.016294168976815085)
0(0.0, 0.016220348480863796)
0(0.0, 0.016195606251837698)
0(0.0, 0.01619337807132714)
0(0.0, 0.016155468119217493)
0(0.0, 0.01612073403185393)
0(0.0, 0.016027189333566824)
0(0.0, 0.015989372476097833)
0(0.0, 0.015952899839141704)
0(0.0, 0.01592326802377852)
0(0.0, 0.015870756771849563)
0(0.0, 0.015859557491009244)
0(0.0, 0.015816965565506706)
0(0.0, 0.015815651711695387)
0(0.0, 0.015802328879603228)
0(0.0, 0.015749475793211353)
0(0.0, 0.015666771601866043)
0(0.0, 0.015658749119741813)
0(0.0, 0.015650036347881157)
0(0.0, 0.015646106077725586)
0(0.0, 0.015643815434373452)
0(0.0, 0.01564205810045879)
0(0.0, 0.015630602148987063)
0(0.0, 0.015618526252545136)
0(0.0, 0.015617963865022018)
0(0.0, 0.015608595564473622)
0(0.0, 0.015576145257174474)
0(0.0, 0.015502375057038052)
0(0.0, 0.015497416821443892)
0(0.0, 0.01539328952661415)
0(0.0, 0.015390529281045963)
0(0.0, 0.015356797799047037)
0(0.0, 0.01534147308503144)
0(0.0, 0.0153383876470592)
0(0.0, 0.015318539857606098)
0(0.0, 0.015316218274292767)
0(0.0, 0.01531521613941171)
0(0.0, 0.01529471907699342)
0(0.0, 0.015271692011882332)
0(0.0, 0.015250552372368562)
0(0.0, 0.01520276939483729)
0(0.0, 0.015117238694614546)
0(0.0, 0.015102462351720483)
0(0.0, 0.015080467811152626)
0(0.0, 0.015058586974723022)
0(0.0, 0.015020121469942029)
0(0.0, 0.014970189528803468)
0(0.0, 0.014964195157125718)
0(0.0, 0.014939786662973282)
0(0.0, 0.01488140093624725)
0(0.0, 0.01485755276955244)
0(0.0, 0.014839015875336937)
0(0.0, 0.01482979131094546)
0(0.0, 0.014821363188800401)
0(0.0, 0.014813954103256356)
0(0.0, 0.014792309109044896)
0(0.0, 0.014681916760934364)
0(0.0, 0.014655054346892687)
0(0.0, 0.014635653589759531)
0(0.0, 0.014529942616139956)
0(0.0, 0.014507936337553807)
0(0.0, 0.014487113323920353)
0(0.0, 0.01446396133582549)
0(0.0, 0.014443795278679979)
0(0.0, 0.014383641938186757)
0(0.0, 0.014369265326416657)
0(0.0, 0.014334031615865713)
0(0.0, 0.014311864503451635)
0(0.0, 0.014269849712258477)
0(0.0, 0.014257844931173276)
0(0.0, 0.014229101893478492)
0(0.0, 0.014177527060557506)
0(0.0, 0.014169634330216504)
0(0.0, 0.014168931245219117)
0(0.0, 0.014131932029986118)
0(0.0, 0.014110158913875254)
0(0.0, 0.01408304804700574)
0(0.0, 0.014073768784643061)
0(0.0, 0.014072174226865066)
0(0.0, 0.01404344260861316)
0(0.0, 0.014024674560729243)
0(0.0, 0.014016677624187108)
0(0.0, 0.01395978168547638)
0(0.0, 0.01393057594866539)
0(0.0, 0.013904724356893937)
0(0.0, 0.013890916026845446)
0(0.0, 0.013873923339359925)
0(0.0, 0.013872007602871595)
0(0.0, 0.013861582388928602)
0(0.0, 0.013806317140453639)
0(0.0, 0.013794409631412824)
0(0.0, 0.01376623562446901)
0(0.0, 0.01374358124152151)
0(0.0, 0.013683855906285161)
0(0.0, 0.013680639851002605)
0(0.0, 0.013659540016995798)
0(0.0, 0.013602842655900513)
0(0.0, 0.01358046571012698)
0(0.0, 0.013533805452572713)
0(0.0, 0.013533514580163084)
0(0.0, 0.01351536684434688)
0(0.0, 0.013490215911234893)
0(0.0, 0.013487170592160086)
0(0.0, 0.013461229019787762)
0(0.0, 0.013414637599357845)
0(0.0, 0.013391606235824317)
0(0.0, 0.013386204281559322)
0(0.0, 0.013239837362824412)
0(0.0, 0.013213464316631495)
0(0.0, 0.013125689570296709)
0(0.0, 0.013064651370398075)
0(0.0, 0.013037108680200618)
0(0.0, 0.012941561428766133)
0(0.0, 0.01279646975047033)
0(0.0, 0.012770596134182957)
0(0.0, 0.012752811146091237)
0(0.0, 0.01272117425523259)
0(0.0, 0.012705126872899795)
0(0.0, 0.012691923211828176)
0(0.0, 0.012637839733673295)
0(0.0, 0.012530737573127402)
0(0.0, 0.012509924922465)
0(0.0, 0.012477353705734133)
0(0.0, 0.012461612942675632)
0(0.0, 0.012433995287389565)
0(0.0, 0.01241648042074252)
0(0.0, 0.012344622512181184)
0(0.0, 0.012062758436821313)
0(0.0, 0.01204565349663444)
0(0.0, 0.011992971755321082)
0(0.0, 0.011985687380676232)
0(0.0, 0.011790566199167721)
0(0.0, 0.011718370897246757)
0(0.0, 0.01169406932023928)
0(0.0, 0.011653574261616988)
0(0.0, 0.010824393159491486)
0(0.0, 0.01002750183759034)
0(0.0, 0.009771819273799394)
0(0.0, 0.00936279951351448)
0(0.0, 0.008977611883977393)
0(0.0, 0.008839275928070458)
0(0.0, 0.008698773994395403)
0(0.0, 0.008280278210484575)
0(0.0, 0.007951430677689598)
0(0.0, 0.007940493630657788)
0(0.0, 0.007935679231149032)
0(0.0, 0.007915357580048918)
0(0.0, 0.007789210037434225)
0(0.0, 0.007762866401447512)
0(0.0, 0.0070976293933340175)
0(0.0, 0.007025083816639302)
0(0.0, 0.0069015460589652924)
0(0.0, 0.00678972356102912)
0(0.0, 0.006764136875313432)
0(0.0, 0.006583453656661926)
0(0.0, 0.00647752132058114)
0(0.0, 0.006459712249052007)
0(0.0, 0.00633561794162884)
0(0.0, 0.006308345717721337)
0(0.0, 0.006291659650712002)
0(0.0, 0.006277495954247802)
0(0.0, 0.006231948916454827)
0(0.0, 0.006200705931016979)
0(0.0, 0.0061878605427240435)
0(0.0, 0.00617020549518928)
0(0.0, 0.00610427657064468)
0(0.0, 0.006098960713122509)
0(0.0, 0.006050562534592532)
0(0.0, 0.00602654318525338)
0(0.0, 0.006026322923488423)
0(0.0, 0.006018411772528093)
0(0.0, 0.006005401073013677)
0(0.0, 0.005995581353193998)
0(0.0, 0.00598612331955983)
0(0.0, 0.005982124091016103)
0(0.0, 0.005960942879851896)
0(0.0, 0.005954903077066285)
0(0.0, 0.005945690773570179)
0(0.0, 0.0059416792582491764)
0(0.0, 0.005920281076106249)
0(0.0, 0.005913800473401327)
0(0.0, 0.005865730084785085)
0(0.0, 0.005863104857197846)
0(0.0, 0.005848751660086445)
0(0.0, 0.0058257825296225635)
0(0.0, 0.005778899216200586)
0(0.0, 0.005773809936642358)
0(0.0, 0.0057707175488916854)
0(0.0, 0.005769474438326888)
0(0.0, 0.005757820481324032)
0(0.0, 0.0057547322063225955)
0(0.0, 0.005740523152231324)
0(0.0, 0.005724507354671541)
0(0.0, 0.005719527062158329)
0(0.0, 0.005706130488130546)
0(0.0, 0.005677531586866961)
0(0.0, 0.0056726250065932205)
0(0.0, 0.005623054946050407)
0(0.0, 0.005619101924896247)
0(0.0, 0.005600639646170465)
0(0.0, 0.005583263594036339)
0(0.0, 0.005565323496713726)
0(0.0, 0.005552713553442457)
0(0.0, 0.0055498752109509305)
0(0.0, 0.005540809536760246)
0(0.0, 0.00553455054694429)
0(0.0, 0.005506546648855929)
0(0.0, 0.005501534944707403)
0(0.0, 0.0054872670402950265)
0(0.0, 0.005480733384130587)
0(0.0, 0.005476894335741928)
0(0.0, 0.005471960764700124)
0(0.0, 0.005468000892580503)
0(0.0, 0.005457605847663626)
0(0.0, 0.00544792016163454)
0(0.0, 0.005437653328366954)
0(0.0, 0.00543009282640501)
0(0.0, 0.0054153173014463585)
0(0.0, 0.005414968946451712)
0(0.0, 0.005411543373466708)
0(0.0, 0.005399243656694499)
0(0.0, 0.005392160481017762)
0(0.0, 0.005389277068846763)
0(0.0, 0.005380489125457328)
0(0.0, 0.005379231870316282)
0(0.0, 0.005376048368863597)
0(0.0, 0.005373615685082874)
0(0.0, 0.005365758374788252)
0(0.0, 0.005325863340197486)
0(0.0, 0.005319716995608992)
0(0.0, 0.005311207341405454)
0(0.0, 0.0053094956825239376)
0(0.0, 0.0053072684402369445)
0(0.0, 0.005278023325941785)
0(0.0, 0.005276508860159501)
0(0.0, 0.005271203314942565)
0(0.0, 0.005262894138624582)
0(0.0, 0.005251736512929285)
0(0.0, 0.005245378621823306)
0(0.0, 0.0052373640815705225)
0(0.0, 0.005235133489358653)
0(0.0, 0.005223250504462399)
0(0.0, 0.005217922908535671)
0(0.0, 0.005215888872442066)
0(0.0, 0.005210556668700122)
0(0.0, 0.005208250860234802)
0(0.0, 0.0051947506806432385)
0(0.0, 0.00518398321687631)
0(0.0, 0.005176850210882989)
0(0.0, 0.00517343500756396)
0(0.0, 0.005163753149214204)
0(0.0, 0.0051424169194527495)
0(0.0, 0.005131812904178979)
0(0.0, 0.005129022599464459)
0(0.0, 0.0051087218686451975)
0(0.0, 0.00510505621301757)
0(0.0, 0.005104927049864789)
0(0.0, 0.005093966063771367)
0(0.0, 0.0050938564201578485)
0(0.0, 0.005091698851799143)
0(0.0, 0.005091591610335909)
0(0.0, 0.005083558298862899)
0(0.0, 0.005079919288999095)
0(0.0, 0.00505578950586292)
0(0.0, 0.005054143642701004)
0(0.0, 0.005051509721742202)
0(0.0, 0.005029727407407908)
0(0.0, 0.005015243870304623)
0(0.0, 0.00501385481505336)
0(0.0, 0.005013021907219361)
0(0.0, 0.005001918672230065)
0(0.0, 0.004982031977492914)
0(0.0, 0.00498091483348443)
0(0.0, 0.0049762483398894395)
0(0.0, 0.004970009371057473)
0(0.0, 0.004961313344723071)
0(0.0, 0.004939327198182402)
0(0.0, 0.004930219915986486)
0(0.0, 0.0049286601779963204)
0(0.0, 0.004916503317134253)
0(0.0, 0.00491605744136296)
0(0.0, 0.004913160804716563)
0(0.0, 0.0048914474690039825)
0(0.0, 0.004886177026949193)
0(0.0, 0.004882902273676606)
0(0.0, 0.004882179877437522)
0(0.0, 0.004869110472419206)
0(0.0, 0.004868604659528579)
0(0.0, 0.004864709294362148)
0(0.0, 0.0048537278892201805)
0(0.0, 0.0048514525941815885)
0(0.0, 0.004844614822364184)
0(0.0, 0.004839179799436538)
0(0.0, 0.004832197898043502)
0(0.0, 0.004811317020381264)
0(0.0, 0.004801259661837806)
0(0.0, 0.004789004622105857)
0(0.0, 0.004782780194792622)
0(0.0, 0.004781437867293496)
0(0.0, 0.004757756663243079)
0(0.0, 0.004752582132427861)
0(0.0, 0.00473598784137655)
0(0.0, 0.004730190178618096)
0(0.0, 0.004728980308396409)
0(0.0, 0.004719308033531129)
0(0.0, 0.004710574968375105)
0(0.0, 0.004707352932963728)
0(0.0, 0.004679446429294517)
0(0.0, 0.0046728021235179565)
0(0.0, 0.004662362917781003)
0(0.0, 0.004662134177392457)
0(0.0, 0.004653753611521378)
0(0.0, 0.004651433350966269)
0(0.0, 0.0046475976466194835)
0(0.0, 0.004605907385326024)
0(0.0, 0.004605151106261836)
0(0.0, 0.004593445528096581)
0(0.0, 0.004574474378932875)
0(0.0, 0.004571317902566889)
0(0.0, 0.0045692947201244885)
0(0.0, 0.004561654660684408)
0(0.0, 0.004557101371842944)
0(0.0, 0.004541932864690788)
0(0.0, 0.004533008664159)
0(0.0, 0.004530756292974182)
0(0.0, 0.004514596457808295)
0(0.0, 0.004513253318710227)
0(0.0, 0.004504204279104441)
0(0.0, 0.004484916761824725)
0(0.0, 0.004480211896797324)
0(0.0, 0.004428630863353003)
0(0.0, 0.004394589245247054)
0(0.0, 0.004345263108106717)
0(0.0, 0.004208332028362326)
0(0.0, 0.004194041643602252)
0(0.0, 0.004113986568589918)
0(0.0, 0.004109329239664136)
0(0.0, 0.004067567633706861)
0(0.0, 0.0037537214878422655)
