1(0.023865379036194758, 0.028719050721687286)
1(0.022027893020399425, 0.025787110497304058)
1(0.02598775529315672, 0.029298759452039233)
1(0.020379571138614248, 0.023564052710750055)
1(0.022813058854855326, 0.025921618503965585)
1(0.01841523852692784, 0.021263443028850103)
1(0.01714750550037057, 0.019815958514475655)
1(0.021545109532158442, 0.024063920362620467)
1(0.026873835441329454, 0.02913438847221528)
1(0.025957673603211905, 0.02814999504199708)
1(0.021241728508504427, 0.023239924026458615)
1(0.01987410550193205, 0.021650946164426563)
1(0.022887262628588517, 0.02465769348593453)
1(0.024051613278130476, 0.025815852064147316)
1(0.024710789793360728, 0.026469687144400393)
1(0.02202988435638064, 0.023749741221137374)
1(0.01782938973040338, 0.019519261904354178)
1(0.017311904762105947, 0.018996347143211783)
1(0.022933274775375437, 0.02447004642404242)
1(0.01913970716746584, 0.020609389887305374)
1(0.024956867736851823, 0.026417815389795728)
1(0.02092761270583795, 0.02237939120037557)
1(0.01965582357461556, 0.021059281063801605)
1(0.017182686783819522, 0.018570114427187742)
1(0.018475100060147645, 0.01981207612793794)
1(0.020687214194440775, 0.022016028573742696)
1(0.01051612697517017, 0.011764312797380197)
1(0.018068885976586537, 0.019294278069256127)
1(0.018090762287690604, 0.019315279058810232)
1(0.022747571156789798, 0.02397117650398171)
1(0.014160033377957924, 0.01536225716162996)
1(0.006740904688979839, 0.007848557806644039)
1(0.024846135728959176, 0.0259157659676543)
1(0.01956555100950564, 0.020596206301600636)
1(0.016701414177083637, 0.0176975469928757)
1(0.02251708922152765, 0.02349862315738624)
1(0.018910780456197717, 0.01986364273071863)
1(0.0066380072146875295, 0.007571639402336429)
1(0.0181220979138451, 0.01904333921565533)
1(0.022392451838910313, 0.02331246725696659)
1(0.019072062700042282, 0.01998720115824411)
1(0.01838293826014425, 0.019291468794266884)
1(0.017906485211474314, 0.018782556232309133)
1(0.0063980028966328165, 0.007245953059939077)
1(0.01858441779772342, 0.019429613285730254)
1(0.018408369100216246, 0.019238654306557162)
1(0.01767836651825857, 0.018499057107472523)
1(0.02235862376258627, 0.023172471603306502)
1(0.022573650385962683, 0.023384760646886698)
1(0.01942916504498719, 0.0202285008710962)
1(0.01940744691969405, 0.020187702892395864)
1(0.02624113318307996, 0.027004493590679586)
1(0.0057081879783755125, 0.00646278705252737)
1(0.034249598864631595, 0.03499187271024129)
1(0.008081083773771511, 0.008813004564650067)
1(0.018052716723589574, 0.018782556232309133)
1(0.006986504819530895, 0.007704211407348377)
1(0.00631701864777107, 0.007031812162502181)
1(0.016796347479652068, 0.017507015980197365)
1(0.0185487019573595, 0.01925554542875629)
1(0.006133096496177199, 0.006838965517891192)
1(0.020592375548850683, 0.02128243486506461)
1(0.017248023909308144, 0.017931413701938334)
1(0.011169901461785564, 0.011849512073695417)
1(0.006463862755896272, 0.007139736630182034)
1(0.007980624326210712, 0.008655194546985628)
1(0.018375938396016006, 0.019044961709817416)
1(0.018509203572868702, 0.01917302283293001)
1(0.006338819424616153, 0.006995371279164816)
1(0.01980969526630598, 0.020463455270525913)
1(0.006970916433289224, 0.007620618134896765)
1(0.017545127479175183, 0.018191592028887146)
1(0.01858168591945083, 0.019225013594564768)
1(0.021329181443238285, 0.021966718024370578)
1(0.006640693045984506, 0.007277656633983073)
1(0.0165784167903689, 0.01720702020303461)
1(0.01845826400384868, 0.01908420067144098)
1(0.01630360573632141, 0.01692482441699541)
1(0.006668442397032445, 0.0072892140505763856)
1(0.008015355402453123, 0.008636124150728152)
1(0.019079555392436682, 0.019696380133656204)
1(0.0069443234101477565, 0.007545824030667196)
1(0.024817529036634058, 0.025413872093293422)
1(0.01942719500537869, 0.020023499823985005)
1(0.018355221750979457, 0.018947614245273144)
1(0.017493597661280783, 0.018084021717624906)
1(0.006876110535147731, 0.007464975350284188)
1(0.011064917920872044, 0.011643039299129137)
1(0.00665319818933417, 0.007222894494436588)
1(0.016047011513836473, 0.016602382490924116)
1(0.027850011980314626, 0.02840361845713974)
1(0.007695322916631975, 0.00823999056365342)
1(0.006011310999983507, 0.006547313243545707)
1(0.006846288331028507, 0.007379469946215861)
1(0.006713914216835137, 0.007236932988632711)
1(0.02329303395140516, 0.023811269893808527)
1(0.005776305285658216, 0.0062932508935216215)
1(0.027392291046966236, 0.027906069081078736)
1(0.007490904318954463, 0.007998594376420191)
1(0.01950701940861841, 0.020011649855357846)
1(0.009072527681253897, 0.009575445694808933)
1(0.006688186292145892, 0.007189288281687443)
1(0.00681765813030381, 0.0073073728377998776)
1(0.00758099061430051, 0.008069706254579246)
1(0.022771532256338028, 0.023257343761399336)
1(0.025887703540723096, 0.026371207389021906)
1(0.007044242481976747, 0.0075223641744704885)
1(0.007227587627820807, 0.007702867985491902)
1(0.0070354919286033145, 0.007508422463251583)
1(0.017017521432956102, 0.017488941415378545)
1(0.006547933489208005, 0.007018941193407109)
1(0.027079789085466547, 0.02754350756813181)
1(0.00708642176931351, 0.007531238432370967)
1(0.0071975343269554135, 0.007640892262932832)
1(0.026102750544230943, 0.026533198196487636)
1(0.006492730652135601, 0.006914586512507165)
1(0.007002131922666989, 0.007420831057860775)
1(0.0065969402313951105, 0.007003702391829912)
1(0.017767312126811367, 0.01817304911722872)
1(0.021610416880352264, 0.022016028573742696)
1(0.0066612845829640095, 0.00706641488183966)
1(0.02467843926047083, 0.0250796816729614)
1(0.006750573296411919, 0.007146811087694025)
1(0.006332264932392332, 0.00672791281306792)
1(0.007551377429292888, 0.00793721562601917)
1(0.007614825143336746, 0.007992721113482171)
1(0.023782504474551963, 0.024155895570652754)
1(0.007666471564676769, 0.008037050024982926)
1(0.020315171513928722, 0.020685184023466318)
1(0.007156758790679573, 0.007520988674871169)
1(0.020927163501270326, 0.02128243486506461)
1(0.008872084913040616, 0.009226454025079813)
1(0.006639865486533765, 0.0069888574438467885)
1(0.01946975878182057, 0.019812219033682604)
1(0.007181437082436548, 0.007520988674871169)
1(0.021425195177105234, 0.021756960984119583)
1(0.017269642157955154, 0.017591580995447904)
1(0.0063473432120319945, 0.006666810958816073)
1(0.021831512248082153, 0.022150799385013464)
1(0.006987138176155895, 0.007293052725447043)
1(0.007003764371816757, 0.0073073728377998776)
1(0.01655748430816622, 0.016852621463053597)
1(0.008544323946415668, 0.008839052238805004)
1(0.008336767828129735, 0.008624920354632805)
1(0.006836045161281255, 0.007121150049661328)
1(0.007336527128646752, 0.0076205042141118725)
1(0.0072511665775781345, 0.0075324149920258645)
1(0.020804260066521064, 0.021082787220511143)
1(0.007117849200103512, 0.007396326883093607)
1(0.007949325399742057, 0.008223440345774834)
1(0.006083082931727557, 0.006348509373315829)
1(0.007321282664938423, 0.007585891600888208)
1(0.007305660971731918, 0.007562192627061714)
1(0.007052011695717725, 0.0073073728377998776)
1(0.02020321531928106, 0.020455489233533554)
1(0.025240491092726615, 0.02548615666001439)
1(0.007466118049844624, 0.007709854421202317)
1(0.01611499791584523, 0.01634181749250317)
1(0.0071412696382180145, 0.007366801528947829)
1(0.006871210805108771, 0.007096396928445852)
1(0.023985113746003303, 0.02420380444011125)
1(0.02397839317902266, 0.024193766136143123)
1(0.007658532338379547, 0.007871778450343913)
1(0.007530386772981115, 0.007742050991759703)
1(0.016639819566694365, 0.016843845862578317)
1(0.006819089346144627, 0.007022602822347121)
1(0.0062343130210179825, 0.0064349368185495715)
1(0.007478237294649176, 0.007678146765117445)
1(0.006607202208277603, 0.006805163419163037)
1(0.015193872960012863, 0.015390772964325807)
1(0.007590744232380608, 0.007785514527545708)
1(0.005373284207234777, 0.005565980855643842)
1(0.017791487299678152, 0.017974947304848297)
1(0.0060834346982053394, 0.006266458047557485)
1(0.0053849158100466275, 0.005565980855643842)
1(0.024273842223764604, 0.024449455470469714)
1(0.023136882229780914, 0.02331246725696659)
1(0.020915118261283044, 0.021082787220511143)
1(0.007353800032119016, 0.00751373918460389)
1(0.0077651744727738874, 0.007922838210874548)
1(0.016768440079304486, 0.01692482441699541)
1(0.006677319512316329, 0.006816887364277322)
1(0.017952711503018005, 0.01808692842238239)
1(0.007251245972983937, 0.007384844280488431)
1(0.023377763395060473, 0.023510822760982587)
1(0.0060330593272869834, 0.006164857992308706)
1(0.006566157244367366, 0.006697469530177558)
1(0.0067010754758187185, 0.0068296886637967)
1(0.020918824710933256, 0.02104715302053336)
1(0.007988915550804837, 0.00811600849751528)
1(0.00811120178767358, 0.008237198614010125)
1(0.02297996943384988, 0.02310046559502026)
1(0.0073193853413095694, 0.0074397213021703875)
1(0.008495093122101978, 0.008613077606350132)
1(0.006712361994012662, 0.00681799715172884)
1(0.007884118310853299, 0.00798738859634107)
1(0.01674367646840645, 0.01684585053728693)
1(0.01947148228003214, 0.019573193879526725)
1(0.007982663244946918, 0.008079584311096847)
1(0.007062377618080632, 0.0071558808813341505)
1(0.022540755091022508, 0.022631737202717415)
1(0.018301089507241058, 0.018388255678264163)
1(0.00768078578257204, 0.007766289648839757)
1(0.02145332174605809, 0.021536596686318694)
1(0.019141333664762856, 0.01922151981872986)
1(0.008975032559110193, 0.00905305094703111)
1(0.020392815617685713, 0.020467391972534926)
1(0.0073695653476889625, 0.0074436214839115064)
1(0.007590285883438046, 0.00766328369437915)
1(0.008230739815773665, 0.008301640854830514)
1(0.018693107399717815, 0.01875994972246552)
1(0.022073804552857977, 0.022138824057424254)
1(0.01585398867573798, 0.015917485206781677)
1(0.007120413075224173, 0.007183450093192912)
1(0.01838768002868861, 0.018448481947313397)
1(0.007376991116383507, 0.007433388675920296)
1(0.007444144801323237, 0.007498489603896502)
1(0.008287103502272422, 0.00834044528088278)
1(0.0067992209038826796, 0.006851340464281401)
1(0.007647508379430996, 0.0076978093826701125)
1(0.019046063760518425, 0.01909083161547492)
1(0.006714307990387639, 0.006757291861621574)
1(0.006236486417403891, 0.006276769837340697)
1(0.006580363849788149, 0.006617742797014015)
1(0.0069585112084509645, 0.006995371279164816)
1(0.01917551348521767, 0.01921013691414793)
1(0.022050907804911132, 0.022085394944206665)
1(0.025526445995555706, 0.02555873610768918)
1(0.006111081126216188, 0.00614284413405521)
1(0.0065957274864131485, 0.006627025323217822)
1(0.006308433309432974, 0.006337599169746946)
1(0.0071495286510301305, 0.007177026488078962)
1(0.0066811385415994715, 0.006706199996143487)
1(0.0062906288976696785, 0.00631359145771262)
1(0.022394843367780335, 0.02241375361026012)
1(0.006431531359463821, 0.006447666803588885)
1(0.01963514633177086, 0.019650060864936)
1(0.008468867822396168, 0.008481074752819758)
1(0.007450631696238529, 0.007458785586731161)
1(0.00796520020744174, 0.007972595900775958)
1(0.006792376246253176, 0.006799254546079365)
1(0.02829681956170527, 0.028301807382412933)
1(0.005903338807587336, 0.005905619910622609)
0(0.0, inf)
0(0.0, 0.3459945456600776)
0(0.0, 0.2770349902237339)
0(0.0, 0.07339188845143534)
0(0.0, 0.06358535737198834)
0(0.0, 0.05189450750666889)
0(0.0, 0.05065173465646317)
0(0.0, 0.04693428817298843)
0(0.0, 0.04480100803878123)
0(0.0, 0.04217986315727406)
0(0.0, 0.041810643118922595)
0(0.0, 0.0337855111209915)
0(0.0, 0.03245792961211367)
0(0.0, 0.029635048424576982)
0(0.0, 0.028822997795014908)
0(0.0, 0.028614638425595713)
0(0.0, 0.028490166402133442)
0(0.0, 0.02822892552138593)
0(0.0, 0.02788562601223021)
0(0.0, 0.02754746970529679)
0(0.0, 0.0271583588273387)
0(0.0, 0.02678204935918607)
0(0.0, 0.026016205418823032)
0(0.0, 0.025905405118170542)
0(0.0, 0.025682145509377263)
0(0.0, 0.025279156158846607)
0(0.0, 0.024825160295458424)
0(0.0, 0.02446929928320153)
0(0.0, 0.024405634546624314)
0(0.0, 0.023716764561650366)
0(0.0, 0.023601616427531894)
0(0.0, 0.023328299563721514)
0(0.0, 0.02330405337071282)
0(0.0, 0.023265111580221504)
0(0.0, 0.02297892181965644)
0(0.0, 0.022955365760126068)
0(0.0, 0.02291000422547601)
0(0.0, 0.022730376189077278)
0(0.0, 0.022665724017645352)
0(0.0, 0.022362788283566765)
0(0.0, 0.022332370637903737)
0(0.0, 0.022156359276470042)
0(0.0, 0.022071786240399065)
0(0.0, 0.0220582148564987)
0(0.0, 0.02204668890808779)
0(0.0, 0.022044125162319825)
0(0.0, 0.02192134319904312)
0(0.0, 0.02178194632233452)
0(0.0, 0.0217231376065379)
0(0.0, 0.021696862104082743)
0(0.0, 0.021642727105247655)
0(0.0, 0.021409728314775247)
0(0.0, 0.021388940340170644)
0(0.0, 0.021351152304106297)
0(0.0, 0.021320515811665483)
0(0.0, 0.021309013477340877)
0(0.0, 0.021307860324639917)
0(0.0, 0.021299406830569412)
0(0.0, 0.021276402105774608)
0(0.0, 0.02108982603869583)
0(0.0, 0.02101381986733309)
0(0.0, 0.020946051853565233)
0(0.0, 0.020877834364497125)
0(0.0, 0.020787399075359612)
0(0.0, 0.020672224670845275)
0(0.0, 0.020671511654473774)
0(0.0, 0.020661704547596898)
0(0.0, 0.020647877510252943)
0(0.0, 0.020595054823108232)
0(0.0, 0.020560696082622048)
0(0.0, 0.020491670398500795)
0(0.0, 0.020436355017301507)
0(0.0, 0.020421342211956246)
0(0.0, 0.020387412054402552)
0(0.0, 0.020368900823600825)
0(0.0, 0.02036709958670288)
0(0.0, 0.020303654680891257)
0(0.0, 0.020020384690986402)
0(0.0, 0.01989644445585576)
0(0.0, 0.019881003972030634)
0(0.0, 0.019875433595356207)
0(0.0, 0.01979810413322775)
0(0.0, 0.019745613942999427)
0(0.0, 0.019686842800202446)
0(0.0, 0.0196426885003923)
0(0.0, 0.019641504110330953)
0(0.0, 0.019557237761104147)
0(0.0, 0.019517172381029874)
0(0.0, 0.019491948973987483)
0(0.0, 0.019450149076496982)
0(0.0, 0.019421925833623926)
0(0.0, 0.019269945325397633)
0(0.0, 0.01926924696794427)
0(0.0, 0.01926628364574488)
0(0.0, 0.019236696639920538)
0(0.0, 0.019232601357285536)
0(0.0, 0.019151617115507533)
0(0.0, 0.019006971213478167)
0(0.0, 0.018924493377694578)
0(0.0, 0.01892286069491015)
0(0.0, 0.018870522420833945)
0(0.0, 0.018797907895735086)
0(0.0, 0.01879645621552917)
0(0.0, 0.0187243628917577)
0(0.0, 0.01867816782854075)
0(0.0, 0.018675743233391964)
0(0.0, 0.018610571835994946)
0(0.0, 0.018588003227164793)
0(0.0, 0.01857640098271904)
0(0.0, 0.01851925115242691)
0(0.0, 0.018476137298496557)
0(0.0, 0.018449295127402336)
0(0.0, 0.018368494709561273)
0(0.0, 0.01830630416550178)
0(0.0, 0.018282147862383597)
0(0.0, 0.018223581168588254)
0(0.0, 0.018111626240549614)
0(0.0, 0.018022883743748035)
0(0.0, 0.018005908923243854)
0(0.0, 0.017948295628393812)
0(0.0, 0.017944616141993185)
0(0.0, 0.017928645533504987)
0(0.0, 0.017901407864601964)
0(0.0, 0.01787933947614146)
0(0.0, 0.01784241907162691)
0(0.0, 0.017757605470319113)
0(0.0, 0.017722445465265857)
0(0.0, 0.01770201008578607)
0(0.0, 0.017679320948499503)
0(0.0, 0.017671145323323888)
0(0.0, 0.01758212927772257)
0(0.0, 0.017506946474786938)
0(0.0, 0.017382530288389052)
0(0.0, 0.017376593033170327)
0(0.0, 0.01737121551819634)
0(0.0, 0.01736880305718337)
0(0.0, 0.01735457067360555)
0(0.0, 0.017303001025047473)
0(0.0, 0.017287214173184403)
0(0.0, 0.01723832647534976)
0(0.0, 0.017223938169779202)
0(0.0, 0.01720349321001192)
0(0.0, 0.017172351935690774)
0(0.0, 0.0171612107741418)
0(0.0, 0.017150070762106544)
0(0.0, 0.017139802986577215)
0(0.0, 0.017130109283231477)
0(0.0, 0.0171200646392198)
0(0.0, 0.01706265686564938)
0(0.0, 0.017015288021024103)
0(0.0, 0.016981117817073253)
0(0.0, 0.016959438292228034)
0(0.0, 0.01684804931281639)
0(0.0, 0.016843910567648415)
0(0.0, 0.01684160456195526)
0(0.0, 0.01660243008374917)
0(0.0, 0.016599822495016313)
0(0.0, 0.016566010687734153)
0(0.0, 0.016554906345302753)
0(0.0, 0.01653556922941544)
0(0.0, 0.016518239107791412)
0(0.0, 0.01650557122200495)
0(0.0, 0.01650409718636106)
0(0.0, 0.016447222277543114)
0(0.0, 0.016389816645849035)
0(0.0, 0.01638813792799846)
0(0.0, 0.016385979990845265)
0(0.0, 0.016286553742606423)
0(0.0, 0.01626816151993028)
0(0.0, 0.016245357158088357)
0(0.0, 0.016197824807193863)
0(0.0, 0.01619289958759596)
0(0.0, 0.0161824343539107)
0(0.0, 0.016171736238542213)
0(0.0, 0.016151627229987944)
0(0.0, 0.01615029005857716)
0(0.0, 0.016126820082532148)
0(0.0, 0.016122203904273137)
0(0.0, 0.0161212901692694)
0(0.0, 0.01608818557088188)
0(0.0, 0.016051232778106495)
0(0.0, 0.015961704118724714)
0(0.0, 0.015938392193140187)
0(0.0, 0.015935092634846507)
0(0.0, 0.015932098751825288)
0(0.0, 0.01580830143012626)
0(0.0, 0.015745306372970058)
0(0.0, 0.01570289890495336)
0(0.0, 0.01562844465918926)
0(0.0, 0.015541387900305017)
0(0.0, 0.015510580564567061)
0(0.0, 0.015491862603173536)
0(0.0, 0.015483214472509662)
0(0.0, 0.015463388125777355)
0(0.0, 0.015439622334001075)
0(0.0, 0.01543914096393639)
0(0.0, 0.015437577454446481)
0(0.0, 0.015420336526763813)
0(0.0, 0.01537856745320598)
0(0.0, 0.015264450959834731)
0(0.0, 0.015188946063708835)
0(0.0, 0.015014710815143446)
0(0.0, 0.014955205766444523)
0(0.0, 0.014938729903511529)
0(0.0, 0.014920206086155638)
0(0.0, 0.014786421879499492)
0(0.0, 0.014312073041917197)
0(0.0, 0.01428561330953364)
0(0.0, 0.014231792054017778)
0(0.0, 0.014210134154222077)
0(0.0, 0.01408680621024933)
0(0.0, 0.013773308177912167)
0(0.0, 0.01375998282997185)
0(0.0, 0.013755634211623945)
0(0.0, 0.013717357224955236)
0(0.0, 0.013660192902483156)
0(0.0, 0.013558980700117646)
0(0.0, 0.013511577256158102)
0(0.0, 0.013340925101672951)
0(0.0, 0.013318023750657548)
0(0.0, 0.013305065310816822)
0(0.0, 0.013033670068049352)
0(0.0, 0.012696777563650377)
0(0.0, 0.012475926760690266)
0(0.0, 0.012363975035938068)
0(0.0, 0.012112109990915148)
0(0.0, 0.010809758401873799)
0(0.0, 0.010782736056385647)
0(0.0, 0.010697328252500323)
0(0.0, 0.010646440424017519)
0(0.0, 0.010236882585646269)
0(0.0, 0.010133595037041204)
0(0.0, 0.00982085109882995)
0(0.0, 0.009796455262595904)
0(0.0, 0.009676027097614432)
0(0.0, 0.008938571992045233)
0(0.0, 0.008914153718945581)
0(0.0, 0.008889363041499296)
0(0.0, 0.008877471016998543)
0(0.0, 0.008834224505731736)
0(0.0, 0.008719333647335986)
0(0.0, 0.008714265898683654)
0(0.0, 0.008593427910456294)
0(0.0, 0.008583453881791745)
0(0.0, 0.008345507844637773)
0(0.0, 0.008140116468094812)
0(0.0, 0.008024911996478964)
0(0.0, 0.00800430056074632)
0(0.0, 0.007996091909553188)
0(0.0, 0.007961884101084067)
0(0.0, 0.007958603459376044)
0(0.0, 0.007878495905810658)
0(0.0, 0.007867944081947775)
0(0.0, 0.007832620328732123)
0(0.0, 0.007780136554465485)
0(0.0, 0.007772453589891607)
0(0.0, 0.007690553373985827)
0(0.0, 0.007640937526858504)
0(0.0, 0.007627281441241984)
0(0.0, 0.0076028341282629594)
0(0.0, 0.007505625316283208)
0(0.0, 0.007501329159787642)
0(0.0, 0.007467306852442131)
0(0.0, 0.007463418944979057)
0(0.0, 0.007438468117931503)
0(0.0, 0.007435899153725092)
0(0.0, 0.0074325412428243144)
0(0.0, 0.007374849792120381)
0(0.0, 0.007320140919382431)
0(0.0, 0.007315952516134059)
0(0.0, 0.007251658110559692)
0(0.0, 0.007185821156156685)
0(0.0, 0.00713062485377849)
0(0.0, 0.007125775162048072)
0(0.0, 0.007112471913443091)
0(0.0, 0.007092773148941892)
0(0.0, 0.007090323480002375)
0(0.0, 0.007079090602553921)
0(0.0, 0.007044439112340082)
0(0.0, 0.007020619705202393)
0(0.0, 0.0070022472907458585)
0(0.0, 0.006987177183575153)
0(0.0, 0.0069206417455634)
0(0.0, 0.006913453466714576)
0(0.0, 0.006910574579992084)
0(0.0, 0.006906932324026134)
0(0.0, 0.006892483057771035)
0(0.0, 0.006865650708899942)
0(0.0, 0.00684309678788061)
0(0.0, 0.006824946963611349)
0(0.0, 0.006821474566634343)
0(0.0, 0.006802103415470475)
0(0.0, 0.006789383754860093)
0(0.0, 0.006788041225968683)
0(0.0, 0.006730652440541456)
0(0.0, 0.006729106644479881)
0(0.0, 0.006722067359864604)
0(0.0, 0.0067029351866655686)
0(0.0, 0.006699376362955678)
0(0.0, 0.00669328119632765)
0(0.0, 0.006681436783939776)
0(0.0, 0.006676236693420633)
0(0.0, 0.00667035620515632)
0(0.0, 0.006571349771558109)
0(0.0, 0.00655012037663925)
0(0.0, 0.0065264180998086145)
0(0.0, 0.006521774735039833)
0(0.0, 0.0065183758970787245)
0(0.0, 0.006512958019206313)
0(0.0, 0.006510869588967557)
0(0.0, 0.006486334667511857)
0(0.0, 0.006484349713087137)
0(0.0, 0.006477242224319019)
0(0.0, 0.00645145158618863)
0(0.0, 0.006448375819999641)
0(0.0, 0.006444406272253693)
0(0.0, 0.006436253018845373)
0(0.0, 0.006434703218464752)
0(0.0, 0.00642992293150194)
0(0.0, 0.006427717960390894)
0(0.0, 0.0064173758746573105)
0(0.0, 0.006417189751081195)
0(0.0, 0.00641704235049979)
0(0.0, 0.006381540406626276)
0(0.0, 0.006381311732369519)
0(0.0, 0.0063785032318988315)
0(0.0, 0.006371892085102557)
0(0.0, 0.0063656157823484116)
0(0.0, 0.006363791848953427)
0(0.0, 0.006363249738386435)
0(0.0, 0.006336427723089956)
0(0.0, 0.0063055070386182485)
0(0.0, 0.006302530971214721)
0(0.0, 0.006302132283414631)
0(0.0, 0.006290762558780708)
0(0.0, 0.006276620007822904)
0(0.0, 0.006274393048125405)
0(0.0, 0.006254767552456862)
0(0.0, 0.006251997009788194)
0(0.0, 0.006210175358407842)
0(0.0, 0.0061993144143086916)
0(0.0, 0.006157448091486757)
0(0.0, 0.006154066621769368)
0(0.0, 0.006142803555235658)
0(0.0, 0.006142368101830817)
0(0.0, 0.006131281357569542)
0(0.0, 0.006128182496635648)
0(0.0, 0.006111682014555514)
0(0.0, 0.006102974355448872)
0(0.0, 0.0060764116820689155)
0(0.0, 0.006055786412963461)
0(0.0, 0.006052543128736824)
0(0.0, 0.006043280844985352)
0(0.0, 0.006033088379766701)
0(0.0, 0.006020131688210627)
0(0.0, 0.006009320544097411)
0(0.0, 0.005998582509984488)
0(0.0, 0.005994311673065381)
0(0.0, 0.0059922720868402606)
0(0.0, 0.0059574824772051635)
0(0.0, 0.0059574548186242535)
0(0.0, 0.005955704809076088)
0(0.0, 0.005929350483912649)
0(0.0, 0.005914635586261786)
0(0.0, 0.00590599048515998)
0(0.0, 0.005900568261430098)
0(0.0, 0.005879526247766681)
0(0.0, 0.0058739243383438625)
0(0.0, 0.005872152272884093)
0(0.0, 0.005847852673564566)
0(0.0, 0.005843488727076011)
0(0.0, 0.005836947530958199)
0(0.0, 0.0058223054763237025)
0(0.0, 0.005818114298688878)
0(0.0, 0.005802448104627683)
0(0.0, 0.005792700095621895)
0(0.0, 0.005787326119920245)
0(0.0, 0.0057756328552231685)
0(0.0, 0.005773659352725684)
0(0.0, 0.005748907841163022)
0(0.0, 0.0057421045393115724)
0(0.0, 0.005736514046392456)
0(0.0, 0.005724551605499492)
0(0.0, 0.0056999762633504975)
0(0.0, 0.00569590096490802)
0(0.0, 0.0056670727629307)
0(0.0, 0.0056414278519124434)
0(0.0, 0.005614783931858099)
0(0.0, 0.005612984208388427)
0(0.0, 0.005595438801873029)
0(0.0, 0.0055911780996398)
0(0.0, 0.005563092715279807)
0(0.0, 0.005556594596282235)
0(0.0, 0.0055562566166317195)
0(0.0, 0.00555256662313827)
0(0.0, 0.005545339130482831)
0(0.0, 0.005542296007363233)
0(0.0, 0.005498249139699406)
0(0.0, 0.005475595573853722)
0(0.0, 0.005457620825994002)
0(0.0, 0.005457083586094102)
0(0.0, 0.0054506400406440746)
0(0.0, 0.005441748079272331)
0(0.0, 0.005433367166765131)
0(0.0, 0.005430964900349161)
0(0.0, 0.005403956718515972)
0(0.0, 0.0053476408750235144)
0(0.0, 0.005304601474532296)
0(0.0, 0.005295403660924155)
0(0.0, 0.005293154152243765)
0(0.0, 0.0052921358714376025)
0(0.0, 0.005237807336594541)
0(0.0, 0.005224474722576999)
0(0.0, 0.005192705243062881)
0(0.0, 0.005151855091322802)
0(0.0, 0.005144405801439882)
0(0.0, 0.005135969326626554)
0(0.0, 0.00511624117293749)
0(0.0, 0.005105542459349633)
0(0.0, 0.005103014890624145)
0(0.0, 0.005075661938379437)
0(0.0, 0.005054080034065339)
0(0.0, 0.005046378028534405)
0(0.0, 0.004989942793415195)
0(0.0, 0.004973473183995923)
0(0.0, 0.004881851904832398)
0(0.0, 0.004852818441063832)
0(0.0, 0.004700819101055551)
0(0.0, 0.004655176331611119)
0(0.0, 0.004654381059195828)
0(0.0, 0.004609735000839963)
0(0.0, 0.004405276268249231)
