1(0.03805797505531384, 0.04357669936877135)
1(0.048087462362446265, 0.05342677711913874)
1(0.047640798325679114, 0.05295878703669897)
1(0.03799475209809259, 0.04316229594095456)
1(0.046210361034980676, 0.050820445002059844)
1(0.043853651526449405, 0.04804212191504507)
1(0.030187081339985457, 0.03404263632380797)
1(0.03810000866767658, 0.041788467775985674)
1(0.030338685766141228, 0.033852259340478676)
1(0.031519832051221136, 0.03450550925195523)
1(0.013027228817197666, 0.01596817435617907)
1(0.02751265187488115, 0.030369545480687838)
1(0.058494429512097885, 0.06132169268011201)
1(0.04210108237533081, 0.04478992434326421)
1(0.011966632123991836, 0.01435059982400901)
1(0.01480109591384294, 0.01708520010544035)
1(0.011106622589543324, 0.013387908947371324)
1(0.03587412208506561, 0.03815402907784296)
1(0.012962776278840082, 0.015200690553543433)
1(0.025251970893265443, 0.027424983485258167)
1(0.02466769674483099, 0.026801773782015856)
1(0.026675879045282937, 0.028735082945627634)
1(0.027440822424482675, 0.02949579492354327)
1(0.04836870194216265, 0.05041724572797542)
1(0.020873417692398994, 0.022909927092747192)
1(0.04022347292106127, 0.04220095845230558)
1(0.01747817572039028, 0.01944429089300306)
1(0.01078337786829016, 0.012656919811845383)
1(0.0465833678271085, 0.048448755629888485)
1(0.033232826665870276, 0.035059694587560995)
1(0.04656454953240789, 0.04832050859322652)
1(0.03138809984191074, 0.033140174015680174)
1(0.027855199611575992, 0.029576364588247937)
1(0.012199571051444522, 0.013907170198702636)
1(0.014678507463809424, 0.01636085494436775)
1(0.019914977685436586, 0.021569625224936103)
1(0.030059672891684493, 0.03168868865605377)
1(0.012299828430866315, 0.013898905769514334)
1(0.024248524874813243, 0.025793655543326046)
1(0.0589827926906065, 0.060481488883023175)
1(0.02828582351267785, 0.029750354811241733)
1(0.012534916601193912, 0.013912723271702758)
1(0.016564371207634505, 0.01793981355174652)
1(0.009696900574697036, 0.011056802946619974)
1(0.03797169208979224, 0.0392899225241299)
1(0.040671045362337926, 0.04196107890222503)
1(0.012444772096950179, 0.013726433888883649)
1(0.05999925940280556, 0.061258628890558726)
1(0.021516176513347408, 0.022770189009842515)
1(0.010813830052220716, 0.012058469094963515)
1(0.010710853943418006, 0.011881756258354184)
1(0.04292207175706988, 0.04408120166946818)
1(0.016595178962439675, 0.0177013081166132)
1(0.014217208508563577, 0.015293959265464315)
1(0.0411576418897021, 0.04220095845230558)
1(0.013553480338196363, 0.014585666507573293)
1(0.01009747820858725, 0.011108395698259887)
1(0.0113926870365592, 0.012350835175287995)
1(0.014987812034205213, 0.015932997662311536)
1(0.012721835788088599, 0.013644865941060562)
1(0.014173414214960427, 0.01509475979201548)
1(0.012033082927506305, 0.01294492765167444)
1(0.010953590162619922, 0.011863398338229242)
1(0.013378485392780241, 0.014280227424617167)
1(0.010807130326464031, 0.01164744778805692)
1(0.029267524894596178, 0.03009528045618679)
1(0.02374262401201015, 0.024569984983930277)
1(0.012623330265174273, 0.013433886497879657)
1(0.022272405572700934, 0.023062466297952125)
1(0.01673440457411856, 0.017498024786232663)
1(0.011917278979471497, 0.012679711243051917)
1(0.01471066879734059, 0.015472688854678118)
1(0.01109252315825158, 0.011854497243696105)
1(0.013468056554174261, 0.014211502150753869)
1(0.024247518444044856, 0.02498264314664438)
1(0.011152907055906087, 0.011885792549853561)
1(0.014463526348193406, 0.01517685376819702)
1(0.012283524330911767, 0.012966046642254663)
1(0.03730332151820818, 0.03797534106952761)
1(0.03483084081651705, 0.03548881103223173)
1(0.011274293372592777, 0.011925548500382096)
1(0.012714946776813136, 0.013355453998173776)
1(0.020399289758158114, 0.021036271013707968)
1(0.013393653818423092, 0.01401557660898982)
1(0.011164317903681744, 0.011785178251898407)
1(0.01108100309846627, 0.011687397163347959)
1(0.0117463772486744, 0.012349062058815249)
1(0.009403952479683142, 0.009982337296428796)
1(0.02043008247747084, 0.02099356747273757)
1(0.013468217676783398, 0.014029058090407985)
1(0.033337483114186744, 0.033893606781854754)
1(0.010349072648805626, 0.010902891491178962)
1(0.014050205520430981, 0.014598312715743317)
1(0.012916019507044643, 0.013445338017220882)
1(0.012928821727079412, 0.013445338017220882)
1(0.028884907086223644, 0.02940113874428753)
1(0.010061605477475545, 0.010569092339853113)
1(0.0206240957367434, 0.021120289112631217)
1(0.021478302577106898, 0.021949586126334922)
1(0.010300399980152983, 0.010767730039792854)
1(0.010879359181762338, 0.011330613304450307)
1(0.011577147669015485, 0.011975232781304114)
1(0.019171297582435413, 0.019564532635418685)
1(0.025129867981610085, 0.025515956685530174)
1(0.013244220779984711, 0.013630131293629614)
1(0.01741914282064627, 0.01780006436113476)
1(0.020598058690655802, 0.020977644822542628)
1(0.010198826276079447, 0.010573437070384991)
1(0.029965905019306082, 0.030332669233147615)
1(0.012844547707183218, 0.01320985296162152)
1(0.015996042996815986, 0.016359103142703654)
1(0.012980632427459515, 0.01334236469385282)
1(0.015073357760039489, 0.01542245217233436)
1(0.015360126159745881, 0.01570145438024057)
1(0.010768683257432646, 0.011099487893041843)
1(0.019789442575287232, 0.020119613093099096)
1(0.010668481585521703, 0.010981675927638785)
1(0.03259118336082883, 0.03289488223078629)
1(0.05527011617041113, 0.05555419773460296)
1(0.020669082663571963, 0.020953040661992196)
1(0.022618289659924736, 0.022886995859980698)
1(0.00825793487992315, 0.00852631088526444)
1(0.016141600237619964, 0.016398474126700528)
1(0.012691453962906307, 0.012943121378935036)
1(0.011726841218967374, 0.011975232781304114)
1(0.010760093199919885, 0.01100757725582379)
1(0.019318537759213144, 0.019564532635418685)
1(0.022519941507095097, 0.0227633467553767)
1(0.010917591478363202, 0.011149721326989886)
1(0.010494117406047287, 0.01072425669965866)
1(0.01273611159028327, 0.012963059918774207)
1(0.01412969588751566, 0.014356370969655878)
1(0.011633428311355259, 0.011854497243696105)
1(0.03292059818890116, 0.033140174015680174)
1(0.01119453386361994, 0.011408077599248523)
1(0.012308887246062961, 0.01250312068790585)
1(0.014217151385521166, 0.014403320917422753)
1(0.015385949260884473, 0.01556077930191459)
1(0.01271248775436443, 0.012882653284034663)
1(0.012736662230613916, 0.012900677889921148)
1(0.009809578640024583, 0.00996699496034302)
1(0.036438240933026084, 0.036594467240351904)
1(0.01159557806471569, 0.01173916931962114)
1(0.009563533943343007, 0.009699915156499034)
1(0.01856485538329862, 0.01869557689349903)
1(0.031750729820427766, 0.031863289604845274)
1(0.01230231803880557, 0.01241428165519489)
1(0.014032090772320841, 0.014130754570124365)
1(0.029855037450781788, 0.029953128756885848)
1(0.012961422020886506, 0.013054406504636837)
1(0.00989427722595497, 0.009982337296428796)
1(0.02097889950676392, 0.021066201231909155)
1(0.012102174694691119, 0.012166678279517423)
1(0.011835115032098827, 0.011897143331315418)
1(0.01365567564133501, 0.013702597729204615)
1(0.011484629742301055, 0.011518269466607122)
1(0.01052577268556009, 0.010554153046599464)
1(0.01192590072160051, 0.011950877723944549)
1(0.013612110415759519, 0.013630131293629614)
1(0.020563448829508436, 0.020580653142588685)
1(0.01126150664144397, 0.011269001496733768)
1(0.012959021559982555, 0.012966046642254663)
1(0.010470895997065867, 0.010474715188374069)
0(0.0, inf)
0(0.0, 0.2456998235162597)
0(0.0, 0.24350709031401707)
0(0.0, 0.18350862595030448)
0(0.0, 0.10677891688064771)
0(0.0, 0.08383692004911585)
0(0.0, 0.07792347596748246)
0(0.0, 0.07018263763553849)
0(0.0, 0.0639547995391638)
0(0.0, 0.058004008241890066)
0(0.0, 0.05775036055279557)
0(0.0, 0.05252018630668213)
0(0.0, 0.05114652285976286)
0(0.0, 0.046210975712714424)
0(0.0, 0.04538179944783871)
0(0.0, 0.04515960265602192)
0(0.0, 0.043649938366078896)
0(0.0, 0.043631986906156585)
0(0.0, 0.04308047919428062)
0(0.0, 0.04269505720012234)
0(0.0, 0.04259311121014816)
0(0.0, 0.04257869152773593)
0(0.0, 0.04243154622641581)
0(0.0, 0.041023665984748464)
0(0.0, 0.04075017463579581)
0(0.0, 0.040558264901163495)
0(0.0, 0.03872826283888241)
0(0.0, 0.03742098389736782)
0(0.0, 0.03738535261568762)
0(0.0, 0.037337183472107474)
0(0.0, 0.037217969529492016)
0(0.0, 0.0371389515027706)
0(0.0, 0.03704271282928131)
0(0.0, 0.03695726999080366)
0(0.0, 0.03639469391648047)
0(0.0, 0.036185044906766245)
0(0.0, 0.03609136237256657)
0(0.0, 0.03552929554274825)
0(0.0, 0.0353130209644673)
0(0.0, 0.035278647262849475)
0(0.0, 0.034890000311261465)
0(0.0, 0.034873458715278326)
0(0.0, 0.03444144186074268)
0(0.0, 0.03440662949344134)
0(0.0, 0.034325407234070626)
0(0.0, 0.03432238162692227)
0(0.0, 0.03424256560620623)
0(0.0, 0.03418955451659919)
0(0.0, 0.03346238886410975)
0(0.0, 0.03332429964194685)
0(0.0, 0.03290335899373157)
0(0.0, 0.032595997071664266)
0(0.0, 0.032034186768450566)
0(0.0, 0.03138600113641399)
0(0.0, 0.031227487999552706)
0(0.0, 0.030632255997580102)
0(0.0, 0.030590683174048363)
0(0.0, 0.02984364117747809)
0(0.0, 0.029713141488674346)
0(0.0, 0.029627554318388684)
0(0.0, 0.029615658731627324)
0(0.0, 0.029531091420277666)
0(0.0, 0.02949506591253813)
0(0.0, 0.029218272189482832)
0(0.0, 0.029157412386667653)
0(0.0, 0.0291386386796266)
0(0.0, 0.02912555843656811)
0(0.0, 0.02885699593421032)
0(0.0, 0.028672139121682646)
0(0.0, 0.02847570512422043)
0(0.0, 0.028317954130927123)
0(0.0, 0.028270056773370144)
0(0.0, 0.02812206110486283)
0(0.0, 0.028119095886788726)
0(0.0, 0.027834846643010457)
0(0.0, 0.027738325313465526)
0(0.0, 0.02765442128571902)
0(0.0, 0.027632701627585302)
0(0.0, 0.02762275074596615)
0(0.0, 0.02738778219088348)
0(0.0, 0.026984881503349833)
0(0.0, 0.02686320185078748)
0(0.0, 0.026731376822747732)
0(0.0, 0.02667882326707591)
0(0.0, 0.026578967981899376)
0(0.0, 0.026453670234775895)
0(0.0, 0.02639342672479085)
0(0.0, 0.026272256454719794)
0(0.0, 0.02626684962603454)
0(0.0, 0.026250318861871805)
0(0.0, 0.02618188821024897)
0(0.0, 0.026078895095398482)
0(0.0, 0.025891187216285555)
0(0.0, 0.025802437539919905)
0(0.0, 0.02576383083370581)
0(0.0, 0.025605879996135776)
0(0.0, 0.025578915561399903)
0(0.0, 0.02526403064560211)
0(0.0, 0.025200927621045532)
0(0.0, 0.025145453646521203)
0(0.0, 0.024709101579942976)
0(0.0, 0.024626510927882716)
0(0.0, 0.024569574366364182)
0(0.0, 0.024561067134472328)
0(0.0, 0.024517895214314505)
0(0.0, 0.02426347837819764)
0(0.0, 0.024254723750612592)
0(0.0, 0.02424497372046403)
0(0.0, 0.024130187109365556)
0(0.0, 0.023935579739131903)
0(0.0, 0.023878399520284574)
0(0.0, 0.023792037801125362)
0(0.0, 0.023692780127427072)
0(0.0, 0.023646662893635116)
0(0.0, 0.023636268355279093)
0(0.0, 0.02354344204485511)
0(0.0, 0.0234139609330697)
0(0.0, 0.02330950661138494)
0(0.0, 0.023296140122532113)
0(0.0, 0.023149505234680522)
0(0.0, 0.02308820321045987)
0(0.0, 0.022903899963583975)
0(0.0, 0.022844988670175995)
0(0.0, 0.0224730699361024)
0(0.0, 0.022422201313777073)
0(0.0, 0.02226127556207627)
0(0.0, 0.02213322972198379)
0(0.0, 0.021996191148314848)
0(0.0, 0.021756957019968666)
0(0.0, 0.021663490640686837)
0(0.0, 0.021583253692989985)
0(0.0, 0.021409047415554307)
0(0.0, 0.021286249146442192)
0(0.0, 0.021264811243522204)
0(0.0, 0.021255749851134237)
0(0.0, 0.02112356759703802)
0(0.0, 0.021049461714272067)
0(0.0, 0.02092217689423426)
0(0.0, 0.020756292971430494)
0(0.0, 0.020739527650681107)
0(0.0, 0.020730565385815868)
0(0.0, 0.02071534380841486)
0(0.0, 0.020627416743415578)
0(0.0, 0.02055991516023509)
0(0.0, 0.020525736222790466)
0(0.0, 0.02043217234245693)
0(0.0, 0.02039654078426879)
0(0.0, 0.020306358669541415)
0(0.0, 0.020253443168389517)
0(0.0, 0.02023653107557348)
0(0.0, 0.019704741200835298)
0(0.0, 0.019596948538047325)
0(0.0, 0.019569513697794)
0(0.0, 0.01948834613193945)
0(0.0, 0.01940735730961927)
0(0.0, 0.01930122642524936)
0(0.0, 0.01929799458014064)
0(0.0, 0.019292925024872534)
0(0.0, 0.019275822050353213)
0(0.0, 0.019254785602576065)
0(0.0, 0.019247648068171204)
0(0.0, 0.019243959209784146)
0(0.0, 0.01922673182584848)
0(0.0, 0.01921741759989034)
0(0.0, 0.019197074282707713)
0(0.0, 0.019030281352934435)
0(0.0, 0.019012973656251108)
0(0.0, 0.018914557098258775)
0(0.0, 0.01887743652171431)
0(0.0, 0.01885066458167233)
0(0.0, 0.01882444950298983)
0(0.0, 0.018810671069527888)
0(0.0, 0.018648988633620963)
0(0.0, 0.018644607745295638)
0(0.0, 0.0185963433321309)
0(0.0, 0.01857077222988963)
0(0.0, 0.018527792306286584)
0(0.0, 0.018466405821700116)
0(0.0, 0.018388741791097767)
0(0.0, 0.018271020328747296)
0(0.0, 0.01816182278713701)
0(0.0, 0.018139516021445635)
0(0.0, 0.018092062248805153)
0(0.0, 0.017979748885121095)
0(0.0, 0.017946913553101546)
0(0.0, 0.017922284738590224)
0(0.0, 0.017919111672090895)
0(0.0, 0.01789825641689164)
0(0.0, 0.017889919158241733)
0(0.0, 0.01786735783951949)
0(0.0, 0.017840350512695478)
0(0.0, 0.01783045588106043)
0(0.0, 0.017752521508059414)
0(0.0, 0.01773363782236174)
0(0.0, 0.017723780160063148)
0(0.0, 0.017682255755967807)
0(0.0, 0.01759580106139916)
0(0.0, 0.017377486832215655)
0(0.0, 0.017350886336163808)
0(0.0, 0.017274552346461573)
0(0.0, 0.01724041332375904)
0(0.0, 0.017223904495585352)
0(0.0, 0.017173313703730302)
0(0.0, 0.017171299283728098)
0(0.0, 0.017085079687217213)
0(0.0, 0.01692325341157119)
0(0.0, 0.016797396376138318)
0(0.0, 0.01662062322095005)
0(0.0, 0.016609752458605916)
0(0.0, 0.016601964992091368)
0(0.0, 0.01652476181575484)
0(0.0, 0.016497125894064216)
0(0.0, 0.0163887418446681)
0(0.0, 0.016162316634044247)
0(0.0, 0.01604388444708272)
0(0.0, 0.01570146634800471)
0(0.0, 0.015587649062191268)
0(0.0, 0.015563489898789144)
0(0.0, 0.015500991475365959)
0(0.0, 0.015484195668302246)
0(0.0, 0.015448068408781417)
0(0.0, 0.015402874543791871)
0(0.0, 0.0153606434825789)
0(0.0, 0.015353577589695208)
0(0.0, 0.015311296226454198)
0(0.0, 0.015265483573477972)
0(0.0, 0.015183322417003872)
0(0.0, 0.015160604956191742)
0(0.0, 0.015156734430032919)
0(0.0, 0.015104364085387751)
0(0.0, 0.015084930031168836)
0(0.0, 0.01498869339323428)
0(0.0, 0.014968482795642016)
0(0.0, 0.014963448145496749)
0(0.0, 0.014857933305602944)
0(0.0, 0.01475702964720582)
0(0.0, 0.01465661066033315)
0(0.0, 0.014599296528456948)
0(0.0, 0.014495218692269229)
0(0.0, 0.014426415065549852)
0(0.0, 0.01439831523243697)
0(0.0, 0.014396495531407696)
0(0.0, 0.01428782088174171)
0(0.0, 0.014254320680773194)
0(0.0, 0.014227867287849439)
0(0.0, 0.0140781692792567)
0(0.0, 0.01402643716548248)
0(0.0, 0.01382901877994458)
0(0.0, 0.01382291072355003)
0(0.0, 0.013768943015898216)
0(0.0, 0.013732627375965279)
0(0.0, 0.013716037635353973)
0(0.0, 0.013616702496312631)
0(0.0, 0.01357057302128521)
0(0.0, 0.013488561193222054)
0(0.0, 0.013434099171485046)
0(0.0, 0.013371096850585287)
0(0.0, 0.01335242257281689)
0(0.0, 0.01327291383810259)
0(0.0, 0.013165620145668966)
0(0.0, 0.012895542540519464)
0(0.0, 0.012882290152062435)
0(0.0, 0.012882219033279272)
0(0.0, 0.012828884804483286)
0(0.0, 0.012796030361373893)
0(0.0, 0.012585860687908748)
0(0.0, 0.012470451738984461)
0(0.0, 0.01240727449391075)
0(0.0, 0.012355363126651904)
0(0.0, 0.012328015908922697)
0(0.0, 0.012308062846957195)
0(0.0, 0.012186833524525096)
0(0.0, 0.012160832054029987)
0(0.0, 0.012130092407886336)
0(0.0, 0.012064270591745797)
0(0.0, 0.01200387538942508)
0(0.0, 0.011973778601065256)
0(0.0, 0.01193946887927978)
0(0.0, 0.011919099965267632)
0(0.0, 0.011917468176286404)
0(0.0, 0.011854189843374973)
0(0.0, 0.011803523487037376)
0(0.0, 0.011721090324451946)
0(0.0, 0.011679840906910386)
0(0.0, 0.011672370494870857)
0(0.0, 0.011616879170596256)
0(0.0, 0.011616467835850689)
0(0.0, 0.01158459690635524)
0(0.0, 0.011550669108030459)
0(0.0, 0.01149551034017384)
0(0.0, 0.011371148473141095)
0(0.0, 0.011362866667149495)
0(0.0, 0.011317989640974005)
0(0.0, 0.01131369725825102)
0(0.0, 0.011230320308171103)
0(0.0, 0.011196839036624004)
0(0.0, 0.01117879786570533)
0(0.0, 0.011044140670829782)
0(0.0, 0.01101582368882739)
0(0.0, 0.010988723131105767)
0(0.0, 0.010981679084454068)
0(0.0, 0.010931937833563917)
0(0.0, 0.010914094276332099)
0(0.0, 0.010909006852828619)
0(0.0, 0.010895071312031362)
0(0.0, 0.010836426147133186)
0(0.0, 0.010825290865527998)
0(0.0, 0.010801444749558334)
0(0.0, 0.01078942912174933)
0(0.0, 0.010769069855900579)
0(0.0, 0.010763094759463979)
0(0.0, 0.010690366612347447)
0(0.0, 0.01068156706632235)
0(0.0, 0.010648677324682469)
0(0.0, 0.010643809739096653)
0(0.0, 0.010626452433154448)
0(0.0, 0.010625212217810235)
0(0.0, 0.010618762933085193)
0(0.0, 0.010559422275035917)
0(0.0, 0.010548829276026675)
0(0.0, 0.010545554540524344)
0(0.0, 0.010545270483190742)
0(0.0, 0.010543142276228946)
0(0.0, 0.010496263043443223)
0(0.0, 0.010484616872948023)
0(0.0, 0.010482457219383212)
0(0.0, 0.010476081981206862)
0(0.0, 0.010474609063062409)
0(0.0, 0.010465581369200243)
0(0.0, 0.01044216226666574)
0(0.0, 0.01043878775756321)
0(0.0, 0.010427917303487739)
0(0.0, 0.01042687202446746)
0(0.0, 0.010414085458758403)
0(0.0, 0.010368722578679337)
0(0.0, 0.010321661119793447)
0(0.0, 0.010209833728859086)
0(0.0, 0.010197798131675153)
0(0.0, 0.010186974981335506)
0(0.0, 0.01017451570135878)
0(0.0, 0.010158371832885614)
0(0.0, 0.010112646048252998)
0(0.0, 0.01010460871185549)
0(0.0, 0.010092855235022617)
0(0.0, 0.010003978539939931)
0(0.0, 0.009975941318191484)
0(0.0, 0.009962112724679116)
0(0.0, 0.009949494721651544)
0(0.0, 0.009945439637585556)
0(0.0, 0.009907675520239164)
0(0.0, 0.009869110222912791)
0(0.0, 0.009850208781803557)
0(0.0, 0.00982112876599186)
0(0.0, 0.00982003813261758)
0(0.0, 0.00976441755280802)
0(0.0, 0.00976391909576052)
0(0.0, 0.009730826292178483)
0(0.0, 0.009725268558950652)
0(0.0, 0.009713789766471513)
0(0.0, 0.00970812943003484)
0(0.0, 0.009695227566829924)
0(0.0, 0.009570093192767946)
0(0.0, 0.009489590308485906)
0(0.0, 0.00947726360336507)
0(0.0, 0.009459294879855145)
0(0.0, 0.009454946793670135)
0(0.0, 0.009434306842283002)
0(0.0, 0.00940655727380063)
0(0.0, 0.009404766418885144)
0(0.0, 0.009388377883528245)
0(0.0, 0.009384062874634934)
0(0.0, 0.009369310443705193)
0(0.0, 0.009350698663093756)
0(0.0, 0.009346007081322346)
0(0.0, 0.00934172244576469)
0(0.0, 0.009335224353182719)
0(0.0, 0.009329623738052894)
0(0.0, 0.009319290047863126)
0(0.0, 0.009308345029159053)
0(0.0, 0.009294768761498753)
0(0.0, 0.009279799871127332)
0(0.0, 0.009246567717523725)
0(0.0, 0.009226292793777279)
0(0.0, 0.009214249793516293)
0(0.0, 0.00921302348231503)
0(0.0, 0.009211601877580399)
0(0.0, 0.009200389204898119)
0(0.0, 0.009175435398729052)
0(0.0, 0.009163143791271727)
0(0.0, 0.009127735073658341)
0(0.0, 0.009105242939772405)
0(0.0, 0.009015465777091976)
0(0.0, 0.009003567050208964)
0(0.0, 0.00899573934048764)
0(0.0, 0.008978374874613096)
0(0.0, 0.008948968139139146)
0(0.0, 0.008947895022670923)
0(0.0, 0.008935602307979903)
0(0.0, 0.008906496305591588)
0(0.0, 0.008858426764849365)
0(0.0, 0.008854770851313266)
0(0.0, 0.008835298861951321)
0(0.0, 0.008760299881696475)
0(0.0, 0.008730004304143333)
0(0.0, 0.008702438604011166)
0(0.0, 0.008496942644764069)
0(0.0, 0.008462480126621635)
0(0.0, 0.00845574022390583)
0(0.0, 0.008429452966564067)
0(0.0, 0.008429075244761995)
0(0.0, 0.008406961005528703)
0(0.0, 0.008397300220318904)
0(0.0, 0.00835128662932611)
0(0.0, 0.008228422701864262)
0(0.0, 0.008207779236042174)
0(0.0, 0.008134722727810522)
0(0.0, 0.00812758549453667)
0(0.0, 0.008072345056285058)
0(0.0, 0.00802201930498732)
0(0.0, 0.007973274061596024)
0(0.0, 0.007822967310125105)
0(0.0, 0.00764009278456883)
0(0.0, 0.007621716292468127)
0(0.0, 0.0076037426651147325)
0(0.0, 0.007525823062570295)
0(0.0, 0.007519842108105778)
0(0.0, 0.007474020672551029)
0(0.0, 0.007430398779919343)
0(0.0, 0.007336919375026966)
0(0.0, 0.007189320100903976)
0(0.0, 0.007012343258756798)
0(0.0, 0.006758421124955927)
