1(0.5012086532688631, 0.5735051181208692)
1(0.1514644586613744, 0.17633227463427759)
1(0.1967348419272961, 0.21570278093155246)
1(0.28736253607546264, 0.30540434881019285)
1(0.10718505892125436, 0.1251826067615387)
1(0.1073111741194892, 0.12460223710500928)
1(0.12103235851826562, 0.13674666595035967)
1(0.1550130993884497, 0.17069281601395936)
1(0.1436936776004169, 0.15825417707050055)
1(0.181056672560704, 0.19542053424368772)
1(0.11534233910073666, 0.12962742564658997)
1(0.15547051353067362, 0.16959106282793132)
1(0.111046159621736, 0.12488739962326348)
1(0.11882568218003985, 0.1325500603360536)
1(0.11011353532830326, 0.12342760434202643)
1(0.1140374441511285, 0.12734108960503443)
1(0.10335083910246375, 0.11648701374468011)
1(0.11149732662416287, 0.1245086272834624)
1(0.1077259464793632, 0.12073467708779907)
1(0.15912392174743298, 0.17210493902030613)
1(0.1224667812699795, 0.13542706965782847)
1(0.1323913899596788, 0.1451262436837864)
1(0.10815852964397571, 0.12074168066791241)
1(0.12664181879258424, 0.13917679450214984)
1(0.11597608140987468, 0.12843462139299835)
1(0.14661504827076965, 0.1590659460994364)
1(0.12328271585466397, 0.13569571456591925)
1(0.12258575338160052, 0.13499004758526917)
1(0.11614876881868531, 0.12843462139299835)
1(0.11107600910883926, 0.12335037350514079)
1(0.11808309626348158, 0.13021267911152948)
1(0.10687144102308223, 0.11896764674473041)
1(0.1218044638911315, 0.13375410053868508)
1(0.10903495369054868, 0.12087877536513907)
1(0.11896971164472724, 0.1307276616113149)
1(0.12041400447180665, 0.1321013071889941)
1(0.12624217014387962, 0.1378928066459204)
1(0.18400440558725367, 0.19564610823324446)
1(0.10101849124862843, 0.11259122681011889)
1(0.12788507085276746, 0.1388987382643944)
1(0.1097893548292967, 0.12072834949176378)
1(0.10556072607942793, 0.11649174146963703)
1(0.11107181803430588, 0.12196050254909353)
1(0.10819632136252613, 0.11905181713402069)
1(0.12369325605303634, 0.13442083298779883)
1(0.10976936182869305, 0.12044364128971767)
1(0.10692825491972925, 0.11751732454308589)
1(0.13445673817413273, 0.144567989405377)
1(0.11494626521850838, 0.12496159568065535)
1(0.1141027103215694, 0.12408939824949702)
1(0.10838637925529918, 0.11826799057764387)
1(0.1214693290300211, 0.13128269915760246)
1(0.11678427832075237, 0.12651899824120824)
1(0.1978949923436643, 0.20758767480245388)
1(0.12378409437344505, 0.13337672758534322)
1(0.1637533104897053, 0.173267032108287)
1(0.1262505897607244, 0.13567579359063453)
1(0.12205458466372059, 0.1314395319613636)
1(0.12394229839249217, 0.13315828348636927)
1(0.12730022130877283, 0.1364947751901776)
1(0.11922970470865284, 0.12841572697666878)
1(0.11147454914463946, 0.12055577684804855)
1(0.12651837786598222, 0.13542706965782847)
1(0.12135180235170143, 0.13021100444313088)
1(0.12605852478328744, 0.1348777886842204)
1(0.10305495838131591, 0.11182993481362748)
1(0.12115974737398827, 0.12971139334435874)
1(0.19323053551960545, 0.20170153581971706)
1(0.11041429995870829, 0.11887864374480253)
1(0.11894753894508339, 0.12733545126642418)
1(0.11642798895964027, 0.12478206736443188)
1(0.12168751206261336, 0.12998505057580265)
1(0.11303908889852818, 0.12126530453268637)
1(0.11685677810134146, 0.12506597813813644)
1(0.1193832963747857, 0.12754627108057331)
1(0.11647080190207842, 0.12462549575933796)
1(0.10981368777165679, 0.11792498841744653)
1(0.11027296403040125, 0.11836111157279433)
1(0.12372794164685605, 0.1317917969494619)
1(0.1146970998389732, 0.12267419007521604)
1(0.10903295224591776, 0.11698254872672731)
1(0.11274869137408389, 0.120673464361266)
1(0.12091242938839755, 0.12865955437277576)
1(0.12488845939838836, 0.132582450381508)
1(0.12695930617365964, 0.13460533650762882)
1(0.11799320191880666, 0.1256328406035317)
1(0.11825373611609392, 0.12589282903029883)
1(0.11934285802074805, 0.12695282602491584)
1(0.12401780605502971, 0.1316043232652863)
1(0.1083870954119111, 0.11595669068059916)
1(0.13053567047653367, 0.1380917090441028)
1(0.10750576380745806, 0.11505502700729807)
1(0.12421136674115751, 0.13170693035587763)
1(0.11964189519752265, 0.127128704847584)
1(0.1102886292909698, 0.11773537716840841)
1(0.11474522290804, 0.12208881051629057)
1(0.1158846284921463, 0.12319110848969465)
1(0.11036843223613832, 0.11765784109579783)
1(0.11221698999585498, 0.11949404351009484)
1(0.11818657449041488, 0.12543976959069847)
1(0.11580493168135525, 0.12302220014178629)
1(0.1259634237265988, 0.13314288550781345)
1(0.12485513988002513, 0.13195847738727376)
1(0.12134206925446073, 0.12843899764804226)
1(0.12349896656742539, 0.13059100010376098)
1(0.12630984687352848, 0.13337055121710925)
1(0.12723035187665166, 0.1342863029677385)
1(0.10485448744005603, 0.11188869064076816)
1(0.11199498882931264, 0.11901560260224585)
1(0.12023577120363138, 0.12723128833281527)
1(0.12438462992126996, 0.13137949047509997)
1(0.11908725735311969, 0.12608102895591541)
1(0.12814565806329112, 0.13513132204640446)
1(0.12395776455078653, 0.13093568899101213)
1(0.12215852029908893, 0.12909452239969674)
1(0.1111529826641871, 0.11805415531343723)
1(0.13220679277713884, 0.13905490678336047)
1(0.12493464386661983, 0.1317661743220062)
1(0.11050592959209025, 0.11731500237969456)
1(0.1056765159432355, 0.11248043955103171)
1(0.1439118358435219, 0.15070298728210738)
1(0.11864935011070489, 0.12543976959069847)
1(0.11257197127183022, 0.1193528574323768)
1(0.11823420664086641, 0.12498687458656789)
1(0.10791757581106563, 0.11466564130123534)
1(0.12489217410972696, 0.13162604637725772)
1(0.12491549102217844, 0.13158675959388952)
1(0.12453476946312665, 0.13119263932737588)
1(0.12260242562958713, 0.12919152169525194)
1(0.12217295217118672, 0.12870767664575428)
1(0.12763291422638787, 0.1341426280922893)
1(0.11889759590327108, 0.1253164990633685)
1(0.11376850089031788, 0.12013326051268539)
1(0.11670634829920658, 0.12302220014178629)
1(0.11428540423998715, 0.12059033967010557)
1(0.10921050868690618, 0.11550657144761642)
1(0.12573230513872, 0.13197740542655526)
1(0.10876746254982023, 0.11498116755747975)
1(0.12410825334036873, 0.1302814767230103)
1(0.1329546019155252, 0.1391237777621821)
1(0.12717600009851446, 0.13334091976377974)
1(0.11566338843144829, 0.12179265823867838)
1(0.1158991106643568, 0.12200166780676731)
1(0.11644031881629138, 0.12247119531799094)
1(0.1119956207981168, 0.11801885304069855)
1(0.1077647406130815, 0.11372766618247843)
1(0.10877022825491987, 0.1147325334397821)
1(0.10571223107384238, 0.11167409220854482)
1(0.10831703964557068, 0.11426262655142141)
1(0.1103141463873511, 0.11622359324915431)
1(0.11840614396356634, 0.12430533423512025)
1(0.12161505369797067, 0.12745286006621367)
1(0.11638932902246975, 0.12219249706050675)
1(0.11190860464862089, 0.1177051948121277)
1(0.1256490881409925, 0.13142349246451315)
1(0.11804904340789926, 0.12376799678341803)
1(0.11578426741119996, 0.1214832195925816)
1(0.17079355425943246, 0.1764817885339302)
1(0.12888332780192957, 0.13456748929869947)
1(0.11600274174927261, 0.12155478905268192)
1(0.12715763788358245, 0.1327055485498317)
1(0.12116989772266717, 0.12670841552624412)
1(0.10694424954926131, 0.11248043955103171)
1(0.12753907051195912, 0.13297310401698736)
1(0.1020556072203211, 0.10748180748546365)
1(0.122527025062438, 0.12783769352653576)
1(0.11938709529134703, 0.12454903550847733)
1(0.1317597518577911, 0.136833685993317)
1(0.12047332857446691, 0.12553247662952266)
1(0.12025206814540718, 0.1252959163165799)
1(0.11614969006326867, 0.12118792705724518)
1(0.1260497123135792, 0.13105426340510595)
1(0.12008187788557989, 0.12507492862685612)
1(0.11744994563992027, 0.12242550650718886)
1(0.12478537308677289, 0.12973906455862724)
1(0.11478937142446691, 0.11969991974604827)
1(0.1258210194848448, 0.1307276616113149)
1(0.12602341668131148, 0.13092721725399661)
1(0.12324362922477117, 0.12813125101620265)
1(0.11107698164377958, 0.11595669068059916)
1(0.12124613565782685, 0.1261166839201843)
1(0.11852789655231667, 0.12335962124596771)
1(0.11465535506281828, 0.11948111792326253)
1(0.10792784161943558, 0.11275138728415594)
1(0.12600447641708926, 0.1308108173083376)
1(0.1422325364060549, 0.14701908226677077)
1(0.12828282769146399, 0.13304089788666554)
1(0.1213921432490383, 0.1261166839201843)
1(0.11655297345925957, 0.12121605858302324)
1(0.12142114634988231, 0.12605757540609572)
1(0.12395445905019685, 0.12855413133495303)
1(0.1702710022046307, 0.17486492191465727)
1(0.11605318977141092, 0.12059033967010557)
1(0.10902455916841054, 0.113546564177931)
1(0.11068552836847668, 0.11516194872953725)
1(0.11371639358764855, 0.11817685288953277)
1(0.09641166850459243, 0.10085405687921829)
1(0.1305528301725021, 0.13499004758526917)
1(0.12034448938678034, 0.12472658617964455)
1(0.12894900773272402, 0.133328839348673)
1(0.1291918129491846, 0.1335661195696828)
1(0.10286317605208589, 0.10721359575395435)
1(0.13559380489394582, 0.13991869532831475)
1(0.10791587105570648, 0.11220496179916083)
1(0.12265947315983303, 0.1269456030338583)
1(0.13289672307827768, 0.13717361873532474)
1(0.11818807394905047, 0.12241451612145278)
1(0.10070535871679179, 0.10491457263621555)
1(0.11161480937301109, 0.11577798411187723)
1(0.1348046458049798, 0.13895936474668594)
1(0.11666398989931288, 0.12081713151699003)
1(0.11755527486202724, 0.12165555648362426)
1(0.11352904870324707, 0.11762793592847241)
1(0.1095596280034181, 0.11363340295026624)
1(0.11870057286476074, 0.12270911723547631)
1(0.10713964950809808, 0.11114564908016236)
1(0.11506416117119993, 0.11906753921876795)
1(0.11520494980153388, 0.1192039392001144)
1(0.12830638325634855, 0.13230301352329624)
1(0.12249421011249846, 0.1264893520105606)
1(0.12339458312728643, 0.12738827551948553)
1(0.13217822057547518, 0.136163475934112)
1(0.11076907634265101, 0.1147325334397821)
1(0.12470506689900086, 0.12855413133495303)
1(0.15071044159148628, 0.15444900667221104)
1(0.13017896011869964, 0.13391484174900942)
1(0.12162797781834485, 0.12535475992715917)
1(0.1502007474650185, 0.15389532334625816)
1(0.11676500237332904, 0.12045801873097219)
1(0.10892698961154, 0.11259122681011889)
1(0.12792710579761007, 0.1314949906810915)
1(0.10883899408629635, 0.11240104106480817)
1(0.10754765032554836, 0.11109177800052318)
1(0.11949711697924034, 0.12299753209103012)
1(0.10835884235810993, 0.11180162084351711)
1(0.12303039924693816, 0.12646817699054716)
1(0.12846824379184182, 0.13188762613107677)
1(0.11113220791938752, 0.11449033972515556)
1(0.11767915107155238, 0.1210293643052616)
1(0.13378416569628554, 0.13712200582510106)
1(0.1172053610530826, 0.12052642872117583)
1(0.11058517489808406, 0.11388866335498143)
1(0.13048701894693088, 0.133785418426319)
1(0.11171103707838898, 0.1150004119936031)
1(0.12076554466184813, 0.12405435806784512)
1(0.12247286095312598, 0.12568817372106367)
1(0.11645560060543537, 0.1196406794770546)
1(0.1169763293463412, 0.1201119211550568)
1(0.11212186714577037, 0.11525622494588716)
1(0.11516945222811999, 0.1182704331047968)
1(0.121413577914975, 0.12449624013912554)
1(0.12030952861350178, 0.12338570915330475)
1(0.16760404802795087, 0.1706744825201153)
1(0.1296115095378339, 0.13267193843174035)
1(0.11808578771302414, 0.1210293643052616)
1(0.12242743526061717, 0.12534557506977037)
1(0.15661696109427772, 0.15952024845755475)
1(0.12954205751319509, 0.13238194351302884)
1(0.16725004987751305, 0.17008149229475944)
1(0.1290778527325068, 0.13185138735362695)
1(0.1306491165799594, 0.13337174184679979)
1(0.16503846784173323, 0.16772906367004542)
1(0.11155409265746204, 0.11423659576092825)
1(0.13335333278356662, 0.13600044924662796)
1(0.13165671744618745, 0.1342968775106397)
1(0.13953690352037545, 0.14216086682003606)
1(0.16876221306435457, 0.17138319480334818)
1(0.1103601340419806, 0.11297203215705634)
1(0.11016721034443275, 0.11276822419769168)
1(0.11203218078589218, 0.11463276772909192)
1(0.12799772968751702, 0.13059100010376098)
1(0.1242054467773684, 0.12675260376149186)
1(0.1219618985478428, 0.12449624013912554)
1(0.10939210030195032, 0.11192447689774997)
1(0.11800287150792671, 0.12051894229566258)
1(0.12721295492232645, 0.12970315603677837)
1(0.10862000101244282, 0.11109177800052318)
1(0.149210202195897, 0.1516016730101533)
1(0.150444378189813, 0.15281530677123836)
1(0.1043325149118395, 0.10668226171933644)
1(0.13142338085529037, 0.13375410053868508)
1(0.1290704667871062, 0.13139615293141202)
1(0.11887133402318394, 0.12119094501386783)
1(0.11988154010018787, 0.12218217310085994)
1(0.11310033803809713, 0.11537076069095696)
1(0.12203736358245175, 0.1242619999056651)
1(0.12315440745378771, 0.12537882649920598)
1(0.12093716176262898, 0.12315255184821597)
1(0.12440529969475334, 0.12660966429509127)
1(0.12309587170446495, 0.1252959163165799)
1(0.1155085735750597, 0.1177051948121277)
1(0.12563007474715424, 0.127768188523049)
1(0.11976966764180691, 0.12186585182417556)
1(0.12256098200777737, 0.12465123115236784)
1(0.11006647427230185, 0.11210683645280964)
1(0.10971971198930226, 0.11171369693656631)
1(0.12312975965281356, 0.12510949713115552)
1(0.11904743750613105, 0.1210101372356388)
1(0.11616362008928759, 0.11811223507201006)
1(0.11996812494081133, 0.12189794949384981)
1(0.12200832264640847, 0.12391599172903188)
1(0.11878341905872081, 0.12065405881394681)
1(0.10919700010293851, 0.11106120282567906)
1(0.1320583772418915, 0.13391484174900942)
1(0.1288411757721908, 0.1306965064305478)
1(0.11502093622491198, 0.11686280721424516)
1(0.12073281025037153, 0.12257015384169051)
1(0.14475611424516946, 0.14657861929878824)
1(0.14605833377178434, 0.1478767085071859)
1(0.12900454610927334, 0.1308121903610922)
1(0.1373471925999725, 0.13914853861438337)
1(0.12306400214726568, 0.12482409999821391)
1(0.11497622062264669, 0.11673190249233477)
1(0.12071997462066224, 0.12247396308355298)
1(0.12624005962966575, 0.1279780350948942)
1(0.11105712196879511, 0.11279236575936369)
1(0.1230630255070473, 0.12478206736443188)
1(0.12139250738701285, 0.12311052173937055)
1(0.11205704775060778, 0.11376769455398192)
1(0.11751087910619581, 0.1192039392001144)
1(0.13171742562674063, 0.13338529177083805)
1(0.12481095688225616, 0.126419772448623)
1(0.1434299580052893, 0.14500752813970977)
1(0.10229961638279199, 0.10382186875478472)
1(0.10518926043944003, 0.10668226171933644)
1(0.11556753786241622, 0.11703964951261217)
1(0.12133224081974368, 0.12279275441651531)
1(0.10896207024235818, 0.11041994491291264)
1(0.13825911783480824, 0.13971303502215474)
1(0.1305029308288013, 0.13193971998842072)
1(0.11109724842903547, 0.11249713974362067)
1(0.11022931198350512, 0.11162314507962429)
1(0.10806854612016725, 0.10945494522046995)
1(0.4013509403962556, 0.402714802735942)
1(0.118006626272481, 0.11936402313227541)
1(0.1147584739478679, 0.11609747443371979)
1(0.1213434381782399, 0.12267613611096917)
1(0.13851611924856708, 0.1398447390785005)
1(0.11372948239188002, 0.11505502700729807)
1(0.11896347544894684, 0.12028162373238649)
1(0.09604420216444233, 0.09735743085928374)
1(0.10539333358789688, 0.10668226171933644)
1(0.11412660052442453, 0.1153917691298736)
1(0.12859696942068957, 0.12986153951617316)
1(0.13512745068972787, 0.13638060640021404)
1(0.12935646995855876, 0.13053718099403244)
1(0.11534190515400677, 0.11649174146963703)
1(0.1171203020499777, 0.11823986407662841)
1(0.15032987110577525, 0.15143927453134806)
1(0.1186072600970316, 0.11968656893956703)
1(0.12886722555684077, 0.12994532896273764)
1(0.10966883979190628, 0.11074067768387555)
1(0.12318370923708129, 0.1242354522873851)
1(0.11711996832427234, 0.11816165139811499)
1(0.1236256572373944, 0.12465123115236784)
1(0.11929440866899824, 0.12028989311913654)
1(0.11721850904580904, 0.1182066623349932)
1(0.10456337280426034, 0.10547201453420854)
1(0.1101274807266571, 0.11101701686160395)
1(0.11339810389750016, 0.11426262655142141)
1(0.11773201000327405, 0.11856970415536092)
1(0.11677440947973755, 0.11753974787531164)
1(0.11893761163449665, 0.11969380740264234)
1(0.13816544953829354, 0.1388987382643944)
1(0.12332338808810579, 0.12405435806784512)
1(0.16770254419405417, 0.16842876055480077)
1(0.11795029040575329, 0.11866790242901935)
1(0.1305115594717646, 0.1312268445894086)
1(0.10853686477033288, 0.10924208908295957)
1(0.2003463423145277, 0.20103361931816766)
1(0.1288536380007717, 0.12954048940006738)
1(0.12037201588229349, 0.1210101372356388)
1(0.12900880598673295, 0.12963448292162685)
1(0.12391875584126005, 0.12453834369525096)
1(0.12188570101312594, 0.12247356470553306)
1(0.09933615046270382, 0.09992056699948638)
1(0.11777013773165822, 0.11834158284330813)
1(0.11809870142869873, 0.11865903074836522)
1(0.13226079098584306, 0.13280908825266186)
1(0.13278189852578057, 0.1333054898413757)
1(0.19440870121316903, 0.19491975007815074)
1(0.16516633949027643, 0.16566506533505568)
1(0.1435159603626023, 0.1439911037800691)
1(0.12686582303309238, 0.12731758826708592)
1(0.12321402499340577, 0.12366122996221)
1(0.10134397813629904, 0.101789004031781)
1(0.10996624554056927, 0.11033764470317331)
1(0.11964138671737987, 0.1200107795176255)
1(0.12570252877228535, 0.1260617687176428)
1(0.12698723262744183, 0.12732631173655687)
1(0.1251418296608468, 0.12546972424225072)
1(0.1280549966356646, 0.12837803937781406)
1(0.11645986325007707, 0.11677996050942842)
1(0.1273214234296741, 0.12762477236922035)
1(0.12515479901728502, 0.1254512866384045)
1(0.12091667484410794, 0.12121180064040253)
1(0.1183643136273603, 0.11865883797589573)
1(0.12785856001401613, 0.12813125101620265)
1(0.11876368030871041, 0.11902208575641218)
1(0.11954151016778651, 0.11979706801830801)
1(0.10246888629728192, 0.1027146787008089)
1(0.12780533459237345, 0.12803076575067154)
1(0.12196090122966491, 0.1221841221831073)
1(0.11808097755410199, 0.1182704331047968)
1(0.18710164784628963, 0.1872607611823108)
1(0.12502651588278785, 0.1251826067615387)
1(0.11099429012096663, 0.11113215089102178)
1(0.125166170368538, 0.12529729895395364)
1(0.11598181061026287, 0.11607951377866586)
1(0.19506717844765795, 0.19510442571648326)
1(0.12857484508062061, 0.12860352215220516)
1(0.12801019339798017, 0.12802886462988985)
1(0.1087116488044015, 0.10872592481179691)
0(0.0, inf)
0(0.0, 1.6426917012634088)
0(0.0, 1.1265040657215988)
0(0.0, 0.6417320115919222)
0(0.0, 0.37016633693980017)
0(0.0, 0.368631682098636)
0(0.0, 0.36263355275971815)
0(0.0, 0.3553108556337584)
0(0.0, 0.3534637057086604)
0(0.0, 0.262173457547008)
0(0.0, 0.2505130057652743)
0(0.0, 0.21926042731498782)
0(0.0, 0.21619293616407445)
0(0.0, 0.21040017467906907)
0(0.0, 0.20566480048755484)
0(0.0, 0.19480284366130043)
0(0.0, 0.19415040457874216)
0(0.0, 0.19194075056869678)
0(0.0, 0.19075392766749985)
0(0.0, 0.19063048069083038)
0(0.0, 0.19019536574428397)
0(0.0, 0.18947922206745627)
0(0.0, 0.18750304119690703)
0(0.0, 0.18451065368287137)
0(0.0, 0.17759560250256068)
0(0.0, 0.17641647939630034)
0(0.0, 0.1760640586146359)
0(0.0, 0.17546486390277163)
0(0.0, 0.17494577504669465)
0(0.0, 0.174056291861861)
0(0.0, 0.16689634886138163)
0(0.0, 0.16304135626016308)
0(0.0, 0.1621086768969569)
0(0.0, 0.15948492330586175)
0(0.0, 0.15846089564453184)
0(0.0, 0.1579479311196166)
0(0.0, 0.15684058799206338)
0(0.0, 0.15637632513111163)
0(0.0, 0.15537083756568806)
0(0.0, 0.15417437061916997)
0(0.0, 0.15328921569148823)
0(0.0, 0.15155750543008323)
0(0.0, 0.1508681793630664)
0(0.0, 0.14772638322637469)
0(0.0, 0.1468218929231634)
0(0.0, 0.14402534173499904)
0(0.0, 0.14337457824084732)
0(0.0, 0.14321185203898848)
0(0.0, 0.14284410864795036)
0(0.0, 0.1426187880223418)
0(0.0, 0.1405923633250602)
0(0.0, 0.13809376323083228)
0(0.0, 0.13655783330686097)
0(0.0, 0.1364866015076799)
0(0.0, 0.13583567811026234)
0(0.0, 0.135234519283723)
0(0.0, 0.1350440853853206)
0(0.0, 0.1343404373659798)
0(0.0, 0.13414103765175767)
0(0.0, 0.1337674150683304)
0(0.0, 0.13328588524335663)
0(0.0, 0.1330042332207801)
0(0.0, 0.13284170845445922)
0(0.0, 0.13272580730849431)
0(0.0, 0.13271202943818702)
0(0.0, 0.13265787915301339)
0(0.0, 0.1323807352632645)
0(0.0, 0.13188771405338126)
0(0.0, 0.13160565351576234)
0(0.0, 0.13155136350501132)
0(0.0, 0.1308577067463003)
0(0.0, 0.1308474069518808)
0(0.0, 0.1305411331469541)
0(0.0, 0.13029127008478117)
0(0.0, 0.12954976847393285)
0(0.0, 0.12921316898266247)
0(0.0, 0.12919312546804818)
0(0.0, 0.1290994599358823)
0(0.0, 0.1288835664621438)
0(0.0, 0.12874376529948992)
0(0.0, 0.1286868407218228)
0(0.0, 0.12865852267770367)
0(0.0, 0.12855303131372553)
0(0.0, 0.12847655637432476)
0(0.0, 0.12771077860155122)
0(0.0, 0.12770594511707395)
0(0.0, 0.12756867654816054)
0(0.0, 0.1270669460367202)
0(0.0, 0.1269610015421493)
0(0.0, 0.12664913066055608)
0(0.0, 0.12636681750833476)
0(0.0, 0.12563982674463547)
0(0.0, 0.12561704488171666)
0(0.0, 0.12546043104606114)
0(0.0, 0.1253224258593263)
0(0.0, 0.12518353567846274)
0(0.0, 0.12461890760565085)
0(0.0, 0.12448695764062968)
0(0.0, 0.1243340391435341)
0(0.0, 0.12399025739569473)
0(0.0, 0.12392392712113436)
0(0.0, 0.12365753102227407)
0(0.0, 0.12346678208248933)
0(0.0, 0.12340771303551837)
0(0.0, 0.12332914365120445)
0(0.0, 0.12306382020718637)
0(0.0, 0.12270826369246496)
0(0.0, 0.1225787038754222)
0(0.0, 0.12250146018923144)
0(0.0, 0.1221864258598487)
0(0.0, 0.12163282275650138)
0(0.0, 0.12155095059339617)
0(0.0, 0.12087957979378855)
0(0.0, 0.12085384753287581)
0(0.0, 0.12052072517353411)
0(0.0, 0.12051229860113515)
0(0.0, 0.12042628560084669)
0(0.0, 0.11994880623489913)
0(0.0, 0.11983679844819294)
0(0.0, 0.11982597072830181)
0(0.0, 0.11945824269016389)
0(0.0, 0.11932855060001166)
0(0.0, 0.11896228870358794)
0(0.0, 0.11883633774222095)
0(0.0, 0.11883359949972068)
0(0.0, 0.11860478096294948)
0(0.0, 0.11854999095956038)
0(0.0, 0.11851213386909214)
0(0.0, 0.11812712066101164)
0(0.0, 0.11804084952246222)
0(0.0, 0.11780233656226709)
0(0.0, 0.11764074961237186)
0(0.0, 0.1176331704493465)
0(0.0, 0.11759805229984185)
0(0.0, 0.11734133841445075)
0(0.0, 0.11724650792615442)
0(0.0, 0.11721735464942669)
0(0.0, 0.11694877907067712)
0(0.0, 0.11686653417571005)
0(0.0, 0.11682993468957595)
0(0.0, 0.11653084125318208)
0(0.0, 0.11642917455624922)
0(0.0, 0.11633515382702117)
0(0.0, 0.11632942631710101)
0(0.0, 0.11632523912566124)
0(0.0, 0.11619596526200218)
0(0.0, 0.11614718765944605)
0(0.0, 0.11611443307395966)
0(0.0, 0.1160569921369372)
0(0.0, 0.1154831890135623)
0(0.0, 0.11542752303718982)
0(0.0, 0.11500675799641508)
0(0.0, 0.11500452294867808)
0(0.0, 0.11492654154459583)
0(0.0, 0.11486950364408674)
0(0.0, 0.11485233850360908)
0(0.0, 0.1145788522630019)
0(0.0, 0.11446676649565785)
0(0.0, 0.11439780538172346)
0(0.0, 0.11439407097803819)
0(0.0, 0.11438511846481365)
0(0.0, 0.11429939760433797)
0(0.0, 0.11424811956474037)
0(0.0, 0.11405789994232204)
0(0.0, 0.11377352021774532)
0(0.0, 0.11370975451288416)
0(0.0, 0.11365912326906048)
0(0.0, 0.11356170373661087)
0(0.0, 0.11348596816001368)
0(0.0, 0.11334197075527329)
0(0.0, 0.11323064539891968)
0(0.0, 0.1130471185444684)
0(0.0, 0.11301341340676559)
0(0.0, 0.1128713439103115)
0(0.0, 0.11277277686425412)
0(0.0, 0.11268655759678085)
0(0.0, 0.11261872490992748)
0(0.0, 0.11260135861127209)
0(0.0, 0.11257731768350154)
0(0.0, 0.11248308446120804)
0(0.0, 0.11231922792692056)
0(0.0, 0.11229818536200739)
0(0.0, 0.1122190828867081)
0(0.0, 0.1118101037385527)
0(0.0, 0.11169604228574612)
0(0.0, 0.11150098578526453)
0(0.0, 0.11147626993616794)
0(0.0, 0.1113598182865983)
0(0.0, 0.11126605810137546)
0(0.0, 0.11124790258480478)
0(0.0, 0.11114528872286464)
0(0.0, 0.11108126780189415)
0(0.0, 0.11105962139869277)
0(0.0, 0.11101447220786012)
0(0.0, 0.11098722574201107)
0(0.0, 0.11092924890956918)
0(0.0, 0.1109269621169754)
0(0.0, 0.11089926852207813)
0(0.0, 0.11089195618839733)
0(0.0, 0.11085964531214985)
0(0.0, 0.11085348321582797)
0(0.0, 0.11073832470596824)
0(0.0, 0.11053290921624229)
0(0.0, 0.11051130817508027)
0(0.0, 0.11049761142315748)
0(0.0, 0.11048163010052586)
0(0.0, 0.11043506726772331)
0(0.0, 0.11040970602962315)
0(0.0, 0.11039960842160915)
0(0.0, 0.11034739428256621)
0(0.0, 0.11032820690239147)
0(0.0, 0.11025877202421455)
0(0.0, 0.11014476243623483)
0(0.0, 0.1100369837122355)
0(0.0, 0.10999151591265605)
0(0.0, 0.10991795669368871)
0(0.0, 0.10989011738421853)
0(0.0, 0.10967460550626443)
0(0.0, 0.10966248784251209)
0(0.0, 0.10953187400272886)
0(0.0, 0.10952414535288758)
0(0.0, 0.10951371483900453)
0(0.0, 0.1094927623792424)
0(0.0, 0.10949172020403562)
0(0.0, 0.10945643626811341)
0(0.0, 0.10928354119947549)
0(0.0, 0.10924196124617445)
0(0.0, 0.10923288412080649)
0(0.0, 0.10919223245499438)
0(0.0, 0.1091769897473758)
0(0.0, 0.10906206917217653)
0(0.0, 0.10906187873380122)
0(0.0, 0.10904855749461402)
0(0.0, 0.10902563932949007)
0(0.0, 0.10890857604772587)
0(0.0, 0.10890180244909835)
0(0.0, 0.10888782869902351)
0(0.0, 0.10872401327699859)
0(0.0, 0.10868832639449814)
0(0.0, 0.10868398684215545)
0(0.0, 0.10863199721029596)
0(0.0, 0.10859508617002686)
0(0.0, 0.1085465133396448)
0(0.0, 0.10852243054835596)
0(0.0, 0.10849810950164863)
0(0.0, 0.10840126350527735)
0(0.0, 0.1081897282806767)
0(0.0, 0.10798303728452568)
0(0.0, 0.10796295674114113)
0(0.0, 0.10791867039998042)
0(0.0, 0.10771328357564597)
0(0.0, 0.10747159290032333)
0(0.0, 0.10740139399626772)
0(0.0, 0.10716721350755748)
0(0.0, 0.10713476773034872)
0(0.0, 0.1070145556439432)
0(0.0, 0.10698376041230025)
0(0.0, 0.10698280740741249)
0(0.0, 0.10696680537375301)
0(0.0, 0.10689741626672862)
0(0.0, 0.10680385699995194)
0(0.0, 0.10677600988118811)
0(0.0, 0.10659935154292996)
0(0.0, 0.10649887357614564)
0(0.0, 0.10643776018152451)
0(0.0, 0.10641507466906429)
0(0.0, 0.10635183670931728)
0(0.0, 0.10629144660611942)
0(0.0, 0.10596852733429413)
0(0.0, 0.10596509018716371)
0(0.0, 0.10594133998567344)
0(0.0, 0.1058228166990826)
0(0.0, 0.10582176665937493)
0(0.0, 0.10581555976098601)
0(0.0, 0.10580985191525896)
0(0.0, 0.1057510921370839)
0(0.0, 0.10561378246241653)
0(0.0, 0.10558763613527296)
0(0.0, 0.1055635483509574)
0(0.0, 0.10543910343509198)
0(0.0, 0.10540706409568869)
0(0.0, 0.10540489520476147)
0(0.0, 0.10534313389927467)
0(0.0, 0.10531596646503931)
0(0.0, 0.10526868102734041)
0(0.0, 0.10520889602420473)
0(0.0, 0.10520716022240642)
0(0.0, 0.10511776942524463)
0(0.0, 0.10509908899568927)
0(0.0, 0.10506386768504807)
0(0.0, 0.10500280658571617)
0(0.0, 0.1049962123572224)
0(0.0, 0.10494521917567622)
0(0.0, 0.1048257069972707)
0(0.0, 0.10472292442147774)
0(0.0, 0.10471776558924804)
0(0.0, 0.10455420906810879)
0(0.0, 0.10449480188274958)
0(0.0, 0.1044621294060092)
0(0.0, 0.10439359293084403)
0(0.0, 0.1043658049960505)
0(0.0, 0.10435319309877744)
0(0.0, 0.10432769667543901)
0(0.0, 0.10428705480284522)
0(0.0, 0.10427352625242288)
0(0.0, 0.10426877720799722)
0(0.0, 0.1040938751357621)
0(0.0, 0.10405567643840763)
0(0.0, 0.10397800945667571)
0(0.0, 0.10389348432226261)
0(0.0, 0.10381206283322747)
0(0.0, 0.10369492981019225)
0(0.0, 0.10365591981429022)
0(0.0, 0.10358583204021425)
0(0.0, 0.10354474751840538)
0(0.0, 0.10352951420777472)
0(0.0, 0.10329170136849318)
0(0.0, 0.10319236692186874)
0(0.0, 0.1031689346806621)
0(0.0, 0.10310975670046109)
0(0.0, 0.10304179046081316)
0(0.0, 0.10299129068130664)
0(0.0, 0.10290591296861694)
0(0.0, 0.10284921167635437)
0(0.0, 0.10281482908188071)
0(0.0, 0.10281012006440143)
0(0.0, 0.10278480046321224)
0(0.0, 0.10277902590037041)
0(0.0, 0.10272625123231097)
0(0.0, 0.10261995919394284)
0(0.0, 0.10239427976930472)
0(0.0, 0.10221645504619227)
0(0.0, 0.10216936718347779)
0(0.0, 0.10207634509518468)
0(0.0, 0.10192202071866684)
0(0.0, 0.10168271932438745)
0(0.0, 0.10166338089421142)
0(0.0, 0.10161175387099632)
0(0.0, 0.10158384852627927)
0(0.0, 0.10149399978515733)
0(0.0, 0.10143408772017652)
0(0.0, 0.10142866224908126)
0(0.0, 0.1012227990574974)
0(0.0, 0.10114612776459238)
0(0.0, 0.10110461865165148)
0(0.0, 0.1010698319046199)
0(0.0, 0.10098625779268593)
0(0.0, 0.10092428259064676)
0(0.0, 0.10092024986974162)
0(0.0, 0.10088724946457563)
0(0.0, 0.10082963947016106)
0(0.0, 0.10079390360184788)
0(0.0, 0.10076519658008502)
0(0.0, 0.10071836845178989)
0(0.0, 0.10062839111101914)
0(0.0, 0.10057850678622196)
0(0.0, 0.10051716376422863)
0(0.0, 0.10037261271428494)
0(0.0, 0.10037073071597283)
0(0.0, 0.10016616289896159)
0(0.0, 0.10004250185981622)
0(0.0, 0.09949149689842465)
0(0.0, 0.09929586798092299)
0(0.0, 0.09924486087208827)
0(0.0, 0.09924388081255925)
0(0.0, 0.09894412446825882)
0(0.0, 0.09887622455465088)
0(0.0, 0.09868207594395496)
0(0.0, 0.09849335620413212)
0(0.0, 0.0984429138894793)
0(0.0, 0.0984415823408799)
0(0.0, 0.09811854331775605)
0(0.0, 0.09784381838403171)
0(0.0, 0.09780327248743852)
0(0.0, 0.09771322196973145)
0(0.0, 0.0976472054304801)
0(0.0, 0.09745603189343742)
0(0.0, 0.09714620752893026)
0(0.0, 0.097015997633109)
0(0.0, 0.09694547482916055)
0(0.0, 0.09691925829477273)
0(0.0, 0.0968775887879538)
0(0.0, 0.09630205578212903)
0(0.0, 0.09608398559595192)
0(0.0, 0.09606792627159866)
0(0.0, 0.0959805006336584)
0(0.0, 0.09584415435291797)
0(0.0, 0.09577262851956878)
0(0.0, 0.09565765179266095)
0(0.0, 0.0956282373799966)
0(0.0, 0.09523995850908341)
0(0.0, 0.09519996391571266)
0(0.0, 0.0949471176770805)
0(0.0, 0.09469312567045478)
0(0.0, 0.09465956065570709)
0(0.0, 0.09449833550480284)
0(0.0, 0.09435792865359036)
0(0.0, 0.09389821411459379)
0(0.0, 0.09371557318103826)
0(0.0, 0.09350331956913421)
0(0.0, 0.09349291711514401)
0(0.0, 0.09346886925109535)
0(0.0, 0.09338901145016805)
0(0.0, 0.09325503418789292)
0(0.0, 0.09309414813055437)
0(0.0, 0.09274084050129953)
0(0.0, 0.09271371279502204)
0(0.0, 0.09260430976870435)
0(0.0, 0.09256546586032594)
0(0.0, 0.09252847698509326)
0(0.0, 0.0923835909149268)
0(0.0, 0.0911276764837642)
0(0.0, 0.09103851861240018)
0(0.0, 0.09087658369946366)
0(0.0, 0.0896336551203509)
0(0.0, 0.08962284509139817)
0(0.0, 0.08919297420782593)
0(0.0, 0.08836008287059002)
0(0.0, 0.08766273652386858)
0(0.0, 0.08676922105924047)
0(0.0, 0.08597884508309747)
0(0.0, 0.08591975903703798)
0(0.0, 0.08340355848858276)
0(0.0, 0.08252942272955534)
0(0.0, 0.08237326564375837)
0(0.0, 0.08229004200845212)
0(0.0, 0.08213158959403774)
0(0.0, 0.08135131049522225)
0(0.0, 0.08034357439917811)
0(0.0, 0.0800494932653667)
0(0.0, 0.07816133753446436)
0(0.0, 0.0760307609806653)
