1(0.2218536081370486, 0.2731628604330493)
1(0.16819339365519004, 0.19932607510912795)
1(0.15340148446740545, 0.178613195285957)
1(0.15300178086951277, 0.17812839265817362)
1(0.1299293774510271, 0.15483529253203684)
1(0.18701988644725628, 0.2106255178398495)
1(0.15952946339845, 0.18215908541246065)
1(0.21598282047756287, 0.23860313175675454)
1(0.12928150773498745, 0.1514657782335155)
1(0.1568292961714092, 0.17858595121048623)
1(0.15916080120946705, 0.1808848133749377)
1(0.1586408005032976, 0.1803180044362278)
1(0.13000048849829382, 0.15136983798283582)
1(0.12923020765042664, 0.15028207401406057)
1(0.17227338634756753, 0.1925115091051403)
1(0.12948874451219355, 0.14958145122983055)
1(0.16084980981050412, 0.18068544747002124)
1(0.14669295993750367, 0.1656433100396629)
1(0.1415934081101115, 0.16045287659238566)
1(0.14817217292733834, 0.16637293589148322)
1(0.13039199827343187, 0.14857520753261647)
1(0.15712740834816374, 0.17486941706489192)
1(0.13674881938843977, 0.15376697262305083)
1(0.1616564154792796, 0.17846057610695862)
1(0.1704882448000593, 0.18708799582564545)
1(0.1824122872024558, 0.19860617370522057)
1(0.13245838353222614, 0.14864391527036214)
1(0.15674586108635605, 0.17268586968060037)
1(0.21874072532834227, 0.23461881347477015)
1(0.12243565659387996, 0.1381782220624967)
1(0.10738084182441447, 0.12278024793532975)
1(0.1105925893923361, 0.12586561439304672)
1(0.1428344586139329, 0.1579333478225374)
1(0.2278556111956784, 0.24289352149077262)
1(0.16699126479791207, 0.18191944554759715)
1(0.11188005989561026, 0.12671883772347867)
1(0.154843299434425, 0.16941479581082827)
1(0.15194564225060878, 0.16632364090669274)
1(0.23465854060441044, 0.24893331672673033)
1(0.15399344828898806, 0.16819543014253305)
1(0.16180217446440437, 0.17573465384562248)
1(0.16799553006896809, 0.18171675860415162)
1(0.1327846575729119, 0.14645802377844994)
1(0.12929576110652125, 0.14294926194118673)
1(0.19070735553782353, 0.20424115564757406)
1(0.17315845414856051, 0.18668678396883748)
1(0.14069032377473403, 0.15414585117704097)
1(0.09611007749824386, 0.10953822901943151)
1(0.18859919279544182, 0.20196854460357042)
1(0.2032166817352599, 0.21636164663215895)
1(0.12627432852543857, 0.13933195777303112)
1(0.15749519709534346, 0.1704529184016922)
1(0.15191125951535925, 0.16479459301435848)
1(0.15076205368428777, 0.1635866400325896)
1(0.13613322562196387, 0.1487264276125111)
1(0.18270397922018555, 0.19526104631203367)
1(0.1630625018774224, 0.17547623631897533)
1(0.1640983816115566, 0.1765066304651389)
1(0.16613998431330687, 0.17844326444940842)
1(0.16279247925115262, 0.17507404535270107)
1(0.11219412626792065, 0.12447402636754959)
1(0.14335594013734346, 0.15549181827133257)
1(0.1252515380616773, 0.13704768376496637)
1(0.14501850531490706, 0.15675055032031399)
1(0.16465761432693712, 0.17600327287006698)
1(0.19409838793324202, 0.2054052238452603)
1(0.13978192272018103, 0.15105323269172885)
1(0.15999010051033777, 0.17122672485922308)
1(0.09677160586320989, 0.10792271906378531)
1(0.13465163115992818, 0.14575558614049466)
1(0.12288879905462304, 0.13381206498281392)
1(0.16611010040292035, 0.17698842850413662)
1(0.13115536264031102, 0.1420223322686759)
1(0.10086875758182749, 0.11168797143885786)
1(0.17225125922440176, 0.18286284815717507)
1(0.13920328194157408, 0.14979570104978476)
1(0.1631074149543643, 0.1735431690167646)
1(0.16020405417171046, 0.17061575494485157)
1(0.11051486830220077, 0.12084391606347165)
1(0.13990027088295776, 0.15009078105023513)
1(0.20002169517391477, 0.2101921422556556)
1(0.15679216590091322, 0.1669369519231275)
1(0.13187475462952897, 0.14199042783249816)
1(0.12290329579824784, 0.13288525900060602)
1(0.15262057564451148, 0.16248588273442974)
1(0.13377132389094262, 0.1436361640715804)
1(0.1299406654823128, 0.13966369698106107)
1(0.16089692994268462, 0.17061575494485157)
1(0.10842328853716764, 0.11802154785137058)
1(0.16723015371785008, 0.1768270049111245)
1(0.1483764346770007, 0.15792535150711914)
1(0.17254422576545944, 0.182065942376582)
1(0.11046706287158521, 0.11995328118767377)
1(0.12016778857796556, 0.12959879797961368)
1(0.11748378078665198, 0.12671883772347867)
1(0.21032884956010647, 0.2194097542517557)
1(0.10613756190115403, 0.11517417556772569)
1(0.18450736881289262, 0.19347544989726723)
1(0.09479240839042231, 0.10374924920751898)
1(0.1617387237279404, 0.17056367962612273)
1(0.11351564006941794, 0.12222242603748172)
1(0.1453108357150687, 0.15401120237455682)
1(0.1578799260379188, 0.1665298750908342)
1(0.2188971955535943, 0.2274584373475455)
1(0.1395204503591866, 0.1480454103507889)
1(0.1841351891697149, 0.1926184509115447)
1(0.15537974454783446, 0.1638111606323042)
1(0.138779646721328, 0.14720880434963263)
1(0.16048482791098417, 0.16888906058294514)
1(0.09967835703353368, 0.10792180617729727)
1(0.1083646485791553, 0.11644841056498668)
1(0.1582432888423842, 0.16632364090669274)
1(0.1532158393713373, 0.1612739038435115)
1(0.14647931069942677, 0.1545373489860615)
1(0.13737568669270142, 0.1454298816123379)
1(0.16690880900328794, 0.17494434094949743)
1(0.12995466497009947, 0.13795522973494137)
1(0.1330425862833542, 0.14103346492879112)
1(0.1360178884038419, 0.14397014326272214)
1(0.14267216702614746, 0.15057596904824344)
1(0.14736813936038745, 0.15498126560552758)
1(0.1727015263701852, 0.18028043940720914)
1(0.1280395676173196, 0.13542748228308307)
1(0.13976151961236533, 0.14698874487088073)
1(0.17587476522040307, 0.18306982757784002)
1(0.15812371141628292, 0.1653091573791065)
1(0.2295624183477552, 0.23663945332103528)
1(0.15733133788999895, 0.16437960550797395)
1(0.1381279630526102, 0.145173460791833)
1(0.2021797077653557, 0.20922277228506053)
1(0.12846847196740796, 0.13542748228308307)
1(0.13496196546882325, 0.14189084107649833)
1(0.13408002287554877, 0.14085242131658018)
1(0.09544157790086912, 0.10209679154375023)
1(0.16693212794189166, 0.17358146554181078)
1(0.11425086439514559, 0.12081306427778717)
1(0.14289768566353686, 0.14944751677168605)
1(0.1159135146083966, 0.12237460877434468)
1(0.12208821687481103, 0.1285019171296621)
1(0.13357177993013655, 0.13998535010694882)
1(0.10233756658653802, 0.108643807869892)
1(0.13853468173196876, 0.14482203382834652)
1(0.10607424241930122, 0.11234953455419076)
1(0.13759630342233117, 0.1437536290676524)
1(0.14821505154186027, 0.15429306844485446)
1(0.16086248371674772, 0.1669369519231275)
1(0.19007632247341838, 0.19608979545234617)
1(0.13876785857921192, 0.14476778887562702)
1(0.11357371603246472, 0.11955727878432977)
1(0.11544234322008576, 0.12138863985102452)
1(0.13875138808440535, 0.14467443957480064)
1(0.16099644295428675, 0.16691042084954577)
1(0.14594705225192342, 0.15184433097134994)
1(0.12147935237319711, 0.12724773678004891)
1(0.15508233985722653, 0.1608431611959252)
1(0.1032823936137256, 0.10901522340720493)
1(0.17271882016528278, 0.17844326444940842)
1(0.10517204670916135, 0.11088430434933781)
1(0.1445511000627091, 0.15023294579327867)
1(0.09885392056140285, 0.10452743359317405)
1(0.1750456715017837, 0.18069655110689478)
1(0.149538473955795, 0.1550432707350048)
1(0.13072865558178412, 0.1361700929053284)
1(0.13032623039526406, 0.13573961759199754)
1(0.24189212177072994, 0.24729791371430063)
1(0.14129613066418814, 0.1466539443312369)
1(0.13815261436149276, 0.14349364825874872)
1(0.10620745441386112, 0.11152433265679985)
1(0.11207796010083024, 0.11735697847881253)
1(0.09759047969649029, 0.10285088542989228)
1(0.13497529546976444, 0.14022981467769308)
1(0.19264513799840602, 0.19785484119736277)
1(0.16095723612977275, 0.16615610121753657)
1(0.13257668436520023, 0.13775968563025168)
1(0.14281536638736653, 0.1479937480727453)
1(0.10465542099552542, 0.10982890301327101)
1(0.13062524375595672, 0.13577659701748732)
1(0.1632480315240038, 0.16839876281595137)
1(0.16802980826119335, 0.17313542823072556)
1(0.11572207315789569, 0.12081306427778717)
1(0.19840531488223534, 0.20335480430730343)
1(0.10305075990043736, 0.10792271906378531)
1(0.18387491140452084, 0.18874073095185712)
1(0.1180747154911579, 0.12289891067744484)
1(0.10842946537215056, 0.11324514404174388)
1(0.16603374977001753, 0.17082681278492937)
1(0.16671936949798213, 0.17151026701318334)
1(0.10914016175319442, 0.11390836725986757)
1(0.1064496654810083, 0.1111354970832107)
1(0.14370862806985393, 0.14838638724781109)
1(0.18411003791539118, 0.1887509187669469)
1(0.1369658695149955, 0.1415998456750825)
1(0.14732291560575084, 0.15190423832197833)
1(0.17810878183129195, 0.18267309921998676)
1(0.1097075321269704, 0.11424391297388618)
1(0.17160240930613996, 0.17611849241025496)
1(0.18508068022877636, 0.18956226085089503)
1(0.14403525597502403, 0.14846507168587253)
1(0.12405215655226377, 0.12847325900295864)
1(0.11006460447437433, 0.11445014646672946)
1(0.14389239465115528, 0.14827032393566397)
1(0.15829065319941382, 0.1626504828721836)
1(0.11798191591219367, 0.12220579891402182)
1(0.09790576367591462, 0.10212028624091438)
1(0.13223551207659895, 0.13636160400443084)
1(0.20875029696522518, 0.21286166735187503)
1(0.16507484012662077, 0.16918520567205392)
1(0.1335546278913809, 0.1376337877733625)
1(0.1293078495849463, 0.13333745867354058)
1(0.13404280805938346, 0.13805342776080123)
1(0.09973915149666153, 0.10374924920751898)
1(0.13763638444824786, 0.14157475155436003)
1(0.11726869375090677, 0.12118238372397475)
1(0.13395387518911447, 0.13775968563025168)
1(0.15873370719459606, 0.1624196693628199)
1(0.1633540909017918, 0.16701622193210114)
1(0.10967976393585653, 0.11332844550660345)
1(0.17702110757209377, 0.18066137937385976)
1(0.12415577571196706, 0.12768220114869966)
1(0.15059647726552788, 0.15409870439533965)
1(0.13923929895237747, 0.14274058388255412)
1(0.16329847201661216, 0.16678716070500935)
1(0.11740103352497001, 0.1208292896579793)
1(0.20654652618160976, 0.20986520035960207)
1(0.1452438087634352, 0.14855083941912867)
1(0.10464650188178763, 0.10792180617729727)
1(0.1700514345308619, 0.17331037671042707)
1(0.11296293214013585, 0.1161079329929031)
1(0.1589321156677312, 0.16201617405758656)
1(0.11803128408634815, 0.12106557666947952)
1(0.1365156230459271, 0.13949136934923112)
1(0.13574840904745675, 0.1387071910701985)
1(0.10868662448896371, 0.1115987565627584)
1(0.17101323477579974, 0.17386020144170955)
1(0.14857379078454605, 0.1514082825701123)
1(0.12155525826255935, 0.12435997627711856)
1(0.13518023615107788, 0.13795633478781824)
1(0.13270909812084505, 0.1354827399769081)
1(0.09869868153637584, 0.10145255078442622)
1(0.11896509736289086, 0.12163314582850983)
1(0.17587665220428766, 0.17853718720341835)
1(0.1613990180617782, 0.16404585833108842)
1(0.09955365470486349, 0.10218843786106145)
1(0.15354321640838084, 0.15616572409472065)
1(0.13792781423338782, 0.1405451986879046)
1(0.22555330219827063, 0.22815623665483684)
1(0.09560705503049521, 0.09816453738503933)
1(0.16906179351522813, 0.17158307099220646)
1(0.2634233026415638, 0.2659390951158164)
1(0.1453930155769985, 0.14790428888308163)
1(0.16299337781139708, 0.1654990183838233)
1(0.15837930917831194, 0.1608812757425582)
1(0.13138434362241871, 0.13381206498281392)
1(0.10824548245680801, 0.11066478714722972)
1(0.1331604689117501, 0.13529929380539296)
1(0.10415072029285365, 0.10622133896406417)
1(0.1652941979238953, 0.16733820344410597)
1(0.1477408883806719, 0.14974207451359786)
1(0.14984366329472767, 0.15183320344152937)
1(0.15116963778224607, 0.1531118367753948)
1(0.20504449492003732, 0.20697226075465255)
1(0.10850679690898414, 0.11037693853750458)
1(0.15756680562271277, 0.15924709757081765)
1(0.12335934528388667, 0.12503510501226825)
1(0.10674254302720013, 0.10841342458951567)
1(0.11670684239989197, 0.11827885540747785)
1(0.12376537241991294, 0.12526002358826654)
1(0.11954005889050845, 0.1210105680328963)
1(0.10230496178711382, 0.10374924920751898)
1(0.10513101343517649, 0.10650877983750777)
1(0.1127033918829293, 0.11406071300033792)
1(0.14694437620855086, 0.14827032393566397)
1(0.1701433264930819, 0.17136517649931818)
1(0.13357299469850398, 0.13475881449528201)
1(0.16440126887358913, 0.16555436231842002)
1(0.15496170389988081, 0.1561016855208643)
1(0.18320832856540442, 0.18431789959059783)
1(0.1308553849000665, 0.13192703146644288)
1(0.12969517424838126, 0.13072740339987945)
1(0.15406845578665027, 0.15504518559463698)
1(0.10893304860012559, 0.1098384528037616)
1(0.1757426384531988, 0.17658776646818913)
1(0.2164196388224132, 0.21724671669590148)
1(0.119628687455551, 0.12040531975833477)
1(0.1634855607800732, 0.16425616372323718)
1(0.17514236083761145, 0.17591171053039426)
1(0.42629074205390033, 0.42705042670793253)
1(0.11654792620422347, 0.11724005146413914)
1(0.15808720879112564, 0.15877041656088778)
1(0.16311499033906396, 0.16376231191985874)
1(0.14335939652588653, 0.14397014326272214)
1(0.15827736013390023, 0.158869476580608)
1(0.16317745856145133, 0.16376231191985874)
1(0.09936247276566629, 0.09993408808542777)
1(0.12670969527695422, 0.12724773678004891)
1(0.12181041560613311, 0.1223293815840587)
1(0.10059516513691055, 0.10111262890448793)
1(0.2761374734016518, 0.276643218275431)
1(0.2040975608705055, 0.20455804986978587)
1(0.18519778985172536, 0.18565664381350216)
1(0.15147015036248068, 0.1519252945125374)
1(0.20462541457484124, 0.20505230004446778)
1(0.14764395284304715, 0.1480454103507889)
1(0.16734240670712838, 0.16769819347346465)
1(0.1610602114477777, 0.16140566933050832)
1(0.09761477638881452, 0.09795977359149256)
1(0.1540597873847769, 0.15437869394124684)
1(0.18567215479413157, 0.18590468600467633)
1(0.15354532421081213, 0.15371567792293497)
1(0.11674178324513527, 0.11690527347716792)
1(0.14982667438846906, 0.14995861200160268)
1(0.14483687567285336, 0.14495273266520795)
1(0.1390456439304987, 0.13909764954770146)
1(0.14974831893882143, 0.14979989908745803)
1(0.11419700194402509, 0.11424715156063164)
1(0.10586340408802285, 0.10587861622060846)
0(0.0, inf)
0(0.0, 1.14520312716936)
0(0.0, 1.1231694825189846)
0(0.0, 0.5779509365241964)
0(0.0, 0.5675495602322185)
0(0.0, 0.5520768442576107)
0(0.0, 0.3888898416569146)
0(0.0, 0.37854439312247473)
0(0.0, 0.37101685112559923)
0(0.0, 0.36496428600491826)
0(0.0, 0.29329495850397386)
0(0.0, 0.2875288052000416)
0(0.0, 0.27493331097605705)
0(0.0, 0.2580772218035155)
0(0.0, 0.2456107961760274)
0(0.0, 0.23300680792888645)
0(0.0, 0.2214700835970456)
0(0.0, 0.21727432065377505)
0(0.0, 0.21391137226184584)
0(0.0, 0.20721376756465862)
0(0.0, 0.20627568344136313)
0(0.0, 0.203941018805553)
0(0.0, 0.2011427230375707)
0(0.0, 0.20045492942808568)
0(0.0, 0.19910294468843753)
0(0.0, 0.19827432294897993)
0(0.0, 0.19712315154152085)
0(0.0, 0.1969849065824052)
0(0.0, 0.19634623559403905)
0(0.0, 0.19569085099243289)
0(0.0, 0.19402641656438813)
0(0.0, 0.1935945966415495)
0(0.0, 0.19076568768890567)
0(0.0, 0.1869905771987626)
0(0.0, 0.18682616022985898)
0(0.0, 0.18677226594611773)
0(0.0, 0.1859703173107867)
0(0.0, 0.18511714196922194)
0(0.0, 0.18465489016987588)
0(0.0, 0.1844441928222054)
0(0.0, 0.18441425400204942)
0(0.0, 0.1840115312877323)
0(0.0, 0.18277812218650236)
0(0.0, 0.18258427941529717)
0(0.0, 0.1816419885706431)
0(0.0, 0.18128840221310055)
0(0.0, 0.18058590482254638)
0(0.0, 0.17898991143696558)
0(0.0, 0.1785474153382917)
0(0.0, 0.17850570534669458)
0(0.0, 0.1782801916006949)
0(0.0, 0.17769977898307218)
0(0.0, 0.17602484255365988)
0(0.0, 0.17566205051871317)
0(0.0, 0.17543586925688934)
0(0.0, 0.17418391843570113)
0(0.0, 0.17396665998975538)
0(0.0, 0.1737395611338762)
0(0.0, 0.17325631938524044)
0(0.0, 0.17269449833188777)
0(0.0, 0.17064339943866186)
0(0.0, 0.1706124772742819)
0(0.0, 0.16999651149395686)
0(0.0, 0.16950613114169436)
0(0.0, 0.16934438384244374)
0(0.0, 0.16894679820532948)
0(0.0, 0.16785052329907676)
0(0.0, 0.1667914828995964)
0(0.0, 0.1647544632521085)
0(0.0, 0.16468348474962008)
0(0.0, 0.16330045691972428)
0(0.0, 0.1631408725094995)
0(0.0, 0.16311503369599228)
0(0.0, 0.16303919772852593)
0(0.0, 0.16303788615801038)
0(0.0, 0.1623672739926768)
0(0.0, 0.16172531738654386)
0(0.0, 0.16171441258535735)
0(0.0, 0.16161806752241833)
0(0.0, 0.16132778006630819)
0(0.0, 0.1607285020308051)
0(0.0, 0.1606507082202846)
0(0.0, 0.16061481717881004)
0(0.0, 0.16058659603835249)
0(0.0, 0.16019803978733935)
0(0.0, 0.1595637674091644)
0(0.0, 0.15927346825211347)
0(0.0, 0.15925359917777251)
0(0.0, 0.15886003659481399)
0(0.0, 0.15877962966061623)
0(0.0, 0.15876994888920387)
0(0.0, 0.1579814382758391)
0(0.0, 0.1576613779414629)
0(0.0, 0.15763393612229418)
0(0.0, 0.15741883648610835)
0(0.0, 0.1569891798726323)
0(0.0, 0.15695899284802292)
0(0.0, 0.1561379409565345)
0(0.0, 0.15549002639247006)
0(0.0, 0.15491809319428426)
0(0.0, 0.15483929372175725)
0(0.0, 0.15457780572340526)
0(0.0, 0.15419303694041117)
0(0.0, 0.15378556002307492)
0(0.0, 0.15358311193241175)
0(0.0, 0.15321574402131957)
0(0.0, 0.15311668240169987)
0(0.0, 0.153082033417021)
0(0.0, 0.15298548977860904)
0(0.0, 0.1527097178413328)
0(0.0, 0.15200562122469893)
0(0.0, 0.1516532674620468)
0(0.0, 0.15156585813040976)
0(0.0, 0.15143946974247652)
0(0.0, 0.1508598840095808)
0(0.0, 0.1506917450172594)
0(0.0, 0.15062671189290058)
0(0.0, 0.15002970564231163)
0(0.0, 0.14876345790440837)
0(0.0, 0.1486170010404699)
0(0.0, 0.1484501853068805)
0(0.0, 0.1482788091434465)
0(0.0, 0.14819056612037385)
0(0.0, 0.14815011671549916)
0(0.0, 0.14782569949208466)
0(0.0, 0.14760273011811642)
0(0.0, 0.14740070890224458)
0(0.0, 0.147386074644585)
0(0.0, 0.14722569885032954)
0(0.0, 0.14701785552111896)
0(0.0, 0.1469639656597478)
0(0.0, 0.1469164926530499)
0(0.0, 0.14690904793063997)
0(0.0, 0.1467984028002523)
0(0.0, 0.14658108464519723)
0(0.0, 0.14623089888486335)
0(0.0, 0.14615335641836447)
0(0.0, 0.14614576605043214)
0(0.0, 0.14547607130682602)
0(0.0, 0.14530599158027144)
0(0.0, 0.14516981861025702)
0(0.0, 0.14496359591672664)
0(0.0, 0.1448984484926641)
0(0.0, 0.1447634622731418)
0(0.0, 0.14398727569314831)
0(0.0, 0.14382160070293676)
0(0.0, 0.14372640849813667)
0(0.0, 0.14372639239490362)
0(0.0, 0.1437129054102896)
0(0.0, 0.1434803036510046)
0(0.0, 0.14338722783194494)
0(0.0, 0.14333583491693883)
0(0.0, 0.142734510144457)
0(0.0, 0.14269524389598723)
0(0.0, 0.142577204812853)
0(0.0, 0.14250072901241626)
0(0.0, 0.142316572607918)
0(0.0, 0.14221977055188853)
0(0.0, 0.14170968316498936)
0(0.0, 0.14156028406688564)
0(0.0, 0.14151582469781357)
0(0.0, 0.1414966271897649)
0(0.0, 0.1413611341367741)
0(0.0, 0.14135161567813664)
0(0.0, 0.1412349165293965)
0(0.0, 0.14113440865065074)
0(0.0, 0.1409324882706046)
0(0.0, 0.14069463733266954)
0(0.0, 0.14059063237545286)
0(0.0, 0.14050044227742509)
0(0.0, 0.13972913084444866)
0(0.0, 0.1393338962446104)
0(0.0, 0.1389773409342641)
0(0.0, 0.13855956416713544)
0(0.0, 0.13850631606511055)
0(0.0, 0.13819939148766622)
0(0.0, 0.13819209467136356)
0(0.0, 0.13810361790670322)
0(0.0, 0.13780950163380162)
0(0.0, 0.13779579363567138)
0(0.0, 0.13760925779780772)
0(0.0, 0.13719169098430833)
0(0.0, 0.13719025033098206)
0(0.0, 0.13713190596624192)
0(0.0, 0.1369004082425911)
0(0.0, 0.13678276489770166)
0(0.0, 0.13676963252885607)
0(0.0, 0.13672689084224238)
0(0.0, 0.13661260388974178)
0(0.0, 0.13645966929253905)
0(0.0, 0.13632866480488715)
0(0.0, 0.1361702790288861)
0(0.0, 0.13612453328990515)
0(0.0, 0.136030940096605)
0(0.0, 0.13601577568749904)
0(0.0, 0.13585163395932803)
0(0.0, 0.1351642150107768)
0(0.0, 0.1351100388109927)
0(0.0, 0.1350790729137607)
0(0.0, 0.1350587656049588)
0(0.0, 0.13469901216306335)
0(0.0, 0.13424285102986638)
0(0.0, 0.13419789028330703)
0(0.0, 0.13408160277855158)
0(0.0, 0.13386635247053738)
0(0.0, 0.13384098325324428)
0(0.0, 0.13378308246699652)
0(0.0, 0.1333477929200268)
0(0.0, 0.133285913242879)
0(0.0, 0.1331741100543687)
0(0.0, 0.13314714071261755)
0(0.0, 0.1322168311344312)
0(0.0, 0.13215414016666333)
0(0.0, 0.1320118960903704)
0(0.0, 0.13171959955590687)
0(0.0, 0.13155013585737962)
0(0.0, 0.13149060573110827)
0(0.0, 0.1296890790153586)
0(0.0, 0.12963058754526402)
0(0.0, 0.1287340193665619)
0(0.0, 0.12858359897730956)
0(0.0, 0.12857025740383446)
0(0.0, 0.12849633961966575)
0(0.0, 0.12839295566551212)
0(0.0, 0.12822309698107084)
0(0.0, 0.12807724354251118)
0(0.0, 0.12787502871828652)
0(0.0, 0.12769564932359265)
0(0.0, 0.12765488142851195)
0(0.0, 0.12762178519777231)
0(0.0, 0.12753717021560504)
0(0.0, 0.12745728009905646)
0(0.0, 0.12723705437418306)
0(0.0, 0.1271246861151085)
0(0.0, 0.12696333486911904)
0(0.0, 0.1264720139754642)
0(0.0, 0.12634261484865983)
0(0.0, 0.12631815642816216)
0(0.0, 0.12630739387438045)
0(0.0, 0.12623679363286022)
0(0.0, 0.12606149664285546)
0(0.0, 0.12601296334401585)
0(0.0, 0.12590009828003573)
0(0.0, 0.1257991368627719)
0(0.0, 0.1253352733819863)
0(0.0, 0.12513311946044486)
0(0.0, 0.1251317184836322)
0(0.0, 0.1249643535663385)
0(0.0, 0.124498088393592)
0(0.0, 0.12445238914450456)
0(0.0, 0.12434444036382844)
0(0.0, 0.12406494581887675)
0(0.0, 0.12397056958483245)
0(0.0, 0.12396641578773829)
0(0.0, 0.12391917717183847)
0(0.0, 0.1237370658875858)
0(0.0, 0.12369264313515246)
0(0.0, 0.12354491691689426)
0(0.0, 0.12347397594578453)
0(0.0, 0.1234466515537374)
0(0.0, 0.12344530064486996)
0(0.0, 0.12334282283170768)
0(0.0, 0.1233338332794034)
0(0.0, 0.12290647737481403)
0(0.0, 0.12280494263153056)
0(0.0, 0.12279118472468051)
0(0.0, 0.12278858840070483)
0(0.0, 0.12223227538687563)
0(0.0, 0.12183177888775541)
0(0.0, 0.12168722115772536)
0(0.0, 0.12140089350130469)
0(0.0, 0.12137720382624981)
0(0.0, 0.12112517061686023)
0(0.0, 0.12109203621780097)
0(0.0, 0.12084420268391759)
0(0.0, 0.12040323170716644)
0(0.0, 0.12014584278722538)
0(0.0, 0.12006660665335055)
0(0.0, 0.12005825700978877)
0(0.0, 0.11983810031781325)
0(0.0, 0.11893492700130319)
0(0.0, 0.11878494996538823)
0(0.0, 0.11850552003509936)
0(0.0, 0.11815531954507624)
0(0.0, 0.11810028392000592)
0(0.0, 0.11797840948137905)
0(0.0, 0.1175503642011029)
0(0.0, 0.11751711803688941)
0(0.0, 0.11751502268449163)
0(0.0, 0.11739679146725122)
0(0.0, 0.11690823272252021)
0(0.0, 0.11637807750352927)
0(0.0, 0.11636509033275333)
0(0.0, 0.1163271455986117)
0(0.0, 0.11595109458251322)
0(0.0, 0.11588185906284322)
0(0.0, 0.11553791273489053)
0(0.0, 0.11535533263617291)
0(0.0, 0.11528875033149136)
0(0.0, 0.11522853024246738)
0(0.0, 0.11520641277763408)
0(0.0, 0.11516971006465959)
0(0.0, 0.11512659793788223)
0(0.0, 0.11491990800088578)
0(0.0, 0.11479225114199205)
0(0.0, 0.11463208074694492)
0(0.0, 0.11444285479802627)
0(0.0, 0.11427784388287468)
0(0.0, 0.11417216803864136)
0(0.0, 0.11416976398355887)
0(0.0, 0.11389027769969609)
0(0.0, 0.1137384942569958)
0(0.0, 0.11351963321005908)
0(0.0, 0.11317604398866984)
0(0.0, 0.1130326578085907)
0(0.0, 0.11293489872712152)
0(0.0, 0.11291219943474025)
0(0.0, 0.11284030269332632)
0(0.0, 0.11279586897941418)
0(0.0, 0.11270462635248453)
0(0.0, 0.1125127312042292)
0(0.0, 0.11249203929077346)
0(0.0, 0.1120109371128633)
0(0.0, 0.11184355606021265)
0(0.0, 0.11170930823570549)
0(0.0, 0.11168367524338219)
0(0.0, 0.11168148480704093)
0(0.0, 0.11166251388128744)
0(0.0, 0.11165851573311344)
0(0.0, 0.11148099473894398)
0(0.0, 0.11110514237068303)
0(0.0, 0.11102720425812555)
0(0.0, 0.11085869840167091)
0(0.0, 0.11053408246962643)
0(0.0, 0.11019543588546603)
0(0.0, 0.11002985442948394)
0(0.0, 0.10981852802391004)
0(0.0, 0.1092312182410336)
0(0.0, 0.10843618736254836)
0(0.0, 0.10826494546117105)
0(0.0, 0.10819730794328226)
0(0.0, 0.10817245287598497)
0(0.0, 0.10770777705499934)
0(0.0, 0.10758889396682277)
0(0.0, 0.1074412174140068)
0(0.0, 0.10713505862338746)
0(0.0, 0.10660774297771135)
0(0.0, 0.10649285398468065)
0(0.0, 0.10638781242046717)
0(0.0, 0.10611720716797411)
0(0.0, 0.10601146540568913)
0(0.0, 0.10565578601718971)
0(0.0, 0.10556154466893915)
0(0.0, 0.10524093826428728)
0(0.0, 0.10522411101468135)
0(0.0, 0.10481627464042756)
0(0.0, 0.10441152780298094)
0(0.0, 0.10416094610383474)
0(0.0, 0.10411825908073175)
0(0.0, 0.10399956870337836)
0(0.0, 0.10370314135542594)
0(0.0, 0.10366845658170487)
0(0.0, 0.10327852468217738)
0(0.0, 0.10314044782902002)
0(0.0, 0.10280588229677862)
0(0.0, 0.10260824342190739)
0(0.0, 0.10260209413108609)
0(0.0, 0.10176861660818626)
0(0.0, 0.10154320858137353)
0(0.0, 0.10144002551220523)
0(0.0, 0.10129738738454201)
0(0.0, 0.10104682725577284)
0(0.0, 0.10102491247435072)
0(0.0, 0.10092519415266131)
0(0.0, 0.10084103241818976)
0(0.0, 0.10082504356002121)
0(0.0, 0.10080007134773411)
0(0.0, 0.10030081318149764)
0(0.0, 0.10027043610449149)
0(0.0, 0.09974871678957786)
0(0.0, 0.09928170645159604)
0(0.0, 0.09889836373568664)
0(0.0, 0.09879047616037569)
0(0.0, 0.09876760707014089)
0(0.0, 0.09858838713118295)
0(0.0, 0.09841280930304312)
0(0.0, 0.09753288563820091)
0(0.0, 0.09747114166491708)
0(0.0, 0.09688855882199184)
0(0.0, 0.09665823149116777)
0(0.0, 0.09633545818418071)
0(0.0, 0.09531411842435428)
0(0.0, 0.09530079978660286)
0(0.0, 0.0952353119341911)
0(0.0, 0.09509077353902297)
0(0.0, 0.09488730184414369)
0(0.0, 0.09463764522139398)
0(0.0, 0.09427342197771213)
0(0.0, 0.09416923666564646)
0(0.0, 0.0941380149899393)
0(0.0, 0.09398589190548068)
0(0.0, 0.09369189748522823)
0(0.0, 0.09332472621174784)
0(0.0, 0.09283679789206867)
0(0.0, 0.0922481014863228)
0(0.0, 0.09223123504408255)
0(0.0, 0.09189650080633797)
0(0.0, 0.09177656169591643)
0(0.0, 0.09100461869419553)
0(0.0, 0.09091360673341566)
0(0.0, 0.09014825328367816)
0(0.0, 0.08997752862226233)
0(0.0, 0.08987575842998742)
0(0.0, 0.08973242240319727)
0(0.0, 0.08927071553779876)
0(0.0, 0.08871016440940716)
0(0.0, 0.08809958735385336)
0(0.0, 0.08792205793313271)
0(0.0, 0.08735786165760218)
0(0.0, 0.08589947622456522)
0(0.0, 0.08568683484850412)
0(0.0, 0.08567622744898466)
0(0.0, 0.08360708136398093)
0(0.0, 0.08318026190172834)
0(0.0, 0.08281740195818924)
0(0.0, 0.082362079163931)
0(0.0, 0.08178864994385289)
0(0.0, 0.08140215361517857)
0(0.0, 0.0805321698703233)
0(0.0, 0.08047298266198503)
0(0.0, 0.08034604585657927)
0(0.0, 0.07061967744043969)
