1(6.262238651100416, 6.574256165952971)
1(1.8950799197721173, 2.036051171064657)
1(1.8983549178110881, 2.030698056652415)
1(1.939622357369903, 2.066256024477118)
1(1.6209867186706048, 1.7323044572578399)
1(1.8951933760105348, 2.000450455421352)
1(1.8606805163556541, 1.9587601611214411)
1(2.190181687859271, 2.287037849883997)
1(1.878929547691739, 1.9740754469115627)
1(1.9067740141554375, 2.0009006004528436)
1(1.6432871968414102, 1.7357525426068032)
1(1.7403409980982645, 1.8282497061241816)
1(1.9254432508466066, 2.011825295908063)
1(1.5443036527552443, 1.629343166732095)
1(1.999264962837113, 2.0827784221508114)
1(1.4002809693171396, 1.4836991057435454)
1(1.8775188100191498, 1.9572941810260414)
1(1.6158385883180613, 1.6913179331500734)
1(1.890898278127972, 1.965656825099773)
1(1.9009806461715177, 1.9740754469115627)
1(1.4747081368140331, 1.5445805730398794)
1(1.9005956620952011, 1.97005490095025)
1(1.5050053507703567, 1.5744392769750037)
1(1.6117132237498677, 1.6807502755437136)
1(1.4189202975447126, 1.4863177838001649)
1(1.3690862399889765, 1.4364176539323474)
1(1.7466958197196536, 1.812895825143862)
1(1.9998288317843262, 2.0650601651238474)
1(1.573721961790826, 1.638351190856891)
1(1.6029917999406496, 1.66552486452047)
1(1.7118883932876878, 1.7731342579887461)
1(1.7962070279191478, 1.8563625041835508)
1(1.6834722468643384, 1.7434779635768973)
1(2.152141274989523, 2.211976668414982)
1(1.5857742325987172, 1.6455514292365223)
1(1.9103808147087729, 1.97005490095025)
1(2.20646090389102, 2.2642600982364973)
1(1.6576969969495607, 1.7150849490430802)
1(1.5546125209249368, 1.6117517851000387)
1(1.6894371948621545, 1.7451717980638142)
1(1.5994931652057267, 1.6545151009054315)
1(1.6734586894891936, 1.7277533726544343)
1(1.6955368583056805, 1.7496847615585343)
1(1.262076897992752, 1.3146747162373833)
1(1.8768929006622768, 1.9293178247624876)
1(1.6025480781437256, 1.6545151009054315)
1(1.650574154297571, 1.701938134577161)
1(1.5934217565775357, 1.644634750040538)
1(1.6139661043896407, 1.6632715126249027)
1(1.9054049396203165, 1.9543978906885962)
1(2.126299280635008, 2.175047455013737)
1(1.2755350709213125, 1.3238475390470046)
1(1.9087905437381916, 1.9557853848788675)
1(1.559327562939723, 1.6058955896075517)
1(2.0620439907556274, 2.1079409270999214)
1(1.6912270520889656, 1.7363847738361275)
1(2.1035483615075616, 2.148560811086734)
1(1.7707098035352038, 1.8156989991318697)
1(1.5513920617618635, 1.5959225538304889)
1(1.9462952846124835, 1.990791578814537)
1(1.927554787426279, 1.9712521797182907)
1(1.3374399479634014, 1.3806913727276329)
1(1.4586539627240833, 1.5016567370418021)
1(1.6322582983552985, 1.6746124323246085)
1(1.43315988063344, 1.4751526865063773)
1(1.541618271026995, 1.5825065888798957)
1(1.6380189781937489, 1.6787008617638246)
1(1.7041276977309507, 1.7444202768632944)
1(1.422724572675899, 1.4627500064766077)
1(1.281611355511076, 1.321246285625045)
1(2.6894273097487416, 2.7288460697792254)
1(1.7327042387957479, 1.771714390045327)
1(1.8165779828368716, 1.855391133462939)
1(1.6764231383761576, 1.7150201077670202)
1(1.4192869546860942, 1.4577451938068118)
1(2.095396448119235, 2.132855787499082)
1(1.658369632738829, 1.6957925433158758)
1(2.1069028669682246, 2.1438669150518432)
1(1.528174639347149, 1.564755714448128)
1(1.595670344969681, 1.6321375142235548)
1(1.6570693161757233, 1.6934669335683152)
1(1.588040673028084, 1.6243913474250808)
1(1.3447103124233413, 1.3806913727276329)
1(1.5776687606898563, 1.6132893242149902)
1(2.0165740085077757, 2.0515519148430714)
1(1.9197112337033266, 1.9532033736458434)
1(1.7595430856509517, 1.7927765244676832)
1(1.8707693353786354, 1.9037686906250988)
1(1.8694899236079716, 1.9018819927868693)
1(1.5091089067204977, 1.541316938943207)
1(1.5702970548183304, 1.6018845368406)
1(1.8630901366345982, 1.8946157999734876)
1(1.940095142829252, 1.9712521797182907)
1(1.5399996159679787, 1.5707995493174614)
1(1.654108655381949, 1.6843990365121366)
1(1.5090281944084383, 1.5391076674261008)
1(1.414639812702631, 1.4446403758088255)
1(1.471700720989663, 1.5015944402397865)
1(2.024112519792806, 2.0538984500271407)
1(1.7619877597245017, 1.791606578440394)
1(2.091435786144241, 2.1205472510543135)
1(1.9348023071724416, 1.9638734949082735)
1(1.8852201088390041, 1.9142252527002497)
1(2.105221378742806, 2.1339138626511494)
1(1.7216433630123391, 1.7495620243431522)
1(1.5468980612783831, 1.5745624709523425)
1(1.8205822066145774, 1.847865534781553)
1(2.1378401050571574, 2.165024331040443)
1(1.6790407195191623, 1.7059472865655938)
1(1.758381345650111, 1.7845925413391157)
1(1.2874651939667707, 1.3133727312126169)
1(2.1241510664103433, 2.1500351250112812)
1(1.9504518688271584, 1.9757565405618063)
1(2.005569110782564, 2.030698056652415)
1(1.7115178435522476, 1.7363847738361275)
1(1.9384583163988343, 1.963186968778791)
1(1.7145174954656859, 1.7390735215673556)
1(1.4052581207776773, 1.4292110873452042)
1(1.7079941418251563, 1.7317762572646653)
1(1.57848680556889, 1.601759837683452)
1(1.4617700629659334, 1.484596508715042)
1(1.6314786572376623, 1.6542132549877)
1(1.406629645372296, 1.4292110873452042)
1(1.7495005187959047, 1.7716518806067052)
1(1.2903567155005573, 1.3124915209126573)
1(1.7840183039415365, 1.8061342352759766)
1(2.0746133132435447, 2.0966063809189763)
1(1.7131872030768212, 1.7345506334897234)
1(1.9662614499515363, 1.987457404843748)
1(1.8876802913296882, 1.9085805923312682)
1(1.3676157183430822, 1.3884702841577283)
1(1.4202540163627657, 1.4409920231946352)
1(1.6025148202324, 1.6228830255800655)
1(2.104740944635784, 2.1250908203307284)
1(1.3950518593794516, 1.4153840989329816)
1(1.5699419071649856, 1.5902148953845605)
1(1.619081279328035, 1.6393243807197906)
1(1.8072836587980956, 1.8273047529620001)
1(1.6820870093885214, 1.702004623726386)
1(1.6826138613446393, 1.702004623726386)
1(1.8384865786838018, 1.8577515442828123)
1(1.6659799815911034, 1.684711265610407)
1(1.7361410992400288, 1.7548404623897325)
1(1.851741986330484, 1.87040494171118)
1(1.513340938291431, 1.5318657967331344)
1(2.258205616850857, 2.2766375871419586)
1(1.4220863739416643, 1.4404860626533926)
1(1.3928630912401248, 1.4110662131872829)
1(1.585042032960151, 1.603088609176284)
1(1.7055912907645612, 1.7235151575099041)
1(1.817512285985984, 1.835394669180569)
1(1.6084670930656344, 1.6263081153954524)
1(1.5470088058915386, 1.564756055058874)
1(1.7699828151333714, 1.7876359957734806)
1(1.5730372051468073, 1.5905797344862815)
1(1.6993840766103931, 1.7166261203660371)
1(1.6925801548029575, 1.7095807275425061)
1(1.698076798775624, 1.7150201077670202)
1(1.7697830650781663, 1.7861500539560955)
1(1.4702646124696923, 1.4863177838001649)
1(1.891166622409051, 1.9069759472314378)
1(1.8963226671997426, 1.9119321619433305)
1(1.6142191545870046, 1.6296280341827347)
1(1.6265952013318092, 1.6417500686062283)
1(1.6596014436646518, 1.6746124323246085)
1(1.588909514460543, 1.6038334864114825)
1(1.5393770491687566, 1.5541456875523505)
1(1.823856036676636, 1.8381769988802246)
1(1.4064652349452877, 1.420785082673822)
1(1.5372370683863972, 1.551374366887534)
1(1.7230999790937884, 1.7368486925974032)
1(1.5708223802943022, 1.5845098755295008)
1(1.4025099836394883, 1.4157473574349608)
1(1.7061360911162295, 1.7192164554753275)
1(1.7504756788724158, 1.7634619514696168)
1(1.426425968386309, 1.439275631931927)
1(1.829915146457139, 1.8426270342921083)
1(2.4338846271046206, 2.44639830696142)
1(1.7221936170038978, 1.7343768152040087)
1(1.8552672163332844, 1.8673021559587701)
1(1.5480902703071384, 1.5599954365088662)
1(1.6823160531402566, 1.6941151777177914)
1(1.6637979628029387, 1.675539220816449)
1(1.5165185631391351, 1.5282506216717804)
1(1.3913170614137325, 1.4030025444512497)
1(1.8748755861640156, 1.8865529390771)
1(1.627774314743305, 1.6394463234869339)
1(1.898294929972758, 1.9098152095577907)
1(1.7706113709255218, 1.7820397070365708)
1(1.8486892876318495, 1.8600015568964727)
1(1.606168399294034, 1.6174465939500313)
1(1.6051460421286101, 1.616165235243609)
1(1.270081962806317, 1.2810932348312492)
1(1.6863084293153654, 1.6971886430680938)
1(1.6352289353234133, 1.6460427616856292)
1(1.9084717215187126, 1.9189552948220225)
1(1.8069458497265387, 1.8172302649440462)
1(1.3407548138560308, 1.3507382365724454)
1(1.2989808562614793, 1.3089611957052456)
1(1.6000333094096946, 1.6093307314957477)
1(1.6356213260596437, 1.644634750040538)
1(1.578239408262708, 1.5869583206330231)
1(1.4309685479195915, 1.439275631931927)
1(1.960117544921001, 1.968413016186617)
1(1.3013081557720036, 1.309536988095085)
1(2.0832904187137764, 2.0914488864091676)
1(1.7693325609442196, 1.7773802741618339)
1(1.9505321081530007, 1.9584026652789872)
1(2.1262438283406033, 2.1339138626511494)
1(1.566817997933325, 1.5744392769750037)
1(1.2736349598721572, 1.2810932348312492)
1(1.6197911951486852, 1.626884030478147)
1(1.6252521586891693, 1.6321375142235548)
1(1.6832690977760467, 1.6900701075975377)
1(1.7254125501478275, 1.7321955496153332)
1(1.4344887063422864, 1.4409920231946352)
1(1.319180682529622, 1.325507871640248)
1(1.445265274050166, 1.4515672493051868)
1(1.6059607396730164, 1.6122129061269894)
1(1.823199229048476, 1.8290601288136048)
1(1.3809788815415498, 1.3868134364345044)
1(1.7336617372560779, 1.73929688370763)
1(1.9096541675370127, 1.9151473241374612)
1(1.6210391127232362, 1.6262935497632904)
1(1.8016075228029762, 1.806825704349588)
1(1.7578201789227115, 1.7630214757100908)
1(1.4941362712422235, 1.499137315863779)
1(1.7425394635954357, 1.7471984052771004)
1(2.071184229151272, 2.0754400310120302)
1(1.6276704350855593, 1.6317240450209294)
1(1.6378115669528088, 1.6417500686062283)
1(1.645425577393524, 1.649253233365418)
1(1.6347589969211744, 1.638351190856891)
1(1.330280663501585, 1.333802720358894)
1(2.1744228882457652, 2.177900802391064)
1(1.5323139727452157, 1.535785056933408)
1(1.654934918591961, 1.6583873066003705)
1(1.6438950304592577, 1.647302150399019)
1(1.6320471205526974, 1.6343789742405788)
1(1.9565180423929023, 1.9587601611214411)
1(1.6340801558508533, 1.6363213640621805)
1(1.696997614126598, 1.6988016898441278)
1(1.990063304139038, 1.9917793965030124)
1(1.7837439952825231, 1.7854418431757306)
1(1.7810596605232598, 1.7822328327405492)
1(1.8032939458053783, 1.803869048160851)
1(1.8620854740889459, 1.862395419450336)
1(2.374075720688325, 2.374353093955695)
1(1.5370212931080942, 1.5372463964220249)
0(0.0, inf)
0(0.0, 13.090686642684346)
0(0.0, 6.486812950157504)
0(0.0, 6.318403289525516)
0(0.0, 5.619753703127657)
0(0.0, 5.60006274372401)
0(0.0, 5.454569225482365)
0(0.0, 5.0199730006404595)
0(0.0, 4.763383724050855)
0(0.0, 2.9797484374780474)
0(0.0, 2.9526988864197996)
0(0.0, 2.926185701194573)
0(0.0, 2.665700079811879)
0(0.0, 2.656740320612136)
0(0.0, 2.6323838135594824)
0(0.0, 2.532238725353165)
0(0.0, 2.4775251657770903)
0(0.0, 2.446248900397388)
0(0.0, 2.435184122814952)
0(0.0, 2.432541554895605)
0(0.0, 2.3856010466498763)
0(0.0, 2.344660088303512)
0(0.0, 2.309253694636093)
0(0.0, 2.3049451788887105)
0(0.0, 2.262331697410505)
0(0.0, 2.2561561315772662)
0(0.0, 2.248639177082663)
0(0.0, 2.2157614397487846)
0(0.0, 2.2049233228682046)
0(0.0, 2.1853723935887763)
0(0.0, 2.1768695753295466)
0(0.0, 2.1532543773023534)
0(0.0, 2.1516559117269605)
0(0.0, 2.148754214461694)
0(0.0, 2.145004628269074)
0(0.0, 2.1381878498401594)
0(0.0, 2.1131080149015586)
0(0.0, 2.1065552929654525)
0(0.0, 2.105928361101017)
0(0.0, 2.0938868419909586)
0(0.0, 2.089677558104012)
0(0.0, 2.0667755390612808)
0(0.0, 2.057124367956236)
0(0.0, 2.0481596859259916)
0(0.0, 2.0479878412627683)
0(0.0, 2.047339508519945)
0(0.0, 2.0439867830436214)
0(0.0, 2.0427255461709595)
0(0.0, 2.037337858783578)
0(0.0, 2.0337596622647034)
0(0.0, 2.0269704623186695)
0(0.0, 2.0173896693046265)
0(0.0, 2.004908359651637)
0(0.0, 1.999014259969656)
0(0.0, 1.9984792794277964)
0(0.0, 1.994836764728914)
0(0.0, 1.9896366456818555)
0(0.0, 1.9603703048556615)
0(0.0, 1.9556541454953633)
0(0.0, 1.9520647999356684)
0(0.0, 1.9512155004532172)
0(0.0, 1.9505724644084645)
0(0.0, 1.9374831626252598)
0(0.0, 1.9288331884647965)
0(0.0, 1.9286958007510469)
0(0.0, 1.9246754245976334)
0(0.0, 1.9236207115943953)
0(0.0, 1.9232886562769322)
0(0.0, 1.91666634381224)
0(0.0, 1.9155947104678495)
0(0.0, 1.9153962495282062)
0(0.0, 1.9110851518042296)
0(0.0, 1.907557853747508)
0(0.0, 1.9059329623988952)
0(0.0, 1.9044899346725825)
0(0.0, 1.8978311373545453)
0(0.0, 1.8948479824111208)
0(0.0, 1.891752520701646)
0(0.0, 1.890283967895104)
0(0.0, 1.8897185633807483)
0(0.0, 1.8894255200206045)
0(0.0, 1.888468443962943)
0(0.0, 1.8819814458766948)
0(0.0, 1.8813963718160147)
0(0.0, 1.879459669669635)
0(0.0, 1.8784110479209581)
0(0.0, 1.8779432417985793)
0(0.0, 1.8753290117452677)
0(0.0, 1.8751930315196217)
0(0.0, 1.8749265461695437)
0(0.0, 1.8747710444226544)
0(0.0, 1.873754250692045)
0(0.0, 1.873585250379533)
0(0.0, 1.870637702768833)
0(0.0, 1.8700645790997354)
0(0.0, 1.8694012088173602)
0(0.0, 1.8676707198090778)
0(0.0, 1.865857824526768)
0(0.0, 1.8651999791694298)
0(0.0, 1.8635651823429835)
0(0.0, 1.863506324304454)
0(0.0, 1.8587366036134287)
0(0.0, 1.8577634603880946)
0(0.0, 1.8570575702977614)
0(0.0, 1.8549273156157484)
0(0.0, 1.8542984974480223)
0(0.0, 1.8434659334668715)
0(0.0, 1.8421178720207985)
0(0.0, 1.8386005572259603)
0(0.0, 1.8372342590734498)
0(0.0, 1.8341627060357912)
0(0.0, 1.831520668208877)
0(0.0, 1.830685048309895)
0(0.0, 1.8280760432534755)
0(0.0, 1.8279124197752852)
0(0.0, 1.8275569514555252)
0(0.0, 1.8241478880054158)
0(0.0, 1.8227503331701458)
0(0.0, 1.8138382232246104)
0(0.0, 1.8120901799383837)
0(0.0, 1.809638842378092)
0(0.0, 1.8049134129880025)
0(0.0, 1.8006688712343535)
0(0.0, 1.7999558912516136)
0(0.0, 1.7991318149760314)
0(0.0, 1.7985171831299132)
0(0.0, 1.7953176102295514)
0(0.0, 1.7935658436359614)
0(0.0, 1.789297274127976)
0(0.0, 1.7870080801807782)
0(0.0, 1.7863154289712206)
0(0.0, 1.786110327261653)
0(0.0, 1.786023150197051)
0(0.0, 1.7858229034676714)
0(0.0, 1.7838364058158733)
0(0.0, 1.7837020136493464)
0(0.0, 1.781611392292324)
0(0.0, 1.7805424978852264)
0(0.0, 1.7750548697779795)
0(0.0, 1.7721821797950443)
0(0.0, 1.768954493453481)
0(0.0, 1.7687591659422612)
0(0.0, 1.7677448561138998)
0(0.0, 1.7644167340673735)
0(0.0, 1.7641944869123216)
0(0.0, 1.7634098348103464)
0(0.0, 1.761968825523098)
0(0.0, 1.761606970078512)
0(0.0, 1.7606771585073164)
0(0.0, 1.7599011855159308)
0(0.0, 1.7584935636523449)
0(0.0, 1.7567467997125754)
0(0.0, 1.756118523954286)
0(0.0, 1.756072546810249)
0(0.0, 1.754992355964157)
0(0.0, 1.7536370499826521)
0(0.0, 1.750849279924375)
0(0.0, 1.7505884492759505)
0(0.0, 1.7501986363080488)
0(0.0, 1.7487916708400992)
0(0.0, 1.7389234562738205)
0(0.0, 1.7362360158543024)
0(0.0, 1.7358190756224723)
0(0.0, 1.7348532034377016)
0(0.0, 1.7303230347164624)
0(0.0, 1.7266938484868883)
0(0.0, 1.725182561725013)
0(0.0, 1.7193404019905498)
0(0.0, 1.7182922168732875)
0(0.0, 1.7124104311881299)
0(0.0, 1.7118145521571773)
0(0.0, 1.7099265634283125)
0(0.0, 1.7095435143739588)
0(0.0, 1.7094276602416563)
0(0.0, 1.7029888346470596)
0(0.0, 1.7015948182996052)
0(0.0, 1.7011705734016451)
0(0.0, 1.696988426758841)
0(0.0, 1.6922978902670969)
0(0.0, 1.6917992038439444)
0(0.0, 1.6896962065781913)
0(0.0, 1.6889751837669278)
0(0.0, 1.6876579260050266)
0(0.0, 1.6859260789512707)
0(0.0, 1.6852755117597005)
0(0.0, 1.6847234686987143)
0(0.0, 1.6843981686538596)
0(0.0, 1.6838749192212257)
0(0.0, 1.6817606523068318)
0(0.0, 1.678849768946821)
0(0.0, 1.677646861035468)
0(0.0, 1.6759569140419373)
0(0.0, 1.6751375119346585)
0(0.0, 1.6710046078798801)
0(0.0, 1.6704804550368328)
0(0.0, 1.6649188477061636)
0(0.0, 1.6614201994565367)
0(0.0, 1.659236007044285)
0(0.0, 1.6590995922631533)
0(0.0, 1.657147886685674)
0(0.0, 1.6532752888660571)
0(0.0, 1.6513440658470049)
0(0.0, 1.651206985671781)
0(0.0, 1.6492061585587128)
0(0.0, 1.6478381047719028)
0(0.0, 1.6462990913156637)
0(0.0, 1.645511904297039)
0(0.0, 1.6452275015782727)
0(0.0, 1.6451804476278702)
0(0.0, 1.6447604068321053)
0(0.0, 1.641209278613897)
0(0.0, 1.6405365489307209)
0(0.0, 1.639958436374148)
0(0.0, 1.6380726573468718)
0(0.0, 1.6365090354887128)
0(0.0, 1.6355614463409667)
0(0.0, 1.6330946268121698)
0(0.0, 1.6323197982968416)
0(0.0, 1.6310134776541212)
0(0.0, 1.6309751263777723)
0(0.0, 1.6306487094577846)
0(0.0, 1.6302444082305643)
0(0.0, 1.6301739712851295)
0(0.0, 1.6292091521474386)
0(0.0, 1.6286271360488855)
0(0.0, 1.6279914463543845)
0(0.0, 1.6267657782385785)
0(0.0, 1.6261405399354092)
0(0.0, 1.6255823994764722)
0(0.0, 1.6241975932695536)
0(0.0, 1.6191069588941198)
0(0.0, 1.616424618668296)
0(0.0, 1.6153600218578732)
0(0.0, 1.6134598107523213)
0(0.0, 1.6109765428448386)
0(0.0, 1.6100489827782385)
0(0.0, 1.6061280025691829)
0(0.0, 1.601203961778844)
0(0.0, 1.6002456733637467)
0(0.0, 1.5940787412402009)
0(0.0, 1.5917692196157602)
0(0.0, 1.5914302400248193)
0(0.0, 1.5913581425050458)
0(0.0, 1.5904922438704796)
0(0.0, 1.5871374885635685)
0(0.0, 1.5866311995765634)
0(0.0, 1.5863771525164196)
0(0.0, 1.5857863297778596)
0(0.0, 1.5846577517527143)
0(0.0, 1.5828430593334515)
0(0.0, 1.5810471872946592)
0(0.0, 1.5804572483915755)
0(0.0, 1.5797456132073504)
0(0.0, 1.579231257808016)
0(0.0, 1.5783592178940133)
0(0.0, 1.5781383479440174)
0(0.0, 1.5773158712443849)
0(0.0, 1.577041587021644)
0(0.0, 1.57636708637903)
0(0.0, 1.5750256988128835)
0(0.0, 1.5719799371139294)
0(0.0, 1.571431148281753)
0(0.0, 1.5698444301505041)
0(0.0, 1.5678298020437405)
0(0.0, 1.5663295192789555)
0(0.0, 1.564656235696993)
0(0.0, 1.5639514641928474)
0(0.0, 1.5613231627438287)
0(0.0, 1.560509490962128)
0(0.0, 1.5598773159371637)
0(0.0, 1.5577225326224213)
0(0.0, 1.5567371246662933)
0(0.0, 1.5563988758031442)
0(0.0, 1.556105297328414)
0(0.0, 1.5559124763974381)
0(0.0, 1.5549712630380317)
0(0.0, 1.5538323107707765)
0(0.0, 1.5536934093195742)
0(0.0, 1.5524813089079024)
0(0.0, 1.5509994623356131)
0(0.0, 1.5489670387265437)
0(0.0, 1.5479319291324674)
0(0.0, 1.5466435666996918)
0(0.0, 1.5446888485181647)
0(0.0, 1.5445624654192127)
0(0.0, 1.5437671806324325)
0(0.0, 1.542618004244778)
0(0.0, 1.5421775005178535)
0(0.0, 1.538836052255657)
0(0.0, 1.5358345351077585)
0(0.0, 1.535776499459139)
0(0.0, 1.5345229751508591)
0(0.0, 1.5341151569285467)
0(0.0, 1.5336686931708052)
0(0.0, 1.5335624364821845)
0(0.0, 1.5329388557530816)
0(0.0, 1.5324406622928213)
0(0.0, 1.5303678158323024)
0(0.0, 1.5282467250383374)
0(0.0, 1.5247149372546294)
0(0.0, 1.5244947180823518)
0(0.0, 1.5221958652014147)
0(0.0, 1.521066299524705)
0(0.0, 1.519967047216072)
0(0.0, 1.5197819111923305)
0(0.0, 1.5184300850171144)
0(0.0, 1.5174734746363254)
0(0.0, 1.5152266834424848)
0(0.0, 1.5138786324495188)
0(0.0, 1.5128034967547503)
0(0.0, 1.5123749294858533)
0(0.0, 1.5121144762654595)
0(0.0, 1.5120997331941295)
0(0.0, 1.511433764423099)
0(0.0, 1.5096430283860953)
0(0.0, 1.5095524404772425)
0(0.0, 1.507288644737667)
0(0.0, 1.5025168368763455)
0(0.0, 1.5018558923243899)
0(0.0, 1.5018522581963607)
0(0.0, 1.5017971807889805)
0(0.0, 1.4995635686591948)
0(0.0, 1.4993370565459578)
0(0.0, 1.4969029278415533)
0(0.0, 1.4952176933361394)
0(0.0, 1.4945343556019473)
0(0.0, 1.4926669655668279)
0(0.0, 1.490195058659558)
0(0.0, 1.4888704398574875)
0(0.0, 1.4870763269353215)
0(0.0, 1.4844398257119058)
0(0.0, 1.4823632374712645)
0(0.0, 1.4802322908600278)
0(0.0, 1.4794226972196938)
0(0.0, 1.4774251331111548)
0(0.0, 1.476510026107333)
0(0.0, 1.4695096592454735)
0(0.0, 1.4659656047181748)
0(0.0, 1.4648302265296977)
0(0.0, 1.462020893963467)
0(0.0, 1.4614913577268076)
0(0.0, 1.461232033882903)
0(0.0, 1.4540312616050362)
0(0.0, 1.453488583653981)
0(0.0, 1.4512633980312386)
0(0.0, 1.4443636097943566)
0(0.0, 1.4433963179496891)
0(0.0, 1.4401059806393837)
0(0.0, 1.4379129245647302)
0(0.0, 1.4365171682389037)
0(0.0, 1.4364621141083596)
0(0.0, 1.4300056931783558)
0(0.0, 1.4250648975409104)
0(0.0, 1.4248118007418422)
0(0.0, 1.4220823117148735)
0(0.0, 1.4205505624214576)
0(0.0, 1.4185526948021872)
0(0.0, 1.4180776620572868)
0(0.0, 1.4154493725970767)
0(0.0, 1.4123786683063797)
0(0.0, 1.4108935818963824)
0(0.0, 1.4108586392910758)
0(0.0, 1.4067373629231266)
0(0.0, 1.4056389222057872)
0(0.0, 1.4055787247727731)
0(0.0, 1.405356607022185)
0(0.0, 1.4035129388773102)
0(0.0, 1.4033545646543373)
0(0.0, 1.3994192386925157)
0(0.0, 1.3980589657688052)
0(0.0, 1.3978577683305107)
0(0.0, 1.395753922124758)
0(0.0, 1.3938625826743825)
0(0.0, 1.3937839150268445)
0(0.0, 1.3845117547236385)
0(0.0, 1.3844860375726973)
0(0.0, 1.3827174742639365)
0(0.0, 1.3803084676830917)
0(0.0, 1.3793434695983595)
0(0.0, 1.3793141705526855)
0(0.0, 1.3792418134364257)
0(0.0, 1.3764452669056113)
0(0.0, 1.3751936066917492)
0(0.0, 1.3723903935061705)
0(0.0, 1.36502850475789)
0(0.0, 1.3595528674348552)
0(0.0, 1.358617569870748)
0(0.0, 1.358370688946131)
0(0.0, 1.3573096030218672)
0(0.0, 1.3534187987173216)
0(0.0, 1.3477676546128112)
0(0.0, 1.3438611271257002)
0(0.0, 1.3387517781589182)
0(0.0, 1.3384042879177684)
0(0.0, 1.337708079409107)
0(0.0, 1.3343164939995462)
0(0.0, 1.3340648851991166)
0(0.0, 1.3298643685879963)
0(0.0, 1.3226819636651022)
0(0.0, 1.32261658238019)
0(0.0, 1.3205309497745557)
0(0.0, 1.3202481861516002)
0(0.0, 1.319965829919258)
0(0.0, 1.3178112875296195)
0(0.0, 1.3172591409124341)
0(0.0, 1.3168569068815472)
0(0.0, 1.3141656411963167)
0(0.0, 1.3106334058149527)
0(0.0, 1.3096664678508545)
0(0.0, 1.3057103191451604)
0(0.0, 1.2996341825273867)
0(0.0, 1.296562041412827)
0(0.0, 1.2936012132804613)
0(0.0, 1.2934792244893005)
0(0.0, 1.2886302660348798)
0(0.0, 1.2852598265512376)
0(0.0, 1.2806370427629787)
0(0.0, 1.2801047258569924)
0(0.0, 1.2761205675975615)
0(0.0, 1.2682277895031728)
0(0.0, 1.2636866939853935)
0(0.0, 1.256673449721673)
0(0.0, 1.2488696236093257)
0(0.0, 1.2474811934816183)
0(0.0, 1.2460011859383304)
0(0.0, 1.2453980505129325)
0(0.0, 1.239260016273622)
0(0.0, 1.2313916682741546)
0(0.0, 1.2263080085295832)
0(0.0, 1.2186665116912192)
0(0.0, 1.1984527755894756)
0(0.0, 1.1783734870656135)
