1(8.688934871589213, 9.93398188439294)
1(8.576389588920724, 9.600186138416309)
1(10.225070545940799, 11.235463105776937)
1(7.018910769479807, 8.007616167207122)
1(9.326610084270857, 10.264323818272002)
1(7.7043615900695555, 8.574787752847653)
1(6.220153113349409, 7.082949960795262)
1(8.642327134103615, 9.47186310365854)
1(7.319438234029283, 8.138616565723531)
1(7.354691393681388, 8.118246774296425)
1(9.038884039705648, 9.798041829378189)
1(7.786861685089155, 8.522063661139335)
1(8.55956434110254, 9.2061801501532)
1(6.244944145273545, 6.881502832910218)
1(8.26202009702422, 8.857147747553038)
1(7.318910775533115, 7.912284645951613)
1(8.041545851207632, 8.630920954569945)
1(8.912476990448054, 9.489087928220103)
1(8.1794716358468, 8.7557655742434)
1(8.571028612531137, 9.143281320579911)
1(7.872472360329397, 8.43353276435448)
1(8.037102215787225, 8.595313516636018)
1(8.140144203973385, 8.694899977930357)
1(8.882778815919279, 9.432480744616944)
1(6.528549080669115, 7.028995895785625)
1(8.75421227057136, 9.249043645033508)
1(7.945708488098976, 8.43353276435448)
1(9.576809826016392, 10.048075058457265)
1(7.901229930828142, 8.369484891354974)
1(7.398071007479622, 7.865722407847968)
1(10.81663429551421, 11.241878987774854)
1(11.009383485041077, 11.426539034978305)
1(7.780519855589851, 8.169215783138407)
1(8.65757653262517, 9.039195462144177)
1(10.081356340412961, 10.429638696433635)
1(8.802804553858529, 9.143281320579911)
1(9.715394066344823, 10.048075058457265)
1(8.701500808473545, 9.020739801671926)
1(9.792931896763996, 10.10107112532869)
1(11.1845075990241, 11.48136755403242)
1(7.198084326992004, 7.490322297778112)
1(8.005935911689846, 8.289909999652993)
1(7.0245095578951675, 7.271267687853581)
1(7.9222497125747955, 8.134487547759424)
1(10.272010687241933, 10.482847535192409)
1(7.07129472641641, 7.271267687853581)
1(10.89040116742513, 11.088268354882116)
1(6.733165660486403, 6.917683391587573)
1(7.601380664977067, 7.7854530483744115)
1(8.012275476908862, 8.193180365647384)
1(7.642071390158197, 7.822403541026038)
1(8.755029620696508, 8.921167258494629)
1(9.92499630470918, 10.085042055094998)
1(9.963633603158069, 10.122323515970097)
1(6.855244074923977, 7.005895058344006)
1(6.990132548775316, 7.131600360412353)
1(8.220320052485816, 8.361561568055027)
1(9.75902876504388, 9.860638472703961)
1(8.289482404872018, 8.369285976735695)
1(6.882353700930729, 6.947744772217808)
1(7.853961962482833, 7.888874583709022)
1(8.267528963771193, 8.30101780652106)
1(9.552746862653398, 9.585695473538168)
1(7.274708393068279, 7.305410124410459)
1(7.15033475057524, 7.17762468713525)
1(8.092104005051228, 8.110387235593508)
0(0.0, inf)
0(0.0, 19.626217039399688)
0(0.0, 16.436296812302015)
0(0.0, 13.04619842493052)
0(0.0, 11.10113049766038)
0(0.0, 11.062437880007533)
0(0.0, 10.738682048681627)
0(0.0, 10.693248566085297)
0(0.0, 10.63941435085212)
0(0.0, 10.162731808729017)
0(0.0, 10.023476659929536)
0(0.0, 10.014852198819302)
0(0.0, 9.955981198834479)
0(0.0, 9.937079824949512)
0(0.0, 9.811236533214986)
0(0.0, 9.693213192482615)
0(0.0, 9.504098152216311)
0(0.0, 9.38241955306251)
0(0.0, 9.252929781541054)
0(0.0, 9.18119422519881)
0(0.0, 9.15181588287598)
0(0.0, 9.041965449071157)
0(0.0, 9.011688195989255)
0(0.0, 8.958234162598627)
0(0.0, 8.949268488657596)
0(0.0, 8.85044360313573)
0(0.0, 8.726155987712282)
0(0.0, 8.640938986731962)
0(0.0, 8.624707224635491)
0(0.0, 8.56690149664404)
0(0.0, 8.511389954335577)
0(0.0, 8.503892233899432)
0(0.0, 8.37867618830378)
0(0.0, 8.370857255891563)
0(0.0, 8.363115119353223)
0(0.0, 8.35054861941253)
0(0.0, 8.318743221117224)
0(0.0, 8.296523721735877)
0(0.0, 8.289222125201155)
0(0.0, 8.26051903248205)
0(0.0, 8.232768772069138)
0(0.0, 8.15151910316022)
0(0.0, 8.146646557437155)
0(0.0, 8.080610282897348)
0(0.0, 8.074994821224461)
0(0.0, 8.031841963962263)
0(0.0, 7.937437952979479)
0(0.0, 7.8922351543420515)
0(0.0, 7.889246648584921)
0(0.0, 7.887808533968904)
0(0.0, 7.872001088614502)
0(0.0, 7.8084820010660225)
0(0.0, 7.802490488470612)
0(0.0, 7.800630389885487)
0(0.0, 7.792588510607332)
0(0.0, 7.7533477059407625)
0(0.0, 7.694982308222885)
0(0.0, 7.689179100020335)
0(0.0, 7.684270290495952)
0(0.0, 7.613890304379812)
0(0.0, 7.558862295650922)
0(0.0, 7.555909525838015)
0(0.0, 7.548689901070851)
0(0.0, 7.480334619415427)
0(0.0, 7.456963302637254)
0(0.0, 7.396982570882601)
0(0.0, 7.345670684096876)
0(0.0, 7.322240482316173)
0(0.0, 7.310706842926606)
0(0.0, 7.2682904645486675)
0(0.0, 7.239135437162619)
0(0.0, 7.2345901144829945)
0(0.0, 7.231586371346631)
0(0.0, 7.207779355968915)
0(0.0, 7.1621073439057215)
0(0.0, 7.100955927240229)
0(0.0, 7.0642091634202115)
0(0.0, 7.053886398473249)
0(0.0, 7.043784997260862)
0(0.0, 7.013973623519506)
0(0.0, 6.99838220049559)
0(0.0, 6.969795974168481)
0(0.0, 6.956010433291941)
0(0.0, 6.931615858204723)
0(0.0, 6.8917656931276525)
0(0.0, 6.877871631720858)
0(0.0, 6.8598762822748025)
0(0.0, 6.812651672474719)
0(0.0, 6.740200348487579)
0(0.0, 6.68765479691695)
0(0.0, 6.611375984046642)
0(0.0, 6.5786291448906615)
0(0.0, 6.571945488465686)
0(0.0, 6.490102818517996)
0(0.0, 6.477623025474736)
0(0.0, 6.432632970878163)
0(0.0, 6.4226067589024955)
0(0.0, 6.416303500384173)
0(0.0, 6.395206509395735)
0(0.0, 6.3849794362245555)
0(0.0, 6.384553535648867)
0(0.0, 6.279469734664027)
0(0.0, 6.27141987618422)
0(0.0, 6.206661464826915)
0(0.0, 6.161471538805752)
0(0.0, 6.1307176908151195)
0(0.0, 6.0960627275981505)
0(0.0, 6.074107339019171)
0(0.0, 6.038427171966953)
0(0.0, 6.029900924372025)
0(0.0, 5.946326154459802)
0(0.0, 5.924443334958565)
0(0.0, 5.918950759057937)
0(0.0, 5.908902272995413)
0(0.0, 5.863093958007046)
0(0.0, 5.844119468069286)
0(0.0, 5.739467662314793)
0(0.0, 5.614190387568332)
0(0.0, 5.5440136750591185)
0(0.0, 5.334297897161875)
0(0.0, 4.57487991634333)
