1(3.389305067809307, 3.8191775268759014)
1(5.472553101245483, 5.84004396552518)
1(5.028926960041204, 5.159952357812065)
1(1.7320228167670217, 1.7981449545340562)
1(1.5834292645480361, 1.6269448043244585)
1(1.7162690237690512, 1.7512836208268923)
1(1.8735677223570049, 1.9056690881705385)
1(1.6131313612095557, 1.6444319941600416)
1(1.8507846081621184, 1.8814268487354886)
1(1.600203153428614, 1.6291212520542262)
1(1.5855504375063085, 1.6143609899947076)
1(1.5832204492795812, 1.6102557090121923)
1(1.5323264822576335, 1.5591388692421324)
1(1.8622600706342736, 1.8889840887676044)
1(1.6278120802300962, 1.6532575817149224)
1(1.8928460615992364, 1.9181477658977888)
1(1.6070641372687922, 1.6293649036517628)
1(1.5659868383973068, 1.5877876400110005)
1(1.7974751593070641, 1.8186880253709434)
1(1.823886653885879, 1.8443480969387611)
1(1.66745037096156, 1.686787733980246)
1(1.8564884905726373, 1.8758238482309815)
1(1.6375954028556374, 1.6567519182862334)
1(1.5540174911095543, 1.5723492728540793)
1(1.8427117895575458, 1.8597922460633587)
1(1.9421409431611383, 1.9589491752161994)
1(1.903689946621903, 1.920051179881138)
1(1.5576901962972036, 1.573497491416988)
1(1.6127507842001199, 1.628329820246676)
1(1.8734384317127104, 1.8889840887676044)
1(1.6271180047668639, 1.642633068206162)
1(1.9205706021637705, 1.9356579085797192)
1(1.6231292092728546, 1.6376495241565194)
1(1.7486496774705313, 1.7626136433740416)
1(1.7722424956237355, 1.7859637524097267)
1(1.947635002805497, 1.9612182444589672)
1(1.8022474148003986, 1.8151191673937248)
1(1.9687294595916256, 1.9814732555826164)
1(1.6252693617078076, 1.6376495241565194)
1(1.9517217346216766, 1.963967415233272)
1(1.5766034685663946, 1.5887804924297702)
1(1.721595740661391, 1.733617453914549)
1(1.8580429811243713, 1.869623880996303)
1(1.7963694220030377, 1.8076754946230056)
1(9.206388260789241, 9.217693414295175)
1(1.595722559127255, 1.606580077248408)
1(1.7613052240754616, 1.7719630565289965)
1(1.7805065049569901, 1.7905769222709642)
1(1.6081568503377275, 1.6179754549121417)
1(1.7658044922811387, 1.7754688960241363)
1(1.602976082043056, 1.6120345084200847)
1(11.24986563306066, 11.258841431381699)
1(1.8509763945769573, 1.859634903580533)
1(1.8324187444756308, 1.8404972683615513)
1(1.5916320426349893, 1.5994348345317713)
1(1.8746426848637245, 1.8822010821424742)
1(1.7345522990913542, 1.74164031402452)
1(1.7485508498410272, 1.7555259041959221)
1(1.915482385365739, 1.9222082643389113)
1(1.567096053667132, 1.5735035067034069)
1(1.8552642839938644, 1.8612944258792576)
1(1.820746927729365, 1.8267463043569494)
1(1.7762382792059384, 1.7816834566444704)
1(1.623189312149997, 1.6285592224806076)
1(1.6095083114873667, 1.6140791114754105)
1(1.5632628999099758, 1.567263146358606)
1(1.7781415951606818, 1.782048866520172)
1(1.6087219068323853, 1.6120345084200847)
1(1.5901126150776461, 1.5930552467962085)
1(1.8637578090262163, 1.8666258855463271)
1(1.8499870547055064, 1.8525450505686543)
1(1.8136432754829417, 1.8159174756612269)
1(1.7885528088741147, 1.7906819463208903)
1(1.839911959815929, 1.8419872742303318)
1(1.591896735728577, 1.5935521077976877)
1(1.8162000736310542, 1.8174675414303925)
1(1.568706385946889, 1.5696496735787828)
1(1.8603488593376765, 1.8612374406460943)
1(1.6173061616200664, 1.6180374865716)
1(1.5819020318582122, 1.5825570111477911)
1(1.81681623666074, 1.8174675414303925)
1(1.6412658620055547, 1.6417010917456958)
1(1.6333273711919705, 1.6337291893717125)
1(1.5814597481465673, 1.5816891665896304)
0(0.0, inf)
0(0.0, 16.283609457471556)
0(0.0, 10.457883932615315)
0(0.0, 10.366572354695984)
0(0.0, 10.201848560144052)
0(0.0, 9.193888013903226)
0(0.0, 8.923456443305211)
0(0.0, 8.034463903054442)
0(0.0, 7.782122241289581)
0(0.0, 7.145458032678371)
0(0.0, 7.0035664882896285)
0(0.0, 6.888889885199306)
0(0.0, 6.640228492252488)
0(0.0, 5.915740851835988)
0(0.0, 5.754372216811073)
0(0.0, 5.106496670645749)
0(0.0, 4.933802897511097)
0(0.0, 4.896753047567552)
0(0.0, 4.796903839004173)
0(0.0, 4.639555000069517)
0(0.0, 4.614616856192641)
0(0.0, 4.611089093430644)
0(0.0, 4.6031861780562435)
0(0.0, 4.572368706715876)
0(0.0, 4.146926310034445)
0(0.0, 4.1352713153312814)
0(0.0, 4.078758542541028)
0(0.0, 3.929088393190937)
0(0.0, 3.7682313926574578)
0(0.0, 3.7361317791553526)
0(0.0, 3.733488777575077)
0(0.0, 3.7275739478066856)
0(0.0, 3.7112528748745346)
0(0.0, 3.5589460085645412)
0(0.0, 3.5099312936345344)
0(0.0, 3.389255654277994)
0(0.0, 3.3072117363846405)
0(0.0, 3.2794462042050556)
0(0.0, 3.2611503089752927)
0(0.0, 3.260475664024683)
0(0.0, 3.203415372036515)
0(0.0, 3.16516375148683)
0(0.0, 3.0933008396178296)
0(0.0, 3.0509846568121066)
0(0.0, 2.972010293557525)
0(0.0, 2.96970281487651)
0(0.0, 2.96563930753695)
0(0.0, 2.8991307956937438)
0(0.0, 2.8406268320048094)
0(0.0, 2.837348261571413)
0(0.0, 2.78051611291126)
0(0.0, 2.748413060208299)
0(0.0, 2.7250826266711186)
0(0.0, 2.7069909335667646)
0(0.0, 2.625161041479821)
0(0.0, 2.5980734021933425)
0(0.0, 2.5967693336707978)
0(0.0, 2.382766971471556)
0(0.0, 2.358720164953065)
0(0.0, 2.351959443477665)
0(0.0, 2.3514452209466645)
0(0.0, 2.309192423554322)
0(0.0, 2.251209650381439)
0(0.0, 2.2274799152295417)
0(0.0, 2.2084064405169626)
0(0.0, 2.2013855242108678)
0(0.0, 2.197564720723871)
0(0.0, 2.158819472704604)
0(0.0, 2.152035504543244)
0(0.0, 2.139633153704668)
0(0.0, 2.1316227749837378)
0(0.0, 2.1311757434193734)
0(0.0, 2.1236419086866998)
0(0.0, 2.121532712869681)
0(0.0, 2.11867496736019)
0(0.0, 2.109302372453402)
0(0.0, 2.109210448775994)
0(0.0, 2.0941128155317115)
0(0.0, 2.0777833425976553)
0(0.0, 2.0740576275721265)
0(0.0, 2.071261683671267)
0(0.0, 2.0684476773243943)
0(0.0, 2.0662708832832055)
0(0.0, 2.06194468995152)
0(0.0, 2.0561675055181396)
0(0.0, 2.0537784590394796)
0(0.0, 2.048838850911824)
0(0.0, 2.0478561377535196)
0(0.0, 2.0411637180960525)
0(0.0, 2.0343946650927065)
0(0.0, 2.030890377621313)
0(0.0, 2.0304477738671634)
0(0.0, 2.029188711924136)
0(0.0, 2.0287857795527846)
0(0.0, 2.023280605980008)
0(0.0, 2.0230863195591655)
0(0.0, 2.012434093662117)
0(0.0, 2.0053976391680726)
0(0.0, 2.0003652332196022)
0(0.0, 1.9984375804335381)
0(0.0, 1.9946160949619436)
0(0.0, 1.9927952621525744)
0(0.0, 1.988741128173048)
0(0.0, 1.9886079390670857)
0(0.0, 1.9885552050419728)
0(0.0, 1.987506235053662)
0(0.0, 1.9874430164167523)
0(0.0, 1.9781345711018952)
0(0.0, 1.9781275519956831)
0(0.0, 1.9766115150308834)
0(0.0, 1.9762020620227803)
0(0.0, 1.9751668886751983)
0(0.0, 1.9710776402148664)
0(0.0, 1.970620783913974)
0(0.0, 1.9697798101149633)
0(0.0, 1.9645568152396262)
0(0.0, 1.9645262235519543)
0(0.0, 1.9633452294557556)
0(0.0, 1.9626960886079547)
0(0.0, 1.9623083572539894)
0(0.0, 1.9602641897185515)
0(0.0, 1.9579457748454863)
0(0.0, 1.956605744139508)
0(0.0, 1.954337648807095)
0(0.0, 1.9483370442839596)
0(0.0, 1.948134960801258)
0(0.0, 1.9459183813951106)
0(0.0, 1.9443001118742027)
0(0.0, 1.941865040366992)
0(0.0, 1.9415724360346789)
0(0.0, 1.9407541681858917)
0(0.0, 1.9390703231375284)
0(0.0, 1.9335512578631788)
0(0.0, 1.9309300421056437)
0(0.0, 1.927569589700297)
0(0.0, 1.9273953673312691)
0(0.0, 1.9272668724842867)
0(0.0, 1.9246039883618882)
0(0.0, 1.9230473239947055)
0(0.0, 1.9143263414143372)
0(0.0, 1.9136748062007027)
0(0.0, 1.9118601124440546)
0(0.0, 1.9095017960469545)
0(0.0, 1.9093726304093366)
0(0.0, 1.9078013727787668)
0(0.0, 1.9077273856025214)
0(0.0, 1.9076191462435053)
0(0.0, 1.9047493522708503)
0(0.0, 1.9021218845555155)
0(0.0, 1.9007094858478548)
0(0.0, 1.9003079568089714)
0(0.0, 1.8997052343812593)
0(0.0, 1.898394542176451)
0(0.0, 1.8979533644720066)
0(0.0, 1.8973494106293587)
0(0.0, 1.8971043119924498)
0(0.0, 1.8930751367198242)
0(0.0, 1.8857621746417148)
0(0.0, 1.8853755981109106)
0(0.0, 1.8841105537537401)
0(0.0, 1.8794653980590856)
0(0.0, 1.8770937841086732)
0(0.0, 1.8744384377779184)
0(0.0, 1.8736686558403683)
0(0.0, 1.872892066506128)
0(0.0, 1.8716755727315137)
0(0.0, 1.8689286794101705)
0(0.0, 1.8665754021010195)
0(0.0, 1.8633073306401093)
0(0.0, 1.8620868332783094)
0(0.0, 1.8616546016504643)
0(0.0, 1.860745433822248)
0(0.0, 1.8604360268366864)
0(0.0, 1.8588840975780119)
0(0.0, 1.856850824626481)
0(0.0, 1.8557987523900557)
0(0.0, 1.8553457588077025)
0(0.0, 1.854116948191431)
0(0.0, 1.8535648087094525)
0(0.0, 1.8527653413918361)
0(0.0, 1.852194679830998)
0(0.0, 1.8509475484840947)
0(0.0, 1.850096507973015)
0(0.0, 1.8486057731690682)
0(0.0, 1.84848940958644)
0(0.0, 1.848472223263037)
0(0.0, 1.8477488739984398)
0(0.0, 1.8463953483875843)
0(0.0, 1.8463699653885686)
0(0.0, 1.845687789165103)
0(0.0, 1.840950053188684)
0(0.0, 1.8386719388709176)
0(0.0, 1.837291280465822)
0(0.0, 1.8371327147211087)
0(0.0, 1.8370708155801752)
0(0.0, 1.8368798901788836)
0(0.0, 1.8360006581748498)
0(0.0, 1.834895625159523)
0(0.0, 1.8347358951113841)
0(0.0, 1.8341086711418415)
0(0.0, 1.8324574021944668)
0(0.0, 1.832377828605803)
0(0.0, 1.831333501956892)
0(0.0, 1.830185801819586)
0(0.0, 1.8301082414667575)
0(0.0, 1.8295807910825634)
0(0.0, 1.8294221596500826)
0(0.0, 1.8285762332354105)
0(0.0, 1.827895740082689)
0(0.0, 1.827357437599946)
0(0.0, 1.825627499259161)
0(0.0, 1.823125038473976)
0(0.0, 1.8221644198692217)
0(0.0, 1.8217422443213516)
0(0.0, 1.8170811838531937)
0(0.0, 1.8165122137050098)
0(0.0, 1.816230351403748)
0(0.0, 1.8150420584307667)
0(0.0, 1.8124023027883924)
0(0.0, 1.8121407494279376)
0(0.0, 1.8106818273742271)
0(0.0, 1.8090937997795702)
0(0.0, 1.8088589773246104)
0(0.0, 1.8087888177315372)
0(0.0, 1.8062620996606782)
0(0.0, 1.8050942035073296)
0(0.0, 1.8050701945411327)
0(0.0, 1.8033869295440357)
0(0.0, 1.7997783942838506)
0(0.0, 1.7997756415495425)
0(0.0, 1.7977844964323353)
0(0.0, 1.796901691755221)
0(0.0, 1.796589511622409)
0(0.0, 1.7949315629857687)
0(0.0, 1.7946065798400799)
0(0.0, 1.7943451336868592)
0(0.0, 1.7929538826988156)
0(0.0, 1.792697489940799)
0(0.0, 1.7893925285966013)
0(0.0, 1.786776392758339)
0(0.0, 1.7853816495882557)
0(0.0, 1.7819076970639252)
0(0.0, 1.781542142284522)
0(0.0, 1.7795051094680467)
0(0.0, 1.779499871696042)
0(0.0, 1.7793360489688894)
0(0.0, 1.7791795095954457)
0(0.0, 1.777341039239928)
0(0.0, 1.7773215434876937)
0(0.0, 1.7768816761329667)
0(0.0, 1.775661490588557)
0(0.0, 1.775071706744779)
0(0.0, 1.7744393805013972)
0(0.0, 1.7743787327539329)
0(0.0, 1.7735488790537288)
0(0.0, 1.7732454955277281)
0(0.0, 1.770953892794788)
0(0.0, 1.768969411788709)
0(0.0, 1.7680259642631804)
0(0.0, 1.7668131241026868)
0(0.0, 1.764975889866515)
0(0.0, 1.7648031876602868)
0(0.0, 1.7643824816771438)
0(0.0, 1.7617266106712122)
0(0.0, 1.7614857262720038)
0(0.0, 1.7598394700606717)
0(0.0, 1.7595489320463849)
0(0.0, 1.758608978687092)
0(0.0, 1.7578452198022152)
0(0.0, 1.757324725972495)
0(0.0, 1.7549878348277512)
0(0.0, 1.7547441002091464)
0(0.0, 1.7542406709318836)
0(0.0, 1.7532509006467047)
0(0.0, 1.7494490775990554)
0(0.0, 1.7484528811263467)
0(0.0, 1.7466764979531137)
0(0.0, 1.7458434292398097)
0(0.0, 1.7451627276101234)
0(0.0, 1.7448738880174088)
0(0.0, 1.7440484429702188)
0(0.0, 1.7433422144600865)
0(0.0, 1.7428804703235719)
0(0.0, 1.7426464541778623)
0(0.0, 1.742321110508534)
0(0.0, 1.7407868263272777)
0(0.0, 1.7402719394617334)
0(0.0, 1.738653643854672)
0(0.0, 1.7366566162285366)
0(0.0, 1.7353828862664453)
0(0.0, 1.7328468415588385)
0(0.0, 1.731206127407138)
0(0.0, 1.7281021175456022)
0(0.0, 1.7280519685315048)
0(0.0, 1.7265838138730483)
0(0.0, 1.7248683325956686)
0(0.0, 1.7234269530847923)
0(0.0, 1.7230666572509228)
0(0.0, 1.7220704622969176)
0(0.0, 1.7215616519680101)
0(0.0, 1.7213718260134254)
0(0.0, 1.7167679959547721)
0(0.0, 1.716289374111114)
0(0.0, 1.715954351351889)
0(0.0, 1.7146434659474812)
0(0.0, 1.7125974506657498)
0(0.0, 1.7112498002502379)
0(0.0, 1.7106354988115606)
0(0.0, 1.710124473785654)
0(0.0, 1.7094490420005792)
0(0.0, 1.7076083285258736)
0(0.0, 1.7073555131441747)
0(0.0, 1.7045978869797567)
0(0.0, 1.7045761230651553)
0(0.0, 1.7031201154667623)
0(0.0, 1.7012996072439137)
0(0.0, 1.700958600997519)
0(0.0, 1.7005882614238628)
0(0.0, 1.7005366872416394)
0(0.0, 1.6998799420126942)
0(0.0, 1.698422047990331)
0(0.0, 1.697429228954102)
0(0.0, 1.6970318519153897)
0(0.0, 1.6959018936736463)
0(0.0, 1.6923375150227755)
0(0.0, 1.6922673557672465)
0(0.0, 1.6906813282912825)
0(0.0, 1.6895301034835877)
0(0.0, 1.689433000564697)
0(0.0, 1.6864882571361066)
0(0.0, 1.684497928865222)
0(0.0, 1.6818215631711255)
0(0.0, 1.6792789112599702)
0(0.0, 1.6776304324440816)
0(0.0, 1.6754747307402238)
0(0.0, 1.6739261432426253)
0(0.0, 1.6728652060516895)
0(0.0, 1.6704538245579077)
0(0.0, 1.670137730728099)
0(0.0, 1.6692084901536621)
0(0.0, 1.6639626082278423)
0(0.0, 1.661701590087602)
0(0.0, 1.6591524087057496)
0(0.0, 1.6571839893874587)
0(0.0, 1.655639444454619)
0(0.0, 1.6550935162016425)
0(0.0, 1.6520463598477722)
0(0.0, 1.6503299548863106)
0(0.0, 1.6481658961702927)
0(0.0, 1.6478191364344115)
0(0.0, 1.64682957967643)
0(0.0, 1.6463384461183195)
0(0.0, 1.6429146209270113)
0(0.0, 1.6413082012571036)
0(0.0, 1.6388509987475943)
0(0.0, 1.6384572509655628)
0(0.0, 1.6372139073947847)
0(0.0, 1.6366449835738126)
0(0.0, 1.635032581949295)
0(0.0, 1.6345994224418379)
0(0.0, 1.6345841146364175)
0(0.0, 1.6309179592632577)
0(0.0, 1.6272024247538281)
0(0.0, 1.6271764077915434)
0(0.0, 1.625430697165052)
0(0.0, 1.6245802558060256)
0(0.0, 1.6223950287362539)
0(0.0, 1.6222243159395977)
0(0.0, 1.6221833984888694)
0(0.0, 1.621417736249481)
0(0.0, 1.6204883362670086)
0(0.0, 1.6172447100104865)
0(0.0, 1.6167535193667024)
0(0.0, 1.616219663565306)
0(0.0, 1.6145052528682653)
0(0.0, 1.6125877511480844)
0(0.0, 1.6105767292152302)
0(0.0, 1.6078396496736536)
0(0.0, 1.6071373419626758)
0(0.0, 1.6063665231370434)
0(0.0, 1.6060533371432633)
0(0.0, 1.605779594450958)
0(0.0, 1.605271614664567)
0(0.0, 1.6033448094843337)
0(0.0, 1.60263543768953)
0(0.0, 1.6020675836684)
0(0.0, 1.6015545155332904)
0(0.0, 1.599427190222827)
0(0.0, 1.5994035753244147)
0(0.0, 1.5972795042866663)
0(0.0, 1.5924633644435278)
0(0.0, 1.590921765426721)
0(0.0, 1.589840041059928)
0(0.0, 1.5892621184978872)
0(0.0, 1.5868410172877525)
0(0.0, 1.5842403098146671)
0(0.0, 1.5823351535751704)
0(0.0, 1.5807251047097888)
0(0.0, 1.5801690238788986)
0(0.0, 1.578917324513588)
0(0.0, 1.578807614131829)
0(0.0, 1.5780144031695744)
0(0.0, 1.5771630391564477)
0(0.0, 1.5760719534131105)
0(0.0, 1.5732888791689315)
0(0.0, 1.5695572140146024)
0(0.0, 1.5691446336626989)
0(0.0, 1.5677787889967156)
0(0.0, 1.565784377168362)
0(0.0, 1.5636989284818494)
0(0.0, 1.5602252792081985)
0(0.0, 1.5552894588852268)
0(0.0, 1.554514957719158)
0(0.0, 1.553775148766971)
0(0.0, 1.5516204802446911)
0(0.0, 1.5483542942974435)
0(0.0, 1.5482657289464172)
0(0.0, 1.546084973829004)
0(0.0, 1.5452129233539555)
0(0.0, 1.545146816592449)
0(0.0, 1.544796434634978)
0(0.0, 1.5445819080687337)
0(0.0, 1.544477920914927)
0(0.0, 1.5430825245964859)
0(0.0, 1.539225186912864)
0(0.0, 1.5316417695681395)
0(0.0, 1.5279581099057395)
0(0.0, 1.5235191333462557)
0(0.0, 1.521278696457286)
0(0.0, 1.5167288138870452)
0(0.0, 1.5047132114348367)
0(0.0, 1.5044285287569419)
