1(3.257604256390036, 3.456768136359108)
1(1.7708499257734123, 1.8284564604884375)
1(1.7643174918830054, 1.8082709532597272)
1(3.394730861406537, 3.4271556268588843)
1(2.203192929485576, 2.2346173947853036)
1(1.7416633598617772, 1.7681133178364106)
1(1.7793808213044306, 1.8039251678984252)
1(1.818400265039913, 1.841575977742175)
1(1.821617248276195, 1.8438035399501767)
1(1.7182993910589115, 1.7396302844791458)
1(1.8687335693550593, 1.8890538796934853)
1(1.8568576188070702, 1.8763908726513183)
1(1.8217999579014463, 1.8390657764873972)
1(2.1392692779056164, 2.1550553188793624)
1(2.140541539208681, 2.1550553188793624)
1(1.7542237875694617, 1.766960106846457)
1(1.8705526363046263, 1.8812291521342246)
1(1.7694014783028589, 1.7786776466754244)
1(2.231985964860266, 2.2405756369059833)
1(1.8183206314431248, 1.826703757035418)
1(1.8101440241629159, 1.8183844840136922)
1(1.828039699581376, 1.8356432081033787)
1(1.854857394746407, 1.8616459991995142)
1(2.1893517318073297, 2.1961349763267637)
1(1.884271436352501, 1.8909897030774943)
1(1.8320226043831611, 1.838582264145397)
1(1.7899894265617873, 1.7965412316774876)
1(2.1473304508561384, 2.1532782029004114)
1(1.7352682842755667, 1.7396302844791458)
1(1.8824421359449597, 1.8863257700509277)
1(2.391185753185271, 2.3943029311722004)
1(1.8526402084018787, 1.8557246996182204)
1(2.177553983017968, 2.180324022905964)
1(1.8305032458438948, 1.8326331850771196)
1(1.7462293969553073, 1.748074070052664)
1(2.162793046087578, 2.1645900915265)
1(1.7290237438267262, 1.7307161343286916)
1(2.1239644668525397, 2.1254052142301156)
1(1.762855909726122, 1.7638502010121127)
1(1.9206170410561896, 1.9207712501414747)
0(0.0, inf)
0(0.0, 6.053475411970129)
0(0.0, 5.876030582433903)
0(0.0, 4.822552811170396)
0(0.0, 4.410101584647353)
0(0.0, 4.118737849420252)
0(0.0, 4.030149871345456)
0(0.0, 3.5397800423479793)
0(0.0, 3.3756212022625256)
0(0.0, 3.2127634715367375)
0(0.0, 3.212761439319428)
0(0.0, 3.1967810705151685)
0(0.0, 3.1390286563852436)
0(0.0, 3.120656606020026)
0(0.0, 3.0792655310324)
0(0.0, 3.0760075569215237)
0(0.0, 3.0286184283907036)
0(0.0, 3.0159071942992632)
0(0.0, 3.0096058777737045)
0(0.0, 2.9400310898242665)
0(0.0, 2.9391638847968133)
0(0.0, 2.868998011135024)
0(0.0, 2.8549951861589644)
0(0.0, 2.8239668783864116)
0(0.0, 2.7876882993104326)
0(0.0, 2.778509818864787)
0(0.0, 2.778137193242171)
0(0.0, 2.76041621787167)
0(0.0, 2.687530878065742)
0(0.0, 2.678846378144012)
0(0.0, 2.6708925814576245)
0(0.0, 2.6622752851569405)
0(0.0, 2.6320405399276208)
0(0.0, 2.616340530752966)
0(0.0, 2.6104466687425236)
0(0.0, 2.6071505233780754)
0(0.0, 2.56267064865895)
0(0.0, 2.5259991398513857)
0(0.0, 2.5228797995673116)
0(0.0, 2.5056852160457628)
0(0.0, 2.5048167870242986)
0(0.0, 2.5020358257079507)
0(0.0, 2.4927293754202617)
0(0.0, 2.482424103319836)
0(0.0, 2.480264786012816)
0(0.0, 2.4591111220867647)
0(0.0, 2.4585878556248684)
0(0.0, 2.444191449218858)
0(0.0, 2.418929518326337)
0(0.0, 2.410099848731414)
0(0.0, 2.3894236705148435)
0(0.0, 2.3853628082982605)
0(0.0, 2.3619108151460386)
0(0.0, 2.3564608751980707)
0(0.0, 2.3518657077503096)
0(0.0, 2.348542989915163)
0(0.0, 2.344796537459703)
0(0.0, 2.3199099523043305)
0(0.0, 2.29587884675186)
0(0.0, 2.29140047980168)
0(0.0, 2.2873894080570754)
0(0.0, 2.28719525560859)
0(0.0, 2.28343629128935)
0(0.0, 2.2748853414567223)
0(0.0, 2.271760805754278)
0(0.0, 2.2675852263464744)
0(0.0, 2.267532292588384)
0(0.0, 2.2667781065528234)
0(0.0, 2.2615285257420714)
0(0.0, 2.2609149068988716)
0(0.0, 2.2571682957818973)
0(0.0, 2.2522217310769284)
0(0.0, 2.2191137175752194)
0(0.0, 2.216785860807291)
0(0.0, 2.2155205348582037)
0(0.0, 2.214153246299687)
0(0.0, 2.2027614235896773)
0(0.0, 2.199802299719553)
0(0.0, 2.1996414838145846)
0(0.0, 2.198602270851327)
0(0.0, 2.1949681713684015)
0(0.0, 2.1936306108902826)
0(0.0, 2.1897969629341847)
0(0.0, 2.1801732348981013)
0(0.0, 2.1781406266871293)
0(0.0, 2.17516189637962)
0(0.0, 2.174047502159205)
0(0.0, 2.1726404601320053)
0(0.0, 2.168646244489682)
0(0.0, 2.168110452941623)
0(0.0, 2.1609295835172)
0(0.0, 2.1583641391135178)
0(0.0, 2.1528069252597577)
0(0.0, 2.1513976846566987)
0(0.0, 2.148319627860622)
0(0.0, 2.1462680898240376)
0(0.0, 2.146021936280156)
0(0.0, 2.144364602406169)
0(0.0, 2.1413144026545714)
0(0.0, 2.141202462660131)
0(0.0, 2.14076722853111)
0(0.0, 2.1381208844283006)
0(0.0, 2.1327953214681132)
0(0.0, 2.126483525931198)
0(0.0, 2.1260909150329352)
0(0.0, 2.1239571717792174)
0(0.0, 2.1237866078044405)
0(0.0, 2.1146320151035716)
0(0.0, 2.1136219914535244)
0(0.0, 2.1078840153714755)
0(0.0, 2.0979732864609177)
0(0.0, 2.0952405295664036)
0(0.0, 2.0945153512954615)
0(0.0, 2.0864764120211405)
0(0.0, 2.0744557125032013)
0(0.0, 2.073764792792126)
0(0.0, 2.0680662276969994)
0(0.0, 2.0573701961176676)
0(0.0, 2.0557257750520197)
0(0.0, 2.030785153494779)
0(0.0, 2.0236297549004187)
0(0.0, 2.017650236337344)
0(0.0, 2.0096153972043207)
0(0.0, 2.000215040846971)
0(0.0, 1.9927874297376047)
0(0.0, 1.9887865622685768)
0(0.0, 1.9832968743609498)
0(0.0, 1.9741783181299366)
0(0.0, 1.972060679812419)
0(0.0, 1.9705082504953215)
0(0.0, 1.936287293066471)
0(0.0, 1.9355472679984431)
0(0.0, 1.9310061329170054)
0(0.0, 1.9154914374366065)
0(0.0, 1.9128486365997242)
0(0.0, 1.9035053674278732)
0(0.0, 1.9030900746797719)
0(0.0, 1.9023636008112423)
0(0.0, 1.8827264942163981)
0(0.0, 1.879354363664228)
0(0.0, 1.877158723249736)
0(0.0, 1.8678366030833742)
0(0.0, 1.8639622389031776)
0(0.0, 1.8639410487784414)
0(0.0, 1.8622591046333667)
0(0.0, 1.8596787134636423)
0(0.0, 1.8586664051288955)
0(0.0, 1.8564379184065911)
0(0.0, 1.8540774270476097)
0(0.0, 1.8453767934250493)
0(0.0, 1.8403040390909264)
0(0.0, 1.838884145111925)
0(0.0, 1.8336167664773506)
0(0.0, 1.8308767480551378)
0(0.0, 1.8249034562650321)
0(0.0, 1.823007492885362)
0(0.0, 1.8214712529973902)
0(0.0, 1.8213425779718952)
0(0.0, 1.8177683294733853)
0(0.0, 1.8176685338433152)
0(0.0, 1.8122153523560611)
0(0.0, 1.8109337685628517)
0(0.0, 1.808994432311335)
0(0.0, 1.8054905022572516)
0(0.0, 1.800138726363512)
0(0.0, 1.7973530978480436)
0(0.0, 1.7958284560122266)
0(0.0, 1.7899267070900826)
0(0.0, 1.7896447781165121)
0(0.0, 1.7875162717532203)
0(0.0, 1.7860044758792295)
0(0.0, 1.7859612377182887)
0(0.0, 1.7857916404018992)
0(0.0, 1.7851162831051821)
0(0.0, 1.782462001130671)
0(0.0, 1.780873843225613)
0(0.0, 1.7807686392780142)
0(0.0, 1.7759298570096114)
0(0.0, 1.7747024229639667)
0(0.0, 1.7737263705083401)
0(0.0, 1.7714787952171904)
0(0.0, 1.7673120175755703)
0(0.0, 1.760528200942914)
0(0.0, 1.7579299251545208)
0(0.0, 1.7576613761104352)
0(0.0, 1.7552714248909043)
0(0.0, 1.7513688968366548)
0(0.0, 1.7505910064960124)
0(0.0, 1.7468285767299698)
0(0.0, 1.7444172758122267)
0(0.0, 1.7402605926608872)
0(0.0, 1.738078519320737)
0(0.0, 1.7363075486301065)
0(0.0, 1.735230827398479)
0(0.0, 1.7351466264056916)
0(0.0, 1.7308874715871092)
0(0.0, 1.7306613497116354)
0(0.0, 1.7264213847928291)
0(0.0, 1.7255245596800755)
0(0.0, 1.725398268591611)
0(0.0, 1.7215138861014545)
0(0.0, 1.718091040140669)
0(0.0, 1.7178952981297286)
0(0.0, 1.7149967350998092)
0(0.0, 1.7147454077032793)
0(0.0, 1.7140326943190696)
0(0.0, 1.7137253201417684)
0(0.0, 1.7038396464361327)
0(0.0, 1.693915106183226)
0(0.0, 1.691297703298865)
0(0.0, 1.6810667688692917)
0(0.0, 1.6785878798556544)
0(0.0, 1.6673432851102017)
0(0.0, 1.6664390034107441)
0(0.0, 1.664999632244431)
0(0.0, 1.6364054622888553)
