1(7.399378556586768, 8.054560979145943)
1(7.57371956594805, 7.868838730244162)
1(7.044240568227581, 7.307194458419548)
1(2.5662440628632472, 2.5881858277993266)
1(2.6034560316160764, 2.624963897663669)
1(3.334095414118644, 3.3519617647704707)
0(0.0, inf)
0(0.0, 13.207425090936226)
0(0.0, 10.834331252364914)
0(0.0, 10.740949078284174)
0(0.0, 10.235121680195029)
0(0.0, 10.030693096531452)
0(0.0, 8.965841885704018)
0(0.0, 8.956122151231853)
0(0.0, 8.830214080732302)
0(0.0, 8.82986102395504)
0(0.0, 8.43150375590833)
0(0.0, 8.367252708385776)
0(0.0, 8.190688843837778)
0(0.0, 8.077587039619068)
0(0.0, 7.93164462352238)
0(0.0, 7.790645380345911)
0(0.0, 7.618831473768247)
0(0.0, 7.517447332508708)
0(0.0, 7.390660106923416)
0(0.0, 7.312190861641657)
0(0.0, 7.296328170317835)
0(0.0, 7.177642911306087)
0(0.0, 7.07103531813831)
0(0.0, 7.025001949552335)
0(0.0, 6.959542721352335)
0(0.0, 6.901913562506225)
0(0.0, 6.772919622371456)
0(0.0, 6.767306553320151)
0(0.0, 6.696453720847043)
0(0.0, 6.6898423120853)
0(0.0, 6.679517894138559)
0(0.0, 6.645114891768717)
0(0.0, 6.640720604091705)
0(0.0, 6.5724528966122975)
0(0.0, 6.556656383606991)
0(0.0, 6.543256752099798)
0(0.0, 6.06451813565569)
0(0.0, 5.978874254529239)
0(0.0, 5.967092837788327)
0(0.0, 5.906672589811148)
0(0.0, 5.904686818202927)
0(0.0, 5.902776283765371)
0(0.0, 5.901608123131887)
0(0.0, 5.858751714671174)
0(0.0, 5.8485805395954635)
0(0.0, 5.83832320655513)
0(0.0, 5.7870565294309415)
0(0.0, 5.781590700301621)
0(0.0, 5.743659541021026)
0(0.0, 5.738134930512875)
0(0.0, 5.668257697774796)
0(0.0, 5.611146382598203)
0(0.0, 5.606072636221181)
0(0.0, 5.565580407083449)
0(0.0, 5.564400478300871)
0(0.0, 5.5266243540489395)
0(0.0, 5.336681227819906)
0(0.0, 5.253975891423465)
0(0.0, 5.201449637845908)
0(0.0, 5.084565555493158)
0(0.0, 5.082822318634179)
0(0.0, 5.051225293889492)
0(0.0, 4.997248243785691)
0(0.0, 4.937435004987345)
0(0.0, 4.743462064231632)
0(0.0, 4.7091744625963745)
0(0.0, 4.687077258239629)
0(0.0, 4.638280620870155)
0(0.0, 4.55934124659883)
0(0.0, 4.543461548938916)
0(0.0, 4.311940355421177)
0(0.0, 4.276924028905962)
0(0.0, 4.153330027469739)
0(0.0, 4.153119030231523)
0(0.0, 4.131970781434223)
0(0.0, 4.130402323256881)
0(0.0, 4.035180516850171)
0(0.0, 4.021260502558859)
0(0.0, 3.9936524003450895)
0(0.0, 3.977352530436524)
0(0.0, 3.9739212170065317)
0(0.0, 3.96781204994569)
0(0.0, 3.9587271047190074)
0(0.0, 3.9398955324608993)
0(0.0, 3.934231186009246)
0(0.0, 3.9255176839723855)
0(0.0, 3.9225191673384368)
0(0.0, 3.8897519518173933)
0(0.0, 3.8426059133176054)
0(0.0, 3.8262099025254486)
0(0.0, 3.8123678633091207)
0(0.0, 3.8120421065606567)
0(0.0, 3.809798860640678)
0(0.0, 3.7978184622581965)
0(0.0, 3.7966566828759545)
0(0.0, 3.793469662433169)
0(0.0, 3.78822932573722)
0(0.0, 3.7805367208308684)
0(0.0, 3.7768687284719022)
0(0.0, 3.7743011533857507)
0(0.0, 3.770188288774041)
0(0.0, 3.7646103731241687)
0(0.0, 3.7635315926854456)
0(0.0, 3.7611920758128115)
0(0.0, 3.7524124691994887)
0(0.0, 3.7501857107621603)
0(0.0, 3.7479712491087542)
0(0.0, 3.7220969400275736)
0(0.0, 3.717965413887694)
0(0.0, 3.716369722583591)
0(0.0, 3.7161291167990576)
0(0.0, 3.708292334853282)
0(0.0, 3.7029405895086316)
0(0.0, 3.6966012186841475)
0(0.0, 3.6736640434930616)
0(0.0, 3.6723875262198993)
0(0.0, 3.669135445464337)
0(0.0, 3.6665879919780777)
0(0.0, 3.6596704762893104)
0(0.0, 3.658301291574254)
0(0.0, 3.6337671758222876)
0(0.0, 3.632009071459065)
0(0.0, 3.6285503471121436)
0(0.0, 3.6264897152377205)
0(0.0, 3.6226831955032313)
0(0.0, 3.621763957614009)
0(0.0, 3.6195641124374425)
0(0.0, 3.6157220880057235)
0(0.0, 3.6150208124277174)
0(0.0, 3.609129159669955)
0(0.0, 3.6085507389959854)
0(0.0, 3.593585155082577)
0(0.0, 3.5934074154479316)
0(0.0, 3.585027283518503)
0(0.0, 3.584534247975254)
0(0.0, 3.582713028980241)
0(0.0, 3.5805269746569564)
0(0.0, 3.5797217315755496)
0(0.0, 3.5779297791704145)
0(0.0, 3.5725793629322884)
0(0.0, 3.570218156605929)
0(0.0, 3.5698444491662813)
0(0.0, 3.5698309425896566)
0(0.0, 3.567241186148764)
0(0.0, 3.565703100491115)
0(0.0, 3.564545359428007)
0(0.0, 3.5638309246237347)
0(0.0, 3.56281127907142)
0(0.0, 3.561500693751995)
0(0.0, 3.5579683273830676)
0(0.0, 3.5506856926071575)
0(0.0, 3.542832208607959)
0(0.0, 3.540278998354538)
0(0.0, 3.538179250148568)
0(0.0, 3.537726886314413)
0(0.0, 3.5368934452486323)
0(0.0, 3.5357528313877977)
0(0.0, 3.5315292932124485)
0(0.0, 3.5285228099169434)
0(0.0, 3.5275220574570767)
0(0.0, 3.5273148037472555)
0(0.0, 3.518821804549602)
0(0.0, 3.50535348206436)
0(0.0, 3.5032851457479155)
0(0.0, 3.502239519520243)
0(0.0, 3.5018453265277354)
0(0.0, 3.499877231176224)
0(0.0, 3.4883477472647924)
0(0.0, 3.488205550475101)
0(0.0, 3.4837429629911094)
0(0.0, 3.4781105972841)
0(0.0, 3.4781003417230463)
0(0.0, 3.476809235371621)
0(0.0, 3.473258277224102)
0(0.0, 3.4696792868966218)
0(0.0, 3.4650689890429516)
0(0.0, 3.4644043289261375)
0(0.0, 3.463325640525063)
0(0.0, 3.4623739197495764)
0(0.0, 3.4603844558933297)
0(0.0, 3.4603299245544656)
0(0.0, 3.4592391373753477)
0(0.0, 3.4548909371285745)
0(0.0, 3.449989344613675)
0(0.0, 3.441189976182914)
0(0.0, 3.4379253038889597)
0(0.0, 3.4263727709864154)
0(0.0, 3.4220480169008414)
0(0.0, 3.4210469053264783)
0(0.0, 3.4195724538228442)
0(0.0, 3.4183299797622335)
0(0.0, 3.412333724087471)
0(0.0, 3.4089168855887673)
0(0.0, 3.406647517121388)
0(0.0, 3.3966850900519603)
0(0.0, 3.394894313648771)
0(0.0, 3.393867149971233)
0(0.0, 3.391807127700658)
0(0.0, 3.391799820760153)
0(0.0, 3.391336629768843)
0(0.0, 3.387362499956827)
0(0.0, 3.3862167353087833)
0(0.0, 3.3854386432706187)
0(0.0, 3.3851783215447817)
0(0.0, 3.378567224023439)
0(0.0, 3.3764974309600477)
0(0.0, 3.3725001387411493)
0(0.0, 3.3723511889523987)
0(0.0, 3.365504805531011)
0(0.0, 3.3654953264590226)
0(0.0, 3.3605765235704492)
0(0.0, 3.356625550819143)
0(0.0, 3.353319621469558)
0(0.0, 3.3526573501492596)
0(0.0, 3.341949893904448)
0(0.0, 3.341342734895494)
0(0.0, 3.341252811417689)
0(0.0, 3.336727074186788)
0(0.0, 3.331653494567054)
0(0.0, 3.3300503383560978)
0(0.0, 3.327208136106314)
0(0.0, 3.323194975263162)
0(0.0, 3.3220277181711984)
0(0.0, 3.3216703115315482)
0(0.0, 3.3214344501800013)
0(0.0, 3.3137975285843817)
0(0.0, 3.31251374998103)
0(0.0, 3.3116428580598085)
0(0.0, 3.3089965487972326)
0(0.0, 3.304915074364662)
0(0.0, 3.3040946915945772)
0(0.0, 3.3009037216453874)
0(0.0, 3.298300123564216)
0(0.0, 3.2970603221536483)
0(0.0, 3.294254158994528)
0(0.0, 3.2905136119769924)
0(0.0, 3.287342891336684)
0(0.0, 3.286795983843623)
0(0.0, 3.2819483417317605)
0(0.0, 3.2737983096404317)
0(0.0, 3.27213503877377)
0(0.0, 3.2686170275219637)
0(0.0, 3.268320234373334)
0(0.0, 3.2533239017997606)
0(0.0, 3.2523792010092327)
0(0.0, 3.2507979888460112)
0(0.0, 3.247125583342403)
0(0.0, 3.2451462697124125)
0(0.0, 3.240599679060591)
0(0.0, 3.234582520350001)
0(0.0, 3.2132057524347357)
0(0.0, 3.2051264143033027)
0(0.0, 3.2043222657098385)
0(0.0, 3.190417566868223)
0(0.0, 3.1858717705945687)
0(0.0, 3.18497685724069)
0(0.0, 3.1847600298503127)
0(0.0, 3.178844022308575)
0(0.0, 3.166252929685832)
0(0.0, 3.1607446267820776)
0(0.0, 3.1549355389879965)
0(0.0, 3.152807855678638)
0(0.0, 3.1523256669942654)
0(0.0, 3.135269406071822)
0(0.0, 3.1339679703466055)
0(0.0, 3.1228569795791525)
0(0.0, 3.1180351134469366)
0(0.0, 3.1011305309805084)
0(0.0, 3.0841473722886983)
0(0.0, 3.072020293887485)
0(0.0, 3.060508970040404)
0(0.0, 3.0378731933544403)
0(0.0, 3.0196071570181604)
0(0.0, 3.00892829311902)
0(0.0, 2.999336402472479)
0(0.0, 2.9850285450959753)
0(0.0, 2.9422273385946935)
0(0.0, 2.917500405887868)
0(0.0, 2.9143084681952223)
0(0.0, 2.9041825820943177)
0(0.0, 2.9036723785122627)
0(0.0, 2.8855202021032227)
0(0.0, 2.880259188038877)
0(0.0, 2.8764057214619516)
0(0.0, 2.8758042746394405)
0(0.0, 2.8709457754947647)
0(0.0, 2.870933782939388)
0(0.0, 2.851570341202509)
0(0.0, 2.849029397696568)
0(0.0, 2.842329013199878)
0(0.0, 2.8363046412218065)
0(0.0, 2.8331684786113276)
0(0.0, 2.8306535893408062)
0(0.0, 2.824872282413515)
0(0.0, 2.8087688214209368)
0(0.0, 2.8041847985910393)
0(0.0, 2.801500836768257)
0(0.0, 2.801370959736565)
0(0.0, 2.799639910228627)
0(0.0, 2.798603392283949)
0(0.0, 2.79704018917132)
0(0.0, 2.788525798197801)
0(0.0, 2.7859218736080855)
0(0.0, 2.7850766759655468)
0(0.0, 2.784878837956297)
0(0.0, 2.7826656805429764)
0(0.0, 2.781962710253732)
0(0.0, 2.7809341340131524)
0(0.0, 2.780655656924509)
0(0.0, 2.7763624504344016)
0(0.0, 2.775478264898689)
0(0.0, 2.7741436982755654)
0(0.0, 2.7684546734485407)
0(0.0, 2.767899055580926)
0(0.0, 2.7639648468416773)
0(0.0, 2.7611173285668773)
0(0.0, 2.760624994653627)
0(0.0, 2.760206343436638)
0(0.0, 2.7586122486415148)
0(0.0, 2.7571382431285105)
0(0.0, 2.7551272115706014)
0(0.0, 2.7530899339825923)
0(0.0, 2.75252714306449)
0(0.0, 2.752162636112275)
0(0.0, 2.7510239832789094)
0(0.0, 2.750933791053272)
0(0.0, 2.7454930169097436)
0(0.0, 2.7449043988026167)
0(0.0, 2.7428612043152674)
0(0.0, 2.7411291555488506)
0(0.0, 2.7406051257924906)
0(0.0, 2.739838419194118)
0(0.0, 2.739350684920802)
0(0.0, 2.739197777109321)
0(0.0, 2.738431876836579)
0(0.0, 2.734793155671186)
0(0.0, 2.734412784939193)
0(0.0, 2.732636683558695)
0(0.0, 2.7323863994374986)
0(0.0, 2.7315234917620383)
0(0.0, 2.727944216656639)
0(0.0, 2.727898730196956)
0(0.0, 2.727503430256707)
0(0.0, 2.726546922728722)
0(0.0, 2.7264154146250057)
0(0.0, 2.7258251416027726)
0(0.0, 2.7250586874462117)
0(0.0, 2.723590790223068)
0(0.0, 2.7235291454016677)
0(0.0, 2.7212010461522285)
0(0.0, 2.719804490602719)
0(0.0, 2.7185227145213497)
0(0.0, 2.7149220351948915)
0(0.0, 2.7110103840411637)
0(0.0, 2.7095222704555613)
0(0.0, 2.707720287383764)
0(0.0, 2.707372684531237)
0(0.0, 2.703942145053291)
0(0.0, 2.702316797268458)
0(0.0, 2.702173612753289)
0(0.0, 2.698637858471643)
0(0.0, 2.69833165722371)
0(0.0, 2.6924116372710976)
0(0.0, 2.689155732890053)
0(0.0, 2.687301956980252)
0(0.0, 2.6865419237642665)
0(0.0, 2.6786817325391783)
0(0.0, 2.67656855507401)
0(0.0, 2.6749794862783616)
0(0.0, 2.67395627384417)
0(0.0, 2.672229400231964)
0(0.0, 2.671601232520011)
0(0.0, 2.667416288481275)
0(0.0, 2.666791012023938)
0(0.0, 2.6619231590176256)
0(0.0, 2.6612620667962013)
0(0.0, 2.6611711329887853)
0(0.0, 2.660967584682699)
0(0.0, 2.6585940611300254)
0(0.0, 2.6526201865252492)
0(0.0, 2.651487256041776)
0(0.0, 2.6504798229066355)
0(0.0, 2.646194837966728)
0(0.0, 2.644526242489537)
0(0.0, 2.6425731409463844)
0(0.0, 2.6414932970323632)
0(0.0, 2.6371401775634227)
0(0.0, 2.6326409588818325)
0(0.0, 2.6260866074471942)
0(0.0, 2.6222641126386614)
0(0.0, 2.6169150473399947)
0(0.0, 2.6148316741941118)
0(0.0, 2.6088031324638306)
0(0.0, 2.6081852256434774)
0(0.0, 2.6054869980163633)
0(0.0, 2.603862926144578)
0(0.0, 2.6017089459200466)
0(0.0, 2.6010354096603074)
0(0.0, 2.5982438012329414)
0(0.0, 2.595115274466873)
0(0.0, 2.5934031462061022)
0(0.0, 2.5861679264287307)
0(0.0, 2.582031510554319)
0(0.0, 2.573966777565311)
0(0.0, 2.5662774139407247)
0(0.0, 2.5661054031799755)
0(0.0, 2.565560100071226)
0(0.0, 2.5647708070585153)
0(0.0, 2.5603649387323424)
0(0.0, 2.5582698060288274)
0(0.0, 2.5555287128571633)
0(0.0, 2.545415358065981)
0(0.0, 2.544993713768486)
0(0.0, 2.537062471080875)
0(0.0, 2.5219192691874786)
0(0.0, 2.515845849646122)
0(0.0, 2.514442199586915)
0(0.0, 2.5092204835208523)
0(0.0, 2.5091015176598574)
0(0.0, 2.501925411367735)
0(0.0, 2.4986564511843508)
0(0.0, 2.498176460766195)
0(0.0, 2.496637731296795)
0(0.0, 2.4915856001815326)
0(0.0, 2.482717449079713)
0(0.0, 2.481653007278533)
0(0.0, 2.4734660503381938)
0(0.0, 2.464885610500292)
0(0.0, 2.4639073298407936)
0(0.0, 2.4613020133829067)
0(0.0, 2.453510820982007)
0(0.0, 2.4229635699877643)
