1(9.634019883642045, 10.333339079579702)
1(2.4206976422666107, 2.4487195642918507)
1(2.760239740175548, 2.783289597079014)
1(2.4210067037418885, 2.4350287245102753)
1(2.2782424104681644, 2.2903333504552075)
1(2.3888788589185954, 2.3988782028941316)
1(2.4172173911357007, 2.426212292038269)
1(2.68498073224103, 2.6938593110584574)
1(2.4012394879488066, 2.4047857647527358)
1(2.4574008953096143, 2.459680754694612)
0(0.0, inf)
0(0.0, 14.60651578377407)
0(0.0, 12.870500832434962)
0(0.0, 12.112381341370115)
0(0.0, 11.956702734319062)
0(0.0, 11.581082462594095)
0(0.0, 11.559324705227164)
0(0.0, 9.965113151732288)
0(0.0, 9.219240632207358)
0(0.0, 9.026579838371266)
0(0.0, 8.999393372679062)
0(0.0, 8.955674249875642)
0(0.0, 8.90936691836462)
0(0.0, 8.818284268183513)
0(0.0, 8.77999146771802)
0(0.0, 8.53232115651681)
0(0.0, 8.13978695144851)
0(0.0, 7.539701129761649)
0(0.0, 7.455895874521675)
0(0.0, 7.269961646548532)
0(0.0, 7.263532598462201)
0(0.0, 7.13720344547954)
0(0.0, 7.048610723586443)
0(0.0, 7.031773808232014)
0(0.0, 6.607474529165555)
0(0.0, 6.490580755831608)
0(0.0, 6.071033319640602)
0(0.0, 6.038518988935089)
0(0.0, 5.894309110068839)
0(0.0, 5.761604012837666)
0(0.0, 5.732912787296707)
0(0.0, 5.71320840177292)
0(0.0, 5.697031308166351)
0(0.0, 5.686446510728787)
0(0.0, 5.604658305227859)
0(0.0, 5.370158526340969)
0(0.0, 5.284058211617889)
0(0.0, 5.207591250863315)
0(0.0, 5.201019795070097)
0(0.0, 4.911941836650663)
0(0.0, 4.748863155799358)
0(0.0, 4.6018739131542095)
0(0.0, 4.43815941107457)
0(0.0, 4.435015127287552)
0(0.0, 4.254139701237104)
0(0.0, 4.160050624692102)
0(0.0, 4.134926216191716)
0(0.0, 3.907922395674524)
0(0.0, 3.7893205074125373)
0(0.0, 3.6415450543519365)
0(0.0, 3.6144202425628316)
0(0.0, 3.5057705495345215)
0(0.0, 3.441306751348701)
0(0.0, 3.431443604439459)
0(0.0, 3.418896469984503)
0(0.0, 3.3258709131034725)
0(0.0, 3.284719775799151)
0(0.0, 3.2255135185176784)
0(0.0, 3.2228957255788764)
0(0.0, 3.196296231062728)
0(0.0, 3.165485447203604)
0(0.0, 3.1640774852028164)
0(0.0, 3.154534617755277)
0(0.0, 3.137125386376364)
0(0.0, 3.1315919276848074)
0(0.0, 3.104351868870748)
0(0.0, 3.0986213928495125)
0(0.0, 3.0045553917883847)
0(0.0, 2.965628958335106)
0(0.0, 2.958911627502669)
0(0.0, 2.9151288756842204)
0(0.0, 2.9046364810408147)
0(0.0, 2.881573682087135)
0(0.0, 2.8399919859520044)
0(0.0, 2.8209316801517237)
0(0.0, 2.8081072765670596)
0(0.0, 2.8071737009946953)
0(0.0, 2.8060647550224114)
0(0.0, 2.796642608543704)
0(0.0, 2.7869663477473052)
0(0.0, 2.7815352401566575)
0(0.0, 2.7796572802270783)
0(0.0, 2.7774468382600563)
0(0.0, 2.7698443891773903)
0(0.0, 2.769109857689486)
0(0.0, 2.7503872371035847)
0(0.0, 2.7466488250973047)
0(0.0, 2.7399695227456355)
0(0.0, 2.7284854383079225)
0(0.0, 2.7248333794350263)
0(0.0, 2.720250711336452)
0(0.0, 2.717913999598137)
0(0.0, 2.7162734105332853)
0(0.0, 2.713987992399756)
0(0.0, 2.711469749210955)
0(0.0, 2.7048810213654098)
0(0.0, 2.685474487053645)
0(0.0, 2.681882874890581)
0(0.0, 2.6818658436396516)
0(0.0, 2.6790727831386487)
0(0.0, 2.6777537218791734)
0(0.0, 2.6772172777666667)
0(0.0, 2.664108630308609)
0(0.0, 2.6613697783712715)
0(0.0, 2.6602488850094086)
0(0.0, 2.6517948293003197)
0(0.0, 2.6514914629761037)
0(0.0, 2.6448201903221764)
0(0.0, 2.6445890986169127)
0(0.0, 2.640090510760891)
0(0.0, 2.6368479621660614)
0(0.0, 2.6349706991105872)
0(0.0, 2.6336356352281416)
0(0.0, 2.6325850919716443)
0(0.0, 2.629323654371759)
0(0.0, 2.6290871541393876)
0(0.0, 2.6215167605716747)
0(0.0, 2.62001877471117)
0(0.0, 2.61972694495043)
0(0.0, 2.6123502700562278)
0(0.0, 2.6109839705543605)
0(0.0, 2.6070230191758714)
0(0.0, 2.6034677873165224)
0(0.0, 2.60051871101744)
0(0.0, 2.5962958904230637)
0(0.0, 2.5950169501247147)
0(0.0, 2.5876030336683855)
0(0.0, 2.5845135782026643)
0(0.0, 2.5800176774217496)
0(0.0, 2.574599002616407)
0(0.0, 2.5675356066716932)
0(0.0, 2.5560527320040216)
0(0.0, 2.5519156133649097)
0(0.0, 2.55162481012896)
0(0.0, 2.5446563210944135)
0(0.0, 2.5413362272949533)
0(0.0, 2.5400095070795716)
0(0.0, 2.5397873576712673)
0(0.0, 2.535635980662488)
0(0.0, 2.535458824638114)
0(0.0, 2.534920496132666)
0(0.0, 2.5320670577415902)
0(0.0, 2.528523102077634)
0(0.0, 2.5268236721271378)
0(0.0, 2.5241163547901024)
0(0.0, 2.5228658476049635)
0(0.0, 2.522639403932128)
0(0.0, 2.520419812192221)
0(0.0, 2.5155380510118164)
0(0.0, 2.512605425379982)
0(0.0, 2.512471238975996)
0(0.0, 2.51050876192635)
0(0.0, 2.5102208473071745)
0(0.0, 2.507198891651814)
0(0.0, 2.5053590835286714)
0(0.0, 2.5053026932893303)
0(0.0, 2.5040772290939466)
0(0.0, 2.5038116284486702)
0(0.0, 2.502502913933805)
0(0.0, 2.5022446353873993)
0(0.0, 2.5015178648645695)
0(0.0, 2.498819470546405)
0(0.0, 2.4940418744676816)
0(0.0, 2.492000202325183)
0(0.0, 2.4893665562024556)
0(0.0, 2.488421781894708)
0(0.0, 2.487808711223044)
0(0.0, 2.4871029166895453)
0(0.0, 2.487079546708039)
0(0.0, 2.4845556943547153)
0(0.0, 2.4844762284611823)
0(0.0, 2.4810402357980026)
0(0.0, 2.479988471097687)
0(0.0, 2.4779443524071207)
0(0.0, 2.475959097430113)
0(0.0, 2.4743689412746948)
0(0.0, 2.4742201187685726)
0(0.0, 2.4712784553884855)
0(0.0, 2.471157806355843)
0(0.0, 2.4647013845495374)
0(0.0, 2.462309490491591)
0(0.0, 2.4573399160922866)
0(0.0, 2.4560033724654873)
0(0.0, 2.4549657033499783)
0(0.0, 2.4535392516073125)
0(0.0, 2.4530580491559113)
0(0.0, 2.451796489225251)
0(0.0, 2.449031347728758)
0(0.0, 2.4468783270296677)
0(0.0, 2.4430834244913626)
0(0.0, 2.440664815580837)
0(0.0, 2.44033279693093)
0(0.0, 2.4397074769314018)
0(0.0, 2.439147471210587)
0(0.0, 2.4373970177881414)
0(0.0, 2.4355448098815895)
0(0.0, 2.432501251223508)
0(0.0, 2.432365825834215)
0(0.0, 2.4309046695880308)
0(0.0, 2.429904605567745)
0(0.0, 2.4286532105178162)
0(0.0, 2.4251559745557385)
0(0.0, 2.4243058980773173)
0(0.0, 2.42070333250175)
0(0.0, 2.4200693138850973)
0(0.0, 2.4197305397638287)
0(0.0, 2.4192751448480196)
0(0.0, 2.4185267013185734)
0(0.0, 2.418202144734199)
0(0.0, 2.4168529918703245)
0(0.0, 2.4152390183823926)
0(0.0, 2.4149552457951193)
0(0.0, 2.4148058803870427)
0(0.0, 2.4147212798655797)
0(0.0, 2.4143432629691244)
0(0.0, 2.412738150782774)
0(0.0, 2.40937268101743)
0(0.0, 2.408965748379162)
0(0.0, 2.40837339418948)
0(0.0, 2.4083678885032183)
0(0.0, 2.4069428181503505)
0(0.0, 2.406401974166633)
0(0.0, 2.4056850164006405)
0(0.0, 2.4054627071236943)
0(0.0, 2.4054125440356473)
0(0.0, 2.4047263464616755)
0(0.0, 2.403857911990554)
0(0.0, 2.4003215870778623)
0(0.0, 2.398337479159248)
0(0.0, 2.3972803939498846)
0(0.0, 2.396749989947346)
0(0.0, 2.3956485086515467)
0(0.0, 2.390679805171305)
0(0.0, 2.390390266680647)
0(0.0, 2.38970615988681)
0(0.0, 2.388308520291768)
0(0.0, 2.3877012883124684)
0(0.0, 2.387015474256061)
0(0.0, 2.3864981571226727)
0(0.0, 2.3850638217733664)
0(0.0, 2.3833627401314814)
0(0.0, 2.3820599537522655)
0(0.0, 2.381129680362258)
0(0.0, 2.380364294561215)
0(0.0, 2.3795201501688354)
0(0.0, 2.3749940973870363)
0(0.0, 2.371441382266863)
0(0.0, 2.3706973016342103)
0(0.0, 2.368487456805127)
0(0.0, 2.3659085289870574)
0(0.0, 2.3653905803836923)
0(0.0, 2.365221679508997)
0(0.0, 2.362316255847156)
0(0.0, 2.359381148671143)
0(0.0, 2.35832384023217)
0(0.0, 2.356273163512234)
0(0.0, 2.3562369635646565)
0(0.0, 2.3555395323293102)
0(0.0, 2.354247047003326)
0(0.0, 2.3531079834356086)
0(0.0, 2.3503929540324506)
0(0.0, 2.3498305293163466)
0(0.0, 2.349389662700128)
0(0.0, 2.3468134122978332)
0(0.0, 2.34587856395238)
0(0.0, 2.3454609064643526)
0(0.0, 2.342996405973406)
0(0.0, 2.3429698935095846)
0(0.0, 2.342440061925795)
0(0.0, 2.342247196004924)
0(0.0, 2.3419033223351686)
0(0.0, 2.3405534246087885)
0(0.0, 2.3399114391603266)
0(0.0, 2.339903864627832)
0(0.0, 2.339414450347209)
0(0.0, 2.3389566344266717)
0(0.0, 2.338206580653546)
0(0.0, 2.334242914141035)
0(0.0, 2.327879323827042)
0(0.0, 2.326454880799304)
0(0.0, 2.323255604508056)
0(0.0, 2.3229897943704962)
0(0.0, 2.3215477847796695)
0(0.0, 2.321100786119582)
0(0.0, 2.317330934153303)
0(0.0, 2.3163170403137703)
0(0.0, 2.3149655704288006)
0(0.0, 2.3147875673005465)
0(0.0, 2.3117209942923544)
0(0.0, 2.3114309104824735)
0(0.0, 2.311125583516975)
0(0.0, 2.309887486953704)
0(0.0, 2.3073529985471306)
0(0.0, 2.3052320387128735)
0(0.0, 2.303289725411729)
0(0.0, 2.3030727245818885)
0(0.0, 2.2999951540023362)
0(0.0, 2.2993893177236533)
0(0.0, 2.298391655024968)
0(0.0, 2.297079825325359)
0(0.0, 2.2961490063372128)
0(0.0, 2.2954945261222406)
0(0.0, 2.292527768999034)
0(0.0, 2.292357044342163)
0(0.0, 2.2921587930763514)
0(0.0, 2.290384549780498)
0(0.0, 2.28965499910903)
0(0.0, 2.2859605166512074)
0(0.0, 2.28401098816771)
0(0.0, 2.2838505908204345)
0(0.0, 2.277435823057905)
0(0.0, 2.276207774983072)
0(0.0, 2.2756795090648283)
0(0.0, 2.2747664849669813)
0(0.0, 2.274164824361887)
0(0.0, 2.273721698417604)
0(0.0, 2.270706820843663)
0(0.0, 2.2705605737326024)
0(0.0, 2.2664708448705064)
0(0.0, 2.2651733428835104)
0(0.0, 2.2641340892789747)
0(0.0, 2.2632076561661925)
0(0.0, 2.2628440117583977)
0(0.0, 2.2613066845097123)
0(0.0, 2.2601306242611927)
0(0.0, 2.260119143615896)
0(0.0, 2.2558416237875285)
0(0.0, 2.2528043588764173)
0(0.0, 2.251099337097946)
0(0.0, 2.2497444473079296)
0(0.0, 2.247537362752967)
0(0.0, 2.2475316566529004)
0(0.0, 2.24555828671595)
0(0.0, 2.2448507932136113)
0(0.0, 2.2440591045220692)
0(0.0, 2.2434439783781897)
0(0.0, 2.242660602533995)
0(0.0, 2.2425895773599995)
0(0.0, 2.2423156522702015)
0(0.0, 2.240611700461716)
0(0.0, 2.239738242294843)
0(0.0, 2.2372557794369214)
0(0.0, 2.2369865573594763)
0(0.0, 2.2344554766189115)
0(0.0, 2.234429120032883)
0(0.0, 2.233818000331505)
0(0.0, 2.233586561955052)
0(0.0, 2.23352715105426)
0(0.0, 2.2309800938558424)
0(0.0, 2.2268370244914015)
0(0.0, 2.226477508373715)
0(0.0, 2.2263273048730587)
0(0.0, 2.2250253318095328)
0(0.0, 2.224626177012317)
0(0.0, 2.2228761683982765)
0(0.0, 2.221569534242242)
0(0.0, 2.220549330357225)
0(0.0, 2.220382415903399)
0(0.0, 2.2199979499563702)
0(0.0, 2.2198477568712454)
0(0.0, 2.2155212144130263)
0(0.0, 2.211439441591708)
0(0.0, 2.2109903236335158)
0(0.0, 2.2103792491949386)
0(0.0, 2.2099913293175195)
0(0.0, 2.209497719938058)
0(0.0, 2.2084424683490704)
0(0.0, 2.2064537262094386)
0(0.0, 2.2059871516904765)
0(0.0, 2.2050292655942085)
0(0.0, 2.203933692670611)
0(0.0, 2.203808272935769)
0(0.0, 2.2000850075086498)
0(0.0, 2.199420698891408)
0(0.0, 2.198959589106513)
0(0.0, 2.1969370861519084)
0(0.0, 2.196416509524604)
0(0.0, 2.194948322443779)
0(0.0, 2.194016915338832)
0(0.0, 2.1926061504889134)
0(0.0, 2.1850917654857227)
0(0.0, 2.18503353463831)
0(0.0, 2.184869258176829)
0(0.0, 2.181706310411368)
0(0.0, 2.180180288385696)
0(0.0, 2.1791526131683607)
0(0.0, 2.1782486284234546)
0(0.0, 2.1729212388934576)
0(0.0, 2.172519567435096)
0(0.0, 2.1691863992891514)
0(0.0, 2.1684496495081986)
0(0.0, 2.167058194213898)
0(0.0, 2.1668797271306635)
0(0.0, 2.163846695606641)
0(0.0, 2.1559332856867837)
0(0.0, 2.155465886215472)
0(0.0, 2.1553597284806987)
0(0.0, 2.1552022424220034)
0(0.0, 2.149764549112958)
0(0.0, 2.14851229741346)
0(0.0, 2.1401415679792186)
0(0.0, 2.1358314542474615)
0(0.0, 2.1355622695850527)
0(0.0, 2.1347185754566382)
0(0.0, 2.133028528302823)
0(0.0, 2.130444995749993)
0(0.0, 2.1278239758694406)
0(0.0, 2.127731721671654)
0(0.0, 2.126451959932396)
0(0.0, 2.1255655528492463)
0(0.0, 2.1232175807784333)
0(0.0, 2.1220260803852207)
0(0.0, 2.1195831373519947)
0(0.0, 2.1162837889723307)
0(0.0, 2.112506930597227)
0(0.0, 2.109938221312158)
0(0.0, 2.109092204932031)
0(0.0, 2.105257649592432)
0(0.0, 2.104611221923354)
0(0.0, 2.091938584166375)
0(0.0, 2.088017419896857)
0(0.0, 2.0861998929171603)
0(0.0, 2.0725282991533525)
0(0.0, 2.070170789006159)
0(0.0, 2.0695928023539127)
0(0.0, 2.0568822281636963)
0(0.0, 2.0477630475073973)
0(0.0, 2.0446000997699936)
0(0.0, 2.0416425207561435)
0(0.0, 2.038152656409039)
0(0.0, 2.0308279183540594)
0(0.0, 2.003257752649844)
