1(4.684818696253749, 5.168421206076053)
1(5.23829584299759, 5.584496177373574)
1(9.060786257686976, 9.179532709552594)
1(10.680912047970592, 10.794040737758705)
1(1.6842726109155683, 1.7311312506897272)
1(1.589442741822487, 1.6359679797832)
1(7.234893673140425, 7.277838631542152)
1(1.5747559167123704, 1.6172054893880532)
1(1.7428760778111765, 1.7794154625966057)
1(1.706722308783239, 1.7428541146014642)
1(5.4773082095119285, 5.512821662378043)
1(1.6128722284955568, 1.643618263125097)
1(1.588284376524812, 1.6172278338544341)
1(1.8162947314931714, 1.845009311267079)
1(1.567023389735532, 1.5951930216340209)
1(2.1412933712076243, 2.1672262053840874)
1(1.6561402586952971, 1.6819895578840165)
1(1.5665629597828816, 1.5898739517874771)
1(1.5842867112726675, 1.6071068780093403)
1(1.6109622912050983, 1.633378204249735)
1(1.8296462312299544, 1.8517678088102525)
1(1.636169382301269, 1.6582087654511155)
1(1.5876331557495262, 1.6072631144545482)
1(1.61080654140503, 1.629818233878161)
1(1.6808663498924254, 1.6998779040212604)
1(1.5655026652076338, 1.5843851176231516)
1(1.7022018527260718, 1.7207801551711215)
1(1.6106343076076863, 1.6290863204053878)
1(1.634958061180603, 1.6527466361752847)
1(1.5743259471018547, 1.5916531987389548)
1(1.8022052142353389, 1.8190359054034417)
1(1.8207280487243507, 1.8372770987577318)
1(1.5913313675614, 1.6078123502175827)
1(1.7760118058724663, 1.7924374977511561)
1(1.6106989021009097, 1.626756439170858)
1(1.645811472146889, 1.6611024190517276)
1(1.6600837210906867, 1.6744897358884814)
1(1.600363288212152, 1.6143793005672655)
1(1.6984472123803365, 1.7119257238753085)
1(1.5653552075124337, 1.5786952711967392)
1(1.719001477644515, 1.73185428582561)
1(1.8792626158963142, 1.8920906572366196)
1(1.7804117111329882, 1.7925282185527216)
1(1.5755687959312208, 1.587473014130774)
1(1.59992814844147, 1.6117534620244858)
1(1.8278654315294587, 1.838688603295164)
1(1.808064221863489, 1.818832386332617)
1(1.8151340856720881, 1.8250554056615065)
1(1.6628641674971814, 1.6727682859919997)
1(1.789109242146603, 1.7989285714337138)
1(1.8220940581264644, 1.8312416290430384)
1(1.5760050458554402, 1.5851071463321276)
1(1.6910631268116256, 1.6998779040212604)
1(1.5802266227776638, 1.588790607949151)
1(5.36637045590751, 5.374715366759852)
1(1.5895863358844797, 1.597748347138754)
1(1.5734895543761358, 1.5813734247824873)
1(1.6060142038522487, 1.6135843996171153)
1(1.6681286057799936, 1.6751053720422229)
1(1.6373338073068229, 1.6443035584387709)
1(1.6790868589295826, 1.6858867455700377)
1(1.6942873816706832, 1.699908949854288)
1(1.6349813264677442, 1.6403843330653125)
1(1.598065711952865, 1.6034599194654513)
1(2.8497261629116593, 2.854996491205972)
1(1.8324823288082221, 1.8376378387668022)
1(1.7387620616972321, 1.743508707896802)
1(1.6510026063274101, 1.6557060058551973)
1(1.6844647344947306, 1.6889838745765244)
1(1.5876307946567263, 1.5920427215113797)
1(1.8012405200812294, 1.8056054114150453)
1(1.7673481609488935, 1.771602772980209)
1(1.6614245668828527, 1.6656057694094693)
1(1.5753411920813787, 1.5791956570831265)
1(1.5993228365831882, 1.6031558409358997)
1(1.7794023966740227, 1.78310602763056)
1(1.712442744751613, 1.7159585876426948)
1(1.633514288352676, 1.6369800512286687)
1(1.571413297305922, 1.5745379924786913)
1(1.642835853593378, 1.6456712887091514)
1(1.8399374688542476, 1.8420093629177923)
1(1.5758801129335083, 1.577835917163937)
1(1.7292618917508928, 1.7311312506897272)
1(1.6562638210524476, 1.6580842196097831)
1(1.8089022901018665, 1.8107000046995105)
1(1.6490860290983234, 1.6505804528266976)
1(1.6117018046333165, 1.612438501245663)
1(1.59989218396915, 1.600522144934809)
1(1.6472727729190224, 1.6475952986433517)
0(0.0, inf)
0(0.0, 12.694891380342941)
0(0.0, 10.180518134375266)
0(0.0, 9.267326912934593)
0(0.0, 8.778398011812511)
0(0.0, 8.245679684547053)
0(0.0, 7.991234639235243)
0(0.0, 7.385866970841929)
0(0.0, 7.219237959210309)
0(0.0, 7.125240218385898)
0(0.0, 6.954799261657209)
0(0.0, 6.8582365526172016)
0(0.0, 6.79587572765096)
0(0.0, 6.648274671569672)
0(0.0, 6.607724027414188)
0(0.0, 5.79453468539404)
0(0.0, 5.773322088631808)
0(0.0, 5.396769173809003)
0(0.0, 5.004883016017256)
0(0.0, 4.703242049287568)
0(0.0, 4.683378331345721)
0(0.0, 4.623363582255298)
0(0.0, 4.60984686428007)
0(0.0, 4.60728358778725)
0(0.0, 4.6057658607421645)
0(0.0, 4.588333234943295)
0(0.0, 4.500982197882211)
0(0.0, 4.212212431074666)
0(0.0, 4.176680926278454)
0(0.0, 4.06128189513988)
0(0.0, 3.7448482343626504)
0(0.0, 3.6817876989213834)
0(0.0, 3.6418407678214817)
0(0.0, 3.638941513015217)
0(0.0, 3.568996018096306)
0(0.0, 3.5147940124172443)
0(0.0, 3.507725772749929)
0(0.0, 3.4307819195023113)
0(0.0, 3.414550825955718)
0(0.0, 3.324825840790296)
0(0.0, 3.1523416952153576)
0(0.0, 3.0699360341172173)
0(0.0, 2.993124738556494)
0(0.0, 2.95790812044579)
0(0.0, 2.936772689695702)
0(0.0, 2.9174774676681436)
0(0.0, 2.8717500918928556)
0(0.0, 2.8225559173371257)
0(0.0, 2.7308224927143376)
0(0.0, 2.7261157515338015)
0(0.0, 2.6671394230023022)
0(0.0, 2.654154237325902)
0(0.0, 2.6008357401815294)
0(0.0, 2.595176523894639)
0(0.0, 2.5637375485866447)
0(0.0, 2.5238420862628965)
0(0.0, 2.5122226293792855)
0(0.0, 2.3395847027023717)
0(0.0, 2.28112078453315)
0(0.0, 2.2599603086067885)
0(0.0, 2.2490495578432785)
0(0.0, 2.1910902121193403)
0(0.0, 2.177129065226641)
0(0.0, 2.166645445614889)
0(0.0, 2.1640361177259027)
0(0.0, 2.127415040515213)
0(0.0, 2.1147433819484833)
0(0.0, 2.113548260912413)
0(0.0, 2.1073873236838043)
0(0.0, 2.1068247702919094)
0(0.0, 2.10677422937566)
0(0.0, 2.1020617618662243)
0(0.0, 2.082454162181631)
0(0.0, 2.076154963326503)
0(0.0, 2.0619007555230016)
0(0.0, 2.0616278392198812)
0(0.0, 2.041295352407375)
0(0.0, 2.0194039493322955)
0(0.0, 2.0174618388936265)
0(0.0, 2.0042739176139865)
0(0.0, 1.9927071664886131)
0(0.0, 1.98714875957013)
0(0.0, 1.9758038514248957)
0(0.0, 1.9684739449386017)
0(0.0, 1.9672348970399185)
0(0.0, 1.9647268689553905)
0(0.0, 1.959455186887254)
0(0.0, 1.9589965767562538)
0(0.0, 1.958325750757332)
0(0.0, 1.9572900925575991)
0(0.0, 1.9542265148712925)
0(0.0, 1.9479141751060216)
0(0.0, 1.9447882836519552)
0(0.0, 1.9343366338746038)
0(0.0, 1.9341422219741453)
0(0.0, 1.9253443655152325)
0(0.0, 1.9226992689224842)
0(0.0, 1.9159619865760527)
0(0.0, 1.912043314890852)
0(0.0, 1.9034643462028347)
0(0.0, 1.9002998543184035)
0(0.0, 1.89328382905179)
0(0.0, 1.8923190143891815)
0(0.0, 1.8911039560241172)
0(0.0, 1.8907933722833221)
0(0.0, 1.8904143131011932)
0(0.0, 1.8886040568081839)
0(0.0, 1.8885348388070125)
0(0.0, 1.8874651127609186)
0(0.0, 1.886251082231084)
0(0.0, 1.8851941473415332)
0(0.0, 1.8798859964500552)
0(0.0, 1.8788386598195224)
0(0.0, 1.8783268766611445)
0(0.0, 1.8772055404597834)
0(0.0, 1.8743829938629044)
0(0.0, 1.8727911152301433)
0(0.0, 1.8724475641216496)
0(0.0, 1.8703695944584486)
0(0.0, 1.8692504452690792)
0(0.0, 1.8671179389624524)
0(0.0, 1.866762608317678)
0(0.0, 1.866260224148585)
0(0.0, 1.8655751945070895)
0(0.0, 1.863393586476255)
0(0.0, 1.8629339475178004)
0(0.0, 1.862856447654559)
0(0.0, 1.8609471694768005)
0(0.0, 1.8596816076885252)
0(0.0, 1.8565832303694603)
0(0.0, 1.8557334857594638)
0(0.0, 1.8531831478863483)
0(0.0, 1.8520365813000008)
0(0.0, 1.848264721111378)
0(0.0, 1.8439884593692804)
0(0.0, 1.842074142176255)
0(0.0, 1.8419646478589775)
0(0.0, 1.8411949649810753)
0(0.0, 1.8397436876520985)
0(0.0, 1.8327347262942417)
0(0.0, 1.8326672345616688)
0(0.0, 1.8301676102618116)
0(0.0, 1.8299888946616707)
0(0.0, 1.8295151291271572)
0(0.0, 1.8293030277964901)
0(0.0, 1.8264743914392887)
0(0.0, 1.8257562406350425)
0(0.0, 1.8254011854308663)
0(0.0, 1.824532648107537)
0(0.0, 1.8229259085646083)
0(0.0, 1.82153449123323)
0(0.0, 1.821384905982201)
0(0.0, 1.821361608929593)
0(0.0, 1.8204490713712407)
0(0.0, 1.8190829356879188)
0(0.0, 1.8155597224995532)
0(0.0, 1.8146221628900403)
0(0.0, 1.8138145310118818)
0(0.0, 1.8137576174311982)
0(0.0, 1.813479133389726)
0(0.0, 1.8122826767355928)
0(0.0, 1.807904309999421)
0(0.0, 1.8075910928981245)
0(0.0, 1.806869548035872)
0(0.0, 1.802824737913252)
0(0.0, 1.801649081201213)
0(0.0, 1.8013520911404357)
0(0.0, 1.8009936239262163)
0(0.0, 1.7950352415369075)
0(0.0, 1.7941051425990227)
0(0.0, 1.7940364981460335)
0(0.0, 1.7937757556762044)
0(0.0, 1.793165270495438)
0(0.0, 1.7926775354908289)
0(0.0, 1.7924276098587044)
0(0.0, 1.791080891580496)
0(0.0, 1.7908959936877888)
0(0.0, 1.7903097552725225)
0(0.0, 1.7901904145488863)
0(0.0, 1.789978347760353)
0(0.0, 1.7898891427319092)
0(0.0, 1.7881063067139038)
0(0.0, 1.787945068170582)
0(0.0, 1.7876652501434294)
0(0.0, 1.7865471845654344)
0(0.0, 1.7864355244518018)
0(0.0, 1.786355435206381)
0(0.0, 1.7814175451045493)
0(0.0, 1.7813573530940592)
0(0.0, 1.7804904837781623)
0(0.0, 1.7795544057031003)
0(0.0, 1.778729839014486)
0(0.0, 1.7785319556293886)
0(0.0, 1.7781582774080165)
0(0.0, 1.7771164367739587)
0(0.0, 1.7758000347551182)
0(0.0, 1.7748130640499118)
0(0.0, 1.774470503226267)
0(0.0, 1.7729395811512292)
0(0.0, 1.7726983355904435)
0(0.0, 1.7726534632817996)
0(0.0, 1.7724615271629396)
0(0.0, 1.7720352599967162)
0(0.0, 1.7719032015871607)
0(0.0, 1.77184261692208)
0(0.0, 1.7695293834517207)
0(0.0, 1.7667546520226665)
0(0.0, 1.7660980937883217)
0(0.0, 1.7656356947518972)
0(0.0, 1.765396072659836)
0(0.0, 1.7644642990692894)
0(0.0, 1.763612759714981)
0(0.0, 1.76360689891713)
0(0.0, 1.7630637945403427)
0(0.0, 1.762518926610091)
0(0.0, 1.7622391983233343)
0(0.0, 1.7622078141223834)
0(0.0, 1.7621194421808242)
0(0.0, 1.7616723182333798)
0(0.0, 1.760532610905218)
0(0.0, 1.7600589545413883)
0(0.0, 1.7600406212451427)
0(0.0, 1.7596176606670333)
0(0.0, 1.7588544096640861)
0(0.0, 1.7580671701326753)
0(0.0, 1.7579503380436274)
0(0.0, 1.7533688547131223)
0(0.0, 1.753137990810804)
0(0.0, 1.7529528430354255)
0(0.0, 1.7499819065460018)
0(0.0, 1.7496085037600906)
0(0.0, 1.747584217687523)
0(0.0, 1.7469283395843909)
0(0.0, 1.7463790068913074)
0(0.0, 1.7454434649694204)
0(0.0, 1.7451987343723716)
0(0.0, 1.7446027521020029)
0(0.0, 1.7440069414718729)
0(0.0, 1.7433948544457532)
0(0.0, 1.7432612480732745)
0(0.0, 1.7415857259251366)
0(0.0, 1.7408529705590434)
0(0.0, 1.740291061456282)
0(0.0, 1.7396598390862699)
0(0.0, 1.7369018105187866)
0(0.0, 1.7365178958687788)
0(0.0, 1.7356059171607638)
0(0.0, 1.7344822016239694)
0(0.0, 1.7343522838895529)
0(0.0, 1.7341902686933708)
0(0.0, 1.7338230707953335)
0(0.0, 1.7335129763971386)
0(0.0, 1.7329140967959262)
0(0.0, 1.7327175585788326)
0(0.0, 1.7283382057809762)
0(0.0, 1.7278149526553452)
0(0.0, 1.7274835942645983)
0(0.0, 1.7256354523529327)
0(0.0, 1.724843899592664)
0(0.0, 1.7245172990397435)
0(0.0, 1.7225169332183212)
0(0.0, 1.722092986237368)
0(0.0, 1.7213213608888567)
0(0.0, 1.7187914401165139)
0(0.0, 1.717053219822486)
0(0.0, 1.7169678163241209)
0(0.0, 1.7161781200925026)
0(0.0, 1.715302020065032)
0(0.0, 1.7143960652493446)
0(0.0, 1.7113588638288701)
0(0.0, 1.7093250557977668)
0(0.0, 1.709249527465449)
0(0.0, 1.7088150148349044)
0(0.0, 1.7051227260125785)
0(0.0, 1.704566535403802)
0(0.0, 1.7037919016544367)
0(0.0, 1.7037236089981829)
0(0.0, 1.702742147663376)
0(0.0, 1.701364250493234)
0(0.0, 1.6997046643954046)
0(0.0, 1.6989879195939888)
0(0.0, 1.698851977584204)
0(0.0, 1.6987593851365594)
0(0.0, 1.6954443294189598)
0(0.0, 1.6940473193051442)
0(0.0, 1.6924656908959106)
0(0.0, 1.6904040804500966)
0(0.0, 1.6895762267006407)
0(0.0, 1.6892805604581922)
0(0.0, 1.6884005398823712)
0(0.0, 1.6882672106162007)
0(0.0, 1.6878814696955728)
0(0.0, 1.6875754245831465)
0(0.0, 1.6833970331267787)
0(0.0, 1.6819267002839107)
0(0.0, 1.679724647574633)
0(0.0, 1.6785336309267558)
0(0.0, 1.6784478332562633)
0(0.0, 1.6782858904331326)
0(0.0, 1.6774795948775463)
0(0.0, 1.6681345292027239)
0(0.0, 1.6675688848810193)
0(0.0, 1.6669344286734395)
0(0.0, 1.6667793357078184)
0(0.0, 1.665821088843042)
0(0.0, 1.66529736240086)
0(0.0, 1.6650755820404266)
0(0.0, 1.6649784293434002)
0(0.0, 1.6645159600446051)
0(0.0, 1.664375715847813)
0(0.0, 1.6643609518705114)
0(0.0, 1.6629077357200197)
0(0.0, 1.6610584799646206)
0(0.0, 1.6593632972041685)
0(0.0, 1.659324713789722)
0(0.0, 1.659320164473886)
0(0.0, 1.6592220104751598)
0(0.0, 1.6585389302559075)
0(0.0, 1.6580296032764301)
0(0.0, 1.657264584523377)
0(0.0, 1.6571478777238893)
0(0.0, 1.6554390327924027)
0(0.0, 1.655153329925105)
0(0.0, 1.6550239011827301)
0(0.0, 1.6548242149136754)
0(0.0, 1.654275761452678)
0(0.0, 1.6533323151751462)
0(0.0, 1.652924339494928)
0(0.0, 1.6518186683239178)
0(0.0, 1.6516479678816076)
0(0.0, 1.650693088043886)
0(0.0, 1.6503727209312882)
0(0.0, 1.65022901658451)
0(0.0, 1.6488723854987821)
0(0.0, 1.6468533009720923)
0(0.0, 1.6461994436608731)
0(0.0, 1.6456791705661773)
0(0.0, 1.6456505469026506)
0(0.0, 1.6456446700637601)
0(0.0, 1.643844049576807)
0(0.0, 1.6434965879054009)
0(0.0, 1.6433739341156444)
0(0.0, 1.636648836154258)
0(0.0, 1.6338683732037773)
0(0.0, 1.6316173689175568)
0(0.0, 1.630940366147869)
0(0.0, 1.630791620730416)
0(0.0, 1.629228484893744)
0(0.0, 1.6287544974562904)
0(0.0, 1.6282050923569462)
0(0.0, 1.626092969448491)
0(0.0, 1.6251119701019536)
0(0.0, 1.624989347473943)
0(0.0, 1.6236778472178004)
0(0.0, 1.6232034607040953)
0(0.0, 1.622695968255293)
0(0.0, 1.6219382677619654)
0(0.0, 1.621518313254186)
0(0.0, 1.6198290830610247)
0(0.0, 1.619506412509153)
0(0.0, 1.6188963505440832)
0(0.0, 1.6187307336845407)
0(0.0, 1.6186624092761892)
0(0.0, 1.618014448554106)
0(0.0, 1.616819907981908)
0(0.0, 1.6157171370690713)
0(0.0, 1.6156039338797932)
0(0.0, 1.6151738927487986)
0(0.0, 1.614688598156197)
0(0.0, 1.6138722788474773)
0(0.0, 1.6124422458930918)
0(0.0, 1.6124114975172765)
0(0.0, 1.612012394885702)
0(0.0, 1.6120015894965074)
0(0.0, 1.6097910333307852)
0(0.0, 1.6097607847172943)
0(0.0, 1.6069507331823079)
0(0.0, 1.606761144627277)
0(0.0, 1.6044218989701613)
0(0.0, 1.6010224638901005)
0(0.0, 1.5994952368214255)
0(0.0, 1.5982970039624147)
0(0.0, 1.5959168468765863)
0(0.0, 1.5958517990295311)
0(0.0, 1.5919956293160373)
0(0.0, 1.591552007276713)
0(0.0, 1.5902713969072406)
0(0.0, 1.5894605302250924)
0(0.0, 1.5880700081533115)
0(0.0, 1.5857884293622013)
0(0.0, 1.585446360964748)
0(0.0, 1.5852309293399187)
0(0.0, 1.5844865210312575)
0(0.0, 1.5830172037466406)
0(0.0, 1.5829535975549223)
0(0.0, 1.5795458279250751)
0(0.0, 1.5789637444410258)
0(0.0, 1.578937792555408)
0(0.0, 1.5776093214578666)
0(0.0, 1.5764072756631362)
0(0.0, 1.5761160806962171)
0(0.0, 1.5758760129634475)
0(0.0, 1.5711832636448753)
0(0.0, 1.57010601712742)
0(0.0, 1.569435856736798)
0(0.0, 1.5692746836563414)
0(0.0, 1.567087425318318)
0(0.0, 1.5667088091165235)
0(0.0, 1.5658921997430229)
0(0.0, 1.5647435931609974)
0(0.0, 1.5632250706653312)
0(0.0, 1.5631761638590642)
0(0.0, 1.5623219116674283)
0(0.0, 1.5622472127799016)
0(0.0, 1.5580021836683045)
0(0.0, 1.557055258131138)
0(0.0, 1.554355539464971)
0(0.0, 1.5531731440198258)
0(0.0, 1.550846003796093)
0(0.0, 1.5502025563901418)
0(0.0, 1.5471959020451502)
0(0.0, 1.543807812438605)
0(0.0, 1.5423663237819112)
0(0.0, 1.5412465309901733)
0(0.0, 1.540812189612214)
0(0.0, 1.5404266679972187)
0(0.0, 1.537267152048022)
0(0.0, 1.5312549581561774)
0(0.0, 1.5285184568778405)
0(0.0, 1.5264887802320983)
0(0.0, 1.5143877124607334)
0(0.0, 1.5059793123495762)
