1(3.2134796904499905, 3.2581447477015972)
1(3.2138821135601705, 3.255087329879748)
1(3.216745976777395, 3.233545322364686)
1(3.2115866409617513, 3.22574545128729)
1(3.2208323700255725, 3.2246441488164996)
1(3.181619210870674, 3.182635208647192)
0(0.0, inf)
0(0.0, 12.799941393510268)
0(0.0, 10.218393176847439)
0(0.0, 9.530121249710438)
0(0.0, 8.831563119658167)
0(0.0, 8.20076800406397)
0(0.0, 8.04235682727876)
0(0.0, 7.940962926264014)
0(0.0, 7.81674327989587)
0(0.0, 6.76012927908214)
0(0.0, 6.670828783352955)
0(0.0, 6.585955893193382)
0(0.0, 6.418979391317127)
0(0.0, 6.3898850646559575)
0(0.0, 6.111847272484646)
0(0.0, 6.03324933999996)
0(0.0, 6.005701918421879)
0(0.0, 5.997971981392084)
0(0.0, 5.854110889302588)
0(0.0, 5.710172702948449)
0(0.0, 5.684807417290252)
0(0.0, 5.67213147323211)
0(0.0, 5.463485562728258)
0(0.0, 5.442550806688745)
0(0.0, 5.436435207980133)
0(0.0, 5.281573905142157)
0(0.0, 5.226540848684434)
0(0.0, 5.220123959627209)
0(0.0, 5.2120065397632445)
0(0.0, 5.206757117654603)
0(0.0, 5.1834543999545515)
0(0.0, 5.157302236005638)
0(0.0, 5.141328688451814)
0(0.0, 5.12649100773438)
0(0.0, 5.0990506897098316)
0(0.0, 5.047237650051285)
0(0.0, 5.044926747523952)
0(0.0, 4.927018392832121)
0(0.0, 4.922870821425463)
0(0.0, 4.914101355260048)
0(0.0, 4.76033048468189)
0(0.0, 4.755873170722734)
0(0.0, 4.704674763131784)
0(0.0, 4.697237145728709)
0(0.0, 4.690216653384886)
0(0.0, 4.683710899441429)
0(0.0, 4.6394652948028146)
0(0.0, 4.632218127514584)
0(0.0, 4.576756955209508)
0(0.0, 4.47335501700837)
0(0.0, 4.193948700687449)
0(0.0, 4.102643337283777)
0(0.0, 4.082217693722076)
0(0.0, 4.060443488884418)
0(0.0, 4.0467328235392195)
0(0.0, 4.026264063394017)
0(0.0, 4.014376941129927)
0(0.0, 4.011597965605473)
0(0.0, 3.9651242815738215)
0(0.0, 3.9477563365785704)
0(0.0, 3.8726210739496674)
0(0.0, 3.8699331479769308)
0(0.0, 3.8626347809528223)
0(0.0, 3.852186832617689)
0(0.0, 3.8450782289129304)
0(0.0, 3.8347904633466254)
0(0.0, 3.822742157532673)
0(0.0, 3.803298228404388)
0(0.0, 3.783478584031638)
0(0.0, 3.779461386923806)
0(0.0, 3.740541158953333)
0(0.0, 3.738638417990119)
0(0.0, 3.6898697632200204)
0(0.0, 3.6399370371507187)
0(0.0, 3.633705536236064)
0(0.0, 3.626002921697485)
0(0.0, 3.6233894831355213)
0(0.0, 3.623333708028252)
0(0.0, 3.6230259066603097)
0(0.0, 3.6165448437687595)
0(0.0, 3.613155614509456)
0(0.0, 3.6078971143465663)
0(0.0, 3.601468588150925)
0(0.0, 3.600645765494991)
0(0.0, 3.5938494982277627)
0(0.0, 3.5761727565224173)
0(0.0, 3.5626105573822877)
0(0.0, 3.5581405998054945)
0(0.0, 3.5573114601640206)
0(0.0, 3.5520755249077443)
0(0.0, 3.537901060279741)
0(0.0, 3.531648237747098)
0(0.0, 3.5292866336913793)
0(0.0, 3.5131863309871667)
0(0.0, 3.5092851618288674)
0(0.0, 3.5011101585153837)
0(0.0, 3.461846598859975)
0(0.0, 3.4545303701995413)
0(0.0, 3.4531002375847843)
0(0.0, 3.4486463067181012)
0(0.0, 3.439464066675789)
0(0.0, 3.4353251596166516)
0(0.0, 3.432599073119811)
0(0.0, 3.432282993309251)
0(0.0, 3.430727139899369)
0(0.0, 3.423333544075931)
0(0.0, 3.422089474759356)
0(0.0, 3.41692643082558)
0(0.0, 3.4136828420948615)
0(0.0, 3.412519961994)
0(0.0, 3.402668693566661)
0(0.0, 3.4012043282836264)
0(0.0, 3.3911886481791496)
0(0.0, 3.3908118861286076)
0(0.0, 3.3860905774527685)
0(0.0, 3.3851741358447707)
0(0.0, 3.3844286780795914)
0(0.0, 3.3814010740385587)
0(0.0, 3.3776911534562992)
0(0.0, 3.3557886043788776)
0(0.0, 3.3524035037376607)
0(0.0, 3.3520842237570783)
0(0.0, 3.350142488032441)
0(0.0, 3.3470311793684386)
0(0.0, 3.345161646704051)
0(0.0, 3.3439445573141757)
0(0.0, 3.339928309295989)
0(0.0, 3.3362482676419014)
0(0.0, 3.3340441106694763)
0(0.0, 3.3338764467142665)
0(0.0, 3.330073042569563)
0(0.0, 3.3169233629135864)
0(0.0, 3.299212228759571)
0(0.0, 3.296634834036065)
0(0.0, 3.277391486499117)
0(0.0, 3.2746890432524793)
0(0.0, 3.272526816739445)
0(0.0, 3.2711469277536636)
0(0.0, 3.2703505869123437)
0(0.0, 3.2673504378610136)
0(0.0, 3.2524869419417533)
0(0.0, 3.2447548918673417)
0(0.0, 3.236132658414961)
0(0.0, 3.2298428418305063)
0(0.0, 3.210881949214187)
0(0.0, 3.206575698246823)
0(0.0, 3.205336266226746)
0(0.0, 3.2045966874498295)
0(0.0, 3.203802771543055)
0(0.0, 3.200801217057869)
0(0.0, 3.196694374875292)
0(0.0, 3.196022073397845)
0(0.0, 3.1887032625135134)
0(0.0, 3.1858257070519165)
0(0.0, 3.1750620354228745)
0(0.0, 3.174716626011101)
0(0.0, 3.1743357646903934)
0(0.0, 3.161677484810875)
0(0.0, 3.151176405144849)
0(0.0, 3.121987587172632)
0(0.0, 3.1142654347890186)
0(0.0, 3.09257855235284)
0(0.0, 3.0825195864278867)
0(0.0, 3.08019174289979)
0(0.0, 3.073535115912313)
0(0.0, 3.0664799259495505)
0(0.0, 3.0556963528849344)
0(0.0, 3.0522495179956755)
0(0.0, 3.0451045789518028)
0(0.0, 3.031172036382892)
0(0.0, 3.0199032493449716)
0(0.0, 3.0124856548467434)
0(0.0, 3.006792644385044)
0(0.0, 3.0042698511033032)
0(0.0, 3.00408134570521)
0(0.0, 2.970024687871893)
0(0.0, 2.969575837995779)
0(0.0, 2.963567262358467)
0(0.0, 2.95735901115333)
0(0.0, 2.9553083600928813)
0(0.0, 2.9458732062701087)
0(0.0, 2.9301629421522524)
0(0.0, 2.9232854530705428)
0(0.0, 2.909006830296071)
0(0.0, 2.9080506573837885)
0(0.0, 2.8907192354693327)
0(0.0, 2.885084914494574)
0(0.0, 2.884768723305246)
0(0.0, 2.8829327280601342)
0(0.0, 2.882561025345487)
0(0.0, 2.8759244058516833)
0(0.0, 2.875558747739691)
0(0.0, 2.8717946407859256)
0(0.0, 2.8653537034029175)
0(0.0, 2.8617158496365893)
0(0.0, 2.8570938346446093)
0(0.0, 2.855784257805494)
0(0.0, 2.851638624425738)
0(0.0, 2.8388713476791105)
0(0.0, 2.8339620635173524)
0(0.0, 2.8247034373229125)
0(0.0, 2.8225360662524848)
0(0.0, 2.8177776142610664)
0(0.0, 2.8157217589290697)
0(0.0, 2.8100702561685207)
0(0.0, 2.805090272223136)
0(0.0, 2.801647325764369)
0(0.0, 2.7966414602912417)
0(0.0, 2.7956111532243564)
0(0.0, 2.7902127022402126)
0(0.0, 2.7886446397878517)
0(0.0, 2.78242104660762)
0(0.0, 2.7783239773784834)
0(0.0, 2.750275625726635)
0(0.0, 2.744017267352275)
0(0.0, 2.704808997592984)
