1(0.06981144797510919, 0.08779285080995392)
1(0.04783211819913358, 0.06462813057708117)
1(0.06712334528759567, 0.08239552769885528)
1(0.0470728895193786, 0.06227955844642097)
1(0.07980069069453644, 0.09422480830679547)
1(0.05844161669415704, 0.0720527876711271)
1(0.04237852910165252, 0.05596432701520693)
1(0.047671947511003676, 0.060996365233093486)
1(0.08213042798276926, 0.09542644919358434)
1(0.05881910631763809, 0.07202083528989223)
1(0.0418300787485667, 0.055003239247419455)
1(0.04891049276541648, 0.06191795236629016)
1(0.05312938307126036, 0.06571365183962308)
1(0.049715272656046805, 0.06177788813089036)
1(0.05263935009829235, 0.06464973019186271)
1(0.03332841825376531, 0.04502639948684761)
1(0.04667964882088149, 0.057973005756899565)
1(0.061865446990566064, 0.07258636462412227)
1(0.04584610600670325, 0.0562823184121799)
1(0.04627906923356717, 0.05671076341374104)
1(0.0395750702071096, 0.04997264750164021)
1(0.028806491229901643, 0.039198948615696394)
1(0.05090825286164513, 0.061237162684787516)
1(0.037131350521018125, 0.047449828582865505)
1(0.03674517934985955, 0.04699976487692126)
1(0.053424231104094444, 0.06352661940068283)
1(0.07110088909357115, 0.08119579751138484)
1(0.050718771621626635, 0.06073482044574785)
1(0.031001631237355443, 0.040853122420159926)
1(0.04242875585282879, 0.052222594734255834)
1(0.043633533894536836, 0.0532981101757638)
1(0.05268185665024061, 0.062209585800818035)
1(0.0631822116296561, 0.07227596969415051)
1(0.05052199578275396, 0.0595900354901574)
1(0.03193333064374182, 0.040961748021324906)
1(0.04725179024742232, 0.05612673745138308)
1(0.029839579779214587, 0.03871062096858324)
1(0.05142850310441771, 0.06021566044616966)
1(0.06720723752684332, 0.07584518233634818)
1(0.04164112662592079, 0.05025079538950883)
1(0.04257046271013254, 0.05112099584472507)
1(0.05031278593678845, 0.05884687581487147)
1(0.06758241027836998, 0.07598981218091494)
1(0.06374252063549157, 0.07210042952222895)
1(0.03580880201744352, 0.04413773930959308)
1(0.0540370610521127, 0.062330807416599465)
1(0.04502440480342429, 0.05330095432493254)
1(0.046603276064459576, 0.05480528839727006)
1(0.06954197349217162, 0.07764244525647668)
1(0.05328199931354294, 0.061354682213827005)
1(0.04909279292904989, 0.057085679269748724)
1(0.03182610178034917, 0.03977530917006955)
1(0.058126729236674946, 0.0660284756075129)
1(0.054462107718178276, 0.06227955844642097)
1(0.05506157303217174, 0.06278089380836971)
1(0.05289789190921035, 0.06057529083420188)
1(0.03836230297585408, 0.04602723238861328)
1(0.05109200825420146, 0.05873848698555462)
1(0.07771085111183473, 0.0852738637576288)
1(0.04421752134857171, 0.05172492456578526)
1(0.04733900597347662, 0.05472540150323113)
1(0.0582428500572143, 0.06558156736212528)
1(0.04796917725033911, 0.05530541755852636)
1(0.05597995199019745, 0.06331083494867928)
1(0.04773553117330265, 0.0549668493218296)
1(0.048804146751419974, 0.055942666012249176)
1(0.04815125417993216, 0.05526924349974749)
1(0.061782166864077226, 0.06888811779267678)
1(0.049009691169574876, 0.056060824706225976)
1(0.034022632532652586, 0.04100648049711941)
1(0.048881874230846, 0.05582130800661789)
1(0.039080109088480475, 0.045999566115822677)
1(0.053785120036385026, 0.06067808270364439)
1(0.04336734709535539, 0.05019456174521053)
1(0.048852809082279514, 0.055668242886320884)
1(0.05268827672627363, 0.05949288550278109)
1(0.04527650587633025, 0.052056833594680274)
1(0.05996951235016312, 0.06674776053422271)
1(0.031487403992674246, 0.03809797911594315)
1(0.0533597967584436, 0.05996527850030953)
1(0.06746871432105084, 0.07406726063901192)
1(0.04354173191610411, 0.050097797501882924)
1(0.0386097225800307, 0.04513912170664458)
1(0.05611634574966429, 0.06248854480366861)
1(0.05548017731196875, 0.06184077693438006)
1(0.06516712681446324, 0.0714867755585954)
1(0.042207465265830746, 0.04851216959602078)
1(0.09762576440115978, 0.10391946853996326)
1(0.06094055592080583, 0.06720603735818176)
1(0.09163219298940961, 0.09787829827122596)
1(0.04970270919606945, 0.055935215450826914)
1(0.03192342180792784, 0.03809042264771467)
1(0.030058233584144278, 0.0362231171501225)
1(0.07757589857192193, 0.0836624594670089)
1(0.04518792867123955, 0.05126330884767494)
1(0.03338671005932725, 0.03943237178710224)
1(0.054915682302808744, 0.06095543562160022)
1(0.07742997759988846, 0.08346223656893381)
1(0.03160605295279839, 0.037617746417162645)
1(0.07267848101594554, 0.07861998818904825)
1(0.052087613850887005, 0.057973005756899565)
1(0.03131426075945387, 0.03714816912290919)
1(0.044917787187265135, 0.05071108235471311)
1(0.03850135191535298, 0.04429361664175202)
1(0.05376765583877163, 0.05953220308161178)
1(0.05515592381891998, 0.06091962373323634)
1(0.11374151152009548, 0.11949421470818089)
1(0.05029157593568356, 0.05578060483494707)
1(0.06163614553465302, 0.06712498121790489)
1(0.04954572463127216, 0.05502505093249144)
1(0.040806108234115235, 0.046247176097665155)
1(0.06446159408343155, 0.06983605126827386)
1(0.041387590916606154, 0.04674722126240105)
1(0.03153960972388414, 0.03687459034322216)
1(0.053398133911590207, 0.05867786381166418)
1(0.04797206304263446, 0.053215177414801196)
1(0.054608748794626405, 0.059845095075057086)
1(0.0463643120631243, 0.051574338885795545)
1(0.049238922133516105, 0.054448061394590797)
1(0.046229264353865096, 0.051425633419300176)
1(0.050277119519678726, 0.055424455763492864)
1(0.04613515374811017, 0.05127638394479994)
1(0.06655017856929735, 0.07168654618169745)
1(0.060539058162130344, 0.06567018664266355)
1(0.050639592350389284, 0.05574811014320746)
1(0.054814323739800885, 0.05986907761982907)
1(0.048605254021885314, 0.05362109703605822)
1(0.04376449502488844, 0.04876519457995687)
1(0.030514568234015216, 0.03550093555732625)
1(0.0788687703645965, 0.08384643965537164)
1(0.06177021869582344, 0.06672755108883677)
1(0.03789241421918499, 0.0428339060774503)
1(0.04352593965596785, 0.04844444402796355)
1(0.03718763034445416, 0.04209195045329073)
1(0.04045038293207115, 0.04534888412859195)
1(0.0568586260141164, 0.06170721127924983)
1(0.06779219276040793, 0.07261721588478087)
1(0.07372189955708242, 0.07852508507815159)
1(0.045719819271052065, 0.050510817715986756)
1(0.05131174575496167, 0.05608304935796793)
1(0.04665151822271019, 0.05138145627034252)
1(0.033272161160936675, 0.03798040566886929)
1(0.03498012610408985, 0.03964079955583821)
1(0.08484226780266424, 0.08945539669915192)
1(0.05229488669097904, 0.05689173516366919)
1(0.06014802278275155, 0.06473664901070508)
1(0.03188140046867771, 0.03644436663776662)
1(0.05413428077194238, 0.058689508476482355)
1(0.03503828270870035, 0.039565168865773326)
1(0.033900108964106335, 0.038417363212307154)
1(0.03793530429732095, 0.04244540749060399)
1(0.03924488436024609, 0.043734142458092706)
1(0.031016898744835264, 0.03550093555732625)
1(0.04483517891008304, 0.04928173284220205)
1(0.04791278849524716, 0.05235721969434215)
1(0.03523261970046432, 0.03964079955583821)
1(0.046753532082493, 0.05114227394672388)
1(0.04041271732878082, 0.044789707030324366)
1(0.05199090593153288, 0.05631323530810428)
1(0.03403955699339767, 0.03832924994424469)
1(0.04354677670946483, 0.04782811579706192)
1(0.04573072497471786, 0.05000450896595665)
1(0.03779430901248748, 0.042048757800375314)
1(0.04158084737978651, 0.04577953778064814)
1(0.06316333825157983, 0.0673089633225612)
1(0.05113991694004916, 0.05528513950761438)
1(0.0703862478704742, 0.07450692418319593)
1(0.04512678074504828, 0.04923778304983306)
1(0.03952715503177784, 0.04361437449300909)
1(0.04189909094912514, 0.04591894636803473)
1(0.047719254417413426, 0.051728348182519035)
1(0.03937431827390403, 0.04338056483577335)
1(0.0472107034811553, 0.05118618946323217)
1(0.04423671845832833, 0.04821205820704866)
1(0.031170120862370476, 0.035121227203172456)
1(0.04992569869976371, 0.05386232145886927)
1(0.031164191006860964, 0.035049125805301395)
1(0.04712554675016922, 0.0509910337758005)
1(0.05542982067624358, 0.0592422173127628)
1(0.048563580178726196, 0.052366965451791425)
1(0.037236564667243455, 0.0410368696184662)
1(0.038790312830020546, 0.04258080346403015)
1(0.045962687319259676, 0.049751214954463996)
1(0.039685715974189906, 0.04343853034911804)
1(0.04214839379480573, 0.04587527006318992)
1(0.05224385833943612, 0.055942666012249176)
1(0.039805807092255785, 0.043498686917562424)
1(0.05755302922751304, 0.061237162684787516)
1(0.05751245771103797, 0.0611642219404831)
1(0.046306880415899254, 0.04995527886988471)
1(0.05195577016875119, 0.05560235786558565)
1(0.045978841929787406, 0.04960851772208297)
1(0.056359976016509994, 0.059978737094942614)
1(0.07685218955205109, 0.08046002683385012)
1(0.04525819828684441, 0.048857080116983975)
1(0.05089398843476567, 0.054373151451285184)
1(0.05285698228554414, 0.05631323530810428)
1(0.06981746191217097, 0.07324999801758936)
1(0.03826383325918614, 0.04161945460066696)
1(0.04870194200412248, 0.05198106229305699)
1(0.03809987820760863, 0.041369032752175294)
1(0.035333846716942174, 0.03858679548277255)
1(0.0610583744156189, 0.06427148584476416)
1(0.048053735967868993, 0.051263086804056224)
1(0.04588344479201989, 0.04908343592951159)
1(0.03447624244713221, 0.03766152980477733)
1(0.044533791313282944, 0.04771626112604277)
1(0.05437255199275215, 0.05754286673340303)
1(0.06045093782089228, 0.06350145079081615)
1(0.05357280864475167, 0.05659568376454349)
1(0.07414378392323984, 0.0771394918332109)
1(0.03734741757733784, 0.040323644138464454)
1(0.050892859503648524, 0.05386232145886927)
1(0.06406765387594338, 0.06703462115189618)
1(0.08339017259156056, 0.08633747657606727)
1(0.039176000273281386, 0.04210669064363526)
1(0.050446302916407726, 0.05337180948790121)
1(0.03275403000712973, 0.035675316631707976)
1(0.061801762534535065, 0.06464973019186271)
1(0.03657834782923275, 0.039353550105536206)
1(0.04576810182606528, 0.04851762332942666)
1(0.056459834887967464, 0.059203459649326384)
1(0.051266073061505324, 0.0540027331164834)
1(0.04367834535176718, 0.046409493266464485)
1(0.062337396854803884, 0.0650494465178798)
1(0.04530157935652557, 0.04799824165688382)
1(0.05417975376666073, 0.056862119206306905)
1(0.05083068975283944, 0.05349063499101103)
1(0.04490408299020843, 0.047555567111418506)
1(0.06077426254636231, 0.06342500140818652)
1(0.05548694188020986, 0.05811992702609503)
1(0.0492525550341083, 0.05184739893171919)
1(0.051811806933363624, 0.05437454839664091)
1(0.033215056402481236, 0.03573974332094765)
1(0.032112239888352434, 0.03462733797910922)
1(0.05441827561985757, 0.05691823082635883)
1(0.05946222780277455, 0.06194918558117213)
1(0.08435263506011614, 0.08682825747653511)
1(0.04538381051130125, 0.047816538015129084)
1(0.05140126393719713, 0.05383344256869527)
1(0.03675939164368791, 0.039171336325168116)
1(0.04861056899416161, 0.05097644252475675)
1(0.05822515673787376, 0.06057529083420188)
1(0.041400226990239264, 0.04374257086283784)
1(0.047090621520903486, 0.049388147360489465)
1(0.05312641085378633, 0.055417601857299825)
1(0.06642975898172998, 0.06869866108308798)
1(0.03251642318775938, 0.03477570242919148)
1(0.06594532111389195, 0.06819414470286611)
1(0.03395927913189356, 0.0362057464955684)
1(0.042020599507729295, 0.04422932771502763)
1(0.06073825697362212, 0.06290238397837777)
1(0.049923805339364136, 0.052056833594680274)
1(0.04515517441431327, 0.04723754443763184)
1(0.06836664571638518, 0.07043744588088208)
1(0.05243434039742412, 0.05450441749805102)
1(0.045003228311387256, 0.047053371199541894)
1(0.03888982169590882, 0.0409230569359853)
1(0.053133296282681486, 0.05514569221056709)
1(0.05299228511507814, 0.05498430794997522)
1(0.05040994300165291, 0.05238951947500314)
1(0.045557477218725384, 0.04752845084201707)
1(0.04770684569124206, 0.04965644622324816)
1(0.0357459043102939, 0.037656881301039946)
1(0.07340918869552426, 0.07531512815274954)
1(0.0587118624915397, 0.06054911887190406)
1(0.055281421686948495, 0.05711475835128166)
1(0.03748523170694584, 0.039308314351848006)
1(0.053459488036810776, 0.055276348629516914)
1(0.07904849140401826, 0.08085417334251488)
1(0.05662145768432869, 0.05837874583176672)
1(0.03592528404819395, 0.03766152980477733)
1(0.05320191051565959, 0.054937821227057704)
1(0.0513274036962067, 0.053040881257738315)
1(0.0492488245737166, 0.05094725251249721)
1(0.04996374487468713, 0.05164527009627573)
1(0.03949690490640345, 0.04117536791941878)
1(0.04085163349081111, 0.042523652406505685)
1(0.03780408369804744, 0.039412644446491396)
1(0.03903185889437488, 0.04063214580006913)
1(0.051788515864264806, 0.0533333443617654)
1(0.043315266576647415, 0.044853099497039084)
1(0.054661722308047, 0.05619773649007209)
1(0.05467474312730203, 0.05619773649007209)
1(0.0472607079506131, 0.04876835219829734)
1(0.04066341339786028, 0.04213148514290521)
1(0.04926437643965642, 0.05072141654112272)
1(0.03425835776210717, 0.03569988755078457)
1(0.10417587588399535, 0.10561687355157123)
1(0.038773267041612436, 0.040204696081553526)
1(0.07689993457018551, 0.07830526538678784)
1(0.033793600412103775, 0.0351984176346416)
1(0.06653147296913031, 0.06793361697984679)
1(0.04388787159363605, 0.045283249924850555)
1(0.052575834681457545, 0.05396933099591339)
1(0.04234990332143673, 0.04373578306988268)
1(0.047799400919854906, 0.04918349801554989)
1(0.04989224506595202, 0.051263086804056224)
1(0.031329988547690424, 0.03269091215441133)
1(0.05434006248890755, 0.05568571620073837)
1(0.06583321009330345, 0.06717153731957248)
1(0.07620075277697891, 0.07751444348911307)
1(0.040182992637760706, 0.04144649403427891)
1(0.04122020718002706, 0.04246948358133007)
1(0.04690029730601597, 0.04812637790567642)
1(0.049907355811212084, 0.05113099324093562)
1(0.05809275693796545, 0.05928525783204075)
1(0.055692059313685816, 0.05687955074785778)
1(0.05265818700003555, 0.05383344256869527)
1(0.03149752676506279, 0.03266225718975524)
1(0.05463818167791068, 0.055792492074491995)
1(0.03736887165705216, 0.03850940851976803)
1(0.029115739583359113, 0.030252213924758964)
1(0.0829004673069611, 0.0840347630177114)
1(0.04257190326077065, 0.04369321244597124)
1(0.04475973834909541, 0.04587527006318992)
1(0.04939697422611056, 0.050510817715986756)
1(0.04888374254003047, 0.04997264750164021)
1(0.04097478436067381, 0.04203028542004328)
1(0.032820199121442406, 0.03384333820079488)
1(0.0649376237760444, 0.06595477799877969)
1(0.05455383019033422, 0.055557910407778244)
1(0.04386622266244011, 0.04486125181173928)
1(0.04092785975698021, 0.04188192593712481)
1(0.04062127548829764, 0.04157392834773521)
1(0.06338095979225622, 0.06433103559408693)
1(0.037258489094360026, 0.03818857638260931)
1(0.05606854544100626, 0.05699321379884126)
1(0.0685302036862977, 0.06940095530979074)
1(0.07274844758140486, 0.07361703280480869)
1(0.03926120774649988, 0.040113405485992626)
1(0.03501115611408512, 0.03584846090280858)
1(0.05351673029994197, 0.054344570440075235)
1(0.07428373921011233, 0.07509378591228977)
1(0.05160900023705539, 0.052416368742268404)
1(0.03986089061710163, 0.04063214580006913)
1(0.0572701274941374, 0.05803678487155395)
1(0.04341323268724773, 0.04416148373662554)
1(0.056278133413992015, 0.05701312055853258)
1(0.06097921532551975, 0.06170721127924983)
1(0.03856224823269827, 0.03928618793049643)
1(0.05393032237661022, 0.05464480228437851)
1(0.041726415790341975, 0.04243949405208658)
1(0.07766704049199591, 0.07838005993416197)
1(0.10088515340691206, 0.10159730354885621)
1(0.05597766670119175, 0.05654836558071008)
1(0.039252740702019784, 0.039821533223104555)
1(0.07232094217393548, 0.07287655396979453)
1(0.04363507240705, 0.044188656895893796)
1(0.04575737663154178, 0.046295572561862786)
1(0.06794443186453059, 0.06844523385087453)
1(0.054593632485595234, 0.05508272318884022)
1(0.05376031721423957, 0.05421920951342063)
1(0.04637678553423308, 0.046821436750876244)
1(0.03227964093561164, 0.03269091215441133)
1(0.035538619979752606, 0.03591808990480805)
1(0.05063571871409933, 0.051006465539972345)
1(0.0623305769816942, 0.06269947188899716)
1(0.073755041186914, 0.07406726063901192)
1(0.03301054846844509, 0.03331222694983493)
1(0.035731118561295294, 0.03600994468136576)
1(0.03773087719938495, 0.038006891655194774)
1(0.049400848854583956, 0.04966402446879126)
1(0.05246077402631755, 0.05271950025722727)
1(0.05304020725785086, 0.0532981101757638)
1(0.0533560535955907, 0.053608660553292053)
1(0.05361487636424067, 0.053853398398561736)
1(0.05513819338081505, 0.05530541755852636)
1(0.054399809583967174, 0.05454489181177924)
1(0.04896976868491332, 0.0490681052754629)
1(0.06359966429241526, 0.06366116466753347)
1(0.041845899680903687, 0.04189723033254944)
1(0.058886839617717346, 0.05891349654974032)
1(0.04770870932804527, 0.04771626112604277)
0(0.0, inf)
0(0.0, 0.7797811129090212)
0(0.0, 0.5021687251842095)
0(0.0, 0.17329745814233455)
0(0.0, 0.12232240453065957)
0(0.0, 0.1217584478602004)
0(0.0, 0.11066579073221583)
0(0.0, 0.10872873816349637)
0(0.0, 0.09494087445982513)
0(0.0, 0.09308643753172774)
0(0.0, 0.08885938478093891)
0(0.0, 0.08839960404258618)
0(0.0, 0.0771684755883798)
0(0.0, 0.07652511716309562)
0(0.0, 0.07607690934437283)
0(0.0, 0.07561035529201898)
0(0.0, 0.07490204571506076)
0(0.0, 0.0742528882813106)
0(0.0, 0.07378654164873788)
0(0.0, 0.07088169601727867)
0(0.0, 0.07004959623282947)
0(0.0, 0.06964843536648202)
0(0.0, 0.06954686601492432)
0(0.0, 0.06929145329200725)
0(0.0, 0.06900924366854355)
0(0.0, 0.06779873186568586)
0(0.0, 0.06714024943485841)
0(0.0, 0.0670905273188862)
0(0.0, 0.06597338902037242)
0(0.0, 0.06595070094018629)
0(0.0, 0.06587780866048809)
0(0.0, 0.06572225509727392)
0(0.0, 0.06556544643978213)
0(0.0, 0.06546083376518608)
0(0.0, 0.06533540503426793)
0(0.0, 0.06484855635248976)
0(0.0, 0.06374354912935964)
0(0.0, 0.06328182458590803)
0(0.0, 0.0628143601847394)
0(0.0, 0.06270594783214878)
0(0.0, 0.061387148517325074)
0(0.0, 0.06132131022607934)
0(0.0, 0.061296627172124474)
0(0.0, 0.06121805262435076)
0(0.0, 0.06001383741955457)
0(0.0, 0.059891760479328204)
0(0.0, 0.05988150134340198)
0(0.0, 0.05966045978390189)
0(0.0, 0.05949049877114765)
0(0.0, 0.05944859903710775)
0(0.0, 0.059318568873773514)
0(0.0, 0.0590486823320171)
0(0.0, 0.05902924537234733)
0(0.0, 0.05885678846797926)
0(0.0, 0.058528633906053895)
0(0.0, 0.05829720734624466)
0(0.0, 0.058059630329726164)
0(0.0, 0.057389252808670244)
0(0.0, 0.057338340754751416)
0(0.0, 0.05701773982021663)
0(0.0, 0.05700051863871214)
0(0.0, 0.056919974977800325)
0(0.0, 0.05653087372523058)
0(0.0, 0.05647218517547381)
0(0.0, 0.056259535840271546)
0(0.0, 0.056097732677098056)
0(0.0, 0.05602751184844823)
0(0.0, 0.05585594274998351)
0(0.0, 0.055583328288230205)
0(0.0, 0.055278875878637224)
0(0.0, 0.055104151543216684)
0(0.0, 0.055080207340431064)
0(0.0, 0.05467186033747562)
0(0.0, 0.05450796089802523)
0(0.0, 0.053837063829866194)
0(0.0, 0.05382166282411949)
0(0.0, 0.05292588500740614)
0(0.0, 0.05285311130459691)
0(0.0, 0.0525094406208404)
0(0.0, 0.052172969471778186)
0(0.0, 0.05215288209078728)
0(0.0, 0.0519415962927221)
0(0.0, 0.05192897571734845)
0(0.0, 0.05156549543476985)
0(0.0, 0.051361256796831345)
0(0.0, 0.05120847575375975)
0(0.0, 0.05107617293241706)
0(0.0, 0.050786013640294114)
0(0.0, 0.05073345497422055)
0(0.0, 0.05071425773500415)
0(0.0, 0.05067311904894156)
0(0.0, 0.05058355362711653)
0(0.0, 0.05056800799157235)
0(0.0, 0.05055941042865664)
0(0.0, 0.05025380300684268)
0(0.0, 0.050218867560199665)
0(0.0, 0.05017464875817612)
0(0.0, 0.05016756803614586)
0(0.0, 0.050072360145676176)
0(0.0, 0.04972404293537114)
0(0.0, 0.04960165191360533)
0(0.0, 0.04950488430177358)
0(0.0, 0.049384790226750686)
0(0.0, 0.04934265382440961)
0(0.0, 0.049101439686157544)
0(0.0, 0.04896476946493533)
0(0.0, 0.048808319012849544)
0(0.0, 0.048760358257586955)
0(0.0, 0.04874176185040646)
0(0.0, 0.04870665961352183)
0(0.0, 0.04869806471368632)
0(0.0, 0.04864616312421011)
0(0.0, 0.048634606701351335)
0(0.0, 0.04862188377989063)
0(0.0, 0.048561797062904866)
0(0.0, 0.04844968311837783)
0(0.0, 0.04837027088285806)
0(0.0, 0.048023810574129855)
0(0.0, 0.04796670058074515)
0(0.0, 0.04767579827338675)
0(0.0, 0.04758354542295973)
0(0.0, 0.047523833925238845)
0(0.0, 0.047376685981794564)
0(0.0, 0.04731519558930353)
0(0.0, 0.04730978522158158)
0(0.0, 0.04721013972565147)
0(0.0, 0.04719668356470885)
0(0.0, 0.04704804453079536)
0(0.0, 0.047035214435397044)
0(0.0, 0.04684478142855386)
0(0.0, 0.04682454696230631)
0(0.0, 0.046794878647018145)
0(0.0, 0.04679241914651555)
0(0.0, 0.04676041510521778)
0(0.0, 0.046670680691477506)
0(0.0, 0.04646725526262352)
0(0.0, 0.04614489710391523)
0(0.0, 0.04612185658543222)
0(0.0, 0.04609153966862278)
0(0.0, 0.04597550024134722)
0(0.0, 0.04594429416169277)
0(0.0, 0.04572817346929681)
0(0.0, 0.04558937541620478)
0(0.0, 0.04552761402990557)
0(0.0, 0.045438450097508354)
0(0.0, 0.0453078162283157)
0(0.0, 0.04526990581707302)
0(0.0, 0.04522285456151809)
0(0.0, 0.045189338165397386)
0(0.0, 0.04514699497315333)
0(0.0, 0.04506579332286642)
0(0.0, 0.045055313364435245)
0(0.0, 0.04503862506519196)
0(0.0, 0.04501511537722647)
0(0.0, 0.04485665292470431)
0(0.0, 0.04485133885957071)
0(0.0, 0.044830376320005194)
0(0.0, 0.04464363488269785)
0(0.0, 0.04454601357978394)
0(0.0, 0.04448008928743097)
0(0.0, 0.04444506292235373)
0(0.0, 0.044124945828743045)
0(0.0, 0.04406973082833132)
0(0.0, 0.04394897105367379)
0(0.0, 0.043870010218117206)
0(0.0, 0.04381773286872104)
0(0.0, 0.043732326816518285)
0(0.0, 0.04365012964520054)
0(0.0, 0.043317495168881504)
0(0.0, 0.04308036531627368)
0(0.0, 0.042969044181014326)
0(0.0, 0.042950344299739096)
0(0.0, 0.042937670500050484)
0(0.0, 0.04287299845681025)
0(0.0, 0.042813071312384654)
0(0.0, 0.04279730464840892)
0(0.0, 0.04273327631762025)
0(0.0, 0.04270923097918611)
0(0.0, 0.04260491957130497)
0(0.0, 0.042568711919656166)
0(0.0, 0.04254883464452086)
0(0.0, 0.04252987309497791)
0(0.0, 0.04249982265307939)
0(0.0, 0.04249267899011078)
0(0.0, 0.042384962906749535)
0(0.0, 0.04226029689839439)
0(0.0, 0.04215144557154549)
0(0.0, 0.041868886392562366)
0(0.0, 0.041847148532298095)
0(0.0, 0.041749240328717074)
0(0.0, 0.04169352797005643)
0(0.0, 0.04168713720232298)
0(0.0, 0.041588321219947044)
0(0.0, 0.04148894969335304)
0(0.0, 0.041469343332454334)
0(0.0, 0.04143494123527136)
0(0.0, 0.041398248831719164)
0(0.0, 0.04138458886545471)
0(0.0, 0.04136398434038191)
0(0.0, 0.04134772745022686)
0(0.0, 0.04134684199289784)
0(0.0, 0.04133961973039657)
0(0.0, 0.04126350438284232)
0(0.0, 0.04121594025818953)
0(0.0, 0.04111404687189091)
0(0.0, 0.04106550708039147)
0(0.0, 0.04101116406529237)
0(0.0, 0.04088421721218716)
0(0.0, 0.040712801201931326)
0(0.0, 0.04056636592265872)
0(0.0, 0.04047976562842692)
0(0.0, 0.04041541976642027)
0(0.0, 0.04035727159030711)
0(0.0, 0.040354452038458666)
0(0.0, 0.04027349169444583)
0(0.0, 0.04016769981382129)
0(0.0, 0.03976873460510921)
0(0.0, 0.03969387621891862)
0(0.0, 0.039690146066149956)
0(0.0, 0.03967402225884831)
0(0.0, 0.03965463431761185)
0(0.0, 0.039601257883765006)
0(0.0, 0.03956603224704436)
0(0.0, 0.03955725309250391)
0(0.0, 0.03940540877026333)
0(0.0, 0.03928936975719055)
0(0.0, 0.03927181806235591)
0(0.0, 0.03914029819846421)
0(0.0, 0.03912452865910632)
0(0.0, 0.039053046248965106)
0(0.0, 0.03904652640069284)
0(0.0, 0.03895529439348455)
0(0.0, 0.03869203738956184)
0(0.0, 0.038474590876062864)
0(0.0, 0.03844767327591481)
0(0.0, 0.03842879820358591)
0(0.0, 0.03831395777762725)
0(0.0, 0.03830686741495304)
0(0.0, 0.03826244564550396)
0(0.0, 0.03821879065904843)
0(0.0, 0.03821340474102419)
0(0.0, 0.03806642892965795)
0(0.0, 0.03806428410951601)
0(0.0, 0.037943063559905066)
0(0.0, 0.03792030716357497)
0(0.0, 0.03789815153096898)
0(0.0, 0.037837424444695844)
0(0.0, 0.03781600105971594)
0(0.0, 0.03780358952255003)
0(0.0, 0.03770040748794434)
0(0.0, 0.03759013691831159)
0(0.0, 0.03756861722813809)
0(0.0, 0.03753580592269634)
0(0.0, 0.03752332700882577)
0(0.0, 0.037491352585995674)
0(0.0, 0.03718920641315304)
0(0.0, 0.03718546736300421)
0(0.0, 0.0370988255460335)
0(0.0, 0.037068048323245395)
0(0.0, 0.03696882403768864)
0(0.0, 0.03695249139304435)
0(0.0, 0.03694983066112911)
0(0.0, 0.03693164242814917)
0(0.0, 0.03687662303531003)
0(0.0, 0.03683449575272202)
0(0.0, 0.036831410866835834)
0(0.0, 0.03679021719353204)
0(0.0, 0.036770933199102296)
0(0.0, 0.03671834470876123)
0(0.0, 0.03654868154920332)
0(0.0, 0.03653458704483503)
0(0.0, 0.03626981054011169)
0(0.0, 0.03622974180712968)
0(0.0, 0.036131158049725776)
0(0.0, 0.036035631492281506)
0(0.0, 0.03597976070191555)
0(0.0, 0.03597726561986003)
0(0.0, 0.03575370078271756)
0(0.0, 0.03567882068019701)
0(0.0, 0.03561090615620266)
0(0.0, 0.03560020714342982)
0(0.0, 0.035513679206548354)
0(0.0, 0.035172639541761974)
0(0.0, 0.03508857008878252)
0(0.0, 0.035028692428009545)
0(0.0, 0.03490241859705745)
0(0.0, 0.03482940513204302)
0(0.0, 0.034816433102682454)
0(0.0, 0.03478626621722114)
0(0.0, 0.034683380094401084)
0(0.0, 0.03468047981742972)
0(0.0, 0.03452388444991161)
0(0.0, 0.03451618557665548)
0(0.0, 0.03447072167240417)
0(0.0, 0.03445453725997527)
0(0.0, 0.03437251245132911)
0(0.0, 0.03432054275289265)
0(0.0, 0.03429772089723071)
0(0.0, 0.03424920695510225)
0(0.0, 0.03411484753652538)
0(0.0, 0.03378260445279102)
0(0.0, 0.03365135961714261)
0(0.0, 0.033627035091385094)
0(0.0, 0.03362373091342208)
0(0.0, 0.03354195587579545)
0(0.0, 0.03353419606787178)
0(0.0, 0.03345883699422403)
0(0.0, 0.03343745986976443)
0(0.0, 0.03330020495528019)
0(0.0, 0.03311261698247159)
0(0.0, 0.03283477713000649)
0(0.0, 0.032729143943213024)
0(0.0, 0.032479232784696443)
0(0.0, 0.03246440679566931)
0(0.0, 0.0324614036509725)
0(0.0, 0.03244560496550297)
0(0.0, 0.03243435628364655)
0(0.0, 0.03236170713461761)
0(0.0, 0.0323158121598881)
0(0.0, 0.03213985735423164)
0(0.0, 0.03209427833994638)
0(0.0, 0.031785555667935506)
0(0.0, 0.03159312847152995)
0(0.0, 0.03142880031808337)
0(0.0, 0.0312885430103812)
0(0.0, 0.031194268215451126)
0(0.0, 0.031154521043584293)
0(0.0, 0.031120795485279573)
0(0.0, 0.031107475841107624)
0(0.0, 0.031063325563075006)
0(0.0, 0.031034689145484018)
0(0.0, 0.03099703105268592)
0(0.0, 0.030809872312426267)
0(0.0, 0.030476673998080628)
0(0.0, 0.03041656726467401)
0(0.0, 0.030368784156341366)
0(0.0, 0.030228402618546757)
0(0.0, 0.030141566238478523)
0(0.0, 0.030114078515383502)
0(0.0, 0.02988674642544964)
0(0.0, 0.029885054512021836)
0(0.0, 0.02965181499073244)
0(0.0, 0.029587113295893586)
0(0.0, 0.029422123855006976)
0(0.0, 0.029372758704392155)
0(0.0, 0.02937210056650308)
0(0.0, 0.029369762793514664)
0(0.0, 0.029269548899910847)
0(0.0, 0.02924931706639211)
0(0.0, 0.029028509287220228)
0(0.0, 0.02901235698026494)
0(0.0, 0.02895286414210929)
0(0.0, 0.028910159855471296)
0(0.0, 0.028901069065689122)
0(0.0, 0.028838708985624684)
0(0.0, 0.0288204813964289)
0(0.0, 0.028768895419057028)
0(0.0, 0.02859735531406926)
0(0.0, 0.02857454047004715)
0(0.0, 0.028532719409926632)
0(0.0, 0.02850033157853782)
0(0.0, 0.0284936356452552)
0(0.0, 0.02848699160977608)
0(0.0, 0.02842493838280702)
0(0.0, 0.02838715155151672)
0(0.0, 0.028320459167152978)
0(0.0, 0.02830617284949344)
0(0.0, 0.028289403163414995)
0(0.0, 0.028235494399440952)
0(0.0, 0.028082517443227206)
0(0.0, 0.027823160204193065)
0(0.0, 0.027772928588653323)
0(0.0, 0.027771835217006324)
0(0.0, 0.0277658952137807)
0(0.0, 0.02775119069843146)
0(0.0, 0.027693267895097518)
0(0.0, 0.02764287273107746)
0(0.0, 0.027395244622805626)
0(0.0, 0.02728700373167925)
0(0.0, 0.027017087005880347)
0(0.0, 0.026927933954361216)
0(0.0, 0.026911342938104932)
0(0.0, 0.026859616571602962)
0(0.0, 0.026800292836616002)
0(0.0, 0.02677070163824058)
0(0.0, 0.026725820448224136)
0(0.0, 0.02662672425728363)
0(0.0, 0.026548177066098466)
0(0.0, 0.026449725921298572)
0(0.0, 0.02641422922990322)
0(0.0, 0.02623161851085065)
0(0.0, 0.026226164238639105)
0(0.0, 0.02615437542061516)
0(0.0, 0.026008136163407247)
0(0.0, 0.025871027374451905)
0(0.0, 0.025705881424816557)
0(0.0, 0.025537716796268373)
0(0.0, 0.025136292829323725)
0(0.0, 0.02513184827629722)
0(0.0, 0.025116840364279858)
0(0.0, 0.02500528398784263)
0(0.0, 0.024913198818781512)
0(0.0, 0.024831444361932298)
0(0.0, 0.024825636299577014)
0(0.0, 0.02476107773648739)
0(0.0, 0.02466320744166217)
0(0.0, 0.02451628325095534)
0(0.0, 0.024468759976294385)
0(0.0, 0.024447420843257794)
0(0.0, 0.024122464482174255)
0(0.0, 0.02408631288490537)
0(0.0, 0.023923587481485598)
0(0.0, 0.023786112468392795)
0(0.0, 0.02357536321945375)
0(0.0, 0.023350207422252023)
0(0.0, 0.023187813149920022)
0(0.0, 0.023094727007566207)
0(0.0, 0.023078173387401812)
0(0.0, 0.02303782689964573)
0(0.0, 0.02298333865218649)
0(0.0, 0.022967436175699074)
0(0.0, 0.022944022054751545)
0(0.0, 0.02220917485652274)
0(0.0, 0.022182622833573085)
0(0.0, 0.0220743229518936)
0(0.0, 0.021972104397403713)
0(0.0, 0.021690310843769045)
0(0.0, 0.021573415325900958)
0(0.0, 0.02156937379496149)
0(0.0, 0.021360783159218744)
0(0.0, 0.01899404595351517)
0(0.0, 0.012534414992612097)
