1(0.1735863390232001, 0.19961141206291322)
1(0.06839989472852259, 0.08777341096096636)
1(0.06961478885647299, 0.0858505058284218)
1(0.07024453498662064, 0.0827263525782238)
1(0.06821955031022064, 0.08036490171823996)
1(0.0575973986987971, 0.06907139555486996)
1(0.03182425194816407, 0.04260150259125617)
1(0.03350581117792406, 0.04291412080178314)
1(0.04113934283361598, 0.05019170507113935)
1(0.028401400504697083, 0.03737416877845967)
1(0.027241644094213258, 0.03611085061854946)
1(0.08095845508542787, 0.08971247838468954)
1(0.04252513998635765, 0.05114732616157214)
1(0.06175246256154243, 0.07030853041070395)
1(0.025619197672542726, 0.03402836087499361)
1(0.022308518464900562, 0.030704580935546733)
1(0.028065463765652998, 0.03639222147283827)
1(0.0661592328984889, 0.07429542667352662)
1(0.038520154427060804, 0.04631463894359367)
1(0.04098943843979608, 0.048640208026796916)
1(0.024978933455443664, 0.03257507418097172)
1(0.03705384847102178, 0.04446127024846813)
1(0.02122371020354996, 0.0285997766035756)
1(0.02246701882401181, 0.029776842852919483)
1(0.026931775666889424, 0.03399717057577811)
1(0.02846829606004131, 0.03546349376818547)
1(0.02424205688644565, 0.031189261257647427)
1(0.07051548030917854, 0.07745373782940979)
1(0.030624589049373596, 0.03755615227491871)
1(0.09068642077904854, 0.09760719631949988)
1(0.03477903710994301, 0.041647881938742914)
1(0.02414220036432102, 0.03097910224696654)
1(0.021729491582865412, 0.02844238094772855)
1(0.031019041550791382, 0.03739325063753207)
1(0.02222473098082134, 0.028542415439796964)
1(0.028063005411291253, 0.034290755623983205)
1(0.028431605605985344, 0.03453521662551473)
1(0.036369251833432314, 0.04241599437500354)
1(0.027565629146951043, 0.03360547697150884)
1(0.02187649885871734, 0.027799843219014075)
1(0.03837206585642283, 0.04428635710690765)
1(0.02645471615466921, 0.0322643107389754)
1(0.027301238071566036, 0.03309174876059062)
1(0.038744161000832444, 0.04440128937503707)
1(0.03212333582173765, 0.037754368056560406)
1(0.020037387174909882, 0.025664289897205927)
1(0.02580001802726517, 0.031358914107025626)
1(0.027322857640973308, 0.032867298228595576)
1(0.028116956553118078, 0.033597718554678746)
1(0.029237209559521138, 0.03471771894309428)
1(0.02526115021014541, 0.030719154140079752)
1(0.02540804304757116, 0.030820564686655616)
1(0.02360108952364992, 0.028865764420250573)
1(0.026382460479581926, 0.03163589833150604)
1(0.03149840842702323, 0.03674907343590872)
1(0.03253757794347356, 0.03766294621668964)
1(0.026988988000396286, 0.03211095988771184)
1(0.03432509147360385, 0.039429554864057414)
1(0.033258805921213, 0.03826197755665062)
1(0.020574009724573572, 0.025541534459297965)
1(0.023451245121306474, 0.028415816842724317)
1(0.023403639725735337, 0.02833726931360192)
1(0.025895769350836373, 0.03078650229794677)
1(0.026184834346210772, 0.0309951058958029)
1(0.02721893450472812, 0.03196177234033337)
1(0.022319379092884617, 0.02704912979276841)
1(0.027206708166648497, 0.03192095775347059)
1(0.028340129871465725, 0.03301505349112066)
1(0.02560898671341849, 0.030256133471489588)
1(0.02031059802486157, 0.024950032349593143)
1(0.025811905384311773, 0.030285863884581432)
1(0.04487514373614898, 0.049158340133679146)
1(0.02960869655829934, 0.0338623583308727)
1(0.019650386594554647, 0.023855349712726293)
1(0.023929633325516675, 0.02813444515515473)
1(0.016336949365245212, 0.020535838173648013)
1(0.026684126146229836, 0.030865669612286317)
1(0.028773742490253107, 0.03292663386337191)
1(0.02912233469267944, 0.03327410816319354)
1(0.03177309979701215, 0.03592312720730184)
1(0.02797215683435894, 0.03211545294983276)
1(0.0747346129602331, 0.07885255283178116)
1(0.04152427391702396, 0.04561905062339022)
1(0.03923965616139091, 0.043294512113352335)
1(0.025720689096209615, 0.02973033728489982)
1(0.026084472667208036, 0.030034434009488353)
1(0.02998167866768764, 0.0338623583308727)
1(0.031541764623939206, 0.03536594042289887)
1(0.027440508447364786, 0.031214893482905515)
1(0.02840227562115194, 0.03212069369393544)
1(0.0285669262674354, 0.032231619169208914)
1(0.027788127335153345, 0.031452764164993985)
1(0.03547294732876993, 0.03910843749722959)
1(0.026425257113510958, 0.030034434009488353)
1(0.024381162614115603, 0.027981220836460707)
1(0.02438768906667954, 0.02795348510308293)
1(0.03471983550696944, 0.038272971348138896)
1(0.02479170454956925, 0.028282392540539547)
1(0.026428348663085632, 0.02990289361526055)
1(0.03517015738619367, 0.038623979231939165)
1(0.019858433948862664, 0.02330869873003205)
1(0.023922991699191765, 0.027360688303997294)
1(0.026044029831655435, 0.029449564147808527)
1(0.03793102720839037, 0.04131023019151181)
1(0.01750141892194368, 0.02087834527982224)
1(0.031313034216081226, 0.03466463659780772)
1(0.060095464527716747, 0.06340592881877738)
1(0.022086331861931874, 0.02538684913635747)
1(0.029595421468369798, 0.032879951716027866)
1(0.037047472708685136, 0.04031627642722524)
1(0.01948636300328377, 0.022738782848296335)
1(0.02616807091944673, 0.029408727144410673)
1(0.03408016651217205, 0.03730052492192237)
1(0.026544503015971777, 0.029761579738329824)
1(0.032721896724190236, 0.03592312720730184)
1(0.02743762537389738, 0.030624942370460317)
1(0.023288819992595355, 0.026471469366178613)
1(0.04638302063740618, 0.04953865329486595)
1(0.03147638700979205, 0.03463136580934456)
1(0.04363876949066625, 0.04676854676674003)
1(0.024985844160864246, 0.028076425853760134)
1(0.03572655011092607, 0.038809217798599915)
1(0.0403787985885663, 0.04343062052611402)
1(0.031091294508022504, 0.034117980066569076)
1(0.026140589559981664, 0.02913224384080726)
1(0.030760019312452314, 0.03372730509965027)
1(0.030637564529775507, 0.033597718554678746)
1(0.034127452233822964, 0.03705437223529329)
1(0.031211934310738876, 0.03413787468191343)
1(0.031179234113133503, 0.0340946779803738)
1(0.03335064136829946, 0.03624001082702)
1(0.019182726502365632, 0.022039038742594164)
1(0.02695091901813096, 0.02978660378222553)
1(0.024131261748727817, 0.026931736336991086)
1(0.027006858955198054, 0.02980291786209055)
1(0.06860076849586816, 0.07128997387436942)
1(0.0283446123449812, 0.030998907597532988)
1(0.039906325049988145, 0.04251270446081323)
1(0.025528055019549134, 0.028076425853760134)
1(0.0765218871027269, 0.07905923588962416)
1(0.041680565690117244, 0.04417370182726199)
1(0.03150213363767862, 0.033972357094272265)
1(0.023899272847295983, 0.026355461049303197)
1(0.029382295068886233, 0.031834244267202494)
1(0.02568576905858544, 0.028122640983697877)
1(0.04364029217775012, 0.04602747146719588)
1(0.028514069762463512, 0.030886945312660452)
1(0.04245314954233936, 0.04482311919970272)
1(0.02721051290751486, 0.029551761967470225)
1(0.03460556997736097, 0.036915336096334905)
1(0.03197932567314399, 0.0342591830295671)
1(0.020090467439427773, 0.022357143817684166)
1(0.0312614117201383, 0.033517447391254174)
1(0.0257704725498602, 0.02800471732555776)
1(0.023679126157915897, 0.025871060632919107)
1(0.025480591283188136, 0.02765914109951706)
1(0.03353475283485141, 0.03570143240164314)
1(0.02566070054145486, 0.027810916055812984)
1(0.02019550993842123, 0.022306639353490088)
1(0.016624000669875794, 0.01872242487646092)
1(0.029297389152258435, 0.0313841170799396)
1(0.02539315392518038, 0.027398876863166)
1(0.02640771490947158, 0.02840253641516377)
1(0.0331362829282803, 0.035109981863975626)
1(0.04258398436963173, 0.04454276153234216)
1(0.026376724347141223, 0.0283275610545477)
1(0.027055207850206764, 0.028997180719928628)
1(0.027041690481366176, 0.028973201940953874)
1(0.03594838220190366, 0.03785032282459566)
1(0.03754213526101091, 0.039443420909144655)
1(0.031101073618314046, 0.0330009946924501)
1(0.03527923101989083, 0.03717763064748936)
1(0.03156218143826972, 0.033449535285397625)
1(0.018235709274648015, 0.020118378960371497)
1(0.025585907692086907, 0.027416515404401154)
1(0.029483450659879118, 0.03128869848139704)
1(0.05834903624745724, 0.06013389021281679)
1(0.032906729319694294, 0.03469139041877045)
1(0.026942523148301145, 0.028719082228153003)
1(0.025080830794995457, 0.026844891180007213)
1(0.03062613977219475, 0.032379022759030596)
1(0.017054627851528337, 0.01879203881588709)
1(0.02157473590499548, 0.023291340986374864)
1(0.03015765163901174, 0.031794902033498884)
1(0.020837301462970803, 0.022457503195405848)
1(0.028883045808927643, 0.030481910800329803)
1(0.023028603762228483, 0.024606658374415225)
1(0.03388121805581934, 0.03544090986912796)
1(0.023839628701674553, 0.025389119639517288)
1(0.0250337726978217, 0.02655038877498861)
1(0.03012598509926545, 0.03161155686106898)
1(0.04096477229667761, 0.04240828533299512)
1(0.02384253944991832, 0.02527853942157099)
1(0.025736292911752168, 0.02714075472178923)
1(0.03342363330507536, 0.03482517330302126)
1(0.029378083654168163, 0.030675811129744157)
1(0.02281719505134261, 0.024069707712120914)
1(0.038694912354166, 0.039931060715395095)
1(0.0281164132712608, 0.02933636377797555)
1(0.020387443069628808, 0.021602370644782543)
1(0.029344567712564662, 0.030542749744091324)
1(0.03241312523370998, 0.033573214474661106)
1(0.027133158515030842, 0.02824738015118844)
1(0.02456318946716174, 0.025671918800495352)
1(0.02982803012978641, 0.03093502670783521)
1(0.02573452411393562, 0.026832383791472125)
1(0.03761956764840979, 0.038716020768064574)
1(0.02445187251933345, 0.025547097030471977)
1(0.020830926821055695, 0.02192524417696462)
1(0.024284327827642893, 0.025348666306608036)
1(0.03238126759871163, 0.033438160484869583)
1(0.028580161952927896, 0.029635427715060225)
1(0.023702963069142657, 0.0247567519832933)
1(0.03686738468714612, 0.03791146632379683)
1(0.0301691148658344, 0.03121029562771016)
1(0.017761413404139392, 0.01879203881588709)
1(0.022959648669503507, 0.023969648814266664)
1(0.04821352424103986, 0.04919486432763953)
1(0.03493602649869487, 0.035914876506120796)
1(0.02191163882433389, 0.02287228408610975)
1(0.02642839005176112, 0.02736036862262614)
1(0.027258820925763594, 0.028122640983697877)
1(0.037119753695455504, 0.037968797722455316)
1(0.027879545473176504, 0.028711229492239476)
1(0.02503369257515209, 0.025841979493807732)
1(0.031810091518425176, 0.032610636723655606)
1(0.022728133780829607, 0.02352833460226722)
1(0.0312329142448321, 0.032027987073092734)
1(0.03285159147002603, 0.03364646024223927)
1(0.026597384676837255, 0.027386571239212953)
1(0.03286296833910651, 0.033645340234415455)
1(0.028086233955936124, 0.028861942927544626)
1(0.032715397633783616, 0.033474335597220684)
1(0.01797060737597478, 0.01872242487646092)
1(0.016014472279354153, 0.016755852721828002)
1(0.034870288172143105, 0.03560050270541326)
1(0.026636799954603663, 0.02735731871358793)
1(0.03576923906104135, 0.036483513574618875)
1(0.0229673925845415, 0.023679854901991648)
1(0.02549218001582898, 0.026202751801936097)
1(0.020955888081684915, 0.02166568625335885)
1(0.03312051558080997, 0.03381173343403565)
1(0.031006468225600714, 0.031670673472934396)
1(0.039258217141490914, 0.039846499350576825)
1(0.03525055500154606, 0.03581909865276933)
1(0.03361542927828787, 0.03417752746288605)
1(0.057228029871006614, 0.057783611057022566)
1(0.041961887082382465, 0.04250212832589961)
1(0.023263580048269672, 0.02380045662290342)
1(0.029968897736209588, 0.030500072105691944)
1(0.029608128453277205, 0.03012758986985964)
1(0.03366927039007361, 0.03417752746288605)
1(0.042627165193379835, 0.04313339333064259)
1(0.02389844807087449, 0.024384498693970524)
1(0.028066252115003465, 0.028541010827918933)
1(0.03676896361619131, 0.03723839787642036)
1(0.046078041731887454, 0.04651849674973474)
1(0.019715903184001737, 0.020148886165249014)
1(0.025593118588756902, 0.026021151581198998)
1(0.022445880623062853, 0.02287228408610975)
1(0.03195868130927759, 0.032356099535062466)
1(0.025330090736472965, 0.025680154642622632)
1(0.020382936020673426, 0.02071152563817502)
1(0.018102228333419568, 0.018387998266825245)
1(0.028045805402249546, 0.028330809238302668)
1(0.02499568983477951, 0.02527853942157099)
1(0.022579417325946594, 0.022818897245832193)
1(0.019602329359663218, 0.01984138491772247)
1(0.032658538681180294, 0.032879951716027866)
1(0.030303657695781472, 0.030500072105691944)
1(0.03861361490679471, 0.038809217798599915)
1(0.03504063584431827, 0.0352239232362519)
1(0.03657932422285026, 0.03674907343590872)
1(0.03759432704583654, 0.037754368056560406)
1(0.03775807749037596, 0.03789923180999666)
1(0.03811982398934033, 0.03824491622243098)
1(0.027563461215250995, 0.027684989479451416)
1(0.028791172971452617, 0.02889625028873244)
1(0.025440429970120193, 0.025541534459297965)
1(0.039026746798174305, 0.03910843749722959)
1(0.022814031188364114, 0.02289420339389847)
1(0.018523674125129896, 0.01860051042564126)
1(0.03564249816253551, 0.035661408475215706)
1(0.02315635249680914, 0.023163068643225038)
0(0.0, inf)
0(0.0, 0.6514483794923962)
0(0.0, 0.3869329480343038)
0(0.0, 0.18294090780215022)
0(0.0, 0.14759351085150618)
0(0.0, 0.13049278443096435)
0(0.0, 0.11745528086398749)
0(0.0, 0.09243970243226451)
0(0.0, 0.09060555053449137)
0(0.0, 0.08133229376269124)
0(0.0, 0.07973752348555796)
0(0.0, 0.0712488088885459)
0(0.0, 0.06864710401584884)
0(0.0, 0.06549164152553599)
0(0.0, 0.06485269960651552)
0(0.0, 0.06071608783725846)
0(0.0, 0.059757905752991225)
0(0.0, 0.05800344413913383)
0(0.0, 0.05744319910799056)
0(0.0, 0.05730500840154995)
0(0.0, 0.056591472890219485)
0(0.0, 0.05548819707347241)
0(0.0, 0.0542643539668165)
0(0.0, 0.050765550620721855)
0(0.0, 0.050268819752919525)
0(0.0, 0.04977164926357114)
0(0.0, 0.04921899481904568)
0(0.0, 0.04796383349485345)
0(0.0, 0.047689204193523405)
0(0.0, 0.04727980082857175)
0(0.0, 0.046604893634470734)
0(0.0, 0.04593514497655227)
0(0.0, 0.044760196759221715)
0(0.0, 0.04455074378767554)
0(0.0, 0.04368546080910429)
0(0.0, 0.04283135465250243)
0(0.0, 0.04246999373441118)
0(0.0, 0.04204902242592523)
0(0.0, 0.04195658182491102)
0(0.0, 0.041607410388182164)
0(0.0, 0.041554641687983174)
0(0.0, 0.040460930607192136)
0(0.0, 0.04034833651074521)
0(0.0, 0.04022864099151979)
0(0.0, 0.03884776380654875)
0(0.0, 0.038721459382606516)
0(0.0, 0.037931230560547036)
0(0.0, 0.03772545259245941)
0(0.0, 0.03732911829867236)
0(0.0, 0.03706893242580689)
0(0.0, 0.03676477403651801)
0(0.0, 0.036557180674810286)
0(0.0, 0.036481796493363916)
0(0.0, 0.03603358408405577)
0(0.0, 0.03585481721599926)
0(0.0, 0.03568169147641187)
0(0.0, 0.035654494757857425)
0(0.0, 0.03480277312544322)
0(0.0, 0.034774395477310094)
0(0.0, 0.03473459510850918)
0(0.0, 0.03452136023753738)
0(0.0, 0.034088342442699426)
0(0.0, 0.033993370173221904)
0(0.0, 0.03393972563079384)
0(0.0, 0.033253064987310066)
0(0.0, 0.03298140503661362)
0(0.0, 0.032803057735587005)
0(0.0, 0.03254866324849914)
0(0.0, 0.032537324494315234)
0(0.0, 0.03227757209033988)
0(0.0, 0.03218423779941726)
0(0.0, 0.03218029901148811)
0(0.0, 0.0317654869935714)
0(0.0, 0.031745866585918714)
0(0.0, 0.03173197450208076)
0(0.0, 0.03161338057843044)
0(0.0, 0.03160693610286336)
0(0.0, 0.031409261952320966)
0(0.0, 0.031277496421929674)
0(0.0, 0.031032650833691)
0(0.0, 0.031025530790925626)
0(0.0, 0.030993065451534796)
0(0.0, 0.03094225897215086)
0(0.0, 0.030779550156504576)
0(0.0, 0.030766741817456422)
0(0.0, 0.03068548976585528)
0(0.0, 0.03046127911363694)
0(0.0, 0.030362540420994177)
0(0.0, 0.029956645055627784)
0(0.0, 0.029934322099759103)
0(0.0, 0.02982624577691484)
0(0.0, 0.029270535833881617)
0(0.0, 0.029196022470457383)
0(0.0, 0.02915638240466567)
0(0.0, 0.029103203702348757)
0(0.0, 0.028973245191028063)
0(0.0, 0.028795231682571698)
0(0.0, 0.02874957874316042)
0(0.0, 0.028624770730012905)
0(0.0, 0.028622629083339568)
0(0.0, 0.028446197037444332)
0(0.0, 0.02839202515586292)
0(0.0, 0.02831766260730073)
0(0.0, 0.028280867353555283)
0(0.0, 0.028232893021553518)
0(0.0, 0.027996183445352707)
0(0.0, 0.027990640074333495)
0(0.0, 0.027985310730560098)
0(0.0, 0.027941840857850564)
0(0.0, 0.02794062593565627)
0(0.0, 0.027908321545050963)
0(0.0, 0.027803173061329622)
0(0.0, 0.027746623471807008)
0(0.0, 0.02769058989756823)
0(0.0, 0.027666938337197577)
0(0.0, 0.02750276187751155)
0(0.0, 0.027451920452130962)
0(0.0, 0.027443228901523065)
0(0.0, 0.027431997582621048)
0(0.0, 0.027285564640975424)
0(0.0, 0.027283725271020853)
0(0.0, 0.027154753193160852)
0(0.0, 0.02713889960231297)
0(0.0, 0.027107993101056604)
0(0.0, 0.027097479170846483)
0(0.0, 0.027066451453641838)
0(0.0, 0.026961598448595914)
0(0.0, 0.026862069433050917)
0(0.0, 0.02678662962878553)
0(0.0, 0.02677799452811569)
0(0.0, 0.02676142013169025)
0(0.0, 0.026698915661376055)
0(0.0, 0.026603923980187183)
0(0.0, 0.02656862630871082)
0(0.0, 0.026520347442248182)
0(0.0, 0.026513252495362072)
0(0.0, 0.02646963503518096)
0(0.0, 0.026363497029937677)
0(0.0, 0.02635322557631159)
0(0.0, 0.026332630938059598)
0(0.0, 0.026318925628853296)
0(0.0, 0.026300461062965463)
0(0.0, 0.026258809752406798)
0(0.0, 0.026254148577882774)
0(0.0, 0.026087427236204497)
0(0.0, 0.02601576927419358)
0(0.0, 0.02592637601027248)
0(0.0, 0.025844429395285196)
0(0.0, 0.02583573606478251)
0(0.0, 0.025827128151223788)
0(0.0, 0.02569423456289921)
0(0.0, 0.025666603628725415)
0(0.0, 0.025609249124521005)
0(0.0, 0.025544141343964433)
0(0.0, 0.02543161282292261)
0(0.0, 0.025424018786304847)
0(0.0, 0.025353884690283768)
0(0.0, 0.025344897954837742)
0(0.0, 0.025286054939159586)
0(0.0, 0.025278283793588763)
0(0.0, 0.025268162309387332)
0(0.0, 0.025209431052492515)
0(0.0, 0.025027820797459688)
0(0.0, 0.024943451309203057)
0(0.0, 0.02488710512333059)
0(0.0, 0.024826044294255722)
0(0.0, 0.02481920142646077)
0(0.0, 0.024769281359708906)
0(0.0, 0.024661464811451705)
0(0.0, 0.024654125870295585)
0(0.0, 0.02465249480780851)
0(0.0, 0.024616540437309098)
0(0.0, 0.024601015124391168)
0(0.0, 0.02454123507820849)
0(0.0, 0.024538135152874174)
0(0.0, 0.02450596911503733)
0(0.0, 0.024471733999800294)
0(0.0, 0.024378444154359635)
0(0.0, 0.024374983030630903)
0(0.0, 0.024307663863527118)
0(0.0, 0.024093143082921764)
0(0.0, 0.024052167799973656)
0(0.0, 0.023977560184811675)
0(0.0, 0.023917384166444733)
0(0.0, 0.023807011082628615)
0(0.0, 0.023746288294687057)
0(0.0, 0.023720062341747283)
0(0.0, 0.023691078615346473)
0(0.0, 0.023516815041066397)
0(0.0, 0.023488609554114803)
0(0.0, 0.023459440371141782)
0(0.0, 0.023453825708011133)
0(0.0, 0.02342573297438799)
0(0.0, 0.023419773641631725)
0(0.0, 0.023407651773218352)
0(0.0, 0.0233440870097541)
0(0.0, 0.023317675177706665)
0(0.0, 0.023302602642861214)
0(0.0, 0.023293637723198368)
0(0.0, 0.023280650762878774)
0(0.0, 0.02324905044347647)
0(0.0, 0.02322176227777628)
0(0.0, 0.023117140082523857)
0(0.0, 0.023114653602703483)
0(0.0, 0.023057287759605916)
0(0.0, 0.023021529805745455)
0(0.0, 0.022938892623105)
0(0.0, 0.022925707600844003)
0(0.0, 0.022925124969563893)
0(0.0, 0.02286748996168475)
0(0.0, 0.02285629446043269)
0(0.0, 0.022846814793749393)
0(0.0, 0.022795004300626198)
0(0.0, 0.022722450378305892)
0(0.0, 0.022715377646463586)
0(0.0, 0.02263601933046644)
0(0.0, 0.022626808991902947)
0(0.0, 0.022586050648757183)
0(0.0, 0.02245786414484685)
0(0.0, 0.022456447753771314)
0(0.0, 0.022447189085748276)
0(0.0, 0.022430664712277837)
0(0.0, 0.02239745067287724)
0(0.0, 0.022359630677192155)
0(0.0, 0.0223376057413891)
0(0.0, 0.022248911985452646)
0(0.0, 0.022245909116660578)
0(0.0, 0.022223159010880122)
0(0.0, 0.022197055467934823)
0(0.0, 0.022050694387665826)
0(0.0, 0.022027918526603574)
0(0.0, 0.0219833413363566)
0(0.0, 0.021839946950566125)
0(0.0, 0.02181209889625635)
0(0.0, 0.021727107489331487)
0(0.0, 0.02169462512101239)
0(0.0, 0.02160817830955719)
0(0.0, 0.021596757508097197)
0(0.0, 0.021592979817962932)
0(0.0, 0.021541485887830114)
0(0.0, 0.021531614821963863)
0(0.0, 0.021529285354551897)
0(0.0, 0.02152253474492649)
0(0.0, 0.021482817111822206)
0(0.0, 0.02143137292663111)
0(0.0, 0.0214278191859798)
0(0.0, 0.021424975443074867)
0(0.0, 0.02140302161992269)
0(0.0, 0.021373725233375773)
0(0.0, 0.021345643008268467)
0(0.0, 0.021318987322745953)
0(0.0, 0.021270963413738464)
0(0.0, 0.02120506235484121)
0(0.0, 0.021196757909234587)
0(0.0, 0.02118223224601501)
0(0.0, 0.021176538198727668)
0(0.0, 0.021011578829001842)
0(0.0, 0.020951091302132574)
0(0.0, 0.020887991516244653)
0(0.0, 0.020870145197823486)
0(0.0, 0.020803738574913244)
0(0.0, 0.020762461540554944)
0(0.0, 0.020682330640616642)
0(0.0, 0.020569485561799827)
0(0.0, 0.020552735778514464)
0(0.0, 0.020537044320340092)
0(0.0, 0.020528451250699686)
0(0.0, 0.02050338947116659)
0(0.0, 0.020362552963322234)
0(0.0, 0.02033117180744648)
0(0.0, 0.020307421396921432)
0(0.0, 0.020256550296039455)
0(0.0, 0.02016257712808678)
0(0.0, 0.020093511028181243)
0(0.0, 0.020044935170085987)
0(0.0, 0.02000640018002664)
0(0.0, 0.01989056914804188)
0(0.0, 0.019874988580335762)
0(0.0, 0.019871350207818272)
0(0.0, 0.019863650533406663)
0(0.0, 0.019823513557562844)
0(0.0, 0.01978888585327887)
0(0.0, 0.019723900395866467)
0(0.0, 0.01967457283420404)
0(0.0, 0.01965861384987111)
0(0.0, 0.019622036914124452)
0(0.0, 0.019607424325827294)
0(0.0, 0.01952432045695973)
0(0.0, 0.01951977950146)
0(0.0, 0.01947115024054258)
0(0.0, 0.019436858845456872)
0(0.0, 0.0193914765199944)
0(0.0, 0.01934839804124533)
0(0.0, 0.01932422209006668)
0(0.0, 0.019304196262547202)
0(0.0, 0.019255114259282502)
0(0.0, 0.01924025317811373)
0(0.0, 0.01920345381333055)
0(0.0, 0.019193530179174578)
0(0.0, 0.01916846368398184)
0(0.0, 0.01914192302446449)
0(0.0, 0.019109998467725986)
0(0.0, 0.019065566547537438)
0(0.0, 0.01904735453308193)
0(0.0, 0.01903298957618016)
0(0.0, 0.018976579719850672)
0(0.0, 0.018934853245146765)
0(0.0, 0.018896186349012356)
0(0.0, 0.018889403550955586)
0(0.0, 0.018862043012814134)
0(0.0, 0.018817750292742352)
0(0.0, 0.01881580090617574)
0(0.0, 0.018745994242771014)
0(0.0, 0.018727764355170984)
0(0.0, 0.018694432244755088)
0(0.0, 0.018689267389536357)
0(0.0, 0.018629158241873278)
0(0.0, 0.01861350712407972)
0(0.0, 0.018579426733582816)
0(0.0, 0.018519167059656394)
0(0.0, 0.01847341109056122)
0(0.0, 0.018410678061477115)
0(0.0, 0.018279798604436515)
0(0.0, 0.01822333333863657)
0(0.0, 0.018113920748873524)
0(0.0, 0.018108490766924557)
0(0.0, 0.01809382792985348)
0(0.0, 0.01803206370459598)
0(0.0, 0.017920584138443663)
0(0.0, 0.017919809162010525)
0(0.0, 0.017883547326779214)
0(0.0, 0.01785953968456877)
0(0.0, 0.017839962234631024)
0(0.0, 0.01783121560665657)
0(0.0, 0.017829967715285333)
0(0.0, 0.01776788348113789)
0(0.0, 0.017725994357639885)
0(0.0, 0.017717805144310095)
0(0.0, 0.017715107259846263)
0(0.0, 0.01768865247017759)
0(0.0, 0.017687842824610445)
0(0.0, 0.01764878284505944)
0(0.0, 0.01761846351877483)
0(0.0, 0.01759895021912805)
0(0.0, 0.017561705074589984)
0(0.0, 0.01755273696015025)
0(0.0, 0.017495750752840822)
0(0.0, 0.017467620471481315)
0(0.0, 0.017346142622091443)
0(0.0, 0.017345353459765733)
0(0.0, 0.017313059936096553)
0(0.0, 0.017295733266136648)
0(0.0, 0.01723410772793743)
0(0.0, 0.01723086005044372)
0(0.0, 0.017215159103930677)
0(0.0, 0.017208951010650786)
0(0.0, 0.017094414518994405)
0(0.0, 0.017050594344745318)
0(0.0, 0.016989964373647637)
0(0.0, 0.016979378523788502)
0(0.0, 0.01690760223022647)
0(0.0, 0.016832929340223957)
0(0.0, 0.016801453520549847)
0(0.0, 0.016706080535821677)
0(0.0, 0.016664472011723053)
0(0.0, 0.01656667253397026)
0(0.0, 0.01655467979475156)
0(0.0, 0.01653737727056781)
0(0.0, 0.01653057738009145)
0(0.0, 0.016487996974421715)
0(0.0, 0.01647289744986946)
0(0.0, 0.016261793596629603)
0(0.0, 0.01616775837713058)
0(0.0, 0.01597356957323537)
0(0.0, 0.01597251077039641)
0(0.0, 0.015960721942391176)
0(0.0, 0.015898637956850648)
0(0.0, 0.01576806242185458)
0(0.0, 0.01569459291489428)
0(0.0, 0.015489503068188748)
0(0.0, 0.015417523425943491)
0(0.0, 0.015362803907306932)
0(0.0, 0.015317609773115026)
0(0.0, 0.015295285826289029)
0(0.0, 0.015199631838517025)
0(0.0, 0.0150419637176481)
0(0.0, 0.015036740782805369)
0(0.0, 0.015018795604650692)
0(0.0, 0.014820155149980696)
0(0.0, 0.014767709735372225)
0(0.0, 0.01466963443894942)
0(0.0, 0.014632120063349241)
0(0.0, 0.01449425146966532)
0(0.0, 0.014405563261214338)
0(0.0, 0.014331082534116968)
0(0.0, 0.014207715212180339)
0(0.0, 0.014153653482038675)
0(0.0, 0.014097115112407077)
0(0.0, 0.014060278071009957)
0(0.0, 0.013991130836696453)
0(0.0, 0.013944580852614408)
0(0.0, 0.013926494067050155)
0(0.0, 0.013813844272008824)
0(0.0, 0.013637434218548905)
0(0.0, 0.013632032812969208)
0(0.0, 0.013619514052784054)
0(0.0, 0.013592567302397551)
0(0.0, 0.01349303921686218)
0(0.0, 0.013308656187454915)
0(0.0, 0.013225316326173298)
0(0.0, 0.013142492603594569)
0(0.0, 0.01307872243725472)
0(0.0, 0.012984405605635851)
0(0.0, 0.012831588091535173)
0(0.0, 0.01278115348656439)
0(0.0, 0.012691337493253019)
0(0.0, 0.012556188237886845)
0(0.0, 0.012543043701253143)
0(0.0, 0.012386442919447127)
0(0.0, 0.012353578430721823)
0(0.0, 0.012293192229929417)
0(0.0, 0.012288773705134703)
0(0.0, 0.01178030257343965)
0(0.0, 0.011670689720076455)
0(0.0, 0.011645683371092841)
0(0.0, 0.01151147314509926)
0(0.0, 0.011509118157625009)
0(0.0, 0.011371413786230966)
0(0.0, 0.010994718470269227)
0(0.0, 0.010975502951103056)
0(0.0, 0.009178419683095407)
0(0.0, 0.006111450890401882)
