1(1.0445383376333754, 1.1709286967467205)
1(0.20023699755490543, 0.2845887841186352)
1(0.20684183839234194, 0.2809698543981193)
1(0.1658044794769592, 0.23544179504739893)
1(0.17454286946041986, 0.24399048357263098)
1(0.16416293294292317, 0.22748288922748983)
1(0.3280693184442439, 0.3909565732113529)
1(0.18819132890696066, 0.2504962502225604)
1(0.19894715430057242, 0.2573202598563177)
1(0.1997898801690361, 0.2551224387913359)
1(0.1928201517111502, 0.2477704827582522)
1(0.17846018764991656, 0.2326456036927278)
1(0.21276328724744742, 0.2631272910049349)
1(0.19097535234970975, 0.2396427557739036)
1(0.24509434930681995, 0.29222075309710993)
1(0.20629105571941153, 0.2533701305375845)
1(0.17704747658107867, 0.2241093625628814)
1(0.2293266076626671, 0.2757212812975842)
1(0.1902920544512443, 0.23569277297369773)
1(0.20952249158916691, 0.25222922785472734)
1(0.17786717637918925, 0.22055458673121353)
1(0.21473490727769073, 0.254850081634598)
1(0.18596144311230556, 0.2253728648204576)
1(0.20501234082578224, 0.24397010177414757)
1(0.24385849042700325, 0.28221962674593637)
1(0.20792889390491998, 0.24464610414214538)
1(0.14818765717315419, 0.18485427106409658)
1(0.14818572766419036, 0.18441057946668726)
1(0.20854802474030165, 0.24316935270812567)
1(0.14930305961191248, 0.18379739052219024)
1(0.13486500701063597, 0.16866954298973114)
1(0.13324189094890304, 0.1668388017308272)
1(0.1228091250198895, 0.15477373792820892)
1(0.14529365677464168, 0.17692316983187506)
1(0.18643800124298793, 0.21790188367132302)
1(0.29778813598920406, 0.32837743811500186)
1(0.1368507999974834, 0.166685681002533)
1(0.13445155097018802, 0.16418270119585432)
1(0.1784013814136145, 0.207978030830834)
1(0.12408379898878585, 0.1529055289244211)
1(0.13864609301232877, 0.16745973137266967)
1(0.2254636403925897, 0.25426995295128374)
1(0.20276134009737368, 0.231434289051619)
1(0.10851471661632339, 0.1367111325041579)
1(0.14504997727975433, 0.17269745197665398)
1(0.19523933009734562, 0.22205733610304723)
1(0.14218230380804264, 0.16881260143661903)
1(0.10266016884443552, 0.12896305612264258)
1(0.2278063509340369, 0.25405074335356603)
1(0.19802742560609432, 0.22396527310376557)
1(0.23487843170252398, 0.26072992908503945)
1(0.22750737861226078, 0.25324830937565534)
1(0.18766807764447502, 0.21330639987112032)
1(0.09545406692403913, 0.12067907292191815)
1(0.19945651682153953, 0.22418296835037954)
1(0.22513296963169493, 0.2494504423954511)
1(0.1185373325114224, 0.14266210402287438)
1(0.1435832702990678, 0.16767021371073054)
1(0.14120198108499826, 0.16524793859868936)
1(0.22502744879730863, 0.24871152197295843)
1(0.12544507922194437, 0.14901086200091385)
1(0.1711531248267535, 0.19466005025206723)
1(0.11263018643192357, 0.13611087210950557)
1(0.12056606867362407, 0.14346063805278086)
1(0.16308399517873107, 0.18584143791611774)
1(0.2559572623294937, 0.27858996342225295)
1(0.18534512544781367, 0.20773906412552834)
1(0.13487603572506923, 0.15704673306313444)
1(0.13290938076686654, 0.15495650804335703)
1(0.17213194961892575, 0.1939452812649436)
1(0.21731371483866369, 0.23892807495859292)
1(0.21651438179672378, 0.23796986732618253)
1(0.12866260724436196, 0.14992333257134782)
1(0.25569727593416225, 0.2765287551800285)
1(0.10604370924203754, 0.12683278235014472)
1(0.20555912866457438, 0.22600085783571944)
1(0.11520333859625476, 0.13527565435117184)
1(0.17767061453342026, 0.19766216419431304)
1(0.1494072287316095, 0.16930966739260944)
1(0.1623213482721435, 0.1819918005501655)
1(0.12421262962448032, 0.14388034916740478)
1(0.19562170806050394, 0.21524774461139162)
1(0.1531085703117786, 0.1724883717075748)
1(0.134783051100264, 0.15403361330663357)
1(0.16462008528480399, 0.18382410954149397)
1(0.1180887992302575, 0.1372414938202462)
1(0.1423455577470626, 0.16125705425566994)
1(0.11074665970432762, 0.129627545084243)
1(0.17122046418457393, 0.18982190760708773)
1(0.1148712401840074, 0.13338203830524786)
1(0.12612304338402847, 0.14449309878616867)
1(0.16123700644391525, 0.17942320535453804)
1(0.1506736034196705, 0.16881260143661903)
1(0.08584821075637217, 0.10384014455890933)
1(0.14799956944890558, 0.1659707391471218)
1(0.12709588138843297, 0.1449882776734196)
1(0.2212294610200639, 0.2390546158064416)
1(0.24714258482213958, 0.26483383673000516)
1(0.12992068275732804, 0.14757546216762873)
1(0.1260436440578423, 0.1434817014226758)
1(0.2216045118021862, 0.23892807495859292)
1(0.15642961071504902, 0.17361486060961118)
1(0.15535642125961546, 0.17251876585258408)
1(0.22292072535866858, 0.2400050587955499)
1(0.2041177154914614, 0.22119938525859528)
1(0.24501265305530928, 0.2619915454484125)
1(0.20747117726430764, 0.22440811154832974)
1(0.23583194536754992, 0.2527276147959655)
1(0.24301579074880553, 0.25965237661291274)
1(0.12402807138958372, 0.14036628043759514)
1(0.16083983312911476, 0.1770992194028932)
1(0.2223274878113286, 0.23819090739309556)
1(0.13458673131685206, 0.15023514263739424)
1(0.14561478514261417, 0.16104193070374062)
1(0.23826397848913483, 0.2536852868434968)
1(0.1565123314887924, 0.17187947836236028)
1(0.11945928376183945, 0.13467028594809682)
1(0.2530250660160013, 0.26815374359540256)
1(0.2235990640047668, 0.23866721222771647)
1(0.1542469159157248, 0.1692975199094845)
1(0.12032392533416691, 0.13536642866853033)
1(0.14951301224068514, 0.16454967511153373)
1(0.14924155677353734, 0.16416049012743583)
1(0.3121585594389856, 0.3267125287877375)
1(0.07530026718568827, 0.08931963266876997)
1(0.138239392465221, 0.15221692652723906)
1(0.09918862356391878, 0.11313112527199887)
1(0.17705295740257276, 0.1909542887568626)
1(0.2518783415670618, 0.26556434067838774)
1(0.1736217159697021, 0.18718882224887967)
1(0.2908201333335543, 0.30438122645912)
1(0.24114153122214932, 0.25468432919509565)
1(0.16849586275017858, 0.18190769783563632)
1(0.1414992428399099, 0.15480933216905746)
1(0.16326106849061706, 0.1764825248334726)
1(0.25163224278800966, 0.2648293856230345)
1(0.11341612053847028, 0.1265658495474472)
1(0.07359005135827146, 0.08670079958976329)
1(0.15127449993473496, 0.1642875252786109)
1(0.18792288190355677, 0.20085997515850507)
1(0.12420937952644762, 0.13701997909230224)
1(0.08210190303869169, 0.09487053071065732)
1(0.15282176891786925, 0.16548194988444354)
1(0.1117213170984388, 0.12420833295423583)
1(0.22779106612809197, 0.24024229912671025)
1(0.20435835294872406, 0.21673175201192352)
1(0.1840017901072074, 0.19631624338691167)
1(0.24471507777019463, 0.25701925126351965)
1(0.14043166592885947, 0.15267328316522888)
1(0.224500738124072, 0.23667638571380367)
1(0.21176533959710897, 0.22394057871304707)
1(0.14269931688252968, 0.15477373792820892)
1(0.13188432654611948, 0.14388947524637608)
1(0.2521644856275591, 0.26411969277070535)
1(0.11827738680881128, 0.1302064374575549)
1(0.08525773115435065, 0.09717496982833274)
1(0.12370643512550716, 0.13550043640533727)
1(0.0734777154340499, 0.08522755285554684)
1(0.1942393030532652, 0.20596641721875997)
1(0.14781429976263094, 0.15954000829689485)
1(0.10116632546491777, 0.11279544774028138)
1(0.12285098835785613, 0.13443605120423696)
1(0.23731525058314817, 0.24886502897166107)
1(0.2227032369941362, 0.23416766342580642)
1(0.14121551759487938, 0.152603003825296)
1(0.19500215743083904, 0.20636429235064901)
1(0.11420313221099343, 0.12555987350690057)
1(0.13228080208838755, 0.14346063805278086)
1(0.2224589203790046, 0.23362065095062046)
1(0.2616017514749981, 0.27251199199323073)
1(0.20056353329891674, 0.2114456598422455)
1(0.34985552403703457, 0.36068409873710805)
1(0.15774048406653318, 0.16848508129112394)
1(0.16294526848397717, 0.17368641390735995)
1(0.14183562668901217, 0.15256423080586268)
1(0.203928016200993, 0.21459147422953695)
1(0.14396442974220636, 0.15458732233780115)
1(0.23338593209387115, 0.24397010177414757)
1(0.1200183334282382, 0.13023894908390365)
1(0.12381551214351871, 0.1339810776453252)
1(0.23118719098810392, 0.24132157929323172)
1(0.24658155580087393, 0.2567139390165585)
1(0.22315631130781532, 0.23320516415499726)
1(0.2638121531609373, 0.2738049615005458)
1(0.22612914043754495, 0.2360682835538387)
1(0.16221437224741753, 0.17195770102027674)
1(0.21773618647041382, 0.22732450782945446)
1(0.19027606592668134, 0.19979940946952923)
1(0.20874666352737026, 0.21818480191076617)
1(0.21808135002168183, 0.2273250489867793)
1(0.1031510465950316, 0.11231554921574505)
1(0.2801360714509482, 0.28929927711090664)
1(0.17823795874045056, 0.18736351634138082)
1(0.2036410066909884, 0.21270382203627747)
1(0.21286831729239408, 0.22188564792464183)
1(0.2534011473497487, 0.26241369267205084)
1(0.09315970690527009, 0.10208996884847488)
1(0.13537864636659136, 0.1442334561244346)
1(0.24475334933544624, 0.2535930766518252)
1(0.14598653833750963, 0.15480933216905746)
1(0.08099417114350582, 0.08946068073075042)
1(0.12476227007213803, 0.1331659664137015)
1(0.15700697506063332, 0.16531905106650346)
1(0.166143737409011, 0.17445556034713905)
1(0.14501950335493285, 0.1531786557811955)
1(0.27021375963943506, 0.2782189952648112)
1(0.2100537825163269, 0.2178139409707801)
1(0.15352183059512414, 0.16127008057406433)
1(0.18524719492074637, 0.19295429952268628)
1(0.1447073131017793, 0.15239780724203988)
1(0.14994030792146407, 0.1575847861409132)
1(0.18437713456558869, 0.19197933193568506)
1(0.24491866938858753, 0.25245202798498045)
1(0.10853272668022085, 0.11603726946400506)
1(0.08767503061486004, 0.09499332752889678)
1(0.10340082731409495, 0.11055280699789471)
1(0.12758278192964068, 0.13467028594809682)
1(0.15625697469968425, 0.16332774178432408)
1(0.2272315173325491, 0.23421229789779763)
1(0.24464676138590957, 0.2515520134350694)
1(0.08943480041214769, 0.09604880433795071)
1(0.11662163353522381, 0.1232203489123801)
1(0.2176452775566421, 0.22422152018721342)
1(0.217996452008143, 0.2245482519734926)
1(0.11689692391685791, 0.12340522802375142)
1(0.16879661130585166, 0.17526440057066284)
1(0.20451169444910244, 0.2109667437129713)
1(0.1423287467965645, 0.1487649031344146)
1(0.12820465075658738, 0.1346327174975407)
1(0.26450313163950834, 0.2708311574882849)
1(0.026978932728567218, 0.033102138437684725)
1(0.13266416670585945, 0.13873849994087684)
1(0.29115569580686695, 0.29709719124903566)
1(0.24659495979303547, 0.25229832668150454)
1(0.13347607163821973, 0.1390922623921408)
1(0.16347504710015814, 0.1690738883716174)
1(0.18433630744401808, 0.1898510607275642)
1(0.18971836169154654, 0.19521030761970903)
1(0.02462890342461821, 0.03007882570464515)
1(0.2373207811063296, 0.24273207119008056)
1(0.23831007739223464, 0.2436734790196795)
1(0.02366980969555499, 0.028832319579219945)
1(0.22750812868550763, 0.2326456036927278)
1(0.13641784182315897, 0.14149016949163118)
1(0.14099118206592154, 0.14603993216429567)
1(0.13719690882940505, 0.14224348793231556)
1(0.01923549756985743, 0.024266620458874177)
1(0.1292909883114166, 0.1342863486748923)
1(0.12373383632660362, 0.1287158262140261)
1(0.14656055609320984, 0.15151617046207222)
1(0.07302327618115545, 0.0778730449041799)
1(0.24680349386934997, 0.2516380686953289)
1(0.01799636172843, 0.022824550623865125)
1(0.09872824720213913, 0.1034098411297053)
1(0.26439103898079275, 0.26903550409107513)
1(0.12126205078057739, 0.12580036142816176)
1(0.023036246920942083, 0.02752976347643965)
1(0.10353272367281185, 0.10799936167013047)
1(0.020332043554931567, 0.024794540963372746)
1(0.11028978236954756, 0.1146550969250325)
1(0.23271628024238789, 0.2369973957463123)
1(0.1263492658611084, 0.13060761516830954)
1(0.1192174582617509, 0.12347278012308838)
1(0.018680289859836274, 0.02292331951074289)
1(0.02140571748079867, 0.025638235868596038)
1(0.03641365710662636, 0.040599163184355413)
1(0.1253316000411262, 0.1294781886033416)
1(0.022194345215282185, 0.0263269373212216)
1(0.018916205622499294, 0.023040758810894513)
1(0.12550489880757465, 0.129627545084243)
1(0.1594466140516323, 0.1635093686700989)
1(0.1729400252414065, 0.17697301343704064)
1(0.26082966882935277, 0.2648293856230345)
1(0.13474344794233994, 0.13873849994087684)
1(0.02239936404048215, 0.02633989863573305)
1(0.16099930981483157, 0.16484431678491107)
1(0.249797571412111, 0.2535879167230589)
1(0.19939886139363427, 0.20317723272135368)
1(0.08319398075606499, 0.08692896562204389)
1(0.3542012929044588, 0.3579137126886738)
1(0.15687581598957456, 0.16057211790287118)
1(0.2057755547244925, 0.2094709440620105)
1(0.03339424967386306, 0.03707509170401946)
1(0.13207714450704267, 0.13572237371382156)
1(0.02379004325363987, 0.027397881597902463)
1(0.12515268702172022, 0.1287158262140261)
1(0.1166904839381574, 0.12020846991602185)
1(0.0254514259093529, 0.028969269124240804)
1(0.11270903163933998, 0.11621943259552314)
1(0.1399684028873891, 0.14346063805278086)
1(0.23601898077611938, 0.23948828658283106)
1(0.021181907706916192, 0.02457223191818203)
1(0.16299514963362483, 0.16630670697510053)
1(0.019329218889435396, 0.022471299412670565)
1(0.1278325598099298, 0.13090038511339408)
1(0.018989363732065057, 0.022055335237829543)
1(0.08422312071829385, 0.08726866231654795)
1(0.12195204169474705, 0.1249563934184229)
1(0.08631862185749672, 0.08931963266876997)
1(0.18873964584909542, 0.19168674722281975)
1(0.10937678352384106, 0.11231554921574505)
1(0.22973048092473514, 0.23264238029812423)
1(0.17059195792359882, 0.17346669077746668)
1(0.019193031960009432, 0.022065707700986592)
1(0.09349932453988374, 0.0963094671761926)
1(0.020091616681622626, 0.022865182717176413)
1(0.01819461485802354, 0.020923867044381872)
1(0.029033459245202398, 0.03175594017212546)
1(0.0191720491755083, 0.02189426670441519)
1(0.020333886601886397, 0.023045700746450626)
1(0.024651985634063678, 0.02719587070077989)
1(0.238818935776262, 0.24132157929323172)
1(0.13998903951112762, 0.1424902252961251)
1(0.021059344403829616, 0.02352096897056144)
1(0.12980326229727257, 0.1322426627912905)
1(0.02136302734798301, 0.023799074470458148)
1(0.02147849622272724, 0.023902797994796887)
1(0.12262043519511856, 0.12499722807128566)
1(0.019931625910684758, 0.022227882538516708)
1(0.020820621227543024, 0.023071451639406937)
1(0.027999171313205173, 0.030231381631957488)
1(0.03295854069232662, 0.035153104601446716)
1(0.1466875505750318, 0.14881592654285558)
1(0.22181226305615043, 0.22394057871304707)
1(0.024734655650931248, 0.026838648709532453)
1(0.1195409432669281, 0.1216266430785492)
1(0.023889379433331026, 0.025973635571664877)
1(0.15917569777041252, 0.16125705425566994)
1(0.02084746227627854, 0.02292331951074289)
1(0.1825378844941753, 0.18455790708251518)
1(0.02164939493622675, 0.023665039857722614)
1(0.15012451889189116, 0.15212183899460552)
1(0.13682284285335378, 0.1388160529907947)
1(0.10270283345051989, 0.10467554354723896)
1(0.039677219992537927, 0.04161455866492514)
1(0.148346523824043, 0.15028208856161174)
1(0.019711533190600705, 0.021527242946235647)
1(0.22607301646455613, 0.22785947155681296)
1(0.0879675381178947, 0.08975115666297462)
1(0.022479360182911967, 0.02425159801139276)
1(0.19433065509629233, 0.19609678471965308)
1(0.02680548684974071, 0.02853311065634645)
1(0.1623552909482291, 0.16406783944839887)
1(0.018106987859389134, 0.019813451977606644)
1(0.01952743088057951, 0.02120763659677294)
1(0.2547944030020908, 0.25644403254570847)
1(0.023596221055139588, 0.025235843699649485)
1(0.01987851265591245, 0.021507169901473056)
1(0.14598838910805567, 0.1475994587660986)
1(0.019688898791946907, 0.021206994123929124)
1(0.1328112737587528, 0.1343246125315607)
1(0.02044409508916256, 0.02195699135185636)
1(0.2177339139696426, 0.21923007209377476)
1(0.08769009329113586, 0.08914260776176708)
1(0.025194275971191837, 0.02661362322685068)
1(0.025793447679023918, 0.027184019532745518)
1(0.022871322196782895, 0.024259659812191914)
1(0.018119050796244873, 0.019504532338829983)
1(0.028661065929435403, 0.030015604231791282)
1(0.17691786132963794, 0.178257563799313)
1(0.02500649443076919, 0.02633989863573305)
1(0.019139796969255496, 0.020469588007432815)
1(0.028001208125605803, 0.029311517179881008)
1(0.020402998628103464, 0.0216969639524216)
1(0.1513172327562543, 0.152603003825296)
1(0.15963795952335647, 0.16092102645149975)
1(0.23821151235678606, 0.23948090495346264)
1(0.11942209312100449, 0.12067907292191815)
1(0.2193778683826284, 0.22062914794383404)
1(0.02471846457886273, 0.025964853546170952)
1(0.17572207862907907, 0.1769615407414611)
1(0.02101452623302902, 0.022227882538516708)
1(0.08747422774508118, 0.0886439776180783)
1(0.02490825001786967, 0.026047647750255698)
1(0.019400548699323505, 0.02052955273907686)
1(0.2583722831035363, 0.25945475987292277)
1(0.02066927190147061, 0.021748600321462086)
1(0.088717131785638, 0.0897820165124692)
1(0.021723363832631293, 0.02277043937976586)
1(0.23599815128309465, 0.23703051992883484)
1(0.022918659789282092, 0.023935241119909523)
1(0.17455681527690237, 0.1755184986670434)
1(0.15340261331576732, 0.15435615010768433)
1(0.023300881279022745, 0.024124591136469586)
1(0.11619728306811539, 0.11700271809102636)
1(0.02152400445703162, 0.022328524117199877)
1(0.18093807678053786, 0.18173569441292436)
1(0.15898186044936535, 0.15976470206997462)
1(0.224532374764142, 0.22528155469251265)
1(0.021485162836901273, 0.02218809732803506)
1(0.0374461173224665, 0.038126173671894636)
1(0.10437612352094705, 0.10500286217600541)
1(0.12104233085122573, 0.12163721271260886)
1(0.02267869808495948, 0.023255839847216797)
1(0.18365030429533857, 0.1842221793549761)
1(0.02335913821158675, 0.023893514996844667)
1(0.04106899199803049, 0.04158745538439712)
1(0.047406554111993904, 0.04788296337823583)
1(0.020769587129656486, 0.0211952044357554)
1(0.021152133752258107, 0.021527242946235647)
1(0.020482657681624383, 0.020813670220844682)
1(0.2560029033948741, 0.2563326324525852)
1(0.020638436188338827, 0.020966009926495)
1(0.019428856652573767, 0.01975111658892925)
1(0.14315707735828131, 0.14347098910077882)
1(0.17454135703575657, 0.1748365050281988)
1(0.019619066473893998, 0.019893230574624554)
1(0.019765363358678734, 0.01999565196933195)
1(0.14664699150062677, 0.1468743322735958)
1(0.019469383568157528, 0.019696640177143454)
1(0.14228978779045254, 0.1424902252961251)
1(0.17475230145000953, 0.1749294790003485)
1(0.02034234409964708, 0.020470338636208285)
1(0.025556771246344256, 0.025677841925474065)
1(0.020808507621294048, 0.020923867044381872)
1(0.15432614503438047, 0.15439783347305103)
1(0.047031009212930575, 0.04707962012218614)
0(0.0, inf)
0(0.0, 0.9580824127636115)
0(0.0, 0.27678606519696103)
0(0.0, 0.2750434353254896)
0(0.0, 0.25808793388095386)
0(0.0, 0.25631687035972817)
0(0.0, 0.2347211321591608)
0(0.0, 0.23103532477189215)
0(0.0, 0.22933283265737148)
0(0.0, 0.22794615946014418)
0(0.0, 0.22195711920079253)
0(0.0, 0.2198345182664555)
0(0.0, 0.21903104707969356)
0(0.0, 0.21894610237018608)
0(0.0, 0.21620302408225178)
0(0.0, 0.21582949084827208)
0(0.0, 0.21487649424487087)
0(0.0, 0.21388178348950915)
0(0.0, 0.2135512243630635)
0(0.0, 0.21316397261372777)
0(0.0, 0.21275179806954247)
0(0.0, 0.21242710092262873)
0(0.0, 0.2111017146131512)
0(0.0, 0.2103055725922467)
0(0.0, 0.21019730281349192)
0(0.0, 0.20867599717718177)
0(0.0, 0.20646584366722898)
0(0.0, 0.2064488642213479)
0(0.0, 0.20607426903557846)
0(0.0, 0.2054919265551718)
0(0.0, 0.20457314320581232)
0(0.0, 0.20157896179222878)
0(0.0, 0.2005804271273599)
0(0.0, 0.2002683068919029)
0(0.0, 0.19911452702200672)
0(0.0, 0.19829844210551917)
0(0.0, 0.19718524889819744)
0(0.0, 0.19661767932717789)
0(0.0, 0.19656097469070344)
0(0.0, 0.19459504430062402)
0(0.0, 0.19450083625164238)
0(0.0, 0.19321313193297673)
0(0.0, 0.18958295623532218)
0(0.0, 0.18944599542788254)
0(0.0, 0.18825475042184303)
0(0.0, 0.18662244766437563)
0(0.0, 0.18623605013707478)
0(0.0, 0.18607706006324332)
0(0.0, 0.18536708909310418)
0(0.0, 0.18505148654755343)
0(0.0, 0.18454934004288204)
0(0.0, 0.18448463963791595)
0(0.0, 0.1831908859200615)
0(0.0, 0.1818190425693199)
0(0.0, 0.18089378082721486)
0(0.0, 0.18085646801011712)
0(0.0, 0.17966704703367797)
0(0.0, 0.17943602835252936)
0(0.0, 0.1793300491190496)
0(0.0, 0.17917228996163836)
0(0.0, 0.1783284929062644)
0(0.0, 0.1772918728422168)
0(0.0, 0.177286115886514)
0(0.0, 0.1766367643389516)
0(0.0, 0.17648118034180293)
0(0.0, 0.1735131148437784)
0(0.0, 0.17281599403866765)
0(0.0, 0.17231631728727204)
0(0.0, 0.17176636785696664)
0(0.0, 0.1702635786563539)
0(0.0, 0.1701323394507117)
0(0.0, 0.1700491815894838)
0(0.0, 0.16991327127321154)
0(0.0, 0.16936897556733466)
0(0.0, 0.16925354022133798)
0(0.0, 0.1691792981299326)
0(0.0, 0.16914072417459758)
0(0.0, 0.16838257551110614)
0(0.0, 0.1683596144464623)
0(0.0, 0.1672663286909446)
0(0.0, 0.16701568464979455)
0(0.0, 0.1627647940160185)
0(0.0, 0.16253341152308665)
0(0.0, 0.162475315290058)
0(0.0, 0.1622253767901375)
0(0.0, 0.16155836366182286)
0(0.0, 0.1612180844624651)
0(0.0, 0.16086405032117113)
0(0.0, 0.16061879849949956)
0(0.0, 0.16038063240950529)
0(0.0, 0.16008643968878467)
0(0.0, 0.1599733997835262)
0(0.0, 0.15988166565125195)
0(0.0, 0.15974969655457127)
0(0.0, 0.15912383054000256)
0(0.0, 0.15898006322390246)
0(0.0, 0.15883826416240354)
0(0.0, 0.158285150737127)
0(0.0, 0.158271729269982)
0(0.0, 0.15824819950985403)
0(0.0, 0.15804762207095668)
0(0.0, 0.15780876806753963)
0(0.0, 0.1570829056604689)
0(0.0, 0.15681375005654252)
0(0.0, 0.15670565814899207)
0(0.0, 0.15626478922090103)
0(0.0, 0.1561503215874558)
0(0.0, 0.15582855066152224)
0(0.0, 0.15578558186296632)
0(0.0, 0.1553685760518846)
0(0.0, 0.15459243861619332)
0(0.0, 0.15395609175506442)
0(0.0, 0.15395028162799085)
0(0.0, 0.15313817227110482)
0(0.0, 0.15267609191571474)
0(0.0, 0.15256847487411207)
0(0.0, 0.15232421005401187)
0(0.0, 0.15217595120606497)
0(0.0, 0.1517397649265455)
0(0.0, 0.15113201929409903)
0(0.0, 0.15056622112129925)
0(0.0, 0.14882988956760757)
0(0.0, 0.14838655468539508)
0(0.0, 0.14727498445247178)
0(0.0, 0.1454547781899882)
0(0.0, 0.1445467238360587)
0(0.0, 0.1435588953003577)
0(0.0, 0.1431220702717224)
0(0.0, 0.14292215155378574)
0(0.0, 0.14233588330931113)
0(0.0, 0.1413979832588419)
0(0.0, 0.14004086916200076)
0(0.0, 0.13903413523659636)
0(0.0, 0.13870128257332925)
0(0.0, 0.13827292043715134)
0(0.0, 0.1379693269743395)
0(0.0, 0.13778410656880147)
0(0.0, 0.13768021783936846)
0(0.0, 0.1372862526536589)
0(0.0, 0.13660662704636162)
0(0.0, 0.136497914718261)
0(0.0, 0.1364802448143555)
0(0.0, 0.13562222039619043)
0(0.0, 0.1354088128273604)
0(0.0, 0.1350904685369153)
0(0.0, 0.1348274912592473)
0(0.0, 0.13469527319952246)
0(0.0, 0.13466015814847165)
0(0.0, 0.1333693412166681)
0(0.0, 0.13284615575041947)
0(0.0, 0.13216284768980757)
0(0.0, 0.13214317114044705)
0(0.0, 0.13196744312904873)
0(0.0, 0.13194262660876777)
0(0.0, 0.13121341654298835)
0(0.0, 0.13090132372392893)
0(0.0, 0.13023627844736962)
0(0.0, 0.1300218526263992)
0(0.0, 0.12921047067287195)
0(0.0, 0.1291264829833242)
0(0.0, 0.1284090902779098)
0(0.0, 0.12787889269038377)
0(0.0, 0.12709198068847127)
0(0.0, 0.12687835611228038)
0(0.0, 0.12673276266105027)
0(0.0, 0.12655873609837853)
0(0.0, 0.12591564296741742)
0(0.0, 0.1256040667622491)
0(0.0, 0.125395671532058)
0(0.0, 0.12497257578950993)
0(0.0, 0.12493930828571687)
0(0.0, 0.12478234004516542)
0(0.0, 0.12419212528532331)
0(0.0, 0.12321880140268271)
0(0.0, 0.12251271547656428)
0(0.0, 0.12195700410644195)
0(0.0, 0.12182013328381669)
0(0.0, 0.12145516321068728)
0(0.0, 0.12072928682780171)
0(0.0, 0.12018878055703264)
0(0.0, 0.11959534725220544)
0(0.0, 0.11932244441696893)
0(0.0, 0.11910485503592028)
0(0.0, 0.11901347195584999)
0(0.0, 0.11899702987015293)
0(0.0, 0.1188321033036791)
0(0.0, 0.1183497500061439)
0(0.0, 0.11798812161364225)
0(0.0, 0.11781792522858281)
0(0.0, 0.11646296579056603)
0(0.0, 0.1157504969529588)
0(0.0, 0.11511398883137791)
0(0.0, 0.11491566679591081)
0(0.0, 0.1148816409190958)
0(0.0, 0.11481688517583322)
0(0.0, 0.11446379937786999)
0(0.0, 0.11428226262567931)
0(0.0, 0.11385100665055414)
0(0.0, 0.11380005185079267)
0(0.0, 0.11324792027007624)
0(0.0, 0.11292386256548237)
0(0.0, 0.11286734733581483)
0(0.0, 0.11237558041484985)
0(0.0, 0.11227938197445575)
0(0.0, 0.11161957234349174)
0(0.0, 0.11159455051819167)
0(0.0, 0.11135128058469224)
0(0.0, 0.11094689459543605)
0(0.0, 0.11068346329822243)
0(0.0, 0.11053440336458042)
0(0.0, 0.11040483745279372)
0(0.0, 0.1103078944489646)
0(0.0, 0.11011204984902956)
0(0.0, 0.11006593394274466)
0(0.0, 0.10994814285859789)
0(0.0, 0.10935790482090668)
0(0.0, 0.10907202135486727)
0(0.0, 0.1089547162137463)
0(0.0, 0.10894482693824903)
0(0.0, 0.10882363455987598)
0(0.0, 0.10811166994007215)
0(0.0, 0.10773348185893572)
0(0.0, 0.10587904284960725)
0(0.0, 0.10510048735804822)
0(0.0, 0.10488201477567749)
0(0.0, 0.1048315310805884)
0(0.0, 0.1037576962010045)
0(0.0, 0.10351724846752597)
0(0.0, 0.10346503475889901)
0(0.0, 0.10328086271009296)
0(0.0, 0.10325901230569923)
0(0.0, 0.10303995479128536)
0(0.0, 0.10287135754616594)
0(0.0, 0.10263411016174573)
0(0.0, 0.10207748299579422)
0(0.0, 0.10176191299688497)
0(0.0, 0.10168410411167972)
0(0.0, 0.10150499003981373)
0(0.0, 0.1013791167268856)
0(0.0, 0.10127008139949956)
0(0.0, 0.10112635837540807)
0(0.0, 0.10096952120658487)
0(0.0, 0.10088941206802549)
0(0.0, 0.09962655338248083)
0(0.0, 0.09839972613161152)
0(0.0, 0.09779234773582635)
0(0.0, 0.09722345445219549)
0(0.0, 0.09711460106403924)
0(0.0, 0.09701953851731748)
0(0.0, 0.09682504894553345)
0(0.0, 0.09674553900060456)
0(0.0, 0.09621778255109814)
0(0.0, 0.09382326976402389)
0(0.0, 0.09375660632214666)
0(0.0, 0.09368269284666675)
0(0.0, 0.09361167446694618)
0(0.0, 0.09308339495375173)
0(0.0, 0.09302966138828128)
0(0.0, 0.09297253502674696)
0(0.0, 0.09211872859643333)
0(0.0, 0.09141953101362277)
0(0.0, 0.09131234912492348)
0(0.0, 0.09098488552956518)
0(0.0, 0.09079810043760705)
0(0.0, 0.09079239484626833)
0(0.0, 0.08969493708329435)
0(0.0, 0.08958531247891832)
0(0.0, 0.08956189142191584)
0(0.0, 0.08912636442643251)
0(0.0, 0.08895938174459062)
0(0.0, 0.08799922855668829)
0(0.0, 0.08747004182538853)
0(0.0, 0.08674103444882653)
0(0.0, 0.08593135629145221)
0(0.0, 0.08563877575849532)
0(0.0, 0.08540150616156561)
0(0.0, 0.0846083669744665)
0(0.0, 0.08352204515774542)
0(0.0, 0.08267149007770347)
0(0.0, 0.08198499558117622)
0(0.0, 0.08178118822660474)
0(0.0, 0.08159123289338122)
0(0.0, 0.08104303365471976)
0(0.0, 0.08102690979214255)
0(0.0, 0.08090397101232027)
0(0.0, 0.08042567441434978)
0(0.0, 0.08033955007284677)
0(0.0, 0.08020727107033854)
0(0.0, 0.07971462195931722)
0(0.0, 0.07970270700382354)
0(0.0, 0.07967173482789502)
0(0.0, 0.07935714319037179)
0(0.0, 0.07904728578039155)
0(0.0, 0.07862905463205128)
0(0.0, 0.07827364704310535)
0(0.0, 0.0749441350989617)
0(0.0, 0.0737374317834899)
0(0.0, 0.07266118646866837)
0(0.0, 0.07219005767858189)
0(0.0, 0.07118964485752888)
0(0.0, 0.06929791733274393)
0(0.0, 0.06897546309696923)
0(0.0, 0.06842103980575243)
0(0.0, 0.06675999919882059)
0(0.0, 0.065649398955689)
0(0.0, 0.06537330998577406)
0(0.0, 0.06457606811985939)
0(0.0, 0.06439555860307633)
0(0.0, 0.06387684044137254)
0(0.0, 0.06130395958362833)
0(0.0, 0.06004090892411862)
0(0.0, 0.0598835211065587)
0(0.0, 0.05985841668308778)
0(0.0, 0.05953482914877306)
0(0.0, 0.059472490225869534)
0(0.0, 0.059254001410767865)
0(0.0, 0.05671954006453661)
0(0.0, 0.056311764924711794)
0(0.0, 0.05197952377071691)
0(0.0, 0.05116313480203383)
0(0.0, 0.05111053174839597)
0(0.0, 0.04930645510403742)
0(0.0, 0.04723214473868853)
0(0.0, 0.04496110403732534)
0(0.0, 0.04332756316255071)
0(0.0, 0.037508774440498605)
0(0.0, 0.03571604621860158)
0(0.0, 0.035370054196686596)
0(0.0, 0.03285405596319979)
0(0.0, 0.031616518366832325)
0(0.0, 0.03133620790590952)
0(0.0, 0.030247172765903385)
0(0.0, 0.03009205343485699)
0(0.0, 0.028781834844452403)
0(0.0, 0.027731617464945124)
0(0.0, 0.02764722834867095)
0(0.0, 0.02743170857051469)
0(0.0, 0.027125420473547046)
0(0.0, 0.025695702725608616)
0(0.0, 0.024716148167550633)
0(0.0, 0.024657012330180916)
0(0.0, 0.024632238148917684)
0(0.0, 0.024570590191315578)
0(0.0, 0.02404444536176742)
0(0.0, 0.02387059108802292)
0(0.0, 0.02373246782449978)
0(0.0, 0.02349647514067732)
0(0.0, 0.023412784465435377)
0(0.0, 0.023323956313593408)
0(0.0, 0.02273996176424886)
0(0.0, 0.022218766386242983)
0(0.0, 0.02190475886028942)
0(0.0, 0.02156985816014112)
0(0.0, 0.0215615378812698)
0(0.0, 0.02139104359356847)
0(0.0, 0.02130826444847167)
0(0.0, 0.02126388715120242)
0(0.0, 0.021218902042207888)
0(0.0, 0.02113313210369694)
0(0.0, 0.020992600777480108)
0(0.0, 0.02068978473805183)
0(0.0, 0.020330694732615062)
0(0.0, 0.020226621154984747)
0(0.0, 0.02000072800633712)
0(0.0, 0.01994550337683787)
0(0.0, 0.01987380769620528)
0(0.0, 0.0196191951563206)
0(0.0, 0.01945445457581496)
0(0.0, 0.01941048159574299)
0(0.0, 0.019342872898736152)
0(0.0, 0.01932154300269051)
0(0.0, 0.01929595713434884)
0(0.0, 0.01921012291008206)
0(0.0, 0.019185412260319112)
0(0.0, 0.01916843516236011)
0(0.0, 0.01915915403618429)
0(0.0, 0.019100448196438413)
0(0.0, 0.019026671922251714)
0(0.0, 0.018888432146251688)
0(0.0, 0.01877481101801226)
0(0.0, 0.018750190598598726)
0(0.0, 0.018540167665478058)
0(0.0, 0.018399519970903278)
0(0.0, 0.01837689631575412)
0(0.0, 0.018376384022702474)
0(0.0, 0.018229740721029897)
0(0.0, 0.01818095002043041)
0(0.0, 0.018077709511413187)
0(0.0, 0.01798387248315403)
0(0.0, 0.017926374963699088)
0(0.0, 0.01767896548658221)
0(0.0, 0.017628481401884222)
0(0.0, 0.01758773007490322)
0(0.0, 0.017400074893252016)
0(0.0, 0.017359160416388186)
0(0.0, 0.017354743921920823)
0(0.0, 0.017313282857464696)
0(0.0, 0.017298896745594927)
0(0.0, 0.017285408023933302)
0(0.0, 0.017263512489877453)
0(0.0, 0.017121157659691244)
0(0.0, 0.01710308441944486)
0(0.0, 0.016928855500271567)
0(0.0, 0.016917280027577863)
0(0.0, 0.016900389598631826)
0(0.0, 0.016772937519283215)
0(0.0, 0.016721798873446825)
0(0.0, 0.01660632354038416)
0(0.0, 0.016592215036552727)
0(0.0, 0.0165759602543879)
0(0.0, 0.016439712372539828)
0(0.0, 0.01627199218115527)
0(0.0, 0.01588073817727953)
0(0.0, 0.015860057498374047)
0(0.0, 0.015617326849474367)
0(0.0, 0.015498932473788862)
0(0.0, 0.015361651222850381)
0(0.0, 0.015327201409459312)
0(0.0, 0.01518422838106559)
0(0.0, 0.014721920078259787)
0(0.0, 0.014504433954268259)
0(0.0, 0.014306835099663684)
0(0.0, 0.014047110086627068)
0(0.0, 0.013541847015967057)
0(0.0, 0.013517823852989053)
0(0.0, 0.013001578683201842)
0(0.0, 0.012948975663784501)
0(0.0, 0.012942486443137113)
0(0.0, 0.012833882802720464)
0(0.0, 0.012782832734105853)
0(0.0, 0.012539639516161105)
0(0.0, 0.009388367656646746)
