1(0.27712039986844506, 0.38998332144550785)
1(0.3048470355359799, 0.38807187658997533)
1(0.3028304263465824, 0.3803034269038782)
1(0.2912734560391771, 0.36657422028369124)
1(0.38752838187823424, 0.4589194029594995)
1(0.23318812097890196, 0.30354849659178673)
1(0.2994037166570006, 0.36844185933620466)
1(0.24484638629269606, 0.3132083334314627)
1(0.2554914377526508, 0.3234670551373978)
1(0.2533366955274343, 0.319435862495408)
1(0.2573342372862787, 0.3232767770512235)
1(0.3413094991993054, 0.4070492527835854)
1(0.19748288266002545, 0.2619825109713786)
1(0.3349522403954919, 0.3980416474040045)
1(0.2497626497518618, 0.31128035820803546)
1(0.22852863351175268, 0.28917138101807915)
1(0.2527632250200038, 0.31209728834098693)
1(0.20666971864609252, 0.2658095987457557)
1(0.30907042780766436, 0.3675744645935256)
1(0.2818218131043061, 0.34015150835190566)
1(0.2375456600321687, 0.2956354813552836)
1(0.3103992066456325, 0.3674543263288006)
1(0.3363441504251419, 0.39318306840126405)
1(0.2361520554281904, 0.2919944846256356)
1(0.2070749226305536, 0.26154461573630416)
1(0.22611637808653196, 0.280395854023624)
1(0.28472350986738326, 0.3381257378629282)
1(0.20981634284925732, 0.2631086534490116)
1(0.2181042191536433, 0.27119618757917774)
1(0.19475761542518877, 0.2474293701862107)
1(0.21649507114598576, 0.2691414532499661)
1(0.2528389001979382, 0.305480203385049)
1(0.21428525450365687, 0.2664256722390831)
1(0.21079410514441965, 0.26228581166866016)
1(0.23780184968850748, 0.289284256490291)
1(0.21855145455785574, 0.2698197815772667)
1(0.20040688344266133, 0.2514870804785688)
1(0.26188564239117995, 0.31249288759053895)
1(0.25177239979591415, 0.30208342575826264)
1(0.20880210200471006, 0.2588680508354224)
1(0.23988457474375735, 0.28933686986437057)
1(0.24627471155827352, 0.2951517112563087)
1(0.23380123655226537, 0.2816196114737164)
1(0.20449669326239217, 0.25207917926632495)
1(0.25311497821251727, 0.30065852915033464)
1(0.23290151501169576, 0.280141432576436)
1(0.21605891528495347, 0.26322011839012693)
1(0.2079182953938633, 0.25486643111927165)
1(0.211829240220744, 0.2587448560902431)
1(0.2012325770516631, 0.24775188120376923)
1(0.23226859134825484, 0.2785370177780001)
1(0.2715700892244347, 0.3171889264315826)
1(0.30586699177925314, 0.350816822953783)
1(0.3607820379195227, 0.40473424893861676)
1(0.2624770927158059, 0.30594781566649687)
1(0.19795519376126625, 0.24028575425239418)
1(0.20754161189135267, 0.24954933070940677)
1(0.2295940765781752, 0.2715712174628624)
1(0.2024671558731217, 0.24442799356256262)
1(0.25134978771760974, 0.29326428560349316)
1(0.22572198052834058, 0.2672001342561815)
1(0.9902235859706963, 1.031367466697083)
1(0.2692656230783217, 0.3103829167816249)
1(1.179714565483093, 1.220783233651709)
1(0.18970705357220186, 0.23070341250510207)
1(0.23277032867882164, 0.2723957274469213)
1(0.22391752889715888, 0.2635136369867037)
1(0.2065939033008023, 0.24614196578100822)
1(0.33953545310930555, 0.37858862619724987)
1(0.21945921829270165, 0.2578630610030751)
1(0.27535307909295337, 0.3136250770005763)
1(0.2005496266069705, 0.2388108194758376)
1(0.2508485006723643, 0.28887476600813844)
1(0.351800762264445, 0.38976136775954107)
1(0.2194698122811619, 0.25734020614409625)
1(0.22517636206186142, 0.26285074404188136)
1(0.32366393413665673, 0.36112250454306616)
1(0.25912042395014334, 0.2962803201091915)
1(0.2218212142084095, 0.25897285060824815)
1(0.26041072499333184, 0.2975020906417407)
1(0.22919089758714073, 0.2661524302702304)
1(0.37891400511891904, 0.4158678945860599)
1(0.2384159804591629, 0.275341176676696)
1(0.2252661700291, 0.2619032866071811)
1(0.2600898903128128, 0.2965395401442841)
1(0.21745930186168183, 0.25366447126446)
1(0.3420692389608072, 0.3781662666991107)
1(0.2815392832586495, 0.31732850859513995)
1(0.2451699291885281, 0.2807559049370463)
1(1.1634487333600572, 1.1988308365295413)
1(0.24959458891606445, 0.28494470393782945)
1(0.2715021168012579, 0.306720544252282)
1(0.2042316378138831, 0.23920195243433495)
1(0.19871685606851575, 0.23334755262273899)
1(0.24065072260445597, 0.27502831385080717)
1(0.28079951342137976, 0.3149250843489244)
1(0.222037581183256, 0.256157146975036)
1(0.26429305010328974, 0.29832637950697294)
1(0.35097336336628093, 0.3849972249786302)
1(0.3087934597424241, 0.3427310125764125)
1(0.22310096683711889, 0.25687987924293676)
1(0.2453111591016296, 0.2787567205943374)
1(0.21970244084448465, 0.2530382276696571)
1(0.22964048086307387, 0.26290120391523053)
1(0.28958485635327536, 0.3226651232224027)
1(0.20673780041767587, 0.2395463018025792)
1(0.2549330508685317, 0.2876534233706366)
1(0.21711928317936402, 0.24976438080232155)
1(0.20677583043352765, 0.23920195243433495)
1(0.2538327953155062, 0.28581027380539936)
1(0.23941003899287827, 0.271071440195208)
1(0.24892124375343727, 0.2805614968078821)
1(0.33372358352035036, 0.36482578368588847)
1(0.21347725981995969, 0.2444547559654876)
1(0.24733265332513588, 0.27826381368267183)
1(0.19919871907869702, 0.22989193082588044)
1(0.2542851051764323, 0.2848734004208955)
1(0.25820929888922817, 0.28851787977640164)
1(0.2643402688373816, 0.29441332000837195)
1(0.21125338236988322, 0.24114907742193104)
1(0.3100171168676439, 0.33985517953807287)
1(0.24007931975474528, 0.26954513993496265)
1(0.2592851550071654, 0.28867614039068235)
1(0.26053664715057057, 0.289908456169794)
1(0.2383098323440892, 0.26753760742220767)
1(0.23280228081722332, 0.2618225863402127)
1(0.2616260755484705, 0.29062180225838274)
1(0.22425570689257113, 0.25297868050982597)
1(0.22448488179483772, 0.25316384119456625)
1(0.38850392793675526, 0.4171466905174268)
1(0.23141046856861747, 0.2600199453032578)
1(0.25302595175397724, 0.2816196114737164)
1(0.2602514411142739, 0.28871318957437886)
1(0.24080117919891764, 0.26888384819283306)
1(0.16921100917571896, 0.1971752466125306)
1(0.23082078838265296, 0.2587178411783597)
1(0.2123474725966178, 0.24023196417886017)
1(0.24287971420320986, 0.2705816736795462)
1(0.22975596318092506, 0.2573468706726476)
1(0.2143257341135857, 0.24183841111157323)
1(0.23045675279023758, 0.25794637307697343)
1(0.4085301557984091, 0.43591643339608344)
1(0.2799282605859543, 0.30731411044302637)
1(0.21337121774920442, 0.24069728570667026)
1(0.25161427998108155, 0.2789047548828796)
1(0.26037888320652436, 0.2876534233706366)
1(0.23686107543480817, 0.2641055483789827)
1(0.32808614668530844, 0.35522124240151143)
1(0.23781073766716698, 0.2643390265544062)
1(0.26817691416833944, 0.29468658317593066)
1(0.23731669295329183, 0.2637192526326846)
1(0.25072419866515017, 0.27696565125778794)
1(0.2582949549102085, 0.284488543043544)
1(0.2026242088948622, 0.2286798663874926)
1(0.21820492394982594, 0.24417107104838298)
1(0.21742040631267345, 0.24334255611762468)
1(0.23772179267553994, 0.2635923916896489)
1(0.25731579539744587, 0.28314368572405646)
1(0.2615074245294746, 0.2870042478988708)
1(0.21174529297569789, 0.23707663228497)
1(0.22812870346607028, 0.2532932315827534)
1(0.23925353117237047, 0.2641697851520054)
1(0.22788228278613276, 0.25271499950440124)
1(0.25120505699942475, 0.27572791132158914)
1(0.22771532650886928, 0.25219022975791305)
1(0.24469080033329182, 0.2691414532499661)
1(0.27348852500804044, 0.2978007136912517)
1(0.21895752604034635, 0.24326176959189993)
1(0.21056815281718821, 0.23486702369476964)
1(0.22236320928277642, 0.24663842087986243)
1(0.2588970671443548, 0.28269561704740986)
1(0.20024427068231176, 0.2238554220918414)
1(0.2525138521172463, 0.27603753681086174)
1(0.24541356527925295, 0.26888384819283306)
1(0.20592729373616936, 0.229309319533457)
1(0.25247738479071036, 0.2757850812008742)
1(0.20926739407838169, 0.23240506084138257)
1(0.27143054792261745, 0.2943390893375164)
1(0.2164447997735074, 0.23913702008688698)
1(0.29230095183153193, 0.31478482344601666)
1(0.41654544353105416, 0.43898150093034605)
1(0.21910189335202201, 0.2413626477032511)
1(0.21353858747336585, 0.23570161062927963)
1(0.21921795076061112, 0.2413304768727612)
1(0.36933786919445233, 0.3913099404155389)
1(0.19988400535259732, 0.22178793001567165)
1(0.27796039180971177, 0.2995433374283827)
1(0.22275954471917903, 0.244207596879922)
1(0.23222462373876251, 0.25366447126446)
1(0.2552842157961509, 0.2766867452716666)
1(0.22184129771025418, 0.24304828862237204)
1(0.28990089743514835, 0.3109697944931482)
1(0.24299600204405636, 0.26401492180815933)
1(0.23125396189937686, 0.25207917926632495)
1(0.3394065792608948, 0.3602169071954283)
1(0.3520074170556694, 0.3725815647658165)
1(0.2993999633493758, 0.31976485721372994)
1(0.22850906249112823, 0.24856860267373726)
1(0.25809590974691976, 0.2780778147455807)
1(0.2056680546977906, 0.22540491992685863)
1(0.25024884861633434, 0.26986108089699723)
1(0.23245482795883232, 0.25204456752340154)
1(0.21475856997649123, 0.23422247416573472)
1(0.24859101242642878, 0.26792345235458326)
1(0.229332889158127, 0.2486630177686615)
1(0.24815748947735128, 0.2674261689357461)
1(0.22520520800895671, 0.2444547559654876)
1(0.2538840666577433, 0.2730549753275301)
1(0.2900743341038322, 0.309238076506701)
1(0.24589351186068875, 0.26492320735251607)
1(0.28147857459545034, 0.30050724567250275)
1(0.26355768635148147, 0.28250122597394334)
1(0.2860470338278206, 0.30480465350289865)
1(0.2261474943439009, 0.24486100415585343)
1(0.24096960325693495, 0.2596598249265991)
1(0.34031861348937664, 0.3587479744229001)
1(0.2525821205267079, 0.27100958467686465)
1(0.21848251755439796, 0.2366603014575992)
1(0.24126518933717134, 0.25935088734602474)
1(0.21971424834150988, 0.23759352995256988)
1(0.20044025760094297, 0.21816225544371337)
1(0.2468768389402325, 0.2645954110144215)
1(0.232478520727043, 0.25011298442313756)
1(0.27338367486051995, 0.29100432701350054)
1(0.25483447002890736, 0.2722897157728562)
1(0.23468620732545709, 0.25201918397633116)
1(0.27401734868079075, 0.2912901178758479)
1(0.2821070277596893, 0.29932964595235767)
1(0.20781270130227014, 0.22498113657795082)
1(0.06190840550965804, 0.0789679672040352)
1(0.21851684900051338, 0.23532481585665266)
1(0.25265710621151616, 0.26937587248705397)
1(0.23438715245148356, 0.25081534451549425)
1(0.307096021303796, 0.32347982710295653)
1(0.2633493538561169, 0.2796706192161861)
1(0.3006256656316928, 0.31685090062666776)
1(0.25653577327731103, 0.2724135367660848)
1(0.247331790262443, 0.2627814151242325)
1(0.3375797382956155, 0.35286120609697313)
1(0.3048205620721409, 0.3200560488794185)
1(0.23470177726004504, 0.24957254533829776)
1(0.2617452790546009, 0.2765778742140963)
1(0.23724958600792034, 0.25207917926632495)
1(0.25526793890926935, 0.2698439561885957)
1(0.22581537709273802, 0.24028575425239418)
1(0.2404325310446157, 0.25482669068776065)
1(0.2011048951128428, 0.21539468771786607)
1(0.20239934787355274, 0.21656685277533982)
1(0.2678472087990713, 0.2818740975200512)
1(0.22309063848597277, 0.2369489409454768)
1(0.2656450815377047, 0.2794592754233458)
1(0.22236636173095958, 0.23614478963440122)
1(0.23639511785911826, 0.25000449957895055)
1(0.31236027596201377, 0.3258258808085519)
1(0.23647927498618937, 0.2499095793073709)
1(0.26559648745453146, 0.2789047548828796)
1(0.25638624372807495, 0.26967613861897166)
1(0.20067201205436558, 0.2138859945506223)
1(0.28706746637819724, 0.30001299329434605)
1(0.20895887844237526, 0.22178793001567165)
1(0.3546137860091674, 0.3674327489983459)
1(0.3144372198673928, 0.32706237175689123)
1(0.23959425547401636, 0.252208245564957)
1(0.39033432024327364, 0.4029368868019524)
1(0.04945309436307266, 0.061993860334492834)
1(0.29485396815914233, 0.3073868293895943)
1(0.2736562250787452, 0.2861033458740734)
1(0.28474622053521037, 0.2971673169330282)
1(0.2560786695996867, 0.26839231146202114)
1(0.21633579429177585, 0.22850607808953693)
1(0.2704766504031587, 0.28263466709926743)
1(0.24691001235914312, 0.25900403657522963)
1(0.04754978428864953, 0.05962137727863226)
1(0.22220568965178866, 0.23417148246017028)
1(0.22940242295674174, 0.2413304768727612)
1(0.3029472595528637, 0.3148125723146822)
1(0.057560393356647754, 0.06926429429562797)
1(0.20396137410783932, 0.21539468771786607)
1(0.25593607210503055, 0.26730103884576417)
1(0.3467572729230275, 0.35804964220758306)
1(0.21554982545656454, 0.2268276232601688)
1(0.33762480973580256, 0.3487050921989008)
1(0.26822558890214954, 0.2790695904615419)
1(0.3274778996149065, 0.3382996509634404)
1(0.2260656741928042, 0.23685086339855477)
1(0.27083922138102756, 0.2816196114737164)
1(0.26690917515061974, 0.27758749544153094)
1(0.24444611487557155, 0.25511476106450337)
1(0.2509003132005492, 0.26154607554959497)
1(0.23548614529950684, 0.24609070875824035)
1(0.2557801415796854, 0.2663728571781758)
1(0.36447581907127824, 0.3750488433719922)
1(0.04663001764150054, 0.05711402521505193)
1(0.26602274497058187, 0.2763081598218341)
1(0.21272386323263093, 0.22298124587941603)
1(0.26026879540248826, 0.27048147709198367)
1(0.24105211595024723, 0.2512356768236079)
1(0.24719987085750572, 0.2573468706726476)
1(0.24486679702827185, 0.2549352525525922)
1(0.2764326108097894, 0.2864726494542398)
1(0.05180423700179715, 0.06180337747963904)
1(0.2942830724902291, 0.3042416169350014)
1(0.2399147086575778, 0.24983446435655687)
1(0.24046121502822337, 0.25032229300334874)
1(0.24981944462402594, 0.2596598249265991)
1(0.2638100035338783, 0.27350325113570884)
1(0.2797271568005346, 0.28933686986437057)
1(0.2968516236651969, 0.30642097975785576)
1(0.23220148604677182, 0.241739125878765)
1(0.24244131888741893, 0.25197750995555157)
1(0.2656435200394677, 0.2750776342137067)
1(0.0657330513941995, 0.0750515406851816)
1(0.051968680685314905, 0.06128211103938341)
1(0.34182109555173545, 0.35110167700049044)
1(0.05027860490881564, 0.05954497922774238)
1(0.21758975936139402, 0.2268276232601688)
1(0.051136933349906544, 0.06032226306994426)
1(0.2404031997812568, 0.24957254533829776)
1(0.28484168767467843, 0.2939566226001059)
1(0.2668009420926265, 0.2758926295476297)
1(0.27289705932200303, 0.2819814341920204)
1(0.2395959921794023, 0.2486630177686615)
1(0.2373535624368036, 0.24632079638644533)
1(0.25848019850865966, 0.2674442631761508)
1(0.07431770282697392, 0.0832671445544878)
1(0.21764833157758934, 0.22659057759283163)
1(0.27377809821278964, 0.282622432853609)
1(0.2611133490651981, 0.269942730381327)
1(0.2764650054612876, 0.2852876088425156)
1(0.06813686305086375, 0.07693761859751402)
1(0.23835277787216158, 0.24711090002236447)
1(0.07506848955307655, 0.08382473439960292)
1(0.24903230506897323, 0.257735404118442)
1(0.2752404925252999, 0.28391761856910114)
1(0.22688246134336498, 0.2355487828624968)
1(0.051424444491004584, 0.05997436342224294)
1(0.22995275904669277, 0.23849215912421562)
1(0.2310826931778931, 0.2395463018025792)
1(0.23737243884482795, 0.245831492301388)
1(0.26613376795057997, 0.2745751355808125)
1(0.2205224570544626, 0.2289467341134216)
1(0.2808717930497615, 0.28909578526146484)
1(0.2759940147671127, 0.28419874026314285)
1(0.3054298481006136, 0.313617845583824)
1(0.2812740946835437, 0.2893287212152865)
1(0.05067566921143152, 0.05856312398224661)
1(0.3282140198909699, 0.33604551573631625)
1(0.22589553977631582, 0.23371484756438765)
1(0.0558719788460047, 0.06362404410673839)
1(0.27197600918247256, 0.279714211736509)
1(0.06712084545287178, 0.07483949428147663)
1(0.26876829441350714, 0.27644380266518653)
1(0.06407887487886965, 0.07172977299447414)
1(0.25126251127619537, 0.2589038649462593)
1(0.28625363604730447, 0.29385381093788876)
1(0.283461610445918, 0.29105748718865854)
1(0.05721684856016662, 0.06477167612105972)
1(0.2522616067837441, 0.25980383846352373)
1(0.26280840518750814, 0.27034127493953597)
1(0.2981331686578088, 0.3056513410562227)
1(0.2621598726124236, 0.269656565739107)
1(0.2623734366822358, 0.2698515838151264)
1(0.27643140061055305, 0.2838411016862651)
1(0.24034020499237096, 0.247703775067878)
1(0.25138088774615663, 0.25874049123055964)
1(0.20659475591848653, 0.2138859945506223)
1(0.21786479264256164, 0.2251324872334699)
1(0.26775587162098025, 0.274984024132203)
1(0.08128103824995714, 0.08848360712899883)
1(0.2298765733628365, 0.23707292825632587)
1(0.2855277021998781, 0.2927168784270888)
1(0.3275005045086645, 0.33468100586698724)
1(0.21780241537329947, 0.22498113657795082)
1(0.2751935702737909, 0.28218862244192255)
1(0.24521412899983652, 0.252208245564957)
1(0.21501013093820176, 0.22198236757367562)
1(0.2258335453103263, 0.23275573940449124)
1(0.2520768590242308, 0.25897285060824815)
1(0.04823968059980943, 0.05511315248212145)
1(0.28725358592152284, 0.29405067363264115)
1(0.25684522229560025, 0.2635355837960056)
1(0.05468949223493913, 0.06136920936524959)
1(0.06953569502536494, 0.07620022875485677)
1(0.2861283138982984, 0.29269641222866605)
1(0.3202037107235278, 0.32669723212536295)
1(0.0509010676763737, 0.057348704026546016)
1(0.05923636524918008, 0.06565448639902172)
1(0.04719938798548484, 0.05353708031886739)
1(0.2455399766039602, 0.251809121197037)
1(0.047028177832867946, 0.05326501149873486)
1(0.3395021887120404, 0.3457325391906223)
1(0.2639288592013076, 0.2701517524784166)
1(0.2567109633143905, 0.26285817017779656)
1(0.38516813079832424, 0.3913099404155389)
1(0.25359748400874527, 0.25959128247099916)
1(0.1872513172256315, 0.19324453057587165)
1(0.25658699881034763, 0.26254217972521554)
1(0.2689492048860441, 0.27481457027459777)
1(0.22853896529655837, 0.23432643066845515)
1(0.3175179174186644, 0.3232981716493446)
1(0.07068549439508465, 0.07636637220476994)
1(0.06632161232598055, 0.07197756081232387)
1(0.2246390773812481, 0.23022218192772825)
1(0.24992476954656773, 0.25549612112640374)
1(0.06408033859589635, 0.06963375278801065)
1(0.05396115686166503, 0.05941528738095725)
1(0.2701983375660587, 0.27564204610311493)
1(0.06031723713613779, 0.06574972670432278)
1(0.25397761137520736, 0.25935500117237875)
1(0.06270013841977062, 0.06792266064906816)
1(0.05843745590619154, 0.06363148742171976)
1(0.24425287737650359, 0.24940821154937132)
1(0.05209483449633212, 0.05719915001643505)
1(0.06457135728060281, 0.06956919765751313)
1(0.23115185918176784, 0.23614478963440122)
1(0.04457731569197276, 0.04950853696441915)
1(0.06330355069477711, 0.06818926089968402)
1(0.2362446618195858, 0.24108163089687418)
1(0.25383296114790943, 0.2586447770829835)
1(0.28561005177602783, 0.29041875661349714)
1(0.044624812340882114, 0.04940291421071019)
1(0.2745092867930058, 0.2792857501631757)
1(0.26854365485244924, 0.2733044246551267)
1(0.06108829821352846, 0.06583330745899385)
1(0.05459289764362951, 0.05931167948795668)
1(0.2635427104664554, 0.26821787433410915)
1(0.23655123788647847, 0.24120289976202847)
1(0.2618121530343446, 0.2664453829306781)
1(0.2999104164122819, 0.30454140735668234)
1(0.3339041735835486, 0.3385051431421091)
1(0.06095260137233616, 0.06540198822622523)
1(0.05555709388619989, 0.05997436342224294)
1(0.07550938333694168, 0.07992494532576822)
1(0.22297478820780248, 0.22736057687286504)
1(0.06037041520074615, 0.06474068392226373)
1(0.24499684729443405, 0.2492892855738006)
1(0.23686821599476093, 0.24107633129177153)
1(0.2183053664349136, 0.2224733991501583)
1(0.2470726974481401, 0.251207646282273)
1(0.05693468515489175, 0.06105604283147614)
1(0.2676660534840377, 0.2717416710025379)
1(0.051904517527815996, 0.05592946474669702)
1(0.059208411140713624, 0.06322930145379857)
1(0.23744399963487828, 0.24142881541479944)
1(0.27176942856581465, 0.27564204610311493)
1(0.046259344538015834, 0.05012081571153826)
1(0.06171053497793244, 0.06552242070880776)
1(0.19060538088324142, 0.1943570693132166)
1(0.05774896094122772, 0.06149156777955367)
1(0.3030707864101978, 0.30678504478070323)
1(0.048475926742663544, 0.0521184663084967)
1(0.25101238534483794, 0.2546115007215747)
1(0.24432336445356773, 0.24788296922337671)
1(0.09479597406792628, 0.09825856348139306)
1(0.05325987175185798, 0.05672139886184735)
1(0.0726548648907448, 0.07611503100755257)
1(0.0671101838320246, 0.07045010165447829)
1(0.31158547751567156, 0.3149250843489244)
1(0.06056055211893707, 0.06383998325267104)
1(0.05815667435529315, 0.061429103585720624)
1(0.2377099267392041, 0.24098215107579812)
1(0.25697237709740306, 0.2602411669660588)
1(0.06146293875898445, 0.06462968007548864)
1(0.22045340206304564, 0.22354986920393394)
1(0.05718094218493186, 0.06025820594438003)
1(0.05263336304730093, 0.055644573478725645)
1(0.05272858997191543, 0.05573647667453019)
1(0.2767894346514679, 0.2797844963849204)
1(0.21984440185975562, 0.2228025814088922)
1(0.05283923578929273, 0.05573647667453019)
1(0.046481739893233454, 0.04931371291722608)
1(0.0480820967221145, 0.05077763915752431)
1(0.247444339949211, 0.25011298442313756)
1(0.20344922323858716, 0.20610512196005315)
1(0.061547351954571505, 0.06419750563286475)
1(0.26788501926506003, 0.2704484714045542)
1(0.049100421301333186, 0.05166142212196412)
1(0.2379814625697031, 0.24042319573608273)
1(0.2391459139535832, 0.24155634343977528)
1(0.29999180621959476, 0.30239411467131116)
1(0.255383823777107, 0.2577578353489065)
1(0.05781159404832137, 0.060030448930389224)
1(0.25547907053383145, 0.25768448089588647)
1(0.06799706031347885, 0.07020148676105131)
1(0.2529131010407786, 0.2550375528280471)
1(0.24736328035623045, 0.2493936495507847)
1(0.05488890763966492, 0.05687916582395369)
1(0.2609959644891595, 0.26285074404188136)
1(0.2381324332882846, 0.2399590952232482)
1(0.27807023672811926, 0.27981933516677315)
1(0.2786851778496763, 0.2804173258778796)
1(0.2770264821896685, 0.27874697036245843)
1(0.26946384814260216, 0.27118140764789644)
1(0.05346737366442311, 0.05511315248212145)
1(0.2445900411516183, 0.24614196578100822)
1(0.257012577073759, 0.2585391024701772)
1(0.24971575354568265, 0.251207646282273)
1(0.0706943111927214, 0.07216800976386772)
1(0.24974505909469547, 0.25120633756494914)
1(0.29525698299145453, 0.29668303090545756)
1(0.25370414733221036, 0.2551267062425059)
1(0.07558206261982059, 0.0769902199162702)
1(0.05380239915750751, 0.05511315248212145)
1(0.05442734546516104, 0.05573647667453019)
1(0.26268664020050225, 0.26395408002091025)
1(0.059992296365950604, 0.061246582035111574)
1(0.22155906601663455, 0.2228025814088922)
1(0.26201811345438475, 0.263246700983674)
1(0.053923709352427185, 0.05511315248212145)
1(0.0755855356766314, 0.07675583787793594)
1(0.2937871487776412, 0.29493449648839765)
1(0.23802418697965444, 0.23915235019005587)
1(0.20846744003073903, 0.20958539584910452)
1(0.07467871351305666, 0.0757946492873306)
1(0.2756486090627732, 0.2766746572415032)
1(0.24170216345615758, 0.24261844134525112)
1(0.26737757836498144, 0.26821787433410915)
1(0.08884896712058565, 0.08966765306580626)
1(0.06387506855903557, 0.06466436586672297)
1(0.05042830487950811, 0.05116103539755168)
1(0.2694639692069234, 0.27014849010941144)
1(0.27254288243252334, 0.27319002149802074)
1(0.3546173103744781, 0.35523437776393896)
1(0.24811692399994345, 0.2486418891450013)
1(0.2715993837835844, 0.2721096650211553)
1(0.055471141238156996, 0.05589934285862941)
1(0.0627097110591428, 0.06311762936090504)
1(0.26226941859346575, 0.26254217972521554)
1(0.06512482989527191, 0.06536884387607567)
1(0.24766428292515597, 0.24786706638573208)
1(0.2760805553106095, 0.2762786510309255)
1(0.22262192069871167, 0.2228025814088922)
1(0.2606971004084825, 0.26086678680495445)
1(0.05919993957971936, 0.059360019449238965)
1(0.22944224677681413, 0.22958906476672203)
1(0.06685996205408362, 0.0669986825283343)
1(0.22351279157105064, 0.22359120188052073)
1(1.1662408942508642, 1.1662588517192636)
0(0.0, inf)
0(0.0, 0.9453713518159393)
0(0.0, 0.44620420899143043)
0(0.0, 0.37799080101186355)
0(0.0, 0.3590093851166283)
0(0.0, 0.35773915927866884)
0(0.0, 0.33851748184089303)
0(0.0, 0.32732109048033387)
0(0.0, 0.3174566844673885)
0(0.0, 0.31709752118255075)
0(0.0, 0.31407607571381024)
0(0.0, 0.3097978839089275)
0(0.0, 0.30274511751564925)
0(0.0, 0.2965713829459934)
0(0.0, 0.2927807255922653)
0(0.0, 0.29099129716171557)
0(0.0, 0.2895535386365228)
0(0.0, 0.2888649424909794)
0(0.0, 0.2880885470128641)
0(0.0, 0.28255716502625305)
0(0.0, 0.28247699948987937)
0(0.0, 0.2789104607195857)
0(0.0, 0.27724793090450084)
0(0.0, 0.2772330216143942)
0(0.0, 0.2769386234000055)
0(0.0, 0.2743616604926099)
0(0.0, 0.2730623604028971)
0(0.0, 0.27173478326364153)
0(0.0, 0.2708662706339884)
0(0.0, 0.27004317095374253)
0(0.0, 0.2691729972156721)
0(0.0, 0.2689182851796508)
0(0.0, 0.26581017521985073)
0(0.0, 0.26485295874459325)
0(0.0, 0.2612242862643177)
0(0.0, 0.26108653878560206)
0(0.0, 0.2609328619850414)
0(0.0, 0.2589558251376509)
0(0.0, 0.2586265747957964)
0(0.0, 0.25757522224593865)
0(0.0, 0.25576882572633663)
0(0.0, 0.2556320549066978)
0(0.0, 0.2549569737253361)
0(0.0, 0.25276866262577624)
0(0.0, 0.25199548390151183)
0(0.0, 0.2518800041163348)
0(0.0, 0.2504711618588332)
0(0.0, 0.2504574970847384)
0(0.0, 0.2495671086511153)
0(0.0, 0.24931609794503717)
0(0.0, 0.24924123871187198)
0(0.0, 0.2483583359416246)
0(0.0, 0.24799988651711058)
0(0.0, 0.24794010267441224)
0(0.0, 0.2465856133908937)
0(0.0, 0.2464296271954889)
0(0.0, 0.2462941639663423)
0(0.0, 0.24478681621928366)
0(0.0, 0.24406948921717986)
0(0.0, 0.24356013541611277)
0(0.0, 0.24349573952490855)
0(0.0, 0.24288002902557948)
0(0.0, 0.24266417320893363)
0(0.0, 0.2404378454259547)
0(0.0, 0.23982500353779945)
0(0.0, 0.2397704198853955)
0(0.0, 0.23971084295199463)
0(0.0, 0.2391185349712156)
0(0.0, 0.23880414643209302)
0(0.0, 0.23868691189028501)
0(0.0, 0.23836753278233969)
0(0.0, 0.23715038871751404)
0(0.0, 0.23681864062195224)
0(0.0, 0.2366750523622324)
0(0.0, 0.23617965883029302)
0(0.0, 0.23609501718685544)
0(0.0, 0.2353008256597704)
0(0.0, 0.23526059802018207)
0(0.0, 0.23486474692491666)
0(0.0, 0.23450741984488277)
0(0.0, 0.23357283088295777)
0(0.0, 0.23265774154981744)
0(0.0, 0.23263052055263622)
0(0.0, 0.23255517725102437)
0(0.0, 0.2324311094894811)
0(0.0, 0.2320118482968534)
0(0.0, 0.2316536995398465)
0(0.0, 0.23083120860698692)
0(0.0, 0.23057788697906711)
0(0.0, 0.23015250869079162)
0(0.0, 0.22998897427688247)
0(0.0, 0.2292927880378921)
0(0.0, 0.22894614382522138)
0(0.0, 0.22879143227521703)
0(0.0, 0.22783542019401237)
0(0.0, 0.22759209393970703)
0(0.0, 0.2274339194116929)
0(0.0, 0.22650091575885722)
0(0.0, 0.22603130104743197)
0(0.0, 0.2250557481860206)
0(0.0, 0.22497033832341695)
0(0.0, 0.22445598707020076)
0(0.0, 0.22402715220836777)
0(0.0, 0.22375750987509546)
0(0.0, 0.22372742546780522)
0(0.0, 0.2229828567241876)
0(0.0, 0.22283689188894662)
0(0.0, 0.22252024274402127)
0(0.0, 0.22229528200449733)
0(0.0, 0.22212453139903743)
0(0.0, 0.22197339797047122)
0(0.0, 0.2218529933294584)
0(0.0, 0.22154046572164554)
0(0.0, 0.22107170097227813)
0(0.0, 0.2205197449127092)
0(0.0, 0.22044011464650948)
0(0.0, 0.2199459201261822)
0(0.0, 0.21981595655615693)
0(0.0, 0.21919919660714993)
0(0.0, 0.21841655526427894)
0(0.0, 0.21828072551624034)
0(0.0, 0.2180395898562839)
0(0.0, 0.21766805765298214)
0(0.0, 0.2174662473770821)
0(0.0, 0.21691745638388815)
0(0.0, 0.2168736502666455)
0(0.0, 0.21678495248711183)
0(0.0, 0.21589900896492842)
0(0.0, 0.2151052269206305)
0(0.0, 0.21503211264907396)
0(0.0, 0.21469954701384997)
0(0.0, 0.21278430132808068)
0(0.0, 0.21252518444873048)
0(0.0, 0.2118247084496112)
0(0.0, 0.211651807574759)
0(0.0, 0.21142471372059712)
0(0.0, 0.21116217666710968)
0(0.0, 0.21114173216575827)
0(0.0, 0.21102341653303613)
0(0.0, 0.21098564542415232)
0(0.0, 0.21053870358376636)
0(0.0, 0.21037989003022728)
0(0.0, 0.21014912629323967)
0(0.0, 0.21006180101930938)
0(0.0, 0.20998157333721645)
0(0.0, 0.20988997187750913)
0(0.0, 0.20976941860993237)
0(0.0, 0.20974262651790365)
0(0.0, 0.20958819345273239)
0(0.0, 0.2090564179868576)
0(0.0, 0.20899677712377007)
0(0.0, 0.20877985974166346)
0(0.0, 0.20869280156248682)
0(0.0, 0.20860259829972738)
0(0.0, 0.20854093236347337)
0(0.0, 0.20829993160064675)
0(0.0, 0.20820435885602173)
0(0.0, 0.20814044581857483)
0(0.0, 0.20794120342634892)
0(0.0, 0.2074957445390484)
0(0.0, 0.2060043549118037)
0(0.0, 0.20583195415760436)
0(0.0, 0.20563989330583632)
0(0.0, 0.20553203968445233)
0(0.0, 0.20507424523368478)
0(0.0, 0.20493254327127552)
0(0.0, 0.2049298007571254)
0(0.0, 0.2048739253754298)
0(0.0, 0.2046084836565002)
0(0.0, 0.204360184363513)
0(0.0, 0.2042549325605919)
0(0.0, 0.20424012460147323)
0(0.0, 0.20421251347371072)
0(0.0, 0.20380781465340214)
0(0.0, 0.20304253041060705)
0(0.0, 0.20292618244373628)
0(0.0, 0.20244592108633352)
0(0.0, 0.20236875716789593)
0(0.0, 0.20236602579225826)
0(0.0, 0.20199474589174993)
0(0.0, 0.2015899245601972)
0(0.0, 0.20139864279936737)
0(0.0, 0.20131554992179812)
0(0.0, 0.20117426860775578)
0(0.0, 0.20104297442120822)
0(0.0, 0.20096882393901871)
0(0.0, 0.20071030807525192)
0(0.0, 0.20055425232947888)
0(0.0, 0.20021661509858346)
0(0.0, 0.20017472280235293)
0(0.0, 0.2000073656910888)
0(0.0, 0.1998876987799757)
0(0.0, 0.1997418386124009)
0(0.0, 0.19966940156681967)
0(0.0, 0.19959225934003988)
0(0.0, 0.19954689569231843)
0(0.0, 0.19936291129683803)
0(0.0, 0.19927258387175306)
0(0.0, 0.1992139760166276)
0(0.0, 0.19862009758621013)
0(0.0, 0.19857879183180682)
0(0.0, 0.19839880921775055)
0(0.0, 0.19788390390253685)
0(0.0, 0.19742033293790384)
0(0.0, 0.197332470369751)
0(0.0, 0.19731078148162995)
0(0.0, 0.1972806520962167)
0(0.0, 0.19622603415485662)
0(0.0, 0.19599310902781808)
0(0.0, 0.19566506234882097)
0(0.0, 0.19560818492748022)
0(0.0, 0.1955604672646395)
0(0.0, 0.19423736208410125)
0(0.0, 0.19422362470872168)
0(0.0, 0.1936006940080912)
0(0.0, 0.19354441943063705)
0(0.0, 0.1934571699501676)
0(0.0, 0.19345186839447814)
0(0.0, 0.19342679035583188)
0(0.0, 0.19291375417333723)
0(0.0, 0.19291194848191529)
0(0.0, 0.19241776597619709)
0(0.0, 0.19179071778198942)
0(0.0, 0.19162076769605163)
0(0.0, 0.19141170783851613)
0(0.0, 0.19122210540568774)
0(0.0, 0.19112093957097354)
0(0.0, 0.19097622315819918)
0(0.0, 0.19086638631684272)
0(0.0, 0.190144494372542)
0(0.0, 0.1899052418899725)
0(0.0, 0.18931235627113707)
0(0.0, 0.18907167440021777)
0(0.0, 0.18902196035197438)
0(0.0, 0.1889229899482986)
0(0.0, 0.18887028811893924)
0(0.0, 0.18880811445613876)
0(0.0, 0.18827157405063744)
0(0.0, 0.1882428028284464)
0(0.0, 0.18804502039180915)
0(0.0, 0.18759321584485367)
0(0.0, 0.1875141027327092)
0(0.0, 0.18628027626386112)
0(0.0, 0.18601604855276854)
0(0.0, 0.1860048816660489)
0(0.0, 0.18594096698580187)
0(0.0, 0.18583280328042728)
0(0.0, 0.18579236041164326)
0(0.0, 0.18575712349163165)
0(0.0, 0.18489858650218438)
0(0.0, 0.1846923744588569)
0(0.0, 0.18465838518867206)
0(0.0, 0.18415073060879972)
0(0.0, 0.1837749985450502)
0(0.0, 0.18357212280924073)
0(0.0, 0.1832175947312652)
0(0.0, 0.18311997467638974)
0(0.0, 0.1827896849877917)
0(0.0, 0.18135638310307445)
0(0.0, 0.18134877427974172)
0(0.0, 0.1809618419374508)
0(0.0, 0.18086041073152703)
0(0.0, 0.18076399225339324)
0(0.0, 0.17978393014515603)
0(0.0, 0.17956478950620358)
0(0.0, 0.17851499306006824)
0(0.0, 0.1784493508053333)
0(0.0, 0.178251313213996)
0(0.0, 0.17806431405348366)
0(0.0, 0.17786837245782583)
0(0.0, 0.17775758141275533)
0(0.0, 0.1776914425239997)
0(0.0, 0.1763477854815464)
0(0.0, 0.17612328715687098)
0(0.0, 0.1753004772582627)
0(0.0, 0.1749367685990486)
0(0.0, 0.1747915525085182)
0(0.0, 0.17463093514537786)
0(0.0, 0.17428244701787687)
0(0.0, 0.17396893450907203)
0(0.0, 0.1738226848704153)
0(0.0, 0.17314051797997054)
0(0.0, 0.17244344597038808)
0(0.0, 0.17173116092990082)
0(0.0, 0.17120773742025575)
0(0.0, 0.17115956022208179)
0(0.0, 0.1707502354769831)
0(0.0, 0.1705743226003692)
0(0.0, 0.169344299289775)
0(0.0, 0.16923156551047247)
0(0.0, 0.16919000142589646)
0(0.0, 0.16895242463745008)
0(0.0, 0.1686066295510561)
0(0.0, 0.16678626050107925)
0(0.0, 0.16661989880641148)
0(0.0, 0.1655361464315609)
0(0.0, 0.164931761983111)
0(0.0, 0.16305080613190093)
0(0.0, 0.1628946753227274)
0(0.0, 0.16140490403362873)
0(0.0, 0.16080002741445032)
0(0.0, 0.16032198663583608)
0(0.0, 0.15988363207183676)
0(0.0, 0.15973363088209336)
0(0.0, 0.15943363098393248)
0(0.0, 0.15875837895781797)
0(0.0, 0.154992243734694)
0(0.0, 0.15470378217293634)
0(0.0, 0.1538955940954756)
0(0.0, 0.1522960064211769)
0(0.0, 0.15137336600196472)
0(0.0, 0.15048511477365822)
0(0.0, 0.14904375228707567)
0(0.0, 0.1485533804024124)
0(0.0, 0.14790390056659497)
0(0.0, 0.1476970065155071)
0(0.0, 0.1464808745605094)
0(0.0, 0.14538760074900559)
0(0.0, 0.14403773051045898)
0(0.0, 0.14133101399413217)
0(0.0, 0.13557519892963454)
0(0.0, 0.13370883803475386)
0(0.0, 0.12658146321064412)
0(0.0, 0.12439219416316616)
0(0.0, 0.1212980736012117)
0(0.0, 0.0943387214067859)
0(0.0, 0.0861859453477617)
0(0.0, 0.08423118715948108)
0(0.0, 0.08209065830674589)
0(0.0, 0.0817676484241101)
0(0.0, 0.07534448942505301)
0(0.0, 0.07389574050410397)
0(0.0, 0.07161344832448868)
0(0.0, 0.07093666459821879)
0(0.0, 0.06989914322500934)
0(0.0, 0.0686731245757135)
0(0.0, 0.06757848995007976)
0(0.0, 0.06732559301239394)
0(0.0, 0.06717987414775728)
0(0.0, 0.06694899058530157)
0(0.0, 0.06663348124008239)
0(0.0, 0.06506315859163148)
0(0.0, 0.06466569508852371)
0(0.0, 0.06427360270227467)
0(0.0, 0.063412524703931)
0(0.0, 0.0632082486409099)
0(0.0, 0.06305141534014413)
0(0.0, 0.06264547750121141)
0(0.0, 0.061789948252478744)
0(0.0, 0.06113015563830204)
0(0.0, 0.061025389740551605)
0(0.0, 0.060109789539346536)
0(0.0, 0.059161755903502256)
0(0.0, 0.05854925146557266)
0(0.0, 0.05831105028195804)
0(0.0, 0.05826674046824698)
0(0.0, 0.05818248125680481)
0(0.0, 0.058106258719390014)
0(0.0, 0.057916222544362905)
0(0.0, 0.05708515649983792)
0(0.0, 0.05704625589966639)
0(0.0, 0.05651755835397454)
0(0.0, 0.05598558029827949)
0(0.0, 0.05572187713049659)
0(0.0, 0.05525132035475777)
0(0.0, 0.054914916549373416)
0(0.0, 0.05409886464423719)
0(0.0, 0.053944780998812725)
0(0.0, 0.0537571936376926)
0(0.0, 0.0535880422459486)
0(0.0, 0.0532839760662438)
0(0.0, 0.05263714362657668)
0(0.0, 0.05231793180868749)
0(0.0, 0.05208983851325244)
0(0.0, 0.05102633787330524)
0(0.0, 0.05048752463866313)
0(0.0, 0.0502732566266606)
0(0.0, 0.04991118006193351)
0(0.0, 0.04984929485897027)
0(0.0, 0.04981399249148144)
0(0.0, 0.04939255455752822)
0(0.0, 0.04918871443681572)
0(0.0, 0.04912138372602226)
0(0.0, 0.04855317313648133)
0(0.0, 0.04806113807335011)
0(0.0, 0.04769684182279876)
0(0.0, 0.0472327503429153)
0(0.0, 0.04681101812389288)
0(0.0, 0.046609699061453624)
0(0.0, 0.04611397241314141)
0(0.0, 0.04602614803625438)
0(0.0, 0.04588594176236238)
0(0.0, 0.045777179391864875)
0(0.0, 0.04555702599403333)
0(0.0, 0.04516388555339845)
0(0.0, 0.04509516170352301)
0(0.0, 0.04491066729578497)
0(0.0, 0.04477601137629306)
0(0.0, 0.04475405246993103)
0(0.0, 0.04433565205592627)
0(0.0, 0.04414463785805789)
0(0.0, 0.0439635926246118)
0(0.0, 0.04366827472644241)
0(0.0, 0.043655266740375676)
0(0.0, 0.043519102630816264)
0(0.0, 0.04296039525107964)
0(0.0, 0.04172801583543406)
0(0.0, 0.04170153192882109)
0(0.0, 0.041690080928698414)
0(0.0, 0.04061074983670654)
0(0.0, 0.040358148021018225)
0(0.0, 0.039877687111693705)
0(0.0, 0.03887278932446325)
0(0.0, 0.03790361820703736)
0(0.0, 0.03750633779322676)
0(0.0, 0.03721586400600374)
0(0.0, 0.037156057333462056)
0(0.0, 0.03624432156601376)
0(0.0, 0.03623810657641957)
0(0.0, 0.036184820656326666)
0(0.0, 0.03605575725872534)
0(0.0, 0.03584381841914386)
0(0.0, 0.03457600640782277)
0(0.0, 0.034309834367809655)
0(0.0, 0.03385584687315035)
0(0.0, 0.03313110707269751)
0(0.0, 0.032188903065875185)
0(0.0, 0.031282548269439214)
0(0.0, 0.02840004485572123)
0(0.0, 0.012236553792425608)
0(0.0, 0.007907993135870539)
0(0.0, 0.004312341747939263)
